0.913793103448276 0.972222222222222 0.818181818181818 0.948232323232323 0.78 0.98 0.58 0.9512 1 1
0.931034482758621 0.972222222222222 0.863636363636364 0.983585858585859 0.83 0.98 0.68 0.9616 2 1
0.848484848484849 0.896551724137931 0.810810810810811 0.956197576887232 0.85 0.877551020408163 0.823529411764706 0.909563825530212 1 1
0.939393939393939 1 0.891891891891892 0.990680335507922 0.82 0.836734693877551 0.803921568627451 0.933573429371749 2 1
0.905660377358491 0.892857142857143 0.92 0.978571428571429 0.84 0.811320754716981 0.872340425531915 0.898434363709354 1 1
0.981132075471698 0.964285714285714 1 1 0.89 0.886792452830189 0.893617021276596 0.925732637494982 2 1
0.929824561403509 0.92 0.9375 0.97625 0.79 0.723404255319149 0.849056603773585 0.866720192693697 1 1
0.947368421052632 0.96 0.9375 0.99625 0.81 0.74468085106383 0.867924528301887 0.913287836210357 2 1
0.8 0.857142857142857 0.75 0.917410714285714 0.79 0.770833333333333 0.807692307692308 0.887820512820513 1 1
0.9 0.928571428571429 0.875 0.977678571428571 0.83 0.708333333333333 0.942307692307692 0.891826923076923 2 1
0.944444444444444 0.977777777777778 0.888888888888889 0.990123456790123 0.9 0.9375 0.865384615384615 0.972355769230769 1 1
0.986111111111111 1 0.962962962962963 0.99917695473251 0.89 0.9375 0.846153846153846 0.975160256410256 2 1
0.9 0.90625 0.894736842105263 0.950657894736842 0.88 0.909090909090909 0.857142857142857 0.941964285714286 1 1
0.957142857142857 0.96875 0.947368421052632 0.996710526315789 0.9 0.909090909090909 0.892857142857143 0.956980519480519 2 1
0.911764705882353 0.921052631578947 0.9 0.954385964912281 0.85 0.897959183673469 0.803921568627451 0.95718287314926 1 1
0.985294117647059 1 0.966666666666667 0.999122807017544 0.85 0.918367346938776 0.784313725490196 0.959183673469388 2 1
0.854838709677419 0.791666666666667 0.894736842105263 0.910087719298246 0.84 0.788461538461538 0.895833333333333 0.896233974358974 1 1
0.951612903225806 0.958333333333333 0.947368421052632 0.975877192982456 0.84 0.75 0.9375 0.963141025641026 2 1
0.945454545454545 1 0.896551724137931 0.993368700265252 0.79 0.648148148148148 0.956521739130435 0.917874396135266 1 1
0.945454545454545 0.961538461538462 0.931034482758621 0.997347480106101 0.79 0.685185185185185 0.91304347826087 0.928341384863124 2 1
0.888888888888889 0.852941176470588 0.931034482758621 0.934077079107505 0.81 0.857142857142857 0.775862068965517 0.905172413793103 1 1
0.952380952380952 0.941176470588235 0.96551724137931 0.987829614604463 0.75 0.833333333333333 0.689655172413793 0.887931034482759 2 1
0.936507936507937 0.971428571428571 0.892857142857143 0.990816326530612 0.85 0.851063829787234 0.849056603773585 0.938578883982336 1 1
0.968253968253968 0.971428571428571 0.964285714285714 0.996938775510204 0.85 0.914893617021277 0.792452830188679 0.948615014050582 2 1
0.920634920634921 0.962962962962963 0.888888888888889 0.989711934156379 0.85 0.773584905660377 0.936170212765957 0.900040144520273 1 1
0.920634920634921 0.962962962962963 0.888888888888889 0.993827160493827 0.86 0.792452830188679 0.936170212765957 0.924126856684063 2 1
0.846153846153846 0.772727272727273 0.9 0.93030303030303 0.78 0.60377358490566 0.978723404255319 0.879967884383782 1 1
1 1 1 1 0.74 0.660377358490566 0.829787234042553 0.889602569249297 2 1
0.918032786885246 0.939393939393939 0.892857142857143 0.985930735930736 0.84 0.931818181818182 0.767857142857143 0.958198051948052 1 1
0.950819672131147 1 0.892857142857143 0.977272727272727 0.84 0.931818181818182 0.767857142857143 0.919642857142857 2 1
0.928571428571429 0.916666666666667 0.9375 0.990885416666667 0.84 0.702127659574468 0.962264150943396 0.931754315535929 1 1
0.964285714285714 0.958333333333333 0.96875 0.998697916666667 0.85 0.702127659574468 0.981132075471698 0.949819349658772 2 1
0.933333333333333 0.964285714285714 0.90625 0.988839285714286 0.81 0.857142857142857 0.764705882352941 0.896358543417367 1 1
1 1 1 1 0.85 0.897959183673469 0.803921568627451 0.92436974789916 2 1
0.944444444444444 0.970588235294118 0.9 0.972058823529412 0.8 0.907407407407407 0.673913043478261 0.859903381642512 1 1
0.981481481481482 1 0.95 0.991176470588235 0.83 0.925925925925926 0.717391304347826 0.917471819645733 2 1
0.864406779661017 0.896551724137931 0.833333333333333 0.920689655172414 0.85 0.904761904761905 0.810344827586207 0.93431855500821 1 1
0.983050847457627 1 0.966666666666667 0.991954022988506 0.84 0.904761904761905 0.793103448275862 0.936371100164204 2 1
0.88135593220339 0.807692307692308 0.939393939393939 0.976689976689977 0.82 0.719298245614035 0.953488372093023 0.936760505915953 1 1
0.932203389830508 0.884615384615385 0.96969696969697 0.991841491841492 0.9 0.87719298245614 0.930232558139535 0.976336189310485 2 1
0.815384615384615 0.861111111111111 0.758620689655172 0.92816091954023 0.83 0.890909090909091 0.755555555555556 0.89979797979798 1 1
0.969230769230769 0.972222222222222 0.96551724137931 0.991379310344828 0.9 0.981818181818182 0.8 0.959191919191919 2 1
0.896551724137931 0.90625 0.884615384615385 0.983173076923077 0.75 0.91304347826087 0.611111111111111 0.912238325281804 1 1
0.96551724137931 0.96875 0.961538461538462 0.998798076923077 0.84 0.934782608695652 0.759259259259259 0.931964573268921 2 1
0.875 0.916666666666667 0.821428571428571 0.959325396825397 0.81 0.877551020408163 0.745098039215686 0.914765906362545 1 1
0.96875 1 0.928571428571429 0.991071428571429 0.79 0.897959183673469 0.686274509803922 0.923569427771108 2 1
0.946428571428571 0.961538461538462 0.933333333333333 0.993589743589744 0.83 0.88 0.78 0.9216 1 1
0.982142857142857 1 0.966666666666667 0.994871794871795 0.86 0.88 0.84 0.9348 2 1
0.928571428571429 0.875 1 0.963541666666667 0.8 0.780487804878049 0.813559322033898 0.879702356345597 1 1
0.982142857142857 1 0.958333333333333 1 0.73 0.731707317073171 0.728813559322034 0.870194295163291 2 1
0.903225806451613 0.870967741935484 0.935483870967742 0.959417273673257 0.84 0.773584905660377 0.914893617021277 0.921718185467684 1 1
0.919354838709677 0.903225806451613 0.935483870967742 0.970863683662851 0.83 0.735849056603774 0.936170212765957 0.932155760738659 2 1
0.923076923076923 0.935483870967742 0.911764705882353 0.985768500948767 0.83 0.777777777777778 0.891304347826087 0.890901771336554 1 1
0.953846153846154 0.935483870967742 0.970588235294118 0.993358633776091 0.86 0.777777777777778 0.956521739130435 0.946054750402576 2 1
0.836363636363636 0.9 0.76 0.916 0.82 0.843137254901961 0.795918367346939 0.914365746298519 1 1
0.963636363636364 0.966666666666667 0.96 0.990666666666667 0.88 0.92156862745098 0.836734693877551 0.923969587835134 2 1
0.87037037037037 0.814814814814815 0.925925925925926 0.927297668038409 0.79 0.777777777777778 0.8 0.88040404040404 1 1
0.962962962962963 0.962962962962963 0.962962962962963 0.997256515775034 0.85 0.8 0.890909090909091 0.930909090909091 2 1
0.876923076923077 0.875 0.878787878787879 0.925189393939394 0.8 0.755102040816326 0.843137254901961 0.880752300920368 1 1
0.953846153846154 0.9375 0.96969696969697 0.998106060606061 0.84 0.775510204081633 0.901960784313726 0.910764305722289 2 1
0.915254237288136 0.931034482758621 0.9 0.960919540229885 0.9 0.886792452830189 0.914893617021277 0.95343235648334 1 1
0.983050847457627 1 0.966666666666667 0.990804597701149 0.9 0.905660377358491 0.893617021276596 0.9542352468888 2 1
0.786885245901639 0.888888888888889 0.64 0.89 0.76 0.896551724137931 0.571428571428571 0.88752052545156 1 1
0.934426229508197 1 0.84 0.955555555555555 0.83 0.913793103448276 0.714285714285714 0.90927750410509 2 1
0.929824561403509 0.923076923076923 0.935483870967742 0.962779156327543 0.84 0.829787234042553 0.849056603773585 0.897631473303894 1 1
0.929824561403509 0.923076923076923 0.935483870967742 0.993796526054591 0.81 0.74468085106383 0.867924528301887 0.895222802087515 2 1
0.929824561403509 0.967741935483871 0.884615384615385 0.981389578163772 0.84 0.75 0.923076923076923 0.920673076923077 1 1
0.964912280701754 0.967741935483871 0.961538461538462 0.997518610421836 0.84 0.854166666666667 0.826923076923077 0.92948717948718 2 1
0.836065573770492 0.84375 0.827586206896552 0.899784482758621 0.76 0.781818181818182 0.733333333333333 0.838787878787879 1 1
0.885245901639344 0.875 0.896551724137931 0.955818965517241 0.79 0.8 0.777777777777778 0.872727272727273 2 1
0.938461538461538 1 0.833333333333333 0.980691056910569 0.82 0.925925925925926 0.695652173913043 0.921497584541063 1 1
0.969230769230769 1 0.916666666666667 0.997967479674797 0.82 0.888888888888889 0.739130434782609 0.944847020933977 2 1
0.905660377358491 0.904761904761905 0.90625 0.983630952380952 0.86 0.704545454545455 0.982142857142857 0.946834415584416 1 1
0.924528301886792 0.904761904761905 0.9375 0.994047619047619 0.85 0.659090909090909 1 0.933035714285714 2 1
0.887096774193548 0.909090909090909 0.862068965517241 0.981191222570533 0.88 0.840909090909091 0.910714285714286 0.939123376623377 1 1
0.951612903225806 0.939393939393939 0.96551724137931 0.99791013584117 0.82 0.795454545454545 0.839285714285714 0.933847402597403 2 1
0.892857142857143 0.925925925925926 0.862068965517241 0.962962962962963 0.76 0.791666666666667 0.730769230769231 0.878205128205128 1 1
0.964285714285714 0.962962962962963 0.96551724137931 0.983397190293742 0.85 0.770833333333333 0.923076923076923 0.917467948717949 2 1
0.866666666666667 0.866666666666667 0.866666666666667 0.928888888888889 0.83 0.888888888888889 0.781818181818182 0.90020202020202 1 1
0.95 0.966666666666667 0.933333333333333 0.985555555555556 0.81 0.844444444444444 0.781818181818182 0.912323232323232 2 1
0.934782608695652 0.91304347826087 0.956521739130435 0.988657844990548 0.79 0.781818181818182 0.8 0.85010101010101 1 1
0.956521739130435 0.956521739130435 0.956521739130435 0.996219281663516 0.85 0.836363636363636 0.866666666666667 0.907474747474747 2 1
0.85 0.870967741935484 0.827586206896552 0.943270300333704 0.93 0.962264150943396 0.893617021276596 0.988358089120835 1 1
0.95 0.967741935483871 0.931034482758621 0.978865406006674 0.93 0.981132075471698 0.872340425531915 0.985547972701726 2 1
0.918032786885246 0.90625 0.931034482758621 0.975215517241379 0.86 0.814814814814815 0.91304347826087 0.908615136876006 1 1
0.967213114754098 1 0.931034482758621 1 0.87 0.851851851851852 0.891304347826087 0.915056360708535 2 1
0.918367346938776 0.909090909090909 0.925925925925926 0.962962962962963 0.89 0.847826086956522 0.925925925925926 0.956924315619968 1 1
0.918367346938776 0.909090909090909 0.925925925925926 0.978114478114478 0.91 0.869565217391304 0.944444444444444 0.953703703703704 2 1
0.90625 0.821428571428571 0.972222222222222 0.96031746031746 0.89 0.868421052631579 0.903225806451613 0.959677419354839 1 1
0.96875 0.964285714285714 0.972222222222222 0.999007936507937 0.94 0.894736842105263 0.967741935483871 0.983446519524618 2 1
0.935483870967742 0.903225806451613 0.967741935483871 0.981269510926119 0.8 0.740740740740741 0.869565217391304 0.928743961352657 1 1
0.951612903225806 0.935483870967742 0.967741935483871 0.992715920915713 0.82 0.759259259259259 0.891304347826087 0.926328502415459 2 1
0.879310344827586 0.769230769230769 0.96875 0.9375 0.86 0.88 0.84 0.9444 1 1
0.948275862068966 0.884615384615385 1 1 0.89 0.9 0.88 0.9564 2 1
0.833333333333333 0.785714285714286 0.875 0.863839285714286 0.84 0.897959183673469 0.784313725490196 0.894357743097239 1 1
0.883333333333333 0.857142857142857 0.90625 0.939732142857143 0.83 0.897959183673469 0.764705882352941 0.87875150060024 2 1
0.983050847457627 1 0.962962962962963 1 0.77 0.82 0.72 0.8764 1 1
1 1 1 1 0.84 0.82 0.86 0.8964 2 1
0.868852459016393 0.885714285714286 0.846153846153846 0.948351648351648 0.75 0.702127659574468 0.792452830188679 0.810517864311522 1 1
0.967213114754098 0.971428571428571 0.961538461538462 0.994505494505495 0.76 0.723404255319149 0.792452830188679 0.844239261340827 2 1
0.725490196078431 0.409090909090909 0.96551724137931 0.857366771159875 0.73 0.46 1 0.9192 1 1
0.901960784313726 0.863636363636364 0.931034482758621 0.976489028213166 0.77 0.6 0.94 0.8628 2 1
0.770491803278688 0.84375 0.689655172413793 0.866379310344828 0.85 0.871794871794872 0.836065573770492 0.950399327448508 1 1
0.901639344262295 0.9375 0.862068965517241 0.947198275862069 0.91 0.948717948717949 0.885245901639344 0.971416561580496 2 1
0.927272727272727 1 0.84 0.982666666666667 0.9 0.914893617021277 0.886792452830189 0.944199116820554 1 1
0.963636363636364 1 0.92 0.993333333333333 0.89 0.893617021276596 0.886792452830189 0.942191890806905 2 1
0.884615384615385 0.892857142857143 0.875 0.936011904761905 0.86 1 0.758620689655172 0.962233169129721 1 1
0.942307692307692 0.964285714285714 0.916666666666667 0.962797619047619 0.86 0.952380952380952 0.793103448275862 0.949507389162562 2 1
0.892857142857143 0.928571428571429 0.857142857142857 0.969387755102041 0.87 0.872340425531915 0.867924528301887 0.910879164993978 1 1
0.964285714285714 1 0.928571428571429 0.991071428571429 0.87 0.872340425531915 0.867924528301887 0.915696507426736 2 1
0.913793103448276 0.869565217391304 0.942857142857143 0.942857142857143 0.87 0.731707317073171 0.966101694915254 0.932616783794957 1 1
0.96551724137931 0.956521739130435 0.971428571428571 0.972670807453416 0.84 0.634146341463415 0.983050847457627 0.929309632079372 2 1
0.883333333333333 0.909090909090909 0.851851851851852 0.951739618406285 0.84 0.906976744186046 0.789473684210526 0.937576499388005 1 1
0.933333333333333 0.939393939393939 0.925925925925926 0.994388327721661 0.85 0.906976744186046 0.807017543859649 0.946960424316605 2 1
0.95 0.931034482758621 0.967741935483871 0.972191323692992 0.88 0.857142857142857 0.901960784313726 0.955582232893157 1 1
0.983333333333333 0.96551724137931 1 0.99888765294772 0.9 0.877551020408163 0.92156862745098 0.965586234493798 2 1
0.951612903225806 0.973684210526316 0.916666666666667 0.982456140350877 0.82 0.890909090909091 0.733333333333333 0.937373737373737 1 1
0.951612903225806 0.973684210526316 0.916666666666667 0.99780701754386 0.79 0.909090909090909 0.644444444444444 0.93010101010101 2 1
0.82258064516129 0.848484848484849 0.793103448275862 0.917450365726228 0.86 0.872340425531915 0.849056603773585 0.918506623845845 1 1
0.935483870967742 0.939393939393939 0.931034482758621 0.983281086729363 0.86 0.872340425531915 0.849056603773585 0.933360096346849 2 1
0.890625 0.914285714285714 0.862068965517241 0.960591133004926 0.87 0.909090909090909 0.822222222222222 0.909090909090909 1 1
0.953125 0.942857142857143 0.96551724137931 0.998029556650246 0.8 0.909090909090909 0.666666666666667 0.92 2 1
0.875 0.925925925925926 0.827586206896552 0.924648786717752 0.82 0.821428571428571 0.818181818181818 0.894886363636364 1 1
0.964285714285714 0.962962962962963 0.96551724137931 0.994891443167305 0.78 0.785714285714286 0.772727272727273 0.900162337662338 2 1
0.851851851851852 0.814814814814815 0.888888888888889 0.96159122085048 0.85 0.73469387755102 0.96078431372549 0.883553421368547 1 1
0.907407407407407 0.925925925925926 0.888888888888889 0.969821673525377 0.82 0.73469387755102 0.901960784313726 0.891156462585034 2 1
0.949152542372881 0.931034482758621 0.966666666666667 0.971264367816092 0.77 0.736842105263158 0.790322580645161 0.849320882852292 1 1
0.983050847457627 0.96551724137931 1 0.998850574712644 0.81 0.736842105263158 0.854838709677419 0.876061120543294 2 1
0.91044776119403 0.9 0.918918918918919 0.968468468468468 0.84 0.770833333333333 0.903846153846154 0.907852564102564 1 1
0.940298507462687 0.866666666666667 1 0.990990990990991 0.84 0.729166666666667 0.942307692307692 0.937900641025641 2 1
0.9375 0.923076923076923 0.947368421052632 0.958502024291498 0.89 0.931818181818182 0.857142857142857 0.956574675324675 1 1
0.96875 0.961538461538462 0.973684210526316 0.972672064777328 0.89 0.931818181818182 0.857142857142857 0.95900974025974 2 1
0.951612903225806 0.9375 0.966666666666667 0.928125 0.82 0.788461538461538 0.854166666666667 0.868589743589744 1 1
0.951612903225806 0.9375 0.966666666666667 0.989583333333333 0.79 0.75 0.833333333333333 0.864583333333333 2 1
0.981481481481482 1 0.966666666666667 0.998611111111111 0.86 0.844444444444444 0.872727272727273 0.919191919191919 1 1
1 1 1 1 0.84 0.844444444444444 0.836363636363636 0.914343434343434 2 1
0.945454545454545 0.961538461538462 0.931034482758621 0.980106100795756 0.85 0.767441860465116 0.912280701754386 0.931048551611587 1 1
0.945454545454545 0.961538461538462 0.931034482758621 0.972148541114058 0.82 0.767441860465116 0.859649122807018 0.92125662994696 2 1
0.962962962962963 1 0.935483870967742 0.978962131837307 0.84 0.784313725490196 0.897959183673469 0.896758703481393 1 1
0.962962962962963 0.956521739130435 0.967741935483871 0.97054698457223 0.87 0.764705882352941 0.979591836734694 0.935174069627851 2 1
0.953846153846154 0.947368421052632 0.962962962962963 0.958089668615984 0.8 0.787234042553192 0.811320754716981 0.877960658370132 1 1
0.984615384615385 1 0.962962962962963 0.981481481481481 0.85 0.851063829787234 0.849056603773585 0.914492171818547 2 1
0.888888888888889 0.870967741935484 0.902439024390244 0.969315499606609 0.88 0.895833333333333 0.865384615384615 0.953926282051282 1 1
0.902777777777778 0.870967741935484 0.926829268292683 0.989771833202203 0.85 0.875 0.826923076923077 0.947516025641026 2 1
0.967213114754098 0.958333333333333 0.972972972972973 0.997747747747748 0.89 0.8 0.98 0.9172 1 1
0.983606557377049 1 0.972972972972973 0.997747747747748 0.88 0.82 0.94 0.9696 2 1
0.907692307692308 0.866666666666667 0.942857142857143 0.941904761904762 0.91 0.822222222222222 0.981818181818182 0.93979797979798 1 1
0.953846153846154 0.966666666666667 0.942857142857143 0.986666666666667 0.88 0.777777777777778 0.963636363636364 0.955151515151515 2 1
0.901639344262295 0.909090909090909 0.892857142857143 0.963203463203463 0.83 0.955555555555556 0.727272727272727 0.931717171717172 1 1
0.967213114754098 0.939393939393939 1 0.992424242424242 0.85 0.888888888888889 0.818181818181818 0.94989898989899 2 1
0.833333333333333 0.896551724137931 0.76 0.929655172413793 0.87 0.859649122807018 0.883720930232558 0.9359445124439 1 1
0.925925925925926 0.96551724137931 0.88 0.979310344827586 0.83 0.842105263157895 0.813953488372093 0.909832721338229 2 1
0.842105263157895 0.851851851851852 0.833333333333333 0.912345679012346 0.79 0.795918367346939 0.784313725490196 0.860344137655062 1 1
0.947368421052632 0.925925925925926 0.966666666666667 0.969135802469136 0.8 0.714285714285714 0.882352941176471 0.88875550220088 2 1
0.88135593220339 0.903225806451613 0.857142857142857 0.926267281105991 0.82 0.877551020408163 0.764705882352941 0.930372148859544 1 1
0.949152542372881 0.967741935483871 0.928571428571429 0.995391705069124 0.87 0.877551020408163 0.862745098039216 0.961584633853541 2 1
0.866666666666667 0.851851851851852 0.878787878787879 0.938271604938272 0.86 0.826923076923077 0.895833333333333 0.94511217948718 1 1
0.966666666666667 0.962962962962963 0.96969696969697 0.984287317620651 0.86 0.846153846153846 0.875 0.961939102564103 2 1
0.979591836734694 0.954545454545455 1 1 0.82 0.745098039215686 0.897959183673469 0.887555022008804 1 1
1 1 1 1 0.82 0.686274509803922 0.959183673469388 0.879151660664266 2 1
0.885245901639344 0.948717948717949 0.772727272727273 0.932400932400932 0.74 0.909090909090909 0.607142857142857 0.91112012987013 1 1
0.934426229508197 0.974358974358974 0.863636363636364 0.983682983682984 0.82 0.954545454545455 0.714285714285714 0.915584415584416 2 1
0.810344827586207 0.838709677419355 0.777777777777778 0.927120669056153 0.79 0.826923076923077 0.75 0.88661858974359 1 1
0.913793103448276 0.935483870967742 0.888888888888889 0.979689366786141 0.84 0.826923076923077 0.854166666666667 0.934695512820513 2 1
0.919354838709677 0.967741935483871 0.870967741935484 0.990634755463059 0.86 0.842105263157895 0.883720930232558 0.940024479804161 1 1
1 1 1 1 0.88 0.894736842105263 0.86046511627907 0.949408404732762 2 1
0.890909090909091 0.857142857142857 0.925925925925926 0.951058201058201 0.9 0.927272727272727 0.866666666666667 0.971313131313131 1 1
0.963636363636364 0.928571428571429 1 1 0.91 0.945454545454545 0.866666666666667 0.966464646464646 2 1
0.923076923076923 0.925925925925926 0.92 0.98962962962963 0.82 0.826086956521739 0.814814814814815 0.892109500805153 1 1
0.980769230769231 0.962962962962963 1 0.995555555555556 0.83 0.826086956521739 0.833333333333333 0.938405797101449 2 1
0.95 0.96551724137931 0.935483870967742 0.981090100111235 0.81 0.76271186440678 0.878048780487805 0.886730053741215 1 1
0.95 0.931034482758621 0.967741935483871 0.995550611790879 0.85 0.796610169491525 0.926829268292683 0.923522116577098 2 1
0.9375 0.931034482758621 0.942857142857143 0.98128078817734 0.82 0.75 0.909090909090909 0.91112012987013 1 1
0.984375 1 0.971428571428571 0.997044334975369 0.81 0.785714285714286 0.840909090909091 0.910308441558442 2 1
0.883333333333333 0.8 0.942857142857143 0.929142857142857 0.8 0.754098360655738 0.871794871794872 0.890710382513661 1 1
0.933333333333333 0.88 0.971428571428571 0.957714285714286 0.81 0.754098360655738 0.897435897435897 0.903320722992854 2 1
0.903225806451613 0.88 0.918918918918919 0.965405405405405 0.87 0.8 0.955555555555556 0.933333333333333 1 1
0.919354838709677 0.88 0.945945945945946 0.989189189189189 0.87 0.8 0.955555555555556 0.941414141414141 2 1
0.887096774193548 0.933333333333333 0.84375 0.948958333333333 0.9 0.924528301886792 0.872340425531915 0.962665596146126 1 1
0.919354838709677 0.966666666666667 0.875 0.984375 0.91 0.962264150943396 0.851063829787234 0.965074267362505 2 1
0.872727272727273 0.90625 0.826086956521739 0.980978260869565 0.73 0.72 0.74 0.824 1 1
0.963636363636364 0.96875 0.956521739130435 0.998641304347826 0.76 0.8 0.72 0.8508 2 1
0.919354838709677 0.9 0.9375 0.965625 0.78 0.854545454545454 0.688888888888889 0.927676767676768 1 1
0.951612903225806 0.933333333333333 0.96875 0.991666666666667 0.81 0.836363636363636 0.777777777777778 0.928484848484848 2 1
0.866666666666667 0.918918918918919 0.782608695652174 0.950646298472385 0.83 0.886363636363636 0.785714285714286 0.907873376623377 1 1
0.966666666666667 0.972972972972973 0.956521739130435 0.99529964747356 0.89 0.909090909090909 0.875 0.9375 2 1
0.933333333333333 0.933333333333333 0.933333333333333 0.94 0.79 0.818181818181818 0.755555555555556 0.872727272727273 1 1
0.933333333333333 0.933333333333333 0.933333333333333 0.981111111111111 0.74 0.763636363636364 0.711111111111111 0.850909090909091 2 1
0.783333333333333 0.615384615384615 0.911764705882353 0.909502262443439 0.86 0.843137254901961 0.877551020408163 0.942777110844338 1 1
0.933333333333333 0.923076923076923 0.941176470588235 0.981900452488688 0.89 0.882352941176471 0.897959183673469 0.951980792316927 2 1
0.841269841269841 0.911764705882353 0.758620689655172 0.906693711967546 0.85 0.944444444444444 0.739130434782609 0.942834138486312 1 1
0.920634920634921 0.970588235294118 0.862068965517241 0.969574036511156 0.88 0.944444444444444 0.804347826086957 0.950885668276973 2 1
0.894736842105263 0.928571428571429 0.862068965517241 0.963054187192118 0.85 0.796296296296296 0.91304347826087 0.902979066022544 1 1
0.964912280701754 1 0.931034482758621 0.992610837438424 0.81 0.833333333333333 0.782608695652174 0.922302737520129 2 1
0.923076923076923 0.875 0.96969696969697 0.962121212121212 0.84 0.903846153846154 0.770833333333333 0.948717948717949 1 1
0.969230769230769 0.96875 0.96969696969697 0.994318181818182 0.87 0.903846153846154 0.833333333333333 0.939903846153846 2 1
0.952380952380952 0.972972972972973 0.923076923076923 0.977130977130977 0.85 0.945454545454545 0.733333333333333 0.943434343434343 1 1
0.968253968253968 0.972972972972973 0.961538461538462 0.990644490644491 0.83 0.872727272727273 0.777777777777778 0.926868686868687 2 1
0.896551724137931 0.933333333333333 0.857142857142857 0.954761904761905 0.86 0.883720930232558 0.842105263157895 0.9265605875153 1 1
0.931034482758621 0.966666666666667 0.892857142857143 0.985714285714286 0.89 0.883720930232558 0.894736842105263 0.982048143614851 2 1
0.913793103448276 0.972222222222222 0.818181818181818 0.946969696969697 0.83 0.96 0.7 0.9572 1 2
0.931034482758621 0.972222222222222 0.863636363636364 0.983585858585859 0.84 0.98 0.7 0.9688 2 2
0.848484848484849 0.896551724137931 0.810810810810811 0.95712954333644 0.84 0.857142857142857 0.823529411764706 0.902761104441777 1 2
0.939393939393939 0.96551724137931 0.918918918918919 0.989748369058714 0.83 0.816326530612245 0.843137254901961 0.932372949179672 2 2
0.905660377358491 0.892857142857143 0.92 0.977142857142857 0.84 0.830188679245283 0.851063829787234 0.896025692492975 1 2
0.981132075471698 0.964285714285714 1 1 0.88 0.867924528301887 0.893617021276596 0.924126856684063 2 2
0.912280701754386 0.88 0.9375 0.97625 0.77 0.702127659574468 0.830188679245283 0.866720192693697 1 2
0.964912280701754 0.96 0.96875 0.99625 0.81 0.723404255319149 0.886792452830189 0.916499397832196 2 2
0.783333333333333 0.75 0.8125 0.9140625 0.81 0.708333333333333 0.903846153846154 0.857772435897436 1 2
0.883333333333333 0.857142857142857 0.90625 0.975446428571429 0.79 0.645833333333333 0.923076923076923 0.89463141025641 2 2
0.944444444444444 0.977777777777778 0.888888888888889 0.989300411522634 0.9 0.9375 0.865384615384615 0.970352564102564 1 2
0.986111111111111 1 0.962962962962963 0.99917695473251 0.89 0.9375 0.846153846153846 0.970352564102564 2 2
0.9 0.90625 0.894736842105263 0.949013157894737 0.84 0.795454545454545 0.875 0.931006493506493 1 2
0.942857142857143 0.9375 0.947368421052632 0.996710526315789 0.92 0.863636363636364 0.964285714285714 0.936688311688312 2 2
0.911764705882353 0.921052631578947 0.9 0.956140350877193 0.85 0.918367346938776 0.784313725490196 0.955982392957183 1 2
0.970588235294118 1 0.933333333333333 1 0.86 0.918367346938776 0.803921568627451 0.957983193277311 2 2
0.870967741935484 0.833333333333333 0.894736842105263 0.900219298245614 0.81 0.769230769230769 0.854166666666667 0.901041666666667 1 2
0.951612903225806 0.958333333333333 0.947368421052632 0.973684210526316 0.83 0.75 0.916666666666667 0.963942307692308 2 2
0.945454545454545 1 0.896551724137931 0.992042440318302 0.8 0.648148148148148 0.978260869565217 0.924718196457327 1 2
0.945454545454545 0.961538461538462 0.931034482758621 0.996021220159151 0.81 0.703703703703704 0.934782608695652 0.931561996779388 2 2
0.904761904761905 0.852941176470588 0.96551724137931 0.938133874239351 0.81 0.857142857142857 0.775862068965517 0.902298850574713 1 2
0.968253968253968 0.970588235294118 0.96551724137931 0.988843813387424 0.76 0.833333333333333 0.706896551724138 0.892446633825944 2 2
0.936507936507937 0.971428571428571 0.892857142857143 0.988775510204082 0.87 0.851063829787234 0.886792452830189 0.948213568847852 1 2
0.968253968253968 0.971428571428571 0.964285714285714 0.997959183673469 0.87 0.914893617021277 0.830188679245283 0.95383380168607 2 2
0.920634920634921 0.962962962962963 0.888888888888889 0.989711934156379 0.86 0.792452830188679 0.936170212765957 0.90606182256122 1 2
0.920634920634921 0.962962962962963 0.888888888888889 0.994855967078189 0.86 0.792452830188679 0.936170212765957 0.926936973103171 2 2
0.865384615384615 0.818181818181818 0.9 0.933333333333333 0.79 0.622641509433962 0.978723404255319 0.874347651545564 1 2
0.980769230769231 0.954545454545455 1 1 0.76 0.622641509433962 0.914893617021277 0.909273384183059 2 2
0.918032786885246 0.939393939393939 0.892857142857143 0.981601731601732 0.84 0.931818181818182 0.767857142857143 0.956574675324675 1 2
0.950819672131147 1 0.892857142857143 0.977272727272727 0.83 0.931818181818182 0.75 0.921672077922078 2 2
0.928571428571429 0.916666666666667 0.9375 0.990885416666667 0.83 0.680851063829787 0.962264150943396 0.932958651144119 1 2
0.982142857142857 0.958333333333333 1 0.998697916666667 0.85 0.702127659574468 0.981132075471698 0.956643918105179 2 2
0.933333333333333 0.964285714285714 0.90625 0.987723214285714 0.8 0.857142857142857 0.745098039215686 0.899559823929572 1 2
1 1 1 1 0.85 0.897959183673469 0.803921568627451 0.926370548219288 2 2
0.944444444444444 0.970588235294118 0.9 0.972058823529412 0.74 0.851851851851852 0.608695652173913 0.860708534621578 1 2
0.981481481481482 1 0.95 0.991176470588235 0.81 0.907407407407407 0.695652173913043 0.911433172302738 2 2
0.864406779661017 0.896551724137931 0.833333333333333 0.920689655172414 0.86 0.904761904761905 0.827586206896552 0.926108374384236 1 2
0.983050847457627 1 0.966666666666667 0.991954022988506 0.82 0.857142857142857 0.793103448275862 0.930213464696223 2 2
0.932203389830508 0.923076923076923 0.939393939393939 0.972027972027972 0.84 0.754385964912281 0.953488372093023 0.932272541819665 1 2
0.949152542372881 0.923076923076923 0.96969696969697 0.990675990675991 0.9 0.87719298245614 0.930232558139535 0.977560179518564 2 2
0.815384615384615 0.861111111111111 0.758620689655172 0.916666666666667 0.82 0.909090909090909 0.711111111111111 0.908282828282828 1 2
0.969230769230769 0.972222222222222 0.96551724137931 0.990421455938697 0.89 0.981818181818182 0.777777777777778 0.961212121212121 2 2
0.896551724137931 0.90625 0.884615384615385 0.973557692307692 0.72 0.891304347826087 0.574074074074074 0.908212560386473 1 2
0.982758620689655 0.96875 1 0.998798076923077 0.82 0.934782608695652 0.722222222222222 0.934782608695652 2 2
0.875 0.916666666666667 0.821428571428571 0.96031746031746 0.8 0.877551020408163 0.725490196078431 0.916766706682673 1 2
0.96875 1 0.928571428571429 0.990079365079365 0.79 0.918367346938776 0.666666666666667 0.92436974789916 2 2
0.946428571428571 0.961538461538462 0.933333333333333 0.993589743589744 0.85 0.88 0.82 0.92 1 2
0.982142857142857 1 0.966666666666667 0.996153846153846 0.82 0.84 0.8 0.936 2 2
0.928571428571429 0.875 1 0.96484375 0.79 0.75609756097561 0.813559322033898 0.879288962381149 1 2
0.982142857142857 1 0.958333333333333 1 0.74 0.731707317073171 0.745762711864407 0.861099627945432 2 2
0.919354838709677 0.903225806451613 0.935483870967742 0.969823100936524 0.84 0.754716981132076 0.936170212765957 0.924126856684063 1 2
0.919354838709677 0.903225806451613 0.935483870967742 0.973985431841831 0.82 0.716981132075472 0.936170212765957 0.937775993576877 2 2
0.907692307692308 0.935483870967742 0.882352941176471 0.984819734345351 0.83 0.777777777777778 0.891304347826087 0.886473429951691 1 2
0.953846153846154 0.935483870967742 0.970588235294118 0.993358633776091 0.82 0.759259259259259 0.891304347826087 0.937600644122383 2 2
0.836363636363636 0.9 0.76 0.918666666666667 0.8 0.843137254901961 0.755102040816326 0.922368947579032 1 2
0.963636363636364 0.966666666666667 0.96 0.990666666666667 0.88 0.92156862745098 0.836734693877551 0.933173269307723 2 2
0.87037037037037 0.814814814814815 0.925925925925926 0.928669410150892 0.79 0.777777777777778 0.8 0.866666666666667 1 2
0.962962962962963 0.962962962962963 0.962962962962963 0.997256515775034 0.86 0.844444444444444 0.872727272727273 0.935757575757576 2 2
0.861538461538462 0.84375 0.878787878787879 0.928030303030303 0.8 0.714285714285714 0.882352941176471 0.881952781112445 1 2
0.953846153846154 0.9375 0.96969696969697 0.998106060606061 0.83 0.775510204081633 0.882352941176471 0.91796718687475 2 2
0.915254237288136 0.931034482758621 0.9 0.964367816091954 0.9 0.886792452830189 0.914893617021277 0.950220794861501 1 2
0.966101694915254 1 0.933333333333333 0.990804597701149 0.88 0.867924528301887 0.893617021276596 0.957446808510638 2 2
0.786885245901639 0.888888888888889 0.64 0.893333333333333 0.78 0.879310344827586 0.642857142857143 0.880541871921182 1 2
0.934426229508197 1 0.84 0.954444444444444 0.85 0.913793103448276 0.761904761904762 0.924466338259442 2 2
0.929824561403509 0.923076923076923 0.935483870967742 0.964019851116625 0.84 0.808510638297872 0.867924528301887 0.90606182256122 1 2
0.929824561403509 0.923076923076923 0.935483870967742 0.993796526054591 0.81 0.723404255319149 0.886792452830189 0.902850260939382 2 2
0.929824561403509 0.967741935483871 0.884615384615385 0.981389578163772 0.85 0.770833333333333 0.923076923076923 0.917467948717949 1 2
0.964912280701754 0.967741935483871 0.961538461538462 0.997518610421836 0.85 0.854166666666667 0.846153846153846 0.92988782051282 2 2
0.836065573770492 0.84375 0.827586206896552 0.899784482758621 0.76 0.763636363636364 0.755555555555556 0.840808080808081 1 2
0.885245901639344 0.875 0.896551724137931 0.957974137931034 0.81 0.818181818181818 0.8 0.878787878787879 2 2
0.938461538461538 1 0.833333333333333 0.981707317073171 0.81 0.925925925925926 0.673913043478261 0.918276972624799 1 2
0.969230769230769 1 0.916666666666667 0.997967479674797 0.86 0.907407407407407 0.804347826086957 0.938003220611916 2 2
0.924528301886792 0.904761904761905 0.9375 0.973214285714286 0.87 0.727272727272727 0.982142857142857 0.950081168831169 1 2
0.943396226415094 0.952380952380952 0.9375 0.994047619047619 0.83 0.636363636363636 0.982142857142857 0.930194805194805 2 2
0.887096774193548 0.909090909090909 0.862068965517241 0.981191222570533 0.88 0.840909090909091 0.910714285714286 0.937905844155844 1 2
0.951612903225806 0.939393939393939 0.96551724137931 0.99791013584117 0.84 0.818181818181818 0.857142857142857 0.936688311688312 2 2
0.892857142857143 0.925925925925926 0.862068965517241 0.948914431673052 0.78 0.770833333333333 0.788461538461538 0.889022435897436 1 2
0.946428571428571 0.962962962962963 0.931034482758621 0.979565772669221 0.83 0.75 0.903846153846154 0.913461538461538 2 2
0.866666666666667 0.866666666666667 0.866666666666667 0.927777777777778 0.82 0.888888888888889 0.763636363636364 0.896161616161616 1 2
0.95 0.966666666666667 0.933333333333333 0.984444444444444 0.82 0.866666666666667 0.781818181818182 0.914747474747475 2 2
0.91304347826087 0.869565217391304 0.956521739130435 0.988657844990548 0.78 0.781818181818182 0.777777777777778 0.86989898989899 1 2
0.956521739130435 0.956521739130435 0.956521739130435 0.996219281663516 0.84 0.818181818181818 0.866666666666667 0.909090909090909 2 2
0.833333333333333 0.870967741935484 0.793103448275862 0.937708565072303 0.94 0.962264150943396 0.914893617021277 0.989963869931754 1 2
0.95 0.967741935483871 0.931034482758621 0.976640711902113 0.93 0.981132075471698 0.872340425531915 0.986350863107186 2 2
0.918032786885246 0.90625 0.931034482758621 0.974137931034483 0.86 0.814814814814815 0.91304347826087 0.908212560386473 1 2
0.967213114754098 1 0.931034482758621 1 0.87 0.851851851851852 0.891304347826087 0.918679549114332 2 2
0.938775510204082 0.954545454545455 0.925925925925926 0.961279461279461 0.86 0.782608695652174 0.925925925925926 0.944041867954911 1 2
0.938775510204082 0.954545454545455 0.925925925925926 0.976430976430976 0.87 0.782608695652174 0.944444444444444 0.939613526570048 2 2
0.90625 0.821428571428571 0.972222222222222 0.956349206349206 0.89 0.921052631578947 0.870967741935484 0.958828522920204 1 2
0.96875 0.964285714285714 0.972222222222222 0.999007936507937 0.94 0.894736842105263 0.967741935483871 0.984295415959253 2 2
0.935483870967742 0.903225806451613 0.967741935483871 0.979188345473465 0.83 0.796296296296296 0.869565217391304 0.919484702093398 1 2
0.951612903225806 0.935483870967742 0.967741935483871 0.991675338189386 0.8 0.740740740740741 0.869565217391304 0.928341384863124 2 2
0.879310344827586 0.769230769230769 0.96875 0.933894230769231 0.86 0.86 0.86 0.94 1 2
0.96551724137931 0.923076923076923 1 1 0.88 0.88 0.88 0.9628 2 2
0.816666666666667 0.785714285714286 0.84375 0.853794642857143 0.85 0.897959183673469 0.803921568627451 0.889155662264906 1 2
0.9 0.892857142857143 0.90625 0.936383928571429 0.85 0.897959183673469 0.803921568627451 0.882753101240496 2 2
0.966101694915254 1 0.925925925925926 0.998842592592593 0.8 0.86 0.74 0.8848 1 2
1 1 1 1 0.84 0.84 0.84 0.9028 2 2
0.901639344262295 0.885714285714286 0.923076923076923 0.938461538461538 0.76 0.680851063829787 0.830188679245283 0.819349658771578 1 2
0.967213114754098 0.971428571428571 0.961538461538462 0.994505494505495 0.74 0.702127659574468 0.773584905660377 0.841429144921718 2 2
0.725490196078431 0.409090909090909 0.96551724137931 0.855799373040752 0.71 0.42 1 0.9164 1 2
0.92156862745098 0.909090909090909 0.931034482758621 0.976489028213166 0.74 0.54 0.94 0.862 2 2
0.770491803278688 0.84375 0.689655172413793 0.870689655172414 0.86 0.871794871794872 0.852459016393443 0.941572089113073 1 2
0.901639344262295 0.9375 0.862068965517241 0.946120689655172 0.89 0.897435897435897 0.885245901639344 0.966372425388819 2 2
0.945454545454545 1 0.88 0.989333333333333 0.89 0.914893617021277 0.867924528301887 0.949417904456042 1 2
0.963636363636364 1 0.92 0.993333333333333 0.88 0.872340425531915 0.886792452830189 0.945403452428743 2 2
0.903846153846154 0.892857142857143 0.916666666666667 0.936011904761905 0.79 0.738095238095238 0.827586206896552 0.86576354679803 1 2
0.942307692307692 0.964285714285714 0.916666666666667 0.962797619047619 0.72 0.714285714285714 0.724137931034483 0.853858784893268 2 2
0.910714285714286 0.964285714285714 0.857142857142857 0.966836734693878 0.87 0.893617021276596 0.849056603773585 0.910879164993978 1 2
0.964285714285714 1 0.928571428571429 0.991071428571429 0.86 0.872340425531915 0.849056603773585 0.915295062224006 2 2
0.913793103448276 0.869565217391304 0.942857142857143 0.942857142857143 0.86 0.682926829268293 0.983050847457627 0.93178999586606 1 2
0.96551724137931 0.956521739130435 0.971428571428571 0.972670807453416 0.83 0.609756097560976 0.983050847457627 0.927242662257131 2 2
0.883333333333333 0.909090909090909 0.851851851851852 0.953984287317621 0.83 0.883720930232558 0.789473684210526 0.929824561403509 1 2
0.95 0.96969696969697 0.925925925925926 0.994388327721661 0.84 0.883720930232558 0.807017543859649 0.94859241126071 2 2
0.95 0.931034482758621 0.967741935483871 0.973303670745273 0.87 0.836734693877551 0.901960784313726 0.95718287314926 1 2
0.983333333333333 0.96551724137931 1 0.99888765294772 0.86 0.816326530612245 0.901960784313726 0.967987194877951 2 2
0.951612903225806 0.973684210526316 0.916666666666667 0.982456140350877 0.83 0.909090909090909 0.733333333333333 0.941010101010101 1 2
0.951612903225806 0.973684210526316 0.916666666666667 0.996710526315789 0.82 0.927272727272727 0.688888888888889 0.930909090909091 2 2
0.82258064516129 0.848484848484849 0.793103448275862 0.918495297805643 0.88 0.914893617021277 0.849056603773585 0.926535527900442 1 2
0.935483870967742 0.939393939393939 0.931034482758621 0.983281086729363 0.89 0.872340425531915 0.905660377358491 0.936571657968687 2 2
0.890625 0.914285714285714 0.862068965517241 0.960591133004926 0.87 0.927272727272727 0.8 0.912727272727273 1 2
0.953125 0.942857142857143 0.96551724137931 0.998029556650246 0.81 0.927272727272727 0.666666666666667 0.917171717171717 2 2
0.875 0.888888888888889 0.862068965517241 0.925925925925926 0.8 0.803571428571429 0.795454545454545 0.899756493506494 1 2
0.964285714285714 0.962962962962963 0.96551724137931 0.993614303959132 0.81 0.785714285714286 0.840909090909091 0.907873376623377 2 2
0.851851851851852 0.814814814814815 0.888888888888889 0.964334705075446 0.85 0.755102040816326 0.941176470588235 0.874349739895958 1 2
0.907407407407407 0.925925925925926 0.888888888888889 0.967078189300412 0.8 0.693877551020408 0.901960784313726 0.867547018807523 2 2
0.949152542372881 0.931034482758621 0.966666666666667 0.972413793103448 0.79 0.763157894736842 0.806451612903226 0.869269949066214 1 2
0.983050847457627 0.96551724137931 1 0.998850574712644 0.81 0.763157894736842 0.838709677419355 0.878183361629881 2 2
0.91044776119403 0.9 0.918918918918919 0.97027027027027 0.78 0.708333333333333 0.846153846153846 0.891025641025641 1 2
0.940298507462687 0.866666666666667 1 0.992792792792793 0.81 0.791666666666667 0.826923076923077 0.923076923076923 2 2
0.9375 0.923076923076923 0.947368421052632 0.959514170040486 0.84 0.727272727272727 0.928571428571429 0.941964285714286 1 2
0.96875 0.961538461538462 0.973684210526316 0.97165991902834 0.76 0.795454545454545 0.732142857142857 0.887987012987013 2 2
0.951612903225806 0.9375 0.966666666666667 0.929166666666667 0.82 0.788461538461538 0.854166666666667 0.86338141025641 1 2
0.951612903225806 0.9375 0.966666666666667 0.989583333333333 0.81 0.788461538461538 0.833333333333333 0.870592948717949 2 2
0.981481481481482 1 0.966666666666667 0.998611111111111 0.86 0.844444444444444 0.872727272727273 0.922828282828283 1 2
1 1 1 1 0.83 0.844444444444444 0.818181818181818 0.911515151515152 2 2
0.945454545454545 0.961538461538462 0.931034482758621 0.982758620689655 0.85 0.767441860465116 0.912280701754386 0.936760505915953 1 2
0.927272727272727 0.923076923076923 0.931034482758621 0.973474801061008 0.84 0.767441860465116 0.894736842105263 0.925336597307222 2 2
0.944444444444444 0.956521739130435 0.935483870967742 0.977559607293128 0.83 0.764705882352941 0.897959183673469 0.894757903161264 1 2
0.962962962962963 0.956521739130435 0.967741935483871 0.97054698457223 0.88 0.803921568627451 0.959183673469388 0.937575030012005 2 2
0.953846153846154 0.947368421052632 0.962962962962963 0.95906432748538 0.8 0.787234042553192 0.811320754716981 0.88277800080289 1 2
0.984615384615385 1 0.962962962962963 0.989278752436647 0.85 0.851063829787234 0.849056603773585 0.912886391007627 2 2
0.888888888888889 0.870967741935484 0.902439024390244 0.970102281667978 0.87 0.875 0.865384615384615 0.951923076923077 1 2
0.916666666666667 0.870967741935484 0.951219512195122 0.989771833202203 0.86 0.875 0.846153846153846 0.951522435897436 2 2
0.983606557377049 1 0.972972972972973 0.997747747747748 0.89 0.8 0.98 0.916 1 2
0.983606557377049 1 0.972972972972973 1 0.88 0.82 0.94 0.97 2 2
0.892307692307692 0.833333333333333 0.942857142857143 0.938095238095238 0.91 0.822222222222222 0.981818181818182 0.943030303030303 1 2
0.953846153846154 0.966666666666667 0.942857142857143 0.983809523809524 0.88 0.777777777777778 0.963636363636364 0.962020202020202 2 2
0.901639344262295 0.909090909090909 0.892857142857143 0.965367965367965 0.82 0.955555555555556 0.709090909090909 0.942626262626263 1 2
0.967213114754098 0.939393939393939 1 0.992424242424242 0.89 0.911111111111111 0.872727272727273 0.957575757575758 2 2
0.833333333333333 0.896551724137931 0.76 0.926896551724138 0.87 0.859649122807018 0.883720930232558 0.934720522235822 1 2
0.925925925925926 0.96551724137931 0.88 0.979310344827586 0.84 0.859649122807018 0.813953488372093 0.91391268869849 2 2
0.842105263157895 0.851851851851852 0.833333333333333 0.912345679012346 0.8 0.816326530612245 0.784313725490196 0.861944777911164 1 2
0.947368421052632 0.925925925925926 0.966666666666667 0.967901234567901 0.8 0.714285714285714 0.882352941176471 0.893957583033213 2 2
0.88135593220339 0.903225806451613 0.857142857142857 0.92741935483871 0.84 0.877551020408163 0.803921568627451 0.936774709883954 1 2
0.949152542372881 0.967741935483871 0.928571428571429 0.995391705069124 0.89 0.897959183673469 0.882352941176471 0.967987194877951 2 2
0.866666666666667 0.851851851851852 0.878787878787879 0.936026936026936 0.85 0.826923076923077 0.875 0.936698717948718 1 2
0.966666666666667 0.962962962962963 0.96969696969697 0.985409652076319 0.87 0.884615384615385 0.854166666666667 0.950320512820513 2 2
0.979591836734694 0.954545454545455 1 0.994949494949495 0.84 0.764705882352941 0.918367346938776 0.896758703481393 1 2
1 1 1 1 0.8 0.686274509803922 0.918367346938776 0.890356142456983 2 2
0.885245901639344 0.948717948717949 0.772727272727273 0.932400932400932 0.75 0.954545454545455 0.589285714285714 0.91599025974026 1 2
0.934426229508197 0.974358974358974 0.863636363636364 0.982517482517482 0.82 0.931818181818182 0.732142857142857 0.918425324675325 2 2
0.827586206896552 0.870967741935484 0.777777777777778 0.934289127837515 0.8 0.826923076923077 0.770833333333333 0.878605769230769 1 2
0.913793103448276 0.935483870967742 0.888888888888889 0.979689366786141 0.85 0.826923076923077 0.875 0.933894230769231 2 2
0.951612903225806 0.967741935483871 0.935483870967742 0.990634755463059 0.85 0.824561403508772 0.883720930232558 0.936352509179927 1 2
1 1 1 1 0.88 0.894736842105263 0.86046511627907 0.947368421052632 2 2
0.890909090909091 0.857142857142857 0.925925925925926 0.951058201058201 0.89 0.927272727272727 0.844444444444444 0.966060606060606 1 2
0.963636363636364 0.928571428571429 1 1 0.91 0.945454545454545 0.866666666666667 0.961616161616162 2 2
0.923076923076923 0.925925925925926 0.92 0.98962962962963 0.83 0.847826086956522 0.814814814814815 0.894122383252818 1 2
0.980769230769231 0.962962962962963 1 0.995555555555556 0.84 0.847826086956522 0.833333333333333 0.939210950080515 2 2
0.95 0.96551724137931 0.935483870967742 0.979977753058954 0.76 0.677966101694915 0.878048780487805 0.890863993385697 1 2
0.95 0.931034482758621 0.967741935483871 0.995550611790879 0.78 0.728813559322034 0.853658536585366 0.899958660603555 2 2
0.9375 0.931034482758621 0.942857142857143 0.98128078817734 0.81 0.75 0.886363636363636 0.911931818181818 1 2
0.984375 1 0.971428571428571 0.998029556650246 0.79 0.803571428571429 0.772727272727273 0.914772727272727 2 2
0.883333333333333 0.8 0.942857142857143 0.929142857142857 0.83 0.80327868852459 0.871794871794872 0.899537620849096 1 2
0.933333333333333 0.88 0.971428571428571 0.957714285714286 0.81 0.770491803278688 0.871794871794872 0.903741067675494 2 2
0.903225806451613 0.84 0.945945945945946 0.967567567567568 0.84 0.781818181818182 0.911111111111111 0.930909090909091 1 2
0.919354838709677 0.88 0.945945945945946 0.985945945945946 0.89 0.836363636363636 0.955555555555556 0.944646464646465 2 2
0.903225806451613 0.933333333333333 0.875 0.948958333333333 0.93 0.962264150943396 0.893617021276596 0.967482938578884 1 2
0.903225806451613 0.933333333333333 0.875 0.982291666666667 0.93 0.962264150943396 0.893617021276596 0.967081493376154 2 2
0.927272727272727 0.9375 0.91304347826087 0.987771739130435 0.74 0.72 0.76 0.8168 1 2
0.963636363636364 0.96875 0.956521739130435 0.998641304347826 0.76 0.78 0.74 0.844 2 2
0.919354838709677 0.9 0.9375 0.963541666666667 0.8 0.909090909090909 0.666666666666667 0.935353535353535 1 2
0.951612903225806 0.933333333333333 0.96875 0.990625 0.82 0.854545454545454 0.777777777777778 0.933737373737374 2 2
0.866666666666667 0.918918918918919 0.782608695652174 0.945945945945946 0.83 0.886363636363636 0.785714285714286 0.907467532467532 1 2
0.966666666666667 0.972972972972973 0.956521739130435 0.992949471210341 0.89 0.909090909090909 0.875 0.939935064935065 2 2
0.933333333333333 0.933333333333333 0.933333333333333 0.944444444444444 0.78 0.818181818181818 0.733333333333333 0.88040404040404 1 2
0.933333333333333 0.933333333333333 0.933333333333333 0.981111111111111 0.74 0.781818181818182 0.688888888888889 0.854141414141414 2 2
0.8 0.615384615384615 0.941176470588235 0.910633484162896 0.84 0.823529411764706 0.857142857142857 0.939175670268107 1 2
0.933333333333333 0.923076923076923 0.941176470588235 0.983031674208145 0.88 0.882352941176471 0.877551020408163 0.94437775110044 2 2
0.841269841269841 0.911764705882353 0.758620689655172 0.910750507099391 0.84 0.925925925925926 0.739130434782609 0.935990338164251 1 2
0.920634920634921 0.970588235294118 0.862068965517241 0.970588235294118 0.84 0.907407407407407 0.760869565217391 0.940821256038647 2 2
0.912280701754386 0.928571428571429 0.896551724137931 0.95935960591133 0.82 0.833333333333333 0.804347826086957 0.897342995169082 1 2
0.947368421052632 1 0.896551724137931 0.992610837438424 0.82 0.851851851851852 0.782608695652174 0.928341384863124 2 2
0.923076923076923 0.875 0.96969696969697 0.962121212121212 0.85 0.923076923076923 0.770833333333333 0.946714743589744 1 2
0.953846153846154 0.9375 0.96969696969697 0.994318181818182 0.9 0.961538461538462 0.833333333333333 0.942708333333333 2 2
0.952380952380952 0.972972972972973 0.923076923076923 0.977130977130977 0.84 0.927272727272727 0.733333333333333 0.943030303030303 1 2
0.968253968253968 0.972972972972973 0.961538461538462 0.990644490644491 0.87 0.927272727272727 0.8 0.934949494949495 2 2
0.896551724137931 0.933333333333333 0.857142857142857 0.95952380952381 0.87 0.883720930232558 0.859649122807018 0.930640554875561 1 2
0.931034482758621 0.966666666666667 0.892857142857143 0.989285714285714 0.91 0.906976744186046 0.912280701754386 0.983272133822929 2 2
0.913793103448276 0.972222222222222 0.818181818181818 0.946969696969697 0.77 0.94 0.6 0.9408 1 3
0.931034482758621 0.972222222222222 0.863636363636364 0.983585858585859 0.84 0.96 0.72 0.9504 2 3
0.848484848484849 0.862068965517241 0.837837837837838 0.955265610438024 0.83 0.836734693877551 0.823529411764706 0.897959183673469 1 3
0.939393939393939 0.96551724137931 0.918918918918919 0.989748369058714 0.82 0.795918367346939 0.843137254901961 0.923569427771108 2 3
0.905660377358491 0.892857142857143 0.92 0.978571428571429 0.84 0.811320754716981 0.872340425531915 0.892412685668406 1 3
0.981132075471698 0.964285714285714 1 0.998571428571429 0.88 0.867924528301887 0.893617021276596 0.921316740264954 2 3
0.912280701754386 0.88 0.9375 0.975 0.76 0.702127659574468 0.811320754716981 0.847450822962666 1 3
0.964912280701754 0.96 0.96875 0.99625 0.79 0.702127659574468 0.867924528301887 0.901244480128462 2 3
0.8 0.785714285714286 0.8125 0.917410714285714 0.81 0.708333333333333 0.903846153846154 0.856971153846154 1 3
0.916666666666667 0.928571428571429 0.90625 0.977678571428571 0.79 0.6875 0.884615384615385 0.875801282051282 2 3
0.930555555555556 0.977777777777778 0.851851851851852 0.990123456790123 0.9 0.9375 0.865384615384615 0.97275641025641 1 3
0.986111111111111 1 0.962962962962963 0.99917695473251 0.89 0.9375 0.846153846153846 0.969951923076923 2 3
0.9 0.90625 0.894736842105263 0.952302631578947 0.85 0.886363636363636 0.821428571428571 0.933441558441558 1 3
0.957142857142857 0.96875 0.947368421052632 0.998355263157895 0.9 0.931818181818182 0.875 0.945211038961039 2 3
0.911764705882353 0.921052631578947 0.9 0.963157894736842 0.84 0.836734693877551 0.843137254901961 0.93797519007603 1 3
0.985294117647059 1 0.966666666666667 0.999122807017544 0.85 0.918367346938776 0.784313725490196 0.938375350140056 2 3
0.870967741935484 0.833333333333333 0.894736842105263 0.902412280701754 0.83 0.788461538461538 0.875 0.887019230769231 1 3
0.951612903225806 0.958333333333333 0.947368421052632 0.972587719298246 0.84 0.75 0.9375 0.952724358974359 2 3
0.963636363636364 1 0.931034482758621 0.996021220159151 0.8 0.666666666666667 0.956521739130435 0.921497584541063 1 3
0.945454545454545 0.961538461538462 0.931034482758621 0.997347480106101 0.8 0.703703703703704 0.91304347826087 0.932769726247987 2 3
0.904761904761905 0.852941176470588 0.96551724137931 0.934077079107505 0.79 0.761904761904762 0.810344827586207 0.885057471264368 1 3
0.952380952380952 0.941176470588235 0.96551724137931 0.986815415821501 0.72 0.80952380952381 0.655172413793103 0.877257799671593 2 3
0.936507936507937 0.971428571428571 0.892857142857143 0.988775510204082 0.88 0.872340425531915 0.886792452830189 0.944199116820554 1 3
0.968253968253968 0.971428571428571 0.964285714285714 0.996938775510204 0.87 0.914893617021277 0.830188679245283 0.932557205941389 2 3
0.904761904761905 0.962962962962963 0.861111111111111 0.990740740740741 0.85 0.792452830188679 0.914893617021277 0.912886391007627 1 3
0.952380952380952 0.962962962962963 0.944444444444444 0.992798353909465 0.86 0.792452830188679 0.936170212765957 0.925331192292252 2 3
0.846153846153846 0.772727272727273 0.9 0.918181818181818 0.69 0.415094339622642 1 0.851063829787234 1 3
1 1 1 1 0.73 0.60377358490566 0.872340425531915 0.874347651545564 2 3
0.918032786885246 0.939393939393939 0.892857142857143 0.979437229437229 0.85 0.931818181818182 0.785714285714286 0.95211038961039 1 3
0.950819672131147 1 0.892857142857143 0.977272727272727 0.82 0.909090909090909 0.75 0.919642857142857 2 3
0.946428571428571 0.958333333333333 0.9375 0.990885416666667 0.84 0.702127659574468 0.962264150943396 0.924528301886792 1 3
0.982142857142857 0.958333333333333 1 0.998697916666667 0.85 0.702127659574468 0.981132075471698 0.941790445604175 2 3
0.933333333333333 0.964285714285714 0.90625 0.991071428571429 0.81 0.836734693877551 0.784313725490196 0.904761904761905 1 3
1 1 1 1 0.85 0.897959183673469 0.803921568627451 0.929171668667467 2 3
0.907407407407407 0.970588235294118 0.8 0.972058823529412 0.79 0.907407407407407 0.652173913043478 0.863526570048309 1 3
0.981481481481482 1 0.95 0.991176470588235 0.78 0.888888888888889 0.652173913043478 0.892512077294686 2 3
0.88135593220339 0.896551724137931 0.866666666666667 0.919540229885057 0.86 0.880952380952381 0.844827586206897 0.921592775041051 1 3
0.983050847457627 1 0.966666666666667 0.993103448275862 0.84 0.952380952380952 0.758620689655172 0.943349753694581 2 3
0.898305084745763 0.846153846153846 0.939393939393939 0.977855477855478 0.84 0.754385964912281 0.953488372093023 0.939208486332109 1 3
0.966101694915254 0.961538461538462 0.96969696969697 0.991841491841492 0.89 0.842105263157895 0.953488372093023 0.970216238270094 2 3
0.815384615384615 0.861111111111111 0.758620689655172 0.926245210727969 0.85 0.890909090909091 0.8 0.909494949494949 1 3
0.969230769230769 0.972222222222222 0.96551724137931 0.991379310344828 0.89 1 0.755555555555556 0.962424242424242 2 3
0.896551724137931 0.90625 0.884615384615385 0.969951923076923 0.76 0.891304347826087 0.648148148148148 0.902979066022544 1 3
0.96551724137931 0.96875 0.961538461538462 0.998798076923077 0.84 0.934782608695652 0.759259259259259 0.932769726247987 2 3
0.875 0.916666666666667 0.821428571428571 0.959325396825397 0.84 0.897959183673469 0.784313725490196 0.913165266106443 1 3
0.96875 1 0.928571428571429 0.990079365079365 0.81 0.918367346938776 0.705882352941177 0.919167667066827 2 3
0.946428571428571 0.961538461538462 0.933333333333333 0.988461538461539 0.82 0.82 0.82 0.9004 1 3
0.982142857142857 1 0.966666666666667 0.994871794871795 0.77 0.74 0.8 0.9192 2 3
0.928571428571429 0.875 1 0.96484375 0.8 0.780487804878049 0.813559322033898 0.868540719305498 1 3
0.982142857142857 1 0.958333333333333 1 0.75 0.75609756097561 0.745762711864407 0.856965688300951 2 3
0.903225806451613 0.870967741935484 0.935483870967742 0.965660770031218 0.83 0.754716981132076 0.914893617021277 0.904456041750301 1 3
0.903225806451613 0.870967741935484 0.935483870967742 0.971904266389178 0.8 0.679245283018868 0.936170212765957 0.924126856684063 2 3
0.907692307692308 0.935483870967742 0.882352941176471 0.983870967741935 0.84 0.777777777777778 0.91304347826087 0.886070853462158 1 3
0.953846153846154 0.935483870967742 0.970588235294118 0.993358633776091 0.87 0.796296296296296 0.956521739130435 0.946054750402576 2 3
0.836363636363636 0.9 0.76 0.918666666666667 0.81 0.843137254901961 0.775510204081633 0.925570228091236 1 3
0.963636363636364 0.966666666666667 0.96 0.990666666666667 0.87 0.882352941176471 0.857142857142857 0.935174069627851 2 3
0.87037037037037 0.814814814814815 0.925925925925926 0.934156378600823 0.8 0.777777777777778 0.818181818181818 0.86989898989899 1 3
0.962962962962963 0.962962962962963 0.962962962962963 0.997256515775034 0.86 0.822222222222222 0.890909090909091 0.931313131313131 2 3
0.861538461538462 0.84375 0.878787878787879 0.930871212121212 0.79 0.73469387755102 0.843137254901961 0.878351340536214 1 3
0.953846153846154 0.9375 0.96969696969697 0.998106060606061 0.82 0.775510204081633 0.862745098039216 0.91156462585034 2 3
0.915254237288136 0.931034482758621 0.9 0.962068965517241 0.91 0.867924528301887 0.957446808510638 0.949819349658772 1 3
0.983050847457627 1 0.966666666666667 0.990804597701149 0.87 0.867924528301887 0.872340425531915 0.955439582496989 2 3
0.80327868852459 0.888888888888889 0.68 0.888888888888889 0.8 0.879310344827586 0.69047619047619 0.874794745484401 1 3
0.934426229508197 1 0.84 0.947777777777778 0.82 0.948275862068966 0.642857142857143 0.89696223316913 2 3
0.929824561403509 0.923076923076923 0.935483870967742 0.964019851116625 0.85 0.808510638297872 0.886792452830189 0.902448815736652 1 3
0.929824561403509 0.923076923076923 0.935483870967742 0.993796526054591 0.8 0.723404255319149 0.867924528301887 0.896828582898434 2 3
0.947368421052632 0.967741935483871 0.923076923076923 0.978908188585608 0.79 0.625 0.942307692307692 0.866987179487179 1 3
0.964912280701754 0.967741935483871 0.961538461538462 0.997518610421836 0.77 0.854166666666667 0.692307692307692 0.884615384615385 2 3
0.852459016393443 0.84375 0.862068965517241 0.90301724137931 0.78 0.763636363636364 0.8 0.842828282828283 1 3
0.901639344262295 0.90625 0.896551724137931 0.96875 0.78 0.8 0.755555555555556 0.869090909090909 2 3
0.923076923076923 0.975609756097561 0.833333333333333 0.980691056910569 0.8 0.907407407407407 0.673913043478261 0.922705314009662 1 3
0.969230769230769 1 0.916666666666667 0.997967479674797 0.85 0.907407407407407 0.782608695652174 0.943639291465378 2 3
0.924528301886792 0.904761904761905 0.9375 0.973214285714286 0.82 0.613636363636364 0.982142857142857 0.939529220779221 1 3
0.943396226415094 0.952380952380952 0.9375 0.994047619047619 0.81 0.613636363636364 0.964285714285714 0.915178571428571 2 3
0.919354838709677 0.96969696969697 0.862068965517241 0.984326018808777 0.88 0.840909090909091 0.910714285714286 0.935064935064935 1 3
0.951612903225806 0.939393939393939 0.96551724137931 0.99791013584117 0.84 0.818181818181818 0.857142857142857 0.934659090909091 2 3
0.892857142857143 0.925925925925926 0.862068965517241 0.950191570881226 0.79 0.770833333333333 0.807692307692308 0.878205128205128 1 3
0.964285714285714 0.962962962962963 0.96551724137931 0.969348659003831 0.84 0.75 0.923076923076923 0.905048076923077 2 3
0.866666666666667 0.866666666666667 0.866666666666667 0.928888888888889 0.8 0.822222222222222 0.781818181818182 0.893737373737374 1 3
0.95 0.966666666666667 0.933333333333333 0.985555555555556 0.79 0.844444444444444 0.745454545454545 0.907878787878788 2 3
0.934782608695652 0.91304347826087 0.956521739130435 0.986767485822306 0.78 0.763636363636364 0.8 0.862626262626263 1 3
0.978260869565217 1 0.956521739130435 0.996219281663516 0.81 0.8 0.822222222222222 0.910707070707071 2 3
0.833333333333333 0.870967741935484 0.793103448275862 0.942157953281424 0.95 0.981132075471698 0.914893617021277 0.992773986350863 1 3
0.933333333333333 0.935483870967742 0.931034482758621 0.977753058954394 0.93 0.962264150943396 0.893617021276596 0.987153753512646 2 3
0.918032786885246 0.90625 0.931034482758621 0.966594827586207 0.83 0.722222222222222 0.956521739130435 0.904589371980676 1 3
0.967213114754098 1 0.931034482758621 0.998922413793103 0.77 0.740740740740741 0.804347826086957 0.87962962962963 2 3
0.897959183673469 0.863636363636364 0.925925925925926 0.968013468013468 0.9 0.869565217391304 0.925925925925926 0.956521739130435 1 3
0.918367346938776 0.909090909090909 0.925925925925926 0.976430976430976 0.88 0.804347826086957 0.944444444444444 0.951690821256039 2 3
0.90625 0.821428571428571 0.972222222222222 0.950396825396825 0.89 0.894736842105263 0.887096774193548 0.952886247877759 1 3
0.96875 0.964285714285714 0.972222222222222 0.999007936507937 0.94 0.894736842105263 0.967741935483871 0.983870967741935 2 3
0.935483870967742 0.903225806451613 0.967741935483871 0.980228928199792 0.82 0.759259259259259 0.891304347826087 0.919887278582931 1 3
0.951612903225806 0.935483870967742 0.967741935483871 0.991675338189386 0.81 0.759259259259259 0.869565217391304 0.927938808373591 2 3
0.896551724137931 0.769230769230769 1 0.933894230769231 0.86 0.84 0.88 0.936 1 3
0.96551724137931 0.923076923076923 1 1 0.86 0.86 0.86 0.9464 2 3
0.816666666666667 0.785714285714286 0.84375 0.859375 0.8 0.857142857142857 0.745098039215686 0.886354541816727 1 3
0.9 0.892857142857143 0.90625 0.9375 0.82 0.897959183673469 0.745098039215686 0.873949579831933 2 3
0.983050847457627 1 0.962962962962963 0.998842592592593 0.76 0.82 0.7 0.882 1 3
1 1 1 1 0.83 0.84 0.82 0.906 2 3
0.885245901639344 0.885714285714286 0.884615384615385 0.936263736263736 0.77 0.680851063829787 0.849056603773585 0.824969891609795 1 3
0.967213114754098 0.971428571428571 0.961538461538462 0.995604395604396 0.73 0.702127659574468 0.754716981132076 0.834604576475311 2 3
0.725490196078431 0.409090909090909 0.96551724137931 0.858934169278997 0.72 0.44 1 0.9124 1 3
0.92156862745098 0.909090909090909 0.931034482758621 0.976489028213166 0.77 0.6 0.94 0.8668 2 3
0.770491803278688 0.84375 0.689655172413793 0.872844827586207 0.87 0.871794871794872 0.868852459016393 0.943253467843632 1 3
0.901639344262295 0.9375 0.862068965517241 0.946120689655172 0.89 0.923076923076923 0.868852459016393 0.965531736023539 2 3
0.945454545454545 1 0.88 0.981333333333333 0.85 0.765957446808511 0.924528301886792 0.916097952629466 1 3
0.963636363636364 1 0.92 0.994666666666667 0.85 0.787234042553192 0.905660377358491 0.941790445604175 2 3
0.865384615384615 0.928571428571429 0.791666666666667 0.943452380952381 0.84 0.976190476190476 0.741379310344828 0.955665024630542 1 3
0.942307692307692 0.964285714285714 0.916666666666667 0.964285714285714 0.82 0.857142857142857 0.793103448275862 0.92816091954023 2 3
0.910714285714286 0.928571428571429 0.892857142857143 0.964285714285714 0.86 0.851063829787234 0.867924528301887 0.903653151344841 1 3
0.964285714285714 1 0.928571428571429 0.99234693877551 0.86 0.872340425531915 0.849056603773585 0.911682055399438 2 3
0.913793103448276 0.869565217391304 0.942857142857143 0.946583850931677 0.86 0.707317073170732 0.966101694915254 0.929309632079372 1 3
0.96551724137931 0.956521739130435 0.971428571428571 0.971428571428571 0.81 0.560975609756098 0.983050847457627 0.926829268292683 2 3
0.9 0.878787878787879 0.925925925925926 0.957351290684624 0.84 0.86046511627907 0.824561403508772 0.933496532027744 1 3
0.95 0.96969696969697 0.925925925925926 0.996632996632997 0.79 0.837209302325581 0.754385964912281 0.919624643002856 2 3
0.916666666666667 0.896551724137931 0.935483870967742 0.973303670745273 0.87 0.836734693877551 0.901960784313726 0.95438175270108 1 3
0.983333333333333 0.96551724137931 1 1 0.89 0.857142857142857 0.92156862745098 0.971588635454182 2 3
0.951612903225806 0.973684210526316 0.916666666666667 0.980263157894737 0.84 0.909090909090909 0.755555555555556 0.949090909090909 1 3
0.967741935483871 0.973684210526316 0.958333333333333 0.99780701754386 0.8 0.909090909090909 0.666666666666667 0.933737373737374 2 3
0.806451612903226 0.818181818181818 0.793103448275862 0.918495297805643 0.84 0.851063829787234 0.830188679245283 0.899638699317543 1 3
0.935483870967742 0.939393939393939 0.931034482758621 0.983281086729363 0.86 0.872340425531915 0.849056603773585 0.93095142513047 2 3
0.875 0.885714285714286 0.862068965517241 0.957635467980296 0.82 0.854545454545454 0.777777777777778 0.90020202020202 1 3
0.953125 0.942857142857143 0.96551724137931 0.998029556650246 0.84 0.927272727272727 0.733333333333333 0.917575757575758 2 3
0.875 0.888888888888889 0.862068965517241 0.925925925925926 0.81 0.803571428571429 0.818181818181818 0.893262987012987 1 3
0.964285714285714 0.962962962962963 0.96551724137931 0.994891443167305 0.8 0.803571428571429 0.795454545454545 0.902191558441558 2 3
0.87037037037037 0.851851851851852 0.888888888888889 0.964334705075446 0.84 0.714285714285714 0.96078431372549 0.883153261304522 1 3
0.907407407407407 0.925925925925926 0.888888888888889 0.968449931412894 0.81 0.714285714285714 0.901960784313726 0.896358543417367 2 3
0.949152542372881 0.931034482758621 0.966666666666667 0.968965517241379 0.79 0.763157894736842 0.806451612903226 0.847198641765705 1 3
0.983050847457627 0.96551724137931 1 0.998850574712644 0.79 0.684210526315789 0.854838709677419 0.874787775891341 2 3
0.91044776119403 0.9 0.918918918918919 0.965765765765766 0.83 0.75 0.903846153846154 0.905048076923077 1 3
0.940298507462687 0.866666666666667 1 0.995495495495496 0.8 0.729166666666667 0.865384615384615 0.910657051282051 2 3
0.9375 0.923076923076923 0.947368421052632 0.956477732793522 0.89 0.954545454545455 0.839285714285714 0.962256493506494 1 3
0.96875 0.961538461538462 0.973684210526316 0.972672064777328 0.89 0.931818181818182 0.857142857142857 0.961444805194805 2 3
0.951612903225806 0.9375 0.966666666666667 0.929166666666667 0.83 0.788461538461538 0.875 0.86338141025641 1 3
0.951612903225806 0.9375 0.966666666666667 0.989583333333333 0.81 0.769230769230769 0.854166666666667 0.871794871794872 2 3
0.981481481481482 1 0.966666666666667 1 0.85 0.822222222222222 0.872727272727273 0.921616161616162 1 3
1 1 1 1 0.83 0.866666666666667 0.8 0.90989898989899 2 3
0.945454545454545 0.961538461538462 0.931034482758621 0.978779840848806 0.85 0.767441860465116 0.912280701754386 0.929008567931456 1 3
0.927272727272727 0.923076923076923 0.931034482758621 0.972148541114058 0.82 0.744186046511628 0.87719298245614 0.91921664626683 2 3
0.944444444444444 0.956521739130435 0.935483870967742 0.978962131837307 0.83 0.764705882352941 0.897959183673469 0.898759503801521 1 3
0.962962962962963 0.956521739130435 0.967741935483871 0.97054698457223 0.88 0.784313725490196 0.979591836734694 0.944777911164466 2 3
0.953846153846154 0.947368421052632 0.962962962962963 0.961013645224172 0.82 0.808510638297872 0.830188679245283 0.88317944600562 1 3
0.984615384615385 1 0.962962962962963 0.981481481481481 0.85 0.851063829787234 0.849056603773585 0.916499397832196 2 3
0.875 0.870967741935484 0.878048780487805 0.970102281667978 0.88 0.895833333333333 0.865384615384615 0.949919871794872 1 3
0.902777777777778 0.870967741935484 0.926829268292683 0.988985051140834 0.87 0.895833333333333 0.846153846153846 0.951121794871795 2 3
0.983606557377049 1 0.972972972972973 0.997747747747748 0.88 0.78 0.98 0.918 1 3
0.983606557377049 1 0.972972972972973 0.998873873873874 0.88 0.82 0.94 0.9692 2 3
0.907692307692308 0.866666666666667 0.942857142857143 0.939047619047619 0.89 0.777777777777778 0.981818181818182 0.935353535353535 1 3
0.953846153846154 0.966666666666667 0.942857142857143 0.984761904761905 0.89 0.777777777777778 0.981818181818182 0.961212121212121 2 3
0.868852459016393 0.909090909090909 0.821428571428571 0.964285714285714 0.84 0.844444444444444 0.836363636363636 0.902222222222222 1 3
0.967213114754098 0.939393939393939 1 0.992424242424242 0.81 0.822222222222222 0.8 0.931313131313131 2 3
0.833333333333333 0.896551724137931 0.76 0.931034482758621 0.88 0.824561403508772 0.953488372093023 0.916360669114647 1 3
0.925925925925926 0.96551724137931 0.88 0.979310344827586 0.71 0.929824561403509 0.418604651162791 0.908608731130151 2 3
0.842105263157895 0.851851851851852 0.833333333333333 0.924691358024691 0.79 0.795918367346939 0.784313725490196 0.854341736694678 1 3
0.947368421052632 0.925925925925926 0.966666666666667 0.967901234567901 0.79 0.73469387755102 0.843137254901961 0.895958383353341 2 3
0.864406779661017 0.870967741935484 0.857142857142857 0.925115207373272 0.86 0.877551020408163 0.843137254901961 0.941976790716286 1 3
0.949152542372881 0.967741935483871 0.928571428571429 0.994239631336406 0.89 0.897959183673469 0.882352941176471 0.965186074429772 2 3
0.9 0.888888888888889 0.909090909090909 0.940516273849607 0.87 0.865384615384615 0.875 0.9375 1 3
0.966666666666667 0.962962962962963 0.96969696969697 0.987654320987654 0.89 0.865384615384615 0.916666666666667 0.959134615384615 2 3
1 1 1 1 0.78 0.705882352941177 0.857142857142857 0.877951180472189 1 3
1 1 1 1 0.78 0.647058823529412 0.918367346938776 0.873949579831933 2 3
0.885245901639344 0.948717948717949 0.772727272727273 0.937062937062937 0.77 0.931818181818182 0.642857142857143 0.916396103896104 1 3
0.934426229508197 0.974358974358974 0.863636363636364 0.983682983682984 0.8 0.909090909090909 0.714285714285714 0.918019480519481 2 3
0.827586206896552 0.838709677419355 0.814814814814815 0.929510155316607 0.84 0.826923076923077 0.854166666666667 0.885416666666667 1 3
0.913793103448276 0.935483870967742 0.888888888888889 0.978494623655914 0.86 0.807692307692308 0.916666666666667 0.930689102564103 2 3
0.919354838709677 0.967741935483871 0.870967741935484 0.989594172736733 0.87 0.859649122807018 0.883720930232558 0.932680538555692 1 3
1 1 1 1 0.87 0.87719298245614 0.86046511627907 0.951448388412893 2 3
0.872727272727273 0.857142857142857 0.888888888888889 0.944444444444444 0.88 0.909090909090909 0.844444444444444 0.941010101010101 1 3
0.963636363636364 0.928571428571429 1 1 0.9 0.963636363636364 0.822222222222222 0.961616161616162 2 3
0.923076923076923 0.925925925925926 0.92 0.988148148148148 0.83 0.826086956521739 0.833333333333333 0.891304347826087 1 3
0.980769230769231 0.962962962962963 1 0.995555555555556 0.86 0.891304347826087 0.833333333333333 0.941626409017713 2 3
0.95 0.96551724137931 0.935483870967742 0.984427141268076 0.82 0.76271186440678 0.902439024390244 0.891690781314593 1 3
0.933333333333333 0.931034482758621 0.935483870967742 0.995550611790879 0.82 0.813559322033898 0.829268292682927 0.913187267465895 2 3
0.953125 0.96551724137931 0.942857142857143 0.98128078817734 0.81 0.767857142857143 0.863636363636364 0.909902597402597 1 3
0.984375 1 0.971428571428571 0.997044334975369 0.8 0.821428571428571 0.772727272727273 0.914366883116883 2 3
0.883333333333333 0.8 0.942857142857143 0.924571428571429 0.83 0.80327868852459 0.871794871794872 0.894493484657419 1 3
0.933333333333333 0.88 0.971428571428571 0.955428571428571 0.79 0.754098360655738 0.846153846153846 0.897015552753258 2 3
0.903225806451613 0.84 0.945945945945946 0.963243243243243 0.84 0.763636363636364 0.933333333333333 0.932525252525253 1 3
0.935483870967742 0.92 0.945945945945946 0.984864864864865 0.88 0.818181818181818 0.955555555555556 0.944242424242424 2 3
0.903225806451613 0.933333333333333 0.875 0.948958333333333 0.9 0.943396226415094 0.851063829787234 0.961862705740666 1 3
0.903225806451613 0.933333333333333 0.875 0.98125 0.91 0.924528301886792 0.893617021276596 0.959052589321558 2 3
0.909090909090909 0.9375 0.869565217391304 0.987771739130435 0.75 0.74 0.76 0.8072 1 3
0.981818181818182 1 0.956521739130435 0.998641304347826 0.76 0.8 0.72 0.8404 2 3
0.919354838709677 0.9 0.9375 0.9625 0.81 0.890909090909091 0.711111111111111 0.930909090909091 1 3
0.951612903225806 0.933333333333333 0.96875 0.991666666666667 0.82 0.854545454545454 0.777777777777778 0.93010101010101 2 3
0.866666666666667 0.918918918918919 0.782608695652174 0.950646298472385 0.87 0.931818181818182 0.821428571428571 0.915584415584416 1 3
0.966666666666667 0.972972972972973 0.956521739130435 0.99647473560517 0.9 0.931818181818182 0.875 0.935470779220779 2 3
0.933333333333333 0.933333333333333 0.933333333333333 0.937777777777778 0.79 0.836363636363636 0.733333333333333 0.877171717171717 1 3
0.933333333333333 0.933333333333333 0.933333333333333 0.982222222222222 0.74 0.781818181818182 0.688888888888889 0.851313131313131 2 3
0.8 0.615384615384615 0.941176470588235 0.907239819004525 0.84 0.823529411764706 0.857142857142857 0.935574229691877 1 3
0.916666666666667 0.884615384615385 0.941176470588235 0.984162895927602 0.88 0.862745098039216 0.897959183673469 0.949179671868747 2 3
0.841269841269841 0.911764705882353 0.758620689655172 0.910750507099391 0.85 0.944444444444444 0.739130434782609 0.939210950080515 1 3
0.936507936507937 0.970588235294118 0.896551724137931 0.968559837728195 0.87 0.944444444444444 0.782608695652174 0.946859903381642 2 3
0.912280701754386 0.928571428571429 0.896551724137931 0.95935960591133 0.82 0.814814814814815 0.826086956521739 0.898953301127214 1 3
0.947368421052632 1 0.896551724137931 0.992610837438424 0.82 0.833333333333333 0.804347826086957 0.917874396135266 2 3
0.923076923076923 0.875 0.96969696969697 0.958333333333333 0.84 0.923076923076923 0.75 0.944310897435897 1 3
0.969230769230769 0.96875 0.96969696969697 0.994318181818182 0.86 0.923076923076923 0.791666666666667 0.941105769230769 2 3
0.936507936507937 0.972972972972973 0.884615384615385 0.983367983367983 0.85 0.945454545454545 0.733333333333333 0.939393939393939 1 3
0.968253968253968 0.972972972972973 0.961538461538462 0.992723492723493 0.85 0.890909090909091 0.8 0.927676767676768 2 3
0.896551724137931 0.933333333333333 0.857142857142857 0.947619047619048 0.85 0.883720930232558 0.824561403508772 0.930640554875561 1 3
0.931034482758621 0.966666666666667 0.892857142857143 0.982142857142857 0.9 0.906976744186046 0.894736842105263 0.982456140350877 2 3
