0.847769028871391 0.840970350404313 0.854219948849105 0.920385217253431 0.96 0.953488372093023 0.964912280701754 0.971848225214198 1 1
0.91994750656168 0.91644204851752 0.923273657289003 0.977919633809225 0.96 0.976744186046512 0.947368421052632 0.990616075071399 2 1
0.867647058823529 0.856368563685637 0.878627968337731 0.944247806594161 0.87 0.864406779661017 0.878048780487805 0.935923935510542 1 1
0.926470588235294 0.934959349593496 0.91820580474934 0.980908252354291 0.88 0.864406779661017 0.902439024390244 0.947912360479537 2 1
0.8714859437751 0.865753424657534 0.87696335078534 0.944617370723661 0.9 0.903846153846154 0.895833333333333 0.935096153846154 1 1
0.92904953145917 0.917808219178082 0.93979057591623 0.980370078175429 0.91 0.903846153846154 0.916666666666667 0.954727564102564 2 1
0.872108843537415 0.864788732394366 0.878947368421053 0.945285396590067 0.77 0.78 0.76 0.8932 1 1
0.936054421768707 0.940845070422535 0.931578947368421 0.98477390659748 0.87 0.86 0.88 0.9584 2 1
0.867114093959731 0.838983050847458 0.892583120204604 0.936942794803994 0.89 0.890909090909091 0.888888888888889 0.961212121212121 1 1
0.92751677852349 0.915254237288136 0.938618925831202 0.97567442599737 0.94 0.909090909090909 0.977777777777778 0.966868686868687 2 1
0.878116343490305 0.868131868131868 0.888268156424581 0.938079378721837 0.84 0.830188679245283 0.851063829787234 0.926134082697712 1 1
0.934903047091413 0.942307692307692 0.927374301675978 0.981045490822027 0.89 0.905660377358491 0.872340425531915 0.9542352468888 2 1
0.873684210526316 0.847411444141689 0.898218829516539 0.936989967482719 0.88 0.923076923076923 0.833333333333333 0.918669871794872 1 1
0.931578947368421 0.931880108991826 0.931297709923664 0.980198431682509 0.89 0.942307692307692 0.833333333333333 0.948717948717949 2 1
0.870633893919793 0.868354430379747 0.873015873015873 0.943707722188735 0.86 0.893617021276596 0.830188679245283 0.908470493777599 1 1
0.939197930142303 0.954430379746835 0.923280423280423 0.983135757819302 0.91 0.936170212765957 0.886792452830189 0.955038137294259 2 1
0.822222222222222 0.835 0.808219178082192 0.926602739726027 0.87 0.865384615384615 0.875 0.945913461538462 1 1
0.90718954248366 0.9075 0.906849315068493 0.969157534246575 0.9 0.903846153846154 0.895833333333333 0.958333333333333 2 1
0.879518072289157 0.892030848329049 0.865921787709497 0.947343855466674 0.9 0.96 0.84 0.978 1 1
0.939759036144578 0.933161953727506 0.946927374301676 0.983139693527308 0.96 1 0.92 0.986 2 1
0.887207702888583 0.887931034482759 0.886543535620053 0.950216844084554 0.92 0.927272727272727 0.911111111111111 0.984646464646465 1 1
0.94222833562586 0.942528735632184 0.941952506596306 0.985700421557032 0.95 0.963636363636364 0.933333333333333 0.990707070707071 2 1
0.873548387096774 0.855153203342618 0.889423076923077 0.949063906149561 0.93 0.932203389830508 0.926829268292683 0.975609756097561 1 1
0.932903225806452 0.916434540389972 0.947115384615385 0.983722144846797 0.98 0.966101694915254 1 0.996692848284415 2 1
0.872200263504611 0.87598944591029 0.868421052631579 0.936022774614637 0.84 0.836363636363636 0.844444444444444 0.915959595959596 1 1
0.915678524374177 0.91820580474934 0.913157894736842 0.980211081794195 0.87 0.854545454545454 0.888888888888889 0.968484848484849 2 1
0.868593955321945 0.855614973262032 0.881136950904393 0.937563044950186 0.87 0.866666666666667 0.872727272727273 0.949090909090909 1 1
0.915900131406045 0.909090909090909 0.922480620155039 0.972654036949523 0.92 0.911111111111111 0.927272727272727 0.979393939393939 2 1
0.868247694334651 0.866666666666667 0.869918699186992 0.942846223334028 0.9 0.936170212765957 0.867924528301887 0.978321959052589 1 1
0.936758893280632 0.933333333333333 0.940379403794038 0.982815648669307 0.93 0.914893617021277 0.943396226415094 0.987555198715375 2 1
0.865629420084866 0.863509749303621 0.867816091954023 0.945194185636987 0.92 0.947368421052632 0.883720930232558 0.968992248062015 1 1
0.933521923620934 0.930362116991644 0.936781609195402 0.980837575641149 0.95 0.947368421052632 0.953488372093023 0.990208078335373 2 1
0.874828060522696 0.871794871794872 0.877659574468085 0.936890040613445 0.89 0.894736842105263 0.883720930232558 0.953896368829049 1 1
0.933975240715268 0.94017094017094 0.928191489361702 0.980193368491241 0.95 0.947368421052632 0.953488372093023 0.993064055487556 2 1
0.869908015768725 0.871859296482412 0.867768595041322 0.940176087046804 0.88 0.906976744186046 0.859649122807018 0.958792329661363 1 1
0.934296977660972 0.934673366834171 0.933884297520661 0.979878732505503 0.93 0.953488372093023 0.912280701754386 0.988168094655243 2 1
0.8721399730821 0.877922077922078 0.865921787709497 0.940731335703403 0.83 0.818181818181818 0.835820895522388 0.930800542740841 1 1
0.935397039030956 0.945454545454545 0.924581005586592 0.981361097003555 0.89 0.878787878787879 0.895522388059702 0.960651289009498 2 1
0.835926449787836 0.829971181556196 0.841666666666667 0.914961575408261 0.86 0.8 0.909090909090909 0.898989898989899 1 1
0.926449787835926 0.930835734870317 0.922222222222222 0.974975984630163 0.87 0.777777777777778 0.945454545454545 0.943838383838384 2 1
0.860215053763441 0.863760217983651 0.856763925729443 0.939743710203167 0.9 0.884615384615385 0.916666666666667 0.944711538461538 1 1
0.938172043010753 0.931880108991826 0.944297082228117 0.985371388923019 0.94 0.923076923076923 0.958333333333333 0.984375 2 1
0.860892388451444 0.871604938271605 0.848739495798319 0.932614033267628 0.83 0.843137254901961 0.816326530612245 0.930772308923569 1 1
0.92257217847769 0.938271604938272 0.904761904761905 0.980316077048103 0.9 0.862745098039216 0.938775510204082 0.944777911164466 2 1
0.868279569892473 0.867208672086721 0.869333333333333 0.935660343270099 0.88 0.893617021276596 0.867924528301887 0.947009233239663 1 1
0.938172043010753 0.937669376693767 0.938666666666667 0.978493224932249 0.93 0.957446808510638 0.905660377358491 0.975511842633481 2 1
0.870838881491345 0.875661375661376 0.865951742627346 0.932259528774274 0.89 0.916666666666667 0.865384615384615 0.966746794871795 1 1
0.92410119840213 0.939153439153439 0.908847184986595 0.981410556477581 0.93 0.958333333333333 0.903846153846154 0.991586538461538 2 1
0.854421768707483 0.857142857142857 0.851752021563342 0.928438138680726 0.88 0.882352941176471 0.877551020408163 0.953181272509004 1 1
0.930612244897959 0.934065934065934 0.92722371967655 0.975134030390095 0.92 0.901960784313726 0.938775510204082 0.975990396158463 2 1
0.855656697009103 0.839572192513369 0.870886075949367 0.929228998849252 0.83 0.865384615384615 0.791666666666667 0.901442307692308 1 1
0.928478543563069 0.922459893048128 0.934177215189873 0.97903607933392 0.88 0.903846153846154 0.854166666666667 0.957532051282051 2 1
0.885290148448043 0.88515406162465 0.885416666666667 0.944969654528478 0.87 0.86 0.88 0.9376 1 1
0.932523616734143 0.943977591036415 0.921875 0.984112394957983 0.88 0.88 0.88 0.974 2 1
0.877496671105193 0.868766404199475 0.886486486486487 0.949762360785983 0.93 0.927272727272727 0.933333333333333 0.974141414141414 1 1
0.941411451398136 0.942257217847769 0.940540540540541 0.985670710080159 0.94 0.963636363636364 0.911111111111111 0.979393939393939 2 1
0.881909547738693 0.878481012658228 0.885286783042394 0.948855708829193 0.88 0.925925925925926 0.826086956521739 0.949677938808374 1 1
0.954773869346734 0.962025316455696 0.947630922693267 0.987215505539948 0.91 0.944444444444444 0.869565217391304 0.972624798711755 2 1
0.847945205479452 0.844504021447721 0.851540616246499 0.935281351146357 0.85 0.807692307692308 0.895833333333333 0.954326923076923 1 1
0.923287671232877 0.93029490616622 0.915966386554622 0.981308341030782 0.93 0.865384615384615 1 0.981971153846154 2 1
0.857523302263648 0.842783505154639 0.873278236914601 0.931626480361251 0.87 0.927272727272727 0.8 0.937373737373737 1 1
0.928095872170439 0.935567010309278 0.920110192837466 0.978323535258868 0.96 0.963636363636364 0.955555555555556 0.981010101010101 2 1
0.846582984658299 0.853723404255319 0.838709677419355 0.932683908404567 0.84 0.859649122807018 0.813953488372093 0.93390452876377 1 1
0.926080892608089 0.938829787234043 0.912023460410557 0.979433144069383 0.92 0.912280701754386 0.930232558139535 0.974704202366381 2 1
0.866120218579235 0.881012658227848 0.8486646884273 0.940382376140931 0.9 0.94 0.86 0.9696 1 1
0.927595628415301 0.944303797468354 0.908011869436202 0.981444615557976 0.94 0.98 0.9 0.9932 2 1
0.868632707774799 0.882352941176471 0.854838709677419 0.942003047553332 0.92 0.9 0.94 0.9692 1 1
0.931635388739946 0.933155080213904 0.93010752688172 0.977193663389109 0.92 0.88 0.96 0.9884 2 1
0.892183288409704 0.89920424403183 0.884931506849315 0.949282366193089 0.87 0.849056603773585 0.893617021276596 0.926134082697712 1 1
0.935309973045822 0.936339522546419 0.934246575342466 0.984215689836852 0.93 0.886792452830189 0.978723404255319 0.969490164592533 2 1
0.876358695652174 0.864935064935065 0.888888888888889 0.93974913974914 0.87 0.890909090909091 0.844444444444444 0.942626262626263 1 1
0.936141304347826 0.92987012987013 0.943019943019943 0.987353387353387 0.9 0.872727272727273 0.933333333333333 0.974545454545455 2 1
0.874163319946452 0.884931506849315 0.863874345549738 0.9463314925052 0.85 0.829787234042553 0.867924528301887 0.95343235648334 1 1
0.941097724230254 0.934246575342466 0.947643979057592 0.984687656888761 0.89 0.893617021276596 0.886792452830189 0.957446808510638 2 1
0.884563758389262 0.903061224489796 0.864022662889518 0.955339076140371 0.9 0.901960784313726 0.897959183673469 0.960384153661465 1 1
0.950335570469799 0.959183673469388 0.940509915014164 0.990851014626814 0.93 0.941176470588235 0.918367346938776 0.967987194877951 2 1
0.865753424657534 0.876262626262626 0.853293413173653 0.942917195911208 0.84 0.833333333333333 0.844827586206897 0.904761904761905 1 1
0.931506849315068 0.941919191919192 0.919161676646707 0.980712816790661 0.89 0.928571428571429 0.862068965517241 0.951149425287356 2 1
0.868493150684931 0.875968992248062 0.860058309037901 0.939852796046436 0.89 0.877551020408163 0.901960784313726 0.965986394557823 1 1
0.928767123287671 0.937984496124031 0.918367346938776 0.985385073187636 0.93 0.938775510204082 0.92156862745098 0.982793117246899 2 1
0.868421052631579 0.866840731070496 0.870026525198939 0.940259434452286 0.87 0.857142857142857 0.882352941176471 0.948779511804722 1 1
0.932894736842105 0.945169712793734 0.920424403183024 0.978385079402456 0.91 0.918367346938776 0.901960784313726 0.964385754301721 2 1
0.878395860284605 0.857954545454545 0.895486935866983 0.938863096523429 0.85 0.754716981132076 0.957446808510638 0.920112404656764 1 1
0.944372574385511 0.943181818181818 0.945368171021378 0.985262362340747 0.89 0.830188679245283 0.957446808510638 0.965877157767965 2 1
0.86058981233244 0.848404255319149 0.872972972972973 0.942301610120759 0.83 0.857142857142857 0.795454545454545 0.934253246753247 1 1
0.935656836461126 0.936170212765957 0.935135135135135 0.983783783783784 0.92 0.982142857142857 0.840909090909091 0.955762987012987 2 1
0.867388362652233 0.867021276595745 0.867768595041322 0.9415626282164 0.84 0.877551020408163 0.803921568627451 0.929971988795518 1 1
0.928281461434371 0.928191489361702 0.928374655647383 0.981009319500615 0.9 0.938775510204082 0.862745098039216 0.97078831532613 2 1
0.852941176470588 0.862433862433862 0.843243243243243 0.935685685685686 0.86 0.849056603773585 0.872340425531915 0.924929747089522 1 1
0.919786096256685 0.931216931216931 0.908108108108108 0.975246675246675 0.88 0.849056603773585 0.914893617021277 0.963468486551586 2 1
0.84979702300406 0.86058981233244 0.83879781420765 0.924061295946322 0.87 0.862745098039216 0.877551020408163 0.94077631052421 1 1
0.920162381596752 0.932975871313673 0.907103825136612 0.971593489503216 0.93 0.901960784313726 0.959183673469388 0.975190076030412 2 1
0.891275167785235 0.890666666666667 0.891891891891892 0.957059459459459 0.85 0.875 0.826923076923077 0.947516025641026 1 1
0.94496644295302 0.938666666666667 0.951351351351351 0.9848 0.9 0.875 0.923076923076923 0.97636217948718 2 1
0.853658536585366 0.855643044619423 0.851540616246499 0.929435291176838 0.86 0.867924528301887 0.851063829787234 0.915696507426736 1 1
0.926829268292683 0.937007874015748 0.915966386554622 0.982097826007043 0.94 0.962264150943396 0.914893617021277 0.985547972701726 2 1
0.861148197596796 0.858666666666667 0.863636363636364 0.930360071301248 0.84 0.8125 0.865384615384615 0.871394230769231 1 1
0.934579439252336 0.941333333333333 0.927807486631016 0.976042780748663 0.88 0.854166666666667 0.903846153846154 0.924278846153846 2 1
0.883689839572192 0.867605633802817 0.898218829516539 0.948342472135613 0.88 0.87037037037037 0.891304347826087 0.948067632850242 1 1
0.937165775401069 0.91830985915493 0.954198473282443 0.982116618284772 0.93 0.888888888888889 0.978260869565217 0.981884057971015 2 1
0.847826086956522 0.844919786096257 0.850828729281768 0.92090140928295 0.85 0.923076923076923 0.770833333333333 0.946714743589744 1 1
0.919836956521739 0.914438502673797 0.925414364640884 0.975426182527255 0.88 0.903846153846154 0.854166666666667 0.969951923076923 2 1
0.842857142857143 0.838961038961039 0.846753246753247 0.92827120931017 0.83 0.859649122807018 0.790697674418605 0.915136678906569 1 1
0.935064935064935 0.932467532467532 0.937662337662338 0.979085849215719 0.87 0.87719298245614 0.86046511627907 0.971848225214198 2 1
0.885941644562334 0.888020833333333 0.883783783783784 0.955743243243243 0.9 0.875 0.931818181818182 0.962662337662338 1 1
0.946949602122016 0.953125 0.940540540540541 0.98330518018018 0.92 0.892857142857143 0.954545454545455 0.987824675324675 2 1
0.868351063829787 0.856 0.880636604774536 0.944488063660477 0.88 0.905660377358491 0.851063829787234 0.949819349658772 1 1
0.9375 0.936 0.938992042440318 0.983030946065429 0.94 0.962264150943396 0.914893617021277 0.982737856282617 2 1
0.875175315568022 0.878947368421053 0.870870870870871 0.943993993993994 0.85 0.879310344827586 0.80952380952381 0.912972085385878 1 1
0.934081346423562 0.95 0.915915915915916 0.981412991939308 0.9 0.913793103448276 0.880952380952381 0.959770114942529 2 1
0.861744966442953 0.859042553191489 0.86449864498645 0.946159833938765 0.85 0.919354838709677 0.736842105263158 0.939303904923599 1 1
0.94496644295302 0.944148936170213 0.94579945799458 0.984150665974745 0.89 0.935483870967742 0.815789473684211 0.966044142614601 2 1
0.879668049792531 0.877094972067039 0.882191780821918 0.940445396801102 0.94 0.957446808510638 0.924528301886792 0.983139301485347 1 1
0.918395573997234 0.907821229050279 0.928767123287671 0.971431851228285 0.93 0.957446808510638 0.905660377358491 0.987956643918105 2 1
0.874504623513871 0.877659574468085 0.871391076115486 0.940819232702295 0.86 0.784313725490196 0.938775510204082 0.950380152060824 1 1
0.92338177014531 0.922872340425532 0.923884514435696 0.978276651588764 0.92 0.882352941176471 0.959183673469388 0.978791516606643 2 1
0.857516339869281 0.85 0.864935064935065 0.926322624743677 0.89 0.810810810810811 0.936507936507937 0.940797940797941 1 1
0.922875816993464 0.928947368421053 0.916883116883117 0.977723855092276 0.9 0.810810810810811 0.952380952380952 0.966966966966967 2 1
0.858477970627503 0.856396866840731 0.860655737704918 0.934583172823125 0.85 0.804347826086957 0.888888888888889 0.924718196457327 1 1
0.918558077436582 0.926892950391645 0.909836065573771 0.979554566337086 0.88 0.826086956521739 0.925925925925926 0.961755233494364 2 1
0.87466307277628 0.852459016393443 0.896276595744681 0.950202011394024 0.82 0.803921568627451 0.836734693877551 0.917166866746699 1 1
0.948787061994609 0.948087431693989 0.949468085106383 0.986026334147192 0.85 0.882352941176471 0.816326530612245 0.943177270908363 2 1
0.863270777479893 0.863157894736842 0.863387978142076 0.941558815070463 0.94 0.916666666666667 0.961538461538462 0.984775641025641 1 1
0.931635388739946 0.926315789473684 0.937158469945355 0.983009778544722 0.95 0.9375 0.961538461538462 0.990785256410256 2 1
0.868525896414343 0.868354430379747 0.868715083798883 0.940110317516442 0.9 0.847826086956522 0.944444444444444 0.941626409017713 1 1
0.934926958831341 0.939240506329114 0.930167597765363 0.986302241708507 0.93 0.891304347826087 0.962962962962963 0.97061191626409 2 1
0.858108108108108 0.857908847184987 0.858310626702997 0.942596664499492 0.92 0.928571428571429 0.909090909090909 0.969561688311688 1 1
0.927027027027027 0.932975871313673 0.920980926430518 0.976689482873235 0.94 0.928571428571429 0.954545454545455 0.987418831168831 2 1
0.856584093872229 0.864935064935065 0.848167539267016 0.928680220303257 0.85 0.826923076923077 0.875 0.936698717948718 1 1
0.919165580182529 0.919480519480519 0.918848167539267 0.974644727000748 0.9 0.942307692307692 0.854166666666667 0.973157051282051 2 1
0.824797843665768 0.818435754189944 0.830729166666667 0.922798824487896 0.84 0.88 0.8 0.936 1 1
0.923180592991914 0.91340782122905 0.932291666666667 0.977937325418994 0.89 0.94 0.84 0.9672 2 1
0.848930481283422 0.85978835978836 0.837837837837838 0.935614185614186 0.88 0.877551020408163 0.882352941176471 0.936774709883954 1 1
0.934491978609626 0.931216931216931 0.937837837837838 0.976833976833977 0.92 0.897959183673469 0.941176470588235 0.971988795518207 2 1
0.861842105263158 0.865435356200528 0.858267716535433 0.936855518390017 0.88 0.891304347826087 0.87037037037037 0.952898550724638 1 1
0.922368421052632 0.926121372031662 0.918635170603675 0.979328111690524 0.93 0.91304347826087 0.944444444444444 0.986312399355878 2 1
0.864314789687924 0.865329512893983 0.86340206185567 0.941039198889316 0.83 0.75609756097561 0.88135593220339 0.904092600248036 1 1
0.926729986431479 0.919770773638969 0.93298969072165 0.981242430508374 0.9 0.829268292682927 0.949152542372881 0.940884663083919 2 1
0.87956698240866 0.867977528089888 0.890339425587467 0.947435972658198 0.89 0.895833333333333 0.884615384615385 0.966346153846154 1 1
0.920162381596752 0.915730337078652 0.924281984334204 0.976897350896236 0.93 0.9375 0.923076923076923 0.978766025641026 2 1
0.881471389645777 0.859598853868195 0.901298701298701 0.935012838164701 0.87 0.869565217391304 0.87037037037037 0.927536231884058 1 1
0.9141689373297 0.902578796561605 0.924675324675325 0.980843225542366 0.89 0.869565217391304 0.907407407407407 0.95450885668277 2 1
0.856191744340879 0.856020942408377 0.856368563685637 0.941308758637325 0.88 0.864406779661017 0.902439024390244 0.916907813145928 1 1
0.941411451398136 0.93979057591623 0.943089430894309 0.980355850678926 0.88 0.88135593220339 0.878048780487805 0.960314179412981 2 1
0.869918699186992 0.882666666666667 0.856749311294766 0.945138659320477 0.9 0.978260869565217 0.833333333333333 0.97061191626409 1 1
0.93360433604336 0.92 0.947658402203857 0.98242056932966 0.93 1 0.87037037037037 0.981078904991948 2 1
0.868 0.869565217391304 0.866295264623955 0.94206698060113 0.91 0.895833333333333 0.923076923076923 0.946314102564103 1 1
0.928 0.936061381074169 0.919220055710306 0.979454152982496 0.92 0.895833333333333 0.942307692307692 0.97676282051282 2 1
0.863888888888889 0.865168539325843 0.862637362637363 0.938271700209902 0.87 0.849056603773585 0.893617021276596 0.938578883982336 1 1
0.940277777777778 0.949438202247191 0.931318681318681 0.980005247561427 0.92 0.905660377358491 0.936170212765957 0.969490164592533 2 1
0.887656033287101 0.885558583106267 0.889830508474576 0.940100678889761 0.83 0.890909090909091 0.755555555555556 0.91959595959596 1 1
0.930651872399445 0.931880108991826 0.929378531073446 0.981419048938561 0.87 0.890909090909091 0.844444444444444 0.957979797979798 2 1
0.871447902571042 0.881443298969072 0.86039886039886 0.937578935001615 0.9 0.943396226415094 0.851063829787234 0.95262946607788 1 1
0.93234100135318 0.930412371134021 0.934472934472934 0.982340588010691 0.92 0.981132075471698 0.851063829787234 0.970293054997993 2 1
0.86340206185567 0.856777493606138 0.87012987012987 0.933397548742817 0.87 0.88 0.86 0.8932 1 1
0.944587628865979 0.953964194373402 0.935064935064935 0.97612515361876 0.91 0.96 0.86 0.9492 2 1
0.845333333333333 0.8475 0.842857142857143 0.923628571428571 0.85 0.882352941176471 0.816326530612245 0.93797519007603 1 1
0.926666666666667 0.94 0.911428571428571 0.975178571428571 0.93 0.96078431372549 0.897959183673469 0.971588635454182 2 1
0.870967741935484 0.857534246575342 0.883905013192612 0.938468211226371 0.87 0.859649122807018 0.883720930232558 0.962872297021624 1 1
0.936827956989247 0.928767123287671 0.944591029023747 0.980482162865508 0.9 0.912280701754386 0.883720930232558 0.975928192574459 2 1
0.881595881595882 0.884520884520885 0.878378378378378 0.950800185935321 0.84 0.851851851851852 0.826086956521739 0.895330112721417 1 1
0.933075933075933 0.941031941031941 0.924324324324324 0.980656086061491 0.87 0.87037037037037 0.869565217391304 0.937600644122383 2 1
0.856770833333333 0.842783505154639 0.871052631578947 0.92375203472599 0.87 0.847826086956522 0.888888888888889 0.967391304347826 1 1
0.915364583333333 0.914948453608247 0.91578947368421 0.974579489962018 0.92 0.91304347826087 0.925925925925926 0.985104669887279 2 1
0.854881266490765 0.841530054644809 0.86734693877551 0.925818278130925 0.85 0.869565217391304 0.833333333333333 0.923510466988728 1 1
0.924802110817942 0.92896174863388 0.920918367346939 0.975207706033233 0.92 0.91304347826087 0.925925925925926 0.97463768115942 2 1
0.877444589308996 0.876606683804627 0.878306878306878 0.943805171311598 0.85 0.886792452830189 0.808510638297872 0.940987555198715 1 1
0.950456323337679 0.953727506426735 0.947089947089947 0.986024401191496 0.95 0.962264150943396 0.936170212765957 0.982336411079888 2 1
0.865410497981157 0.87027027027027 0.86058981233244 0.943025867690747 0.91 0.94 0.88 0.9384 1 1
0.925975773889637 0.927027027027027 0.924932975871314 0.979486993696109 0.9 0.92 0.88 0.948 2 1
0.872509960159363 0.8671875 0.878048780487805 0.938353940831075 0.89 0.927272727272727 0.844444444444444 0.96 1 1
0.926958831341301 0.927083333333333 0.926829268292683 0.984586720867209 0.89 0.872727272727273 0.911111111111111 0.974949494949495 2 1
0.859154929577465 0.860759493670886 0.857512953367876 0.931639010952974 0.87 0.888888888888889 0.847826086956522 0.936795491143317 1 1
0.941101152368758 0.954430379746835 0.927461139896373 0.983603331802978 0.86 0.888888888888889 0.826086956521739 0.962157809983897 2 1
0.848443843031123 0.857142857142857 0.838616714697406 0.932188437334588 0.86 0.822222222222222 0.890909090909091 0.933333333333333 1 1
0.95128552097429 0.951530612244898 0.951008645533141 0.986355349056049 0.87 0.866666666666667 0.872727272727273 0.95959595959596 2 1
0.877577319587629 0.871866295264624 0.882494004796163 0.950281557483818 0.81 0.770833333333333 0.846153846153846 0.892628205128205 1 1
0.931701030927835 0.919220055710306 0.942446043165468 0.980888826543222 0.86 0.8125 0.903846153846154 0.9375 2 1
0.893617021276596 0.892670157068063 0.894594594594595 0.954924296023772 0.86 0.862745098039216 0.857142857142857 0.951580632252901 1 1
0.950797872340426 0.950261780104712 0.951351351351351 0.987788311872081 0.93 0.92156862745098 0.938775510204082 0.97078831532613 2 1
0.852242744063325 0.861892583120205 0.841961852861035 0.930444538910221 0.87 0.905660377358491 0.829787234042553 0.940184664793256 1 1
0.928759894459103 0.938618925831202 0.918256130790191 0.980034425806811 0.94 0.924528301886792 0.957446808510638 0.971095945403452 2 1
0.858652575957728 0.86340206185567 0.853658536585366 0.930056156231665 0.85 0.884615384615385 0.8125 0.916266025641026 1 1
0.931307793923382 0.940721649484536 0.921409214092141 0.977530522727908 0.91 0.903846153846154 0.916666666666667 0.962339743589744 2 1
0.874833555259654 0.871584699453552 0.877922077922078 0.938684266553119 0.91 0.941176470588235 0.877551020408163 0.971988795518207 1 1
0.938748335552597 0.934426229508197 0.942857142857143 0.979838194592293 0.92 0.941176470588235 0.897959183673469 0.981192476990796 2 1
0.865951742627346 0.866485013623978 0.865435356200528 0.933576815511924 0.84 0.880952380952381 0.810344827586207 0.935960591133005 1 1
0.924932975871314 0.91008174386921 0.939313984168865 0.976749369127131 0.92 0.976190476190476 0.879310344827586 0.988095238095238 2 1
0.865122615803815 0.8671875 0.862857142857143 0.930290178571429 0.9 0.905660377358491 0.893617021276596 0.966680048173424 1 1
0.920980926430518 0.9296875 0.911428571428571 0.978191964285714 0.93 0.924528301886792 0.936170212765957 0.987153753512646 2 1
0.876712328767123 0.876010781671159 0.877437325905292 0.949440269091291 0.83 0.803921568627451 0.857142857142857 0.916766706682673 1 1
0.943835616438356 0.951482479784367 0.935933147632312 0.985419216301647 0.89 0.882352941176471 0.897959183673469 0.939575830332133 2 1
0.855755894590846 0.857534246575342 0.853932584269663 0.940834231183623 0.89 0.875 0.903846153846154 0.941105769230769 1 1
0.91123439667129 0.917808219178082 0.904494382022472 0.97638140680314 0.92 0.895833333333333 0.942307692307692 0.956730769230769 2 1
0.848322147651007 0.858638743455497 0.837465564738292 0.930956398828841 0.88 0.905660377358491 0.851063829787234 0.959454034524287 1 1
0.931543624161074 0.931937172774869 0.931129476584022 0.978069606103875 0.93 0.943396226415094 0.914893617021277 0.984745082296267 2 1
0.850980392156863 0.841397849462366 0.860050890585242 0.927665599606008 0.86 0.903846153846154 0.8125 0.919471153846154 1 1
0.924183006535948 0.922043010752688 0.926208651399491 0.978720348025938 0.86 0.884615384615385 0.833333333333333 0.944711538461538 2 1
0.834862385321101 0.828205128205128 0.841823056300268 0.914539080222726 0.86 0.869565217391304 0.851851851851852 0.946457326892109 1 1
0.941022280471822 0.943589743589744 0.938337801608579 0.982931188561215 0.91 0.956521739130435 0.87037037037037 0.989935587761675 2 1
0.847769028871391 0.840970350404313 0.854219948849105 0.920647176015607 0.96 0.953488372093023 0.964912280701754 0.971848225214198 1 2
0.917322834645669 0.913746630727763 0.920716112531969 0.977905846505953 0.96 0.976744186046512 0.947368421052632 0.990616075071399 2 2
0.867647058823529 0.856368563685637 0.878627968337731 0.944655383229294 0.87 0.864406779661017 0.878048780487805 0.939231087226126 1 2
0.926470588235294 0.934959349593496 0.91820580474934 0.98102265983082 0.89 0.88135593220339 0.902439024390244 0.950806118230674 2 2
0.872824631860776 0.86027397260274 0.884816753926702 0.944574338377681 0.88 0.865384615384615 0.895833333333333 0.939503205128205 1 2
0.92904953145917 0.917808219178082 0.93979057591623 0.980276841425805 0.91 0.903846153846154 0.916666666666667 0.953926282051282 2 2
0.872108843537415 0.861971830985915 0.881578947368421 0.945441067457376 0.77 0.78 0.76 0.8876 1 2
0.937414965986395 0.940845070422535 0.934210526315789 0.984833209785026 0.87 0.84 0.9 0.9584 2 2
0.867114093959731 0.838983050847458 0.892583120204604 0.937275131128354 0.89 0.890909090909091 0.888888888888889 0.96 1 2
0.926174496644295 0.912429378531073 0.938618925831202 0.975587729564928 0.94 0.909090909090909 0.977777777777778 0.966868686868687 2 2
0.880886426592798 0.870879120879121 0.891061452513967 0.938255878200012 0.85 0.830188679245283 0.872340425531915 0.922119630670413 1 2
0.934903047091413 0.942307692307692 0.927374301675978 0.981398489778378 0.89 0.905660377358491 0.872340425531915 0.956643918105179 2 2
0.877631578947368 0.850136239782016 0.903307888040712 0.93744063342832 0.88 0.923076923076923 0.833333333333333 0.915064102564103 1 2
0.932894736842105 0.934604904632153 0.931297709923664 0.98029549819387 0.89 0.942307692307692 0.833333333333333 0.947916666666667 2 2
0.865459249676585 0.865822784810127 0.865079365079365 0.943848369164825 0.85 0.872340425531915 0.830188679245283 0.903653151344841 1 2
0.939197930142303 0.954430379746835 0.923280423280423 0.983028598218472 0.91 0.936170212765957 0.886792452830189 0.95303091128061 2 2
0.822222222222222 0.835 0.808219178082192 0.926828767123288 0.86 0.846153846153846 0.875 0.948317307692308 1 2
0.90718954248366 0.9075 0.906849315068493 0.968835616438356 0.91 0.942307692307692 0.875 0.959535256410256 2 2
0.878179384203481 0.886889460154242 0.868715083798883 0.947358216886157 0.91 0.98 0.84 0.9788 1 2
0.941097724230254 0.93573264781491 0.946927374301676 0.983125332107825 0.96 1 0.92 0.9892 2 2
0.891334250343879 0.89367816091954 0.889182058047493 0.950315409577533 0.95 0.945454545454545 0.955555555555556 0.986262626262626 1 2
0.939477303988996 0.942528735632184 0.936675461741425 0.985654929791041 0.95 0.963636363636364 0.933333333333333 0.991515151515151 2 2
0.872258064516129 0.855153203342618 0.887019230769231 0.94943218341547 0.92 0.932203389830508 0.902439024390244 0.97354278627532 1 2
0.932903225806452 0.916434540389972 0.947115384615385 0.983702056995929 0.99 0.983050847457627 1 0.997106242248863 2 2
0.872200263504611 0.87335092348285 0.871052631578947 0.935349257047632 0.83 0.836363636363636 0.822222222222222 0.91959595959596 1 2
0.91304347826087 0.9155672823219 0.910526315789474 0.980183307873906 0.89 0.890909090909091 0.888888888888889 0.968080808080808 2 2
0.868593955321945 0.858288770053476 0.878552971576227 0.937701225662922 0.89 0.911111111111111 0.872727272727273 0.952323232323232 1 2
0.915900131406045 0.909090909090909 0.922480620155039 0.972757672484075 0.93 0.911111111111111 0.945454545454545 0.979393939393939 2 2
0.865612648221344 0.861538461538462 0.869918699186992 0.942880967271211 0.89 0.914893617021277 0.867924528301887 0.973103171417102 1 2
0.936758893280632 0.933333333333333 0.940379403794038 0.982899034118546 0.91 0.893617021276596 0.924528301886792 0.985949417904456 2 2
0.865629420084866 0.863509749303621 0.867816091954023 0.945426311913681 0.91 0.947368421052632 0.86046511627907 0.971848225214198 1 2
0.934936350777935 0.933147632311978 0.936781609195402 0.980917619184837 0.94 0.929824561403509 0.953488372093023 0.989800081599347 2 2
0.8707015130674 0.866096866096866 0.875 0.937185548887677 0.87 0.859649122807018 0.883720930232558 0.953896368829049 1 2
0.9353507565337 0.943019943019943 0.928191489361702 0.980284294114081 0.96 0.929824561403509 1 0.99265605875153 2 2
0.868593955321945 0.871859296482412 0.865013774104683 0.940300676938411 0.86 0.86046511627907 0.859649122807018 0.966544267645859 1 2
0.934296977660972 0.934673366834171 0.933884297520661 0.979927184130016 0.93 0.930232558139535 0.929824561403509 0.988576091391269 2 2
0.874831763122476 0.88051948051948 0.868715083798883 0.940832910106653 0.83 0.787878787878788 0.850746268656716 0.916327453640887 1 2
0.934051144010767 0.942857142857143 0.924581005586592 0.981680330842342 0.89 0.848484848484849 0.91044776119403 0.961103573043872 2 2
0.84016973125884 0.832853025936599 0.847222222222222 0.914953570284982 0.86 0.777777777777778 0.927272727272727 0.89010101010101 1 2
0.925035360678925 0.927953890489914 0.922222222222222 0.974807877041306 0.88 0.8 0.945454545454545 0.942626262626263 2 2
0.860215053763441 0.861035422343324 0.859416445623342 0.94001113046495 0.89 0.884615384615385 0.895833333333333 0.944711538461538 1 2
0.936827956989247 0.926430517711172 0.946949602122016 0.985349706199091 0.96 0.961538461538462 0.958333333333333 0.984375 2 2
0.859580052493438 0.869135802469136 0.848739495798319 0.933008265034409 0.84 0.862745098039216 0.816326530612245 0.931172468987595 1 2
0.92257217847769 0.938271604938272 0.904761904761905 0.980316077048103 0.9 0.862745098039216 0.938775510204082 0.947178871548619 2 2
0.865591397849462 0.867208672086721 0.864 0.935783197831978 0.88 0.893617021276596 0.867924528301887 0.945403452428743 1 2
0.938172043010753 0.937669376693767 0.938666666666667 0.978478771454381 0.92 0.936170212765957 0.905660377358491 0.973906061822561 2 2
0.873501997336884 0.878306878306878 0.868632707774799 0.932514858788317 0.89 0.916666666666667 0.865384615384615 0.961939102564103 1 2
0.9254327563249 0.941798941798942 0.908847184986595 0.981545313984992 0.93 0.958333333333333 0.903846153846154 0.989983974358974 2 2
0.850340136054422 0.857142857142857 0.84366576819407 0.928512188620005 0.88 0.901960784313726 0.857142857142857 0.946778711484594 1 2
0.930612244897959 0.934065934065934 0.92722371967655 0.975008145493321 0.9 0.882352941176471 0.918367346938776 0.976390556222489 2 2
0.854356306892068 0.839572192513369 0.868354430379747 0.929621606985717 0.81 0.846153846153846 0.770833333333333 0.89463141025641 1 2
0.925877763328999 0.922459893048128 0.929113924050633 0.978981926487511 0.89 0.903846153846154 0.875 0.953125 2 2
0.883940620782726 0.882352941176471 0.885416666666667 0.945232259570495 0.88 0.9 0.86 0.9432 1 2
0.93387314439946 0.943977591036415 0.924479166666667 0.984083216619981 0.89 0.88 0.9 0.97 2 2
0.877496671105193 0.871391076115486 0.883783783783784 0.950017734269703 0.94 0.927272727272727 0.955555555555556 0.978585858585859 1 2
0.941411451398136 0.942257217847769 0.940540540540541 0.985755834574732 0.95 0.981818181818182 0.911111111111111 0.981010101010101 2 2
0.879396984924623 0.873417721518987 0.885286783042394 0.949430221913571 0.88 0.925925925925926 0.826086956521739 0.950885668276973 1 2
0.954773869346734 0.962025316455696 0.947630922693267 0.987202878878752 0.92 0.944444444444444 0.891304347826087 0.975845410628019 2 2
0.850684931506849 0.847184986595174 0.854341736694678 0.935491622922627 0.83 0.788461538461538 0.875 0.949519230769231 1 2
0.927397260273973 0.932975871313673 0.92156862745098 0.980910326597127 0.94 0.884615384615385 1 0.983173076923077 2 2
0.85352862849534 0.832474226804124 0.87603305785124 0.931768481440459 0.86 0.909090909090909 0.8 0.926060606060606 1 2
0.92676431424767 0.93298969072165 0.920110192837466 0.978067933316293 0.94 0.927272727272727 0.955555555555556 0.976161616161616 2 2
0.846582984658299 0.853723404255319 0.838709677419355 0.933112872028452 0.85 0.842105263157895 0.86046511627907 0.939616483068135 1 2
0.924686192468619 0.936170212765957 0.912023460410557 0.979487739439695 0.91 0.894736842105263 0.930232558139535 0.971440228478172 2 2
0.868852459016393 0.883544303797468 0.851632047477745 0.940089396386583 0.9 0.94 0.86 0.9688 1 2
0.927595628415301 0.941772151898734 0.910979228486647 0.981294369530106 0.94 0.98 0.9 0.9904 2 2
0.869973190348525 0.882352941176471 0.85752688172043 0.942067736185383 0.91 0.88 0.94 0.9764 1 2
0.928954423592493 0.93048128342246 0.92741935483871 0.976913345983555 0.93 0.9 0.96 0.9876 2 2
0.890835579514825 0.89920424403183 0.882191780821918 0.949260564659714 0.86 0.830188679245283 0.893617021276596 0.923323966278603 1 2
0.933962264150943 0.93368700265252 0.934246575342466 0.984266560081392 0.93 0.886792452830189 0.978723404255319 0.972701726214372 2 2
0.876358695652174 0.864935064935065 0.888888888888889 0.93995633995634 0.86 0.890909090909091 0.822222222222222 0.942222222222222 1 2
0.938858695652174 0.932467532467532 0.945868945868946 0.987442187442187 0.91 0.890909090909091 0.933333333333333 0.974141414141414 2 2
0.876840696117805 0.887671232876712 0.866492146596859 0.947163451194148 0.86 0.851063829787234 0.867924528301887 0.95343235648334 1 2
0.945113788487282 0.936986301369863 0.952879581151832 0.984400774582228 0.88 0.893617021276596 0.867924528301887 0.958651144118828 2 2
0.885906040268456 0.908163265306122 0.861189801699717 0.955389662947332 0.9 0.901960784313726 0.897959183673469 0.961584633853541 1 2
0.953020134228188 0.964285714285714 0.940509915014164 0.990395733364167 0.9 0.901960784313726 0.897959183673469 0.971988795518207 2 2
0.864383561643836 0.876262626262626 0.850299401197605 0.942879392729692 0.86 0.857142857142857 0.862068965517241 0.901477832512315 1 2
0.931506849315068 0.939393939393939 0.922155688622755 0.981000120970181 0.88 0.904761904761905 0.862068965517241 0.954433497536946 2 2
0.861643835616438 0.868217054263566 0.854227405247813 0.939634325490994 0.9 0.877551020408163 0.92156862745098 0.963185274109644 1 2
0.93013698630137 0.937984496124031 0.921282798833819 0.985505608666501 0.93 0.938775510204082 0.92156862745098 0.983993597438976 2 2
0.868421052631579 0.861618798955614 0.875331564986737 0.940162475500551 0.87 0.857142857142857 0.882352941176471 0.945178071228491 1 2
0.931578947368421 0.942558746736292 0.920424403183024 0.978378153763046 0.9 0.918367346938776 0.882352941176471 0.961984793917567 2 2
0.879689521345407 0.860795454545455 0.895486935866983 0.938910332541568 0.85 0.754716981132076 0.957446808510638 0.928141308711361 1 2
0.946959896507115 0.946022727272727 0.947743467933492 0.985390574389981 0.89 0.830188679245283 0.957446808510638 0.966680048173424 2 2
0.86058981233244 0.848404255319149 0.872972972972973 0.942675388154112 0.82 0.839285714285714 0.795454545454545 0.928165584415584 1 2
0.934316353887399 0.936170212765957 0.932432432432432 0.983913168487637 0.91 0.982142857142857 0.818181818181818 0.956168831168831 2 2
0.866035182679296 0.867021276595745 0.865013774104683 0.941782427759217 0.84 0.877551020408163 0.803921568627451 0.92797118847539 1 2
0.928281461434371 0.928191489361702 0.928374655647383 0.980840806517789 0.9 0.938775510204082 0.862745098039216 0.973989595838335 2 2
0.850267379679144 0.85978835978836 0.840540540540541 0.935750035750036 0.85 0.830188679245283 0.872340425531915 0.923725411481333 1 2
0.919786096256685 0.931216931216931 0.908108108108108 0.975625625625626 0.87 0.830188679245283 0.914893617021277 0.961862705740666 2 2
0.847090663058187 0.855227882037534 0.83879781420765 0.923775619332249 0.87 0.862745098039216 0.877551020408163 0.936374549819928 1 2
0.922868741542625 0.935656836461126 0.909836065573771 0.971769290496491 0.92 0.882352941176471 0.959183673469388 0.975590236094438 2 2
0.89261744966443 0.893333333333333 0.891891891891892 0.957059459459459 0.86 0.895833333333333 0.826923076923077 0.952724358974359 1 2
0.94496644295302 0.938666666666667 0.951351351351351 0.984936936936937 0.88 0.854166666666667 0.903846153846154 0.97636217948718 2 2
0.853658536585366 0.858267716535433 0.848739495798319 0.929722020041612 0.85 0.867924528301887 0.829787234042553 0.911682055399438 1 2
0.926829268292683 0.937007874015748 0.915966386554622 0.982186050273128 0.95 0.981132075471698 0.914893617021277 0.981132075471698 2 2
0.862483311081442 0.861333333333333 0.863636363636364 0.929839572192513 0.81 0.75 0.865384615384615 0.860977564102564 1 2
0.93324432576769 0.938666666666667 0.927807486631016 0.976021390374332 0.86 0.833333333333333 0.884615384615385 0.919471153846154 2 2
0.885026737967914 0.864788732394366 0.903307888040712 0.948973228685088 0.85 0.814814814814815 0.891304347826087 0.95048309178744 1 2
0.935828877005348 0.915492957746479 0.954198473282443 0.98223846898183 0.92 0.87037037037037 0.978260869565217 0.981884057971015 2 2
0.847826086956522 0.844919786096257 0.850828729281768 0.921499689780483 0.84 0.923076923076923 0.75 0.941105769230769 1 2
0.919836956521739 0.914438502673797 0.925414364640884 0.975079032115106 0.88 0.903846153846154 0.854166666666667 0.971153846153846 2 2
0.842857142857143 0.833766233766234 0.851948051948052 0.927913644796762 0.84 0.87719298245614 0.790697674418605 0.916768665850673 1 2
0.935064935064935 0.932467532467532 0.937662337662338 0.979126328217237 0.89 0.912280701754386 0.86046511627907 0.979192166462668 2 2
0.887267904509284 0.890625 0.883783783783784 0.955616554054054 0.91 0.875 0.954545454545455 0.95900974025974 1 2
0.946949602122016 0.953125 0.940540540540541 0.98330518018018 0.92 0.892857142857143 0.954545454545455 0.987824675324675 2 2
0.871010638297872 0.858666666666667 0.883289124668435 0.944572944297082 0.88 0.905660377358491 0.851063829787234 0.950220794861501 1 2
0.9375 0.936 0.938992042440318 0.983080459770115 0.94 0.962264150943396 0.914893617021277 0.982336411079888 2 2
0.873772791023843 0.878947368421053 0.867867867867868 0.943986091354512 0.85 0.879310344827586 0.80952380952381 0.912151067323481 1 2
0.932678821879383 0.947368421052632 0.915915915915916 0.981318160265529 0.9 0.896551724137931 0.904761904761905 0.960180623973727 2 2
0.859060402684564 0.861702127659574 0.856368563685637 0.946347229429741 0.86 0.919354838709677 0.763157894736842 0.938879456706282 1 2
0.94496644295302 0.944148936170213 0.94579945799458 0.984201118606931 0.89 0.935483870967742 0.815789473684211 0.963497453310696 2 2
0.878284923928077 0.874301675977654 0.882191780821918 0.940866304431009 0.95 0.957446808510638 0.943396226415094 0.983139301485347 1 2
0.918395573997234 0.907821229050279 0.928767123287671 0.971401239764292 0.92 0.957446808510638 0.886792452830189 0.988358089120835 2 2
0.873183619550859 0.877659574468085 0.868766404199475 0.940595856369018 0.86 0.784313725490196 0.938775510204082 0.948379351740696 1 2
0.92338177014531 0.922872340425532 0.923884514435696 0.978416261797063 0.93 0.901960784313726 0.959183673469388 0.977591036414566 2 2
0.856209150326797 0.85 0.862337662337662 0.926541353383459 0.88 0.783783783783784 0.936507936507937 0.942513942513942 1 2
0.92156862745098 0.928947368421053 0.914285714285714 0.977785372522215 0.92 0.864864864864865 0.952380952380952 0.96954096954097 2 2
0.861148197596796 0.861618798955614 0.860655737704918 0.934604574184251 0.83 0.782608695652174 0.87037037037037 0.924718196457327 1 2
0.918558077436582 0.926892950391645 0.909836065573771 0.979290616216525 0.88 0.826086956521739 0.925925925925926 0.964170692431562 2 2
0.871967654986523 0.855191256830601 0.888297872340426 0.949918614114638 0.82 0.803921568627451 0.836734693877551 0.917567026810724 1 2
0.948787061994609 0.948087431693989 0.949468085106383 0.986019067550285 0.84 0.882352941176471 0.795918367346939 0.941576630652261 2 2
0.863270777479893 0.865789473684211 0.860655737704918 0.941997411561691 0.95 0.9375 0.961538461538462 0.984775641025641 1 2
0.934316353887399 0.931578947368421 0.937158469945355 0.983031348863963 0.95 0.9375 0.961538461538462 0.989983974358974 2 2
0.864541832669323 0.865822784810127 0.863128491620112 0.940838695990383 0.9 0.847826086956522 0.944444444444444 0.936795491143317 1 2
0.936254980079681 0.941772151898734 0.930167597765363 0.986309313344176 0.93 0.869565217391304 0.981481481481482 0.977455716586151 2 2
0.858108108108108 0.857908847184987 0.858310626702997 0.942662410238803 0.9 0.892857142857143 0.909090909090909 0.970373376623377 1 2
0.927027027027027 0.932975871313673 0.920980926430518 0.976711398119672 0.94 0.928571428571429 0.954545454545455 0.985795454545455 2 2
0.857887874837027 0.867532467532467 0.848167539267016 0.928897803766914 0.85 0.826923076923077 0.875 0.941105769230769 1 2
0.919165580182529 0.922077922077922 0.916230366492147 0.974678724416944 0.9 0.923076923076923 0.875 0.973958333333333 2 2
0.823450134770889 0.812849162011173 0.833333333333333 0.922740630819367 0.85 0.92 0.78 0.9344 1 2
0.924528301886792 0.91340782122905 0.934895833333333 0.977820938081937 0.9 0.94 0.86 0.9668 2 2
0.85427807486631 0.865079365079365 0.843243243243243 0.935728585728586 0.91 0.897959183673469 0.92156862745098 0.932773109243697 1 2
0.935828877005348 0.933862433862434 0.937837837837838 0.976819676819677 0.92 0.897959183673469 0.941176470588235 0.970388155262105 2 2
0.859210526315789 0.862796833773087 0.855643044619423 0.937104827595759 0.87 0.869565217391304 0.87037037037037 0.952898550724638 1 2
0.922368421052632 0.926121372031662 0.918635170603675 0.979293485411949 0.93 0.91304347826087 0.944444444444444 0.986312399355878 2 2
0.865671641791045 0.865329512893983 0.865979381443299 0.941061353498951 0.81 0.707317073170732 0.88135593220339 0.903679206283588 1 2
0.925373134328358 0.916905444126075 0.93298969072165 0.981279354857767 0.89 0.829268292682927 0.932203389830508 0.940471269119471 2 2
0.87956698240866 0.873595505617977 0.885117493472585 0.948022706603691 0.89 0.895833333333333 0.884615384615385 0.967548076923077 1 2
0.920162381596752 0.915730337078652 0.924281984334204 0.977066036905565 0.93 0.9375 0.923076923076923 0.977564102564103 2 2
0.880108991825613 0.865329512893983 0.893506493506493 0.935050050236297 0.88 0.891304347826087 0.87037037037037 0.925925925925926 1 2
0.9141689373297 0.902578796561605 0.924675324675325 0.980776243813493 0.89 0.869565217391304 0.907407407407407 0.955716586151369 2 2
0.856191744340879 0.858638743455497 0.853658536585366 0.941372607443352 0.88 0.864406779661017 0.902439024390244 0.918974782968169 1 2
0.942743009320905 0.942408376963351 0.943089430894309 0.980511925538104 0.88 0.88135593220339 0.878048780487805 0.959900785448533 2 2
0.868563685636856 0.88 0.856749311294766 0.944800734618916 0.89 0.956521739130435 0.833333333333333 0.971014492753623 1 2
0.929539295392954 0.92 0.939393939393939 0.982236914600551 0.93 1 0.87037037037037 0.982689210950081 2 2
0.868 0.872122762148338 0.863509749303621 0.941767769236797 0.9 0.854166666666667 0.942307692307692 0.951522435897436 1 2
0.926666666666667 0.933503836317136 0.919220055710306 0.979311671380433 0.92 0.895833333333333 0.942307692307692 0.973557692307692 2 2
0.868055555555556 0.867977528089888 0.868131868131868 0.938063341153229 0.84 0.811320754716981 0.872340425531915 0.936170212765957 1 2
0.940277777777778 0.949438202247191 0.931318681318681 0.980028398567724 0.91 0.886792452830189 0.936170212765957 0.967081493376154 2 2
0.882108183079057 0.885558583106267 0.878531073446328 0.94033929093736 0.82 0.872727272727273 0.755555555555556 0.913131313131313 1 2
0.933425797503467 0.934604904632153 0.932203389830508 0.981265105682046 0.87 0.890909090909091 0.844444444444444 0.957979797979798 2 2
0.867388362652233 0.881443298969072 0.851851851851852 0.937747819191118 0.92 0.962264150943396 0.872340425531915 0.95343235648334 1 2
0.93234100135318 0.930412371134021 0.934472934472934 0.98223778893882 0.92 0.981132075471698 0.851063829787234 0.970694500200723 2 2
0.862113402061856 0.854219948849105 0.87012987012987 0.93413491878965 0.85 0.86 0.84 0.8872 1 2
0.944587628865979 0.953964194373402 0.935064935064935 0.976072009831601 0.92 0.96 0.88 0.9504 2 2
0.845333333333333 0.8475 0.842857142857143 0.923807142857143 0.86 0.901960784313726 0.816326530612245 0.933973589435774 1 2
0.926666666666667 0.94 0.911428571428571 0.9753 0.92 0.96078431372549 0.877551020408163 0.970388155262105 2 2
0.872311827956989 0.86027397260274 0.883905013192612 0.938460982397802 0.88 0.87719298245614 0.883720930232558 0.966136270909833 1 2
0.938172043010753 0.931506849315068 0.944591029023747 0.980337586294141 0.9 0.912280701754386 0.883720930232558 0.975520195838433 2 2
0.882882882882883 0.889434889434889 0.875675675675676 0.95079354538814 0.83 0.851851851851852 0.804347826086957 0.900563607085346 1 2
0.935649935649936 0.945945945945946 0.924324324324324 0.980496712929145 0.87 0.87037037037037 0.869565217391304 0.939613526570048 2 2
0.856770833333333 0.842783505154639 0.871052631578947 0.923772381985893 0.89 0.891304347826087 0.888888888888889 0.968196457326892 1 2
0.915364583333333 0.912371134020619 0.918421052631579 0.974538795442214 0.93 0.934782608695652 0.925925925925926 0.986714975845411 2 2
0.854881266490765 0.844262295081967 0.864795918367347 0.925720698115312 0.83 0.847826086956522 0.814814814814815 0.932367149758454 1 2
0.926121372031662 0.931693989071038 0.920918367346939 0.975228616036579 0.91 0.891304347826087 0.925925925925926 0.97463768115942 2 2
0.878748370273794 0.876606683804627 0.880952380952381 0.943743964309517 0.87 0.905660377358491 0.829787234042553 0.949016459253312 1 2
0.946544980443285 0.951156812339332 0.941798941798942 0.985895186409325 0.95 0.962264150943396 0.936170212765957 0.982737856282617 2 2
0.866756393001346 0.87027027027027 0.863270777479893 0.943272226650243 0.9 0.92 0.88 0.9428 1 2
0.927321668909825 0.92972972972973 0.924932975871314 0.979008767480617 0.91 0.94 0.88 0.9496 2 2
0.871181938911023 0.869791666666667 0.872628726287263 0.938368055555556 0.9 0.927272727272727 0.866666666666667 0.96 1 2
0.928286852589641 0.9296875 0.926829268292683 0.984798441734417 0.91 0.909090909090909 0.911111111111111 0.975757575757576 2 2
0.855313700384123 0.863291139240506 0.847150259067358 0.931907916311406 0.85 0.87037037037037 0.826086956521739 0.931561996779388 1 2
0.939820742637644 0.954430379746835 0.924870466321243 0.983675477143044 0.86 0.87037037037037 0.847826086956522 0.959339774557166 2 2
0.84979702300406 0.85969387755102 0.838616714697406 0.931938481444451 0.87 0.844444444444444 0.890909090909091 0.943030303030303 1 2
0.952638700947226 0.954081632653061 0.951008645533141 0.986311239193084 0.88 0.866666666666667 0.890909090909091 0.965252525252525 2 2
0.878865979381443 0.871866295264624 0.884892086330935 0.950087840591037 0.83 0.791666666666667 0.865384615384615 0.896634615384615 1 2
0.93298969072165 0.919220055710306 0.94484412470024 0.980942265686058 0.85 0.791666666666667 0.903846153846154 0.938701923076923 2 2
0.893617021276596 0.892670157068063 0.894594594594595 0.955101174472902 0.87 0.882352941176471 0.857142857142857 0.942376950780312 1 2
0.94813829787234 0.945026178010471 0.951351351351351 0.987767086458186 0.93 0.92156862745098 0.938775510204082 0.9671868747499 2 2
0.848284960422164 0.856777493606138 0.839237057220708 0.930744196742789 0.88 0.924528301886792 0.829787234042553 0.942994781212364 1 2
0.928759894459103 0.938618925831202 0.918256130790191 0.980062300954027 0.93 0.924528301886792 0.936170212765957 0.971497390606182 2 2
0.857331571994716 0.86340206185567 0.850948509485095 0.930454278769592 0.85 0.865384615384615 0.833333333333333 0.925480769230769 1 2
0.92998678996037 0.938144329896907 0.921409214092141 0.977551476545693 0.89 0.884615384615385 0.895833333333333 0.959935897435897 2 2
0.872170439414115 0.871584699453552 0.872727272727273 0.939244908097367 0.91 0.941176470588235 0.877551020408163 0.972388955582233 1 2
0.938748335552597 0.934426229508197 0.942857142857143 0.979639486196863 0.92 0.941176470588235 0.897959183673469 0.981992797118848 2 2
0.865951742627346 0.863760217983651 0.868073878627968 0.933929097797876 0.83 0.857142857142857 0.810344827586207 0.943349753694581 1 2
0.92627345844504 0.91008174386921 0.941952506596306 0.976562443832544 0.9 0.928571428571429 0.879310344827586 0.982348111658456 2 2
0.867847411444142 0.864583333333333 0.871428571428571 0.930260416666667 0.9 0.905660377358491 0.893617021276596 0.963468486551586 1 2
0.919618528610354 0.927083333333333 0.911428571428571 0.977953869047619 0.92 0.905660377358491 0.936170212765957 0.986752308309916 2 2
0.875342465753425 0.873315363881402 0.877437325905292 0.949590431642253 0.81 0.784313725490196 0.836734693877551 0.916766706682673 1 2
0.942465753424658 0.951482479784367 0.933147632311978 0.985434232556743 0.89 0.882352941176471 0.897959183673469 0.9343737494998 2 2
0.855755894590846 0.857534246575342 0.853932584269663 0.940711097429583 0.84 0.791666666666667 0.884615384615385 0.92988782051282 1 2
0.91123439667129 0.920547945205479 0.901685393258427 0.976458365399415 0.92 0.916666666666667 0.923076923076923 0.954326923076923 2 2
0.849664429530201 0.858638743455497 0.840220385674931 0.931143899730287 0.88 0.886792452830189 0.872340425531915 0.95343235648334 1 2
0.932885906040268 0.934554973821989 0.931129476584022 0.978285953297852 0.91 0.905660377358491 0.914893617021277 0.980730630268968 2 2
0.852287581699346 0.844086021505376 0.860050890585242 0.927186790336261 0.85 0.884615384615385 0.8125 0.916666666666667 1 2
0.922875816993464 0.922043010752688 0.923664122137405 0.978624586171988 0.85 0.865384615384615 0.833333333333333 0.942708333333333 2 2
0.837483617300131 0.830769230769231 0.844504021447721 0.914539080222726 0.89 0.891304347826087 0.888888888888889 0.951288244766506 1 2
0.942332896461337 0.946153846153846 0.938337801608579 0.982924314291607 0.91 0.956521739130435 0.87037037037037 0.989533011272142 2 2
0.849081364829396 0.84366576819407 0.854219948849105 0.920143939446164 0.95 0.930232558139535 0.964912280701754 0.969400244798042 1 3
0.91994750656168 0.913746630727763 0.925831202046036 0.977885165551044 0.96 0.976744186046512 0.947368421052632 0.989800081599347 2 3
0.867647058823529 0.856368563685637 0.878627968337731 0.94386883182816 0.85 0.830508474576271 0.878048780487805 0.939231087226126 1 3
0.926470588235294 0.937669376693767 0.9155672823219 0.98085819908331 0.89 0.88135593220339 0.902439024390244 0.947085572550641 2 3
0.875502008032129 0.865753424657534 0.884816753926702 0.944495445743384 0.89 0.865384615384615 0.916666666666667 0.939102564102564 1 3
0.930388219544846 0.920547945205479 0.93979057591623 0.979860862081331 0.92 0.903846153846154 0.9375 0.953125 2 3
0.873469387755102 0.864788732394366 0.881578947368421 0.94416604892513 0.77 0.78 0.76 0.8732 1 3
0.938775510204082 0.940845070422535 0.936842105263158 0.98468495181616 0.87 0.82 0.92 0.9584 2 3
0.868456375838926 0.847457627118644 0.887468030690537 0.937253457020244 0.89 0.890909090909091 0.888888888888889 0.955555555555556 1 3
0.92751677852349 0.918079096045198 0.936061381074169 0.976722007889375 0.94 0.909090909090909 0.977777777777778 0.966868686868687 2 3
0.878116343490305 0.865384615384615 0.891061452513967 0.938585855485297 0.86 0.849056603773585 0.872340425531915 0.926535527900442 1 3
0.934903047091413 0.93956043956044 0.930167597765363 0.980968751918473 0.87 0.886792452830189 0.851063829787234 0.956643918105179 2 3
0.875 0.847411444141689 0.900763358778626 0.936220368714077 0.86 0.903846153846154 0.8125 0.912259615384615 1 3
0.935526315789474 0.93732970027248 0.933842239185751 0.979976565370829 0.89 0.942307692307692 0.833333333333333 0.945913461538462 2 3
0.868046571798189 0.870886075949367 0.865079365079365 0.944350679793718 0.82 0.808510638297872 0.830188679245283 0.887996788438378 1 3
0.940491591203105 0.954430379746835 0.925925925925926 0.983417051771482 0.91 0.936170212765957 0.886792452830189 0.955841027699719 2 3
0.830065359477124 0.8475 0.810958904109589 0.926753424657534 0.87 0.846153846153846 0.895833333333333 0.940705128205128 1 3
0.905882352941176 0.91 0.901369863013699 0.968993150684932 0.91 0.923076923076923 0.895833333333333 0.959134615384615 2 3
0.878179384203481 0.886889460154242 0.868715083798883 0.947070988496503 0.9 0.96 0.84 0.9808 1 3
0.943775100401606 0.940874035989717 0.946927374301676 0.983599258950755 0.95 0.98 0.92 0.9872 2 3
0.889958734525447 0.890804597701149 0.889182058047493 0.950436720953507 0.94 0.927272727272727 0.955555555555556 0.985858585858586 1 3
0.938101788170564 0.939655172413793 0.936675461741425 0.985450216844085 0.95 0.945454545454545 0.955555555555556 0.993131313131313 2 3
0.874838709677419 0.860724233983287 0.887019230769231 0.94834074351832 0.92 0.932203389830508 0.902439024390244 0.969408846630839 1 3
0.934193548387097 0.922005571030641 0.944711538461538 0.984097118062995 0.97 0.966101694915254 0.975609756097561 0.997106242248863 2 3
0.869565217391304 0.870712401055409 0.868421052631579 0.935793639772254 0.83 0.836363636363636 0.822222222222222 0.925252525252525 1 3
0.91699604743083 0.91820580474934 0.91578947368421 0.980523538397445 0.88 0.872727272727273 0.888888888888889 0.97010101010101 2 3
0.872536136662286 0.852941176470588 0.891472868217054 0.936851414279595 0.88 0.888888888888889 0.872727272727273 0.958383838383838 1 3
0.909329829172142 0.898395721925134 0.919896640826873 0.972888944161174 0.92 0.911111111111111 0.927272727272727 0.981414141414141 2 3
0.869565217391304 0.871794871794872 0.867208672086721 0.943457716628448 0.9 0.936170212765957 0.867924528301887 0.973906061822561 1 3
0.935441370223979 0.933333333333333 0.937669376693767 0.982648877770829 0.92 0.914893617021277 0.924528301886792 0.984745082296267 2 3
0.871287128712871 0.871866295264624 0.870689655172414 0.944305702302052 0.9 0.929824561403509 0.86046511627907 0.969400244798042 1 3
0.932107496463932 0.924791086350975 0.939655172413793 0.980613453718823 0.95 0.947368421052632 0.953488372093023 0.989392084863321 2 3
0.869325997248968 0.877492877492878 0.861702127659574 0.936746075043947 0.88 0.87719298245614 0.883720930232558 0.953896368829049 1 3
0.933975240715268 0.94017094017094 0.928191489361702 0.979625083348488 0.93 0.912280701754386 0.953488372093023 0.989392084863321 2 3
0.871222076215506 0.874371859296482 0.867768595041322 0.940390658526794 0.86 0.883720930232558 0.842105263157895 0.962872297021624 1 3
0.938239159001314 0.939698492462312 0.9366391184573 0.980169442252585 0.94 0.930232558139535 0.947368421052632 0.988984088127295 2 3
0.868102288021534 0.872727272727273 0.863128491620112 0.94039759123558 0.83 0.848484848484849 0.82089552238806 0.925825418362732 1 3
0.93135935397039 0.935064935064935 0.927374301675978 0.98141188420518 0.89 0.848484848484849 0.91044776119403 0.9520578923564 2 3
0.835926449787836 0.824207492795389 0.847222222222222 0.914048991354467 0.87 0.8 0.927272727272727 0.886060606060606 1 3
0.922206506364922 0.922190201729107 0.922222222222222 0.975056035862952 0.88 0.8 0.945454545454545 0.940606060606061 2 3
0.858870967741935 0.852861035422343 0.864721485411141 0.939454607217456 0.88 0.865384615384615 0.895833333333333 0.947916666666667 1 3
0.942204301075269 0.940054495912807 0.944297082228117 0.985552078289089 0.93 0.923076923076923 0.9375 0.984775641025641 2 3
0.866141732283465 0.874074074074074 0.857142857142857 0.933015181381194 0.85 0.862745098039216 0.836734693877551 0.933573429371749 1 3
0.92257217847769 0.938271604938272 0.904761904761905 0.980419822249888 0.9 0.862745098039216 0.938775510204082 0.943577430972389 2 3
0.866935483870968 0.861788617886179 0.872 0.936021680216802 0.88 0.893617021276596 0.867924528301887 0.945804897631473 1 3
0.936827956989247 0.937669376693767 0.936 0.978406504065041 0.92 0.936170212765957 0.905660377358491 0.975110397430751 2 3
0.865512649800266 0.867724867724868 0.863270777479893 0.931883626253599 0.9 0.958333333333333 0.846153846153846 0.96474358974359 1 3
0.92410119840213 0.939153439153439 0.908847184986595 0.981289983970949 0.93 0.958333333333333 0.903846153846154 0.989583333333333 2 3
0.850340136054422 0.85989010989011 0.840970350404313 0.927993839045052 0.88 0.882352941176471 0.877551020408163 0.940376150460184 1 3
0.929251700680272 0.928571428571429 0.929919137466307 0.975622759989337 0.9 0.882352941176471 0.918367346938776 0.975990396158463 2 3
0.855656697009103 0.836898395721925 0.873417721518987 0.929107154944832 0.82 0.807692307692308 0.833333333333333 0.881009615384615 1 3
0.931079323797139 0.925133689839572 0.936708860759494 0.978893928112096 0.89 0.884615384615385 0.895833333333333 0.955528846153846 2 3
0.883940620782726 0.882352941176471 0.885416666666667 0.944400676937442 0.87 0.86 0.88 0.934 1 3
0.932523616734143 0.943977591036415 0.921875 0.984134278711485 0.9 0.9 0.9 0.9676 2 3
0.878828229027963 0.874015748031496 0.883783783783784 0.949592111796836 0.92 0.890909090909091 0.955555555555556 0.972929292929293 1 3
0.938748335552597 0.939632545931758 0.937837837837838 0.98535858693339 0.94 0.963636363636364 0.911111111111111 0.98020202020202 2 3
0.875628140703518 0.870886075949367 0.880299251870324 0.948615802266486 0.88 0.925925925925926 0.826086956521739 0.950885668276973 1 3
0.954773869346734 0.959493670886076 0.950124688279302 0.987228132201143 0.93 0.981481481481482 0.869565217391304 0.975040257648953 2 3
0.846575342465753 0.839142091152815 0.854341736694678 0.935078589076381 0.84 0.807692307692308 0.875 0.949919871794872 1 3
0.926027397260274 0.935656836461126 0.915966386554622 0.981511103100758 0.93 0.884615384615385 0.979166666666667 0.981169871794872 2 3
0.857523302263648 0.847938144329897 0.867768595041322 0.932251285109767 0.88 0.909090909090909 0.844444444444444 0.936161616161616 1 3
0.92676431424767 0.930412371134021 0.922865013774105 0.978607537417284 0.94 0.945454545454545 0.933333333333333 0.975757575757576 2 3
0.846582984658299 0.851063829787234 0.841642228739003 0.931521806950771 0.86 0.859649122807018 0.86046511627907 0.936352509179927 1 3
0.927475592747559 0.936170212765957 0.917888563049853 0.979113371186123 0.92 0.912280701754386 0.930232558139535 0.975928192574459 2 3
0.866120218579235 0.883544303797468 0.845697329376855 0.939931638057319 0.92 0.98 0.86 0.9732 1 3
0.927595628415301 0.939240506329114 0.913946587537092 0.981399541749615 0.95 0.98 0.92 0.9952 2 3
0.871313672922252 0.885026737967914 0.85752688172043 0.942542119487091 0.9 0.86 0.94 0.9696 1 3
0.928954423592493 0.93048128342246 0.92741935483871 0.977193663389109 0.91 0.88 0.94 0.9888 2 3
0.889487870619946 0.896551724137931 0.882191780821918 0.948839068347807 0.86 0.830188679245283 0.893617021276596 0.928542753914091 1 3
0.93800539083558 0.938992042440318 0.936986301369863 0.983692453035864 0.93 0.886792452830189 0.978723404255319 0.967482938578884 2 3
0.875 0.864935064935065 0.886039886039886 0.93988973988974 0.86 0.890909090909091 0.822222222222222 0.943030303030303 1 3
0.9375 0.924675324675325 0.951566951566952 0.986598586598587 0.92 0.909090909090909 0.933333333333333 0.974141414141414 2 3
0.8714859437751 0.884931506849315 0.858638743455497 0.94618087929427 0.88 0.872340425531915 0.886792452830189 0.956643918105179 1 3
0.94243641231593 0.934246575342466 0.950261780104712 0.984831098042028 0.88 0.893617021276596 0.867924528301887 0.959052589321558 2 3
0.885906040268456 0.903061224489796 0.86685552407932 0.955317396080245 0.88 0.862745098039216 0.897959183673469 0.965186074429772 1 3
0.953020134228188 0.961734693877551 0.943342776203966 0.990569173845176 0.92 0.92156862745098 0.918367346938776 0.972388955582233 2 3
0.867123287671233 0.878787878787879 0.853293413173653 0.94253916409605 0.85 0.833333333333333 0.862068965517241 0.899425287356322 1 3
0.93013698630137 0.941919191919192 0.916167664670659 0.980856468880421 0.89 0.928571428571429 0.862068965517241 0.957717569786535 2 3
0.863013698630137 0.870801033591731 0.854227405247813 0.939830195644149 0.91 0.897959183673469 0.92156862745098 0.95718287314926 1 3
0.932876712328767 0.940568475452196 0.924198250728863 0.985746679624231 0.94 0.959183673469388 0.92156862745098 0.981592637054822 2 3
0.867105263157895 0.859007832898172 0.875331564986737 0.939823119169477 0.88 0.857142857142857 0.901960784313726 0.94437775110044 1 3
0.932894736842105 0.942558746736292 0.923076923076923 0.978461261435962 0.91 0.918367346938776 0.901960784313726 0.965186074429772 2 3
0.875808538163001 0.860795454545455 0.888361045130641 0.938512200388685 0.84 0.773584905660377 0.914893617021277 0.916499397832196 1 3
0.944372574385511 0.943181818181818 0.945368171021378 0.98511390628374 0.89 0.849056603773585 0.936170212765957 0.963869931754316 2 3
0.859249329758713 0.845744680851064 0.872972972972973 0.941187464059804 0.83 0.857142857142857 0.795454545454545 0.92288961038961 1 3
0.938337801608579 0.938829787234043 0.937837837837838 0.983776595744681 0.93 0.982142857142857 0.863636363636364 0.953733766233766 2 3
0.86468200270636 0.86436170212766 0.865013774104683 0.94100580270793 0.85 0.877551020408163 0.823529411764706 0.926770708283313 1 3
0.930987821380244 0.936170212765957 0.925619834710744 0.980958032940625 0.9 0.938775510204082 0.862745098039216 0.968387354941977 2 3
0.85427807486631 0.867724867724868 0.840540540540541 0.935592735592736 0.84 0.811320754716981 0.872340425531915 0.919309514251305 1 3
0.921122994652406 0.931216931216931 0.910810810810811 0.975918775918776 0.87 0.830188679245283 0.914893617021277 0.958249698916098 2 3
0.84979702300406 0.855227882037534 0.844262295081967 0.923658418670065 0.86 0.843137254901961 0.877551020408163 0.932773109243697 1 3
0.922868741542625 0.938337801608579 0.907103825136612 0.971161312061413 0.92 0.882352941176471 0.959183673469388 0.97999199679872 2 3
0.883221476510067 0.888 0.878378378378378 0.957095495495495 0.85 0.854166666666667 0.846153846153846 0.940304487179487 1 3
0.94496644295302 0.936 0.954054054054054 0.984908108108108 0.87 0.8125 0.923076923076923 0.973157051282051 2 3
0.85230352303523 0.853018372703412 0.851540616246499 0.9288030172699 0.82 0.830188679245283 0.808510638297872 0.910477719791248 1 3
0.925474254742547 0.937007874015748 0.913165266106443 0.98209047398487 0.94 0.962264150943396 0.914893617021277 0.981934965877158 2 3
0.862483311081442 0.861333333333333 0.863636363636364 0.931008912655972 0.82 0.770833333333333 0.865384615384615 0.863782051282051 1 3
0.93324432576769 0.938666666666667 0.927807486631016 0.976534759358289 0.87 0.854166666666667 0.884615384615385 0.922676282051282 2 3
0.885026737967914 0.870422535211268 0.898218829516539 0.948234956814679 0.88 0.851851851851852 0.91304347826087 0.947262479871176 1 3
0.935828877005348 0.91830985915493 0.951653944020356 0.982331648926639 0.93 0.888888888888889 0.978260869565217 0.982286634460548 2 3
0.849184782608696 0.8475935828877 0.850828729281768 0.92050994179691 0.83 0.903846153846154 0.75 0.939102564102564 1 3
0.918478260869565 0.917112299465241 0.919889502762431 0.975625609359766 0.88 0.903846153846154 0.854166666666667 0.971153846153846 2 3
0.842857142857143 0.833766233766234 0.851948051948052 0.928392646314724 0.85 0.87719298245614 0.813953488372093 0.918808649530804 1 3
0.936363636363636 0.937662337662338 0.935064935064935 0.97947039973014 0.91 0.929824561403509 0.883720930232558 0.972664218686251 2 3
0.883289124668435 0.888020833333333 0.878378378378378 0.955665822072072 0.91 0.875 0.954545454545455 0.95900974025974 1 3
0.940318302387268 0.9453125 0.935135135135135 0.983586711711712 0.93 0.910714285714286 0.954545454545455 0.987012987012987 2 3
0.867021276595745 0.853333333333333 0.880636604774536 0.944374889478338 0.87 0.905660377358491 0.829787234042553 0.948213568847852 1 3
0.936170212765957 0.933333333333333 0.938992042440318 0.98269142351901 0.93 0.943396226415094 0.914893617021277 0.980730630268968 2 3
0.879382889200561 0.889473684210526 0.867867867867868 0.944562984036668 0.86 0.879310344827586 0.833333333333333 0.904351395730706 1 3
0.939691444600281 0.955263157894737 0.921921921921922 0.981910858226648 0.9 0.913793103448276 0.880952380952381 0.960180623973727 2 3
0.860402684563758 0.856382978723404 0.86449864498645 0.94554719483365 0.85 0.903225806451613 0.763157894736842 0.934210526315789 1 3
0.94496644295302 0.944148936170213 0.94579945799458 0.984215533644698 0.89 0.935483870967742 0.815789473684211 0.964346349745331 2 3
0.874135546334716 0.868715083798883 0.879452054794521 0.940399479605112 0.94 0.936170212765957 0.943396226415094 0.982336411079888 1 3
0.919778699861687 0.905027932960894 0.934246575342466 0.971477768424275 0.93 0.957446808510638 0.905660377358491 0.986752308309916 2 3
0.871862615587847 0.877659574468085 0.866141732283465 0.940693583514827 0.84 0.745098039215686 0.938775510204082 0.934773909563826 1 3
0.922060766182299 0.920212765957447 0.923884514435696 0.978220807505445 0.92 0.882352941176471 0.959183673469388 0.973189275710284 2 3
0.857516339869281 0.85 0.864935064935065 0.926575529733424 0.87 0.783783783783784 0.920634920634921 0.943371943371943 1 3
0.925490196078431 0.936842105263158 0.914285714285714 0.977846889952153 0.9 0.810810810810811 0.952380952380952 0.965250965250965 2 3
0.86648865153538 0.864229765013055 0.868852459016393 0.935332220462555 0.84 0.804347826086957 0.87037037037037 0.918679549114332 1 3
0.918558077436582 0.929503916449086 0.907103825136612 0.979526031188917 0.88 0.826086956521739 0.925925925925926 0.956521739130435 2 3
0.87466307277628 0.846994535519126 0.901595744680851 0.951161202185792 0.81 0.803921568627451 0.816326530612245 0.911164465786314 1 3
0.951482479784367 0.953551912568306 0.949468085106383 0.985808336239972 0.83 0.862745098039216 0.795918367346939 0.939575830332133 2 3
0.859249329758713 0.860526315789474 0.85792349726776 0.941939890710383 0.96 0.9375 0.980769230769231 0.989182692307692 1 3
0.932975871313673 0.923684210526316 0.942622950819672 0.982873166522864 0.95 0.9375 0.961538461538462 0.99238782051282 2 3
0.868525896414343 0.868354430379747 0.868715083798883 0.939148575065413 0.91 0.847826086956522 0.962962962962963 0.934380032206119 1 3
0.933598937583001 0.939240506329114 0.927374301675978 0.985877943568347 0.93 0.869565217391304 0.981481481481482 0.968196457326892 2 3
0.856756756756757 0.85254691689008 0.861035422343324 0.942107223995734 0.89 0.875 0.909090909090909 0.965503246753247 1 3
0.924324324324324 0.93029490616622 0.918256130790191 0.976850194680439 0.94 0.928571428571429 0.954545454545455 0.98538961038961 2 3
0.853976531942634 0.857142857142857 0.850785340314136 0.928217855442986 0.85 0.826923076923077 0.875 0.937099358974359 1 3
0.916558018252933 0.919480519480519 0.913612565445026 0.974005575576256 0.91 0.923076923076923 0.895833333333333 0.97636217948718 2 3
0.827493261455526 0.818435754189944 0.8359375 0.922762453445065 0.83 0.86 0.8 0.9292 1 3
0.924528301886792 0.918994413407821 0.9296875 0.977864583333333 0.9 0.94 0.86 0.9652 2 3
0.851604278074866 0.867724867724868 0.835135135135135 0.935514085514086 0.88 0.877551020408163 0.882352941176471 0.932372949179672 1 3
0.934491978609626 0.931216931216931 0.937837837837838 0.977220077220077 0.92 0.897959183673469 0.941176470588235 0.971988795518207 2 3
0.857894736842105 0.857519788918206 0.858267716535433 0.935650523895595 0.86 0.891304347826087 0.833333333333333 0.950885668276973 1 3
0.926315789473684 0.934036939313984 0.918635170603675 0.979639748197702 0.94 0.934782608695652 0.944444444444444 0.987117552334944 2 3
0.872455902306649 0.868194842406877 0.876288659793814 0.940987504800165 0.81 0.707317073170732 0.88135593220339 0.894997933030178 1 3
0.925373134328358 0.916905444126075 0.93298969072165 0.981190736419224 0.87 0.780487804878049 0.932203389830508 0.940057875155023 2 3
0.874154262516915 0.856741573033708 0.890339425587467 0.947876023117317 0.86 0.875 0.846153846153846 0.958333333333333 1 3
0.921515561569689 0.915730337078652 0.926892950391645 0.976802006630094 0.93 0.9375 0.923076923076923 0.97636217948718 2 3
0.881471389645777 0.862464183381089 0.898701298701299 0.935615673724556 0.88 0.891304347826087 0.87037037037037 0.92109500805153 1 3
0.916893732970027 0.908309455587393 0.924675324675325 0.980672050013024 0.91 0.891304347826087 0.925925925925926 0.957326892109501 2 3
0.856191744340879 0.856020942408377 0.856368563685637 0.941202343960612 0.87 0.847457627118644 0.902439024390244 0.917321207110376 1 3
0.944074567243675 0.942408376963351 0.94579945799458 0.980270718937556 0.89 0.88135593220339 0.902439024390244 0.957833815626292 2 3
0.868563685636856 0.882666666666667 0.853994490358127 0.944668503213958 0.86 0.934782608695652 0.796296296296296 0.966988727858293 1 3
0.930894308943089 0.92 0.942148760330578 0.982170798898072 0.92 1 0.851851851851852 0.980676328502415 2 3
0.869333333333333 0.872122762148338 0.866295264623955 0.942601286608867 0.9 0.875 0.923076923076923 0.947916666666667 1 3
0.926666666666667 0.941176470588235 0.910863509749304 0.979183437938576 0.93 0.916666666666667 0.942307692307692 0.977163461538462 2 3
0.865277777777778 0.867977528089888 0.862637362637363 0.937600321027287 0.84 0.773584905660377 0.914893617021277 0.938980329185066 1 3
0.941666666666667 0.949438202247191 0.934065934065934 0.980012964563526 0.89 0.867924528301887 0.914893617021277 0.967081493376154 2 3
0.889042995839112 0.891008174386921 0.887005649717514 0.940077587401284 0.85 0.909090909090909 0.777777777777778 0.910707070707071 1 3
0.932038834951456 0.931880108991826 0.932203389830508 0.982034821964624 0.87 0.890909090909091 0.844444444444444 0.953939393939394 2 3
0.86468200270636 0.876288659793814 0.851851851851852 0.938092930360972 0.92 0.962264150943396 0.872340425531915 0.9542352468888 1 3
0.939106901217862 0.935567010309278 0.943019943019943 0.98252415778189 0.93 0.981132075471698 0.872340425531915 0.972701726214372 2 3
0.869845360824742 0.864450127877238 0.875324675324675 0.932427674627163 0.83 0.82 0.84 0.8784 1 3
0.940721649484536 0.946291560102302 0.935064935064935 0.976151725512339 0.9 0.94 0.86 0.9488 2 3
0.841333333333333 0.8425 0.84 0.9234 0.86 0.901960784313726 0.816326530612245 0.935574229691877 1 3
0.921333333333333 0.9325 0.908571428571429 0.974571428571429 0.93 0.96078431372549 0.897959183673469 0.972388955582233 2 3
0.875 0.865753424657534 0.883905013192612 0.938583872483464 0.9 0.894736842105263 0.906976744186046 0.966952264381885 1 3
0.938172043010753 0.931506849315068 0.944591029023747 0.980265298008458 0.92 0.912280701754386 0.930232558139535 0.976336189310485 2 3
0.884169884169884 0.889434889434889 0.878378378378378 0.950846669765589 0.83 0.851851851851852 0.804347826086957 0.894524959742351 1 3
0.931788931788932 0.941031941031941 0.921621621621622 0.98101467560927 0.86 0.851851851851852 0.869565217391304 0.932769726247987 2 3
0.856770833333333 0.84020618556701 0.873684210526316 0.923697775366251 0.91 0.91304347826087 0.907407407407407 0.967391304347826 1 3
0.915364583333333 0.912371134020619 0.918421052631579 0.974457406402604 0.92 0.934782608695652 0.907407407407407 0.987117552334944 2 3
0.852242744063325 0.841530054644809 0.862244897959184 0.925497658079625 0.84 0.869565217391304 0.814814814814815 0.920692431561997 1 3
0.924802110817942 0.92896174863388 0.920918367346939 0.975381956061113 0.92 0.891304347826087 0.944444444444444 0.969806763285024 2 3
0.873533246414602 0.874035989717224 0.873015873015873 0.943227105180833 0.86 0.905660377358491 0.808510638297872 0.945403452428743 1 3
0.949152542372881 0.956298200514139 0.941798941798942 0.986235225309775 0.94 0.962264150943396 0.914893617021277 0.982336411079888 2 3
0.865410497981157 0.87027027027027 0.86058981233244 0.942982392580248 0.89 0.92 0.86 0.9376 1 3
0.925975773889637 0.921621621621622 0.93029490616622 0.979052242591117 0.89 0.9 0.88 0.9476 2 3
0.875166002656042 0.875 0.875338753387534 0.938071646341463 0.89 0.927272727272727 0.844444444444444 0.962828282828283 1 3
0.930942895086321 0.9296875 0.932249322493225 0.984713753387534 0.9 0.890909090909091 0.911111111111111 0.975353535353535 2 3
0.855313700384123 0.858227848101266 0.852331606217617 0.931370105594543 0.83 0.814814814814815 0.847826086956522 0.92914653784219 1 3
0.941101152368758 0.956962025316456 0.924870466321243 0.983373778448219 0.86 0.87037037037037 0.847826086956522 0.957729468599034 2 3
0.847090663058187 0.857142857142857 0.835734870317003 0.932636887608069 0.88 0.866666666666667 0.890909090909091 0.94020202020202 1 3
0.949932341001353 0.948979591836735 0.951008645533141 0.986134799741222 0.9 0.888888888888889 0.909090909090909 0.964848484848485 2 3
0.880154639175258 0.874651810584958 0.884892086330935 0.951103184304924 0.81 0.75 0.865384615384615 0.889423076923077 1 3
0.936855670103093 0.924791086350975 0.947242206235012 0.981129302685985 0.87 0.833333333333333 0.903846153846154 0.933092948717949 2 3
0.893617021276596 0.892670157068063 0.894594594594595 0.955009197679355 0.85 0.843137254901961 0.857142857142857 0.931172468987595 1 3
0.949468085106383 0.950261780104712 0.948648648648649 0.987951040045281 0.92 0.901960784313726 0.938775510204082 0.966786714685874 2 3
0.849604221635884 0.861892583120205 0.836512261580381 0.930033380488791 0.87 0.905660377358491 0.829787234042553 0.938578883982336 1 3
0.928759894459103 0.941176470588235 0.915531335149864 0.979971706725576 0.9 0.924528301886792 0.872340425531915 0.973504616619831 2 3
0.85997357992074 0.865979381443299 0.853658536585366 0.930098063867237 0.85 0.865384615384615 0.833333333333333 0.91786858974359 1 3
0.931307793923382 0.940721649484536 0.921409214092141 0.977341938367837 0.9 0.903846153846154 0.895833333333333 0.959134615384615 2 3
0.870838881491345 0.863387978142076 0.877922077922078 0.93824426939181 0.91 0.92156862745098 0.897959183673469 0.971588635454182 1 3
0.937416777629827 0.934426229508197 0.94025974025974 0.979838194592293 0.92 0.941176470588235 0.897959183673469 0.978391356542617 2 3
0.865951742627346 0.863760217983651 0.868073878627968 0.932915387546462 0.83 0.857142857142857 0.810344827586207 0.945402298850575 1 3
0.928954423592493 0.915531335149864 0.941952506596306 0.976569633266951 0.91 0.952380952380952 0.879310344827586 0.986863711001642 2 3
0.865122615803815 0.869791666666667 0.86 0.929605654761905 0.91 0.905660377358491 0.914893617021277 0.963067041348856 1 3
0.922343324250681 0.932291666666667 0.911428571428571 0.9784375 0.92 0.905660377358491 0.936170212765957 0.988759534323565 2 3
0.876712328767123 0.881401617250674 0.871866295264624 0.949883248616628 0.85 0.823529411764706 0.877551020408163 0.915166066426571 1 3
0.945205479452055 0.951482479784367 0.938718662952646 0.985772098296406 0.9 0.882352941176471 0.918367346938776 0.939575830332133 2 3
0.857142857142857 0.86027397260274 0.853932584269663 0.940233954132677 0.83 0.770833333333333 0.884615384615385 0.927083333333333 1 3
0.915395284327323 0.923287671232877 0.907303370786517 0.976973987994459 0.92 0.895833333333333 0.942307692307692 0.955128205128205 2 3
0.849664429530201 0.858638743455497 0.840220385674931 0.930776109500526 0.88 0.886792452830189 0.872340425531915 0.944199116820554 1 3
0.928859060402685 0.931937172774869 0.925619834710744 0.97824989543219 0.91 0.905660377358491 0.914893617021277 0.979526294660779 2 3
0.850980392156863 0.844086021505376 0.857506361323155 0.92832909245123 0.85 0.884615384615385 0.8125 0.917467948717949 1 3
0.924183006535948 0.924731182795699 0.923664122137405 0.979226517825385 0.85 0.865384615384615 0.833333333333333 0.947916666666667 2 3
0.841415465268676 0.835897435897436 0.847184986595174 0.914408469100158 0.89 0.891304347826087 0.888888888888889 0.953301127214171 1 3
0.942332896461337 0.946153846153846 0.938337801608579 0.983027428335739 0.92 0.956521739130435 0.888888888888889 0.989533011272142 2 3
