0.868347338935574 0.866666666666667 0.870056497175141 0.937664783427495 0.85 0.865384615384615 0.833333333333333 0.931490384615385 1 1
0.932773109243697 0.938888888888889 0.926553672316384 0.980979284369115 0.92 0.942307692307692 0.895833333333333 0.95713141025641 2 1
0.861413043478261 0.893048128342246 0.828729281767956 0.943480958430585 0.88 0.772727272727273 0.964285714285714 0.931006493506493 1 1
0.929347826086957 0.919786096256685 0.939226519337017 0.983159511921293 0.88 0.75 0.982142857142857 0.971996753246753 2 1
0.862944162436548 0.869346733668342 0.856410256410256 0.940342739337714 0.89 0.910714285714286 0.863636363636364 0.928571428571428 1 1
0.916243654822335 0.924623115577889 0.907692307692308 0.975673237984796 0.92 0.946428571428571 0.886363636363636 0.950081168831169 2 1
0.877333333333333 0.858695652173913 0.895287958115183 0.949208968814022 0.89 0.909090909090909 0.875 0.96387987012987 1 1
0.96 0.951086956521739 0.968586387434555 0.991947416344184 0.95 0.954545454545455 0.946428571428571 0.989853896103896 2 1
0.898071625344353 0.899441340782123 0.896739130434783 0.962776293417537 0.9 0.930232558139535 0.87719298245614 0.947368421052632 1 1
0.933884297520661 0.94413407821229 0.923913043478261 0.988796453728443 0.89 0.906976744186046 0.87719298245614 0.962464300285598 2 1
0.895316804407714 0.90625 0.883040935672515 0.957602339181287 0.92 0.905660377358491 0.936170212765957 0.966278602970694 1 1
0.950413223140496 0.958333333333333 0.941520467836257 0.993573343079922 0.97 0.943396226415094 1 0.994379767161782 2 1
0.852459016393443 0.836065573770492 0.868852459016393 0.9403386186509 0.88 0.886792452830189 0.872340425531915 0.937374548374147 1 1
0.926229508196721 0.934426229508197 0.918032786885246 0.98056078115202 0.95 0.981132075471698 0.914893617021277 0.969490164592533 2 1
0.869918699186992 0.877659574468085 0.861878453038674 0.943575878688139 0.91 0.912280701754386 0.906976744186046 0.964504283965728 1 1
0.924119241192412 0.925531914893617 0.922651933701657 0.977841777359821 0.94 0.929824561403509 0.953488372093023 0.971440228478172 2 1
0.867403314917127 0.842424242424242 0.888324873096447 0.948684817720351 0.86 0.893617021276596 0.830188679245283 0.926535527900442 1 1
0.930939226519337 0.921212121212121 0.939086294416244 0.983910167666513 0.9 0.893617021276596 0.905660377358491 0.960256924929747 2 1
0.866310160427808 0.859756097560976 0.871428571428571 0.942015098722416 0.81 0.75 0.875 0.886217948717949 1 1
0.927807486631016 0.920731707317073 0.933333333333333 0.980226480836237 0.84 0.788461538461538 0.895833333333333 0.936298076923077 2 1
0.867816091954023 0.83974358974359 0.890625 0.942875267094017 0.79 0.733333333333333 0.836363636363636 0.896969696969697 1 1
0.939655172413793 0.948717948717949 0.932291666666667 0.980168269230769 0.86 0.844444444444444 0.872727272727273 0.936969696969697 2 1
0.875 0.848837209302326 0.897959183673469 0.936432130991932 0.9 0.875 0.923076923076923 0.967147435897436 1 1
0.907608695652174 0.883720930232558 0.928571428571429 0.967074038917893 0.95 0.958333333333333 0.942307692307692 0.987580128205128 2 1
0.848806366047745 0.839378238341969 0.858695652173913 0.924842306825862 0.89 0.909090909090909 0.866666666666667 0.952727272727273 1 1
0.938992042440318 0.94300518134715 0.934782608695652 0.986370804235188 0.94 0.945454545454545 0.933333333333333 0.974545454545455 2 1
0.837333333333333 0.805882352941176 0.863414634146341 0.923213773314204 0.85 0.854166666666667 0.846153846153846 0.920272435897436 1 1
0.904 0.888235294117647 0.917073170731707 0.969383070301291 0.89 0.854166666666667 0.923076923076923 0.946314102564103 2 1
0.864406779661017 0.839506172839506 0.885416666666667 0.93823945473251 0.88 0.862745098039216 0.897959183673469 0.935174069627851 1 1
0.929378531073446 0.938271604938272 0.921875 0.983764146090535 0.87 0.862745098039216 0.877551020408163 0.951580632252901 2 1
0.868852459016393 0.862637362637363 0.875 0.933438843764931 0.88 0.911111111111111 0.854545454545454 0.946666666666667 1 1
0.931693989071038 0.934065934065934 0.929347826086957 0.984531772575251 0.87 0.911111111111111 0.836363636363636 0.956363636363636 2 1
0.866666666666667 0.853403141361257 0.880434782608696 0.938310949237423 0.94 0.96 0.92 0.9832 1 1
0.933333333333333 0.93717277486911 0.929347826086957 0.98215911677669 0.91 0.92 0.9 0.9744 2 1
0.836411609498681 0.829896907216495 0.843243243243243 0.931122875452772 0.9 0.907407407407407 0.891304347826087 0.948067632850242 1 1
0.912928759894459 0.907216494845361 0.918918918918919 0.969016439119532 0.91 0.888888888888889 0.934782608695652 0.979871175523349 2 1
0.855263157894737 0.872037914691943 0.834319526627219 0.943576656664517 0.86 0.854166666666667 0.865384615384615 0.938701923076923 1 1
0.939473684210526 0.947867298578199 0.928994082840237 0.988950895986988 0.9 0.875 0.923076923076923 0.951923076923077 2 1
0.846361185983827 0.846560846560847 0.846153846153846 0.930315716030002 0.88 0.872340425531915 0.886792452830189 0.949417904456042 1 1
0.92722371967655 0.920634920634921 0.934065934065934 0.978865050293622 0.87 0.872340425531915 0.867924528301887 0.964271376957045 2 1
0.870317002881844 0.869318181818182 0.871345029239766 0.940988835725678 0.92 0.94 0.9 0.9788 1 1
0.948126801152738 0.943181818181818 0.953216374269006 0.987207602339181 0.93 0.92 0.94 0.9892 2 1
0.863636363636364 0.831395348837209 0.891089108910891 0.936334331107529 0.8 0.833333333333333 0.78125 0.910590277777778 1 1
0.935828877005348 0.918604651162791 0.95049504950495 0.977578862537417 0.88 0.888888888888889 0.875 0.943576388888889 2 1
0.865435356200528 0.862244897959184 0.868852459016393 0.94253931080629 0.88 0.888888888888889 0.869565217391304 0.922302737520129 1 1
0.91820580474934 0.923469387755102 0.912568306010929 0.980037916806067 0.86 0.851851851851852 0.869565217391304 0.951288244766506 2 1
0.863517060367454 0.851851851851852 0.875 0.940999779541446 0.88 0.88 0.88 0.954 1 1
0.923884514435696 0.899470899470899 0.947916666666667 0.979359567901235 0.92 0.88 0.96 0.9672 2 1
0.881578947368421 0.855555555555556 0.905 0.942527777777778 0.87 0.851851851851852 0.891304347826087 0.930354267310789 1 1
0.934210526315789 0.938888888888889 0.93 0.98325 0.91 0.87037037037037 0.956521739130435 0.971819645732689 2 1
0.894308943089431 0.887573964497041 0.9 0.960887573964497 0.82 0.793103448275862 0.857142857142857 0.912151067323481 1 1
0.932249322493225 0.940828402366864 0.925 0.982041420118343 0.82 0.810344827586207 0.833333333333333 0.923645320197044 2 1
0.875331564986737 0.873684210526316 0.877005347593583 0.942048972699127 0.9 0.918367346938776 0.882352941176471 0.980792316926771 1 1
0.923076923076923 0.936842105263158 0.909090909090909 0.982212215029552 0.96 0.959183673469388 0.96078431372549 0.985194077631052 2 1
0.869688385269122 0.862433862433862 0.878048780487805 0.946638275906569 0.87 0.941176470588235 0.795918367346939 0.939575830332133 1 1
0.957507082152975 0.968253968253968 0.945121951219512 0.985901406633114 0.87 0.901960784313726 0.836734693877551 0.966386554621849 2 1
0.903409090909091 0.86144578313253 0.940860215053763 0.957151185386708 0.81 0.87037037037037 0.739130434782609 0.908615136876006 1 1
0.943181818181818 0.939759036144578 0.946236559139785 0.988891048063221 0.84 0.888888888888889 0.782608695652174 0.914251207729469 2 1
0.849753694581281 0.840796019900497 0.858536585365854 0.929620191724305 0.88 0.907407407407407 0.847826086956522 0.9585346215781 1 1
0.913793103448276 0.920398009950249 0.907317073170732 0.968571775269991 0.93 0.888888888888889 0.978260869565217 0.978260869565217 2 1
0.869791666666667 0.856353591160221 0.881773399014778 0.932613014723893 0.85 0.764705882352941 0.938775510204082 0.971988795518207 1 1
0.9296875 0.94475138121547 0.916256157635468 0.973981438641374 0.93 0.901960784313726 0.959183673469388 0.96078431372549 2 1
0.876315789473684 0.87434554973822 0.878306878306878 0.92348818526829 0.9 0.879310344827586 0.928571428571429 0.960180623973727 1 1
0.921052631578947 0.926701570680628 0.915343915343915 0.968614089032937 0.93 0.896551724137931 0.976190476190476 0.977011494252874 2 1
0.853403141361257 0.867724867724868 0.839378238341969 0.931765221920662 0.88 0.962264150943396 0.787234042553192 0.970293054997993 1 1
0.924083769633508 0.925925925925926 0.922279792746114 0.98272884283247 0.92 0.905660377358491 0.936170212765957 0.982336411079888 2 1
0.865591397849462 0.873096446700508 0.857142857142857 0.943379260333575 0.89 0.878048780487805 0.898305084745763 0.917734601074824 1 1
0.948924731182796 0.954314720812183 0.942857142857143 0.990833937635968 0.89 0.853658536585366 0.915254237288136 0.959900785448532 2 1
0.863509749303621 0.840236686390533 0.884210526315789 0.934724384926814 0.84 0.816326530612245 0.862745098039216 0.900360144057623 1 1
0.938718662952646 0.93491124260355 0.942105263157895 0.983618810339458 0.91 0.897959183673469 0.92156862745098 0.972789115646258 2 1
0.896648044692737 0.887573964497041 0.904761904761905 0.955136032059109 0.89 0.888888888888889 0.890909090909091 0.937373737373737 1 1
0.958100558659218 0.958579881656805 0.957671957671958 0.993174916251839 0.89 0.866666666666667 0.909090909090909 0.965656565656566 2 1
0.875968992248062 0.869791666666667 0.882051282051282 0.936111111111111 0.84 0.761904761904762 0.896551724137931 0.923645320197044 1 1
0.953488372093023 0.953125 0.953846153846154 0.987446581196581 0.93 0.904761904761905 0.948275862068966 0.982348111658456 2 1
0.873994638069705 0.881773399014778 0.864705882352941 0.946305418719212 0.86 0.862745098039216 0.857142857142857 0.9343737494998 1 1
0.938337801608579 0.950738916256158 0.923529411764706 0.981947261663286 0.85 0.823529411764706 0.877551020408163 0.946378551420568 2 1
0.906779661016949 0.883040935672515 0.92896174863388 0.961077557281181 0.88 0.822222222222222 0.927272727272727 0.954343434343434 1 1
0.946327683615819 0.941520467836257 0.950819672131147 0.988687565909309 0.93 0.888888888888889 0.963636363636364 0.97979797979798 2 1
0.879032258064516 0.862857142857143 0.893401015228426 0.950543872371284 0.83 0.74468085106383 0.905660377358491 0.926535527900442 1 1
0.938172043010753 0.942857142857143 0.934010152284264 0.981058738216099 0.92 0.893617021276596 0.943396226415094 0.978723404255319 2 1
0.866141732283465 0.888888888888889 0.841530054644809 0.935888944085665 0.88 0.823529411764706 0.938775510204082 0.951980792316927 1 1
0.94750656167979 0.94949494949495 0.945355191256831 0.983164983164983 0.93 0.882352941176471 0.979591836734694 0.989195678271308 2 1
0.850267379679144 0.861538461538462 0.837988826815642 0.936398796733992 0.82 0.739130434782609 0.888888888888889 0.902576489533011 1 1
0.935828877005348 0.943589743589744 0.927374301675978 0.980002864919066 0.91 0.847826086956522 0.962962962962963 0.969806763285024 2 1
0.865753424657534 0.854651162790698 0.875647668393782 0.937823834196891 0.85 0.830508474576271 0.878048780487805 0.9450186027284 1 1
0.934246575342466 0.930232558139535 0.937823834196891 0.984877696107965 0.89 0.88135593220339 0.902439024390244 0.972715998346424 2 1
0.900537634408602 0.930875576036866 0.858064516129032 0.965185075070611 0.83 0.847457627118644 0.804878048780488 0.915667631252584 1 1
0.948924731182796 0.972350230414747 0.916129032258065 0.984123680689758 0.87 0.864406779661017 0.878048780487805 0.959073997519636 2 1
0.876640419947507 0.855 0.900552486187845 0.947900552486188 0.88 0.930232558139535 0.842105263157895 0.94859241126071 1 1
0.942257217847769 0.945 0.939226519337017 0.97914364640884 0.86 0.86046511627907 0.859649122807018 0.954304365565075 2 1
0.871391076115486 0.881188118811881 0.860335195530726 0.942364068809115 0.88 0.893617021276596 0.867924528301887 0.947812123645122 1 1
0.926509186351706 0.925742574257426 0.927374301675978 0.972177664693844 0.95 0.936170212765957 0.962264150943396 0.985949417904456 2 1
0.858638743455497 0.846153846153846 0.871657754010695 0.93388180447004 0.9 0.890909090909091 0.911111111111111 0.94949494949495 1 1
0.921465968586387 0.928205128205128 0.914438502673797 0.978883861236802 0.92 0.909090909090909 0.933333333333333 0.981414141414141 2 1
0.888888888888889 0.887700534759358 0.89010989010989 0.950138097196921 0.88 0.872727272727273 0.888888888888889 0.936161616161616 1 1
0.937669376693767 0.951871657754011 0.923076923076923 0.986601633660457 0.93 0.945454545454545 0.911111111111111 0.973737373737374 2 1
0.852459016393443 0.838709677419355 0.866666666666667 0.910334528076464 0.87 0.92156862745098 0.816326530612245 0.947579031612645 1 1
0.92896174863388 0.935483870967742 0.922222222222222 0.970698924731183 0.92 0.92156862745098 0.918367346938776 0.949179671868747 2 1
0.866323907455013 0.883838383838384 0.848167539267016 0.95121370775821 0.9 0.892857142857143 0.909090909090909 0.938311688311688 1 1
0.940874035989717 0.954545454545455 0.926701570680628 0.976624887619652 0.9 0.892857142857143 0.909090909090909 0.955762987012987 2 1
0.870712401055409 0.847826086956522 0.892307692307692 0.951532887402453 0.83 0.875 0.788461538461538 0.921875 1 1
0.923482849604222 0.902173913043478 0.943589743589744 0.979180602006689 0.88 0.895833333333333 0.865384615384615 0.943910256410256 2 1
0.866310160427808 0.857142857142857 0.875675675675676 0.943514943514943 0.85 0.891304347826087 0.814814814814815 0.930354267310789 1 1
0.935828877005348 0.936507936507937 0.935135135135135 0.979007579007579 0.87 0.91304347826087 0.833333333333333 0.95048309178744 2 1
0.866141732283465 0.859459459459459 0.872448979591837 0.939713182570325 0.83 0.897959183673469 0.764705882352941 0.938375350140056 1 1
0.926509186351706 0.918918918918919 0.933673469387755 0.981053502482074 0.91 0.959183673469388 0.862745098039216 0.95438175270108 2 1
0.880108991825613 0.868131868131868 0.891891891891892 0.934452034452035 0.86 0.833333333333333 0.884615384615385 0.932291666666667 1 1
0.904632152588556 0.906593406593407 0.902702702702703 0.976804276804277 0.9 0.875 0.923076923076923 0.96875 2 1
0.866485013623978 0.876923076923077 0.854651162790698 0.9427847346452 0.89 0.902439024390244 0.88135593220339 0.96486151302191 1 1
0.940054495912807 0.953846153846154 0.924418604651163 0.981454979129398 0.92 0.926829268292683 0.915254237288136 0.970235634559735 2 1
0.869451697127937 0.886792452830189 0.847953216374269 0.944665121924308 0.9 0.875 0.923076923076923 0.968349358974359 1 1
0.942558746736292 0.952830188679245 0.929824561403509 0.986069734083637 0.92 0.958333333333333 0.884615384615385 0.984775641025641 2 1
0.862337662337662 0.884422110552764 0.838709677419355 0.929675258010482 0.84 0.840909090909091 0.839285714285714 0.922483766233766 1 1
0.924675324675325 0.92964824120603 0.919354838709677 0.975657859188415 0.87 0.818181818181818 0.910714285714286 0.958198051948052 2 1
0.86046511627907 0.850267379679144 0.87 0.937967914438503 0.84 0.803921568627451 0.877551020408163 0.932773109243697 1 1
0.92764857881137 0.909090909090909 0.945 0.981363636363636 0.89 0.882352941176471 0.897959183673469 0.963585434173669 2 1
0.884514435695538 0.899497487437186 0.868131868131868 0.96071014412723 0.89 0.886792452830189 0.893617021276596 0.949819349658772 1 1
0.950131233595801 0.959798994974874 0.93956043956044 0.980976310122039 0.92 0.943396226415094 0.893617021276596 0.980329185066238 2 1
0.864229765013055 0.889447236180904 0.83695652173913 0.94043587502731 0.86 0.807692307692308 0.916666666666667 0.931490384615385 1 1
0.926892950391645 0.949748743718593 0.902173913043478 0.982166266113175 0.92 0.923076923076923 0.916666666666667 0.97676282051282 2 1
0.883597883597884 0.875675675675676 0.89119170984456 0.950623162022126 0.84 0.875 0.807692307692308 0.923076923076923 1 1
0.94973544973545 0.935135135135135 0.963730569948187 0.987704803248845 0.87 0.9375 0.807692307692308 0.954727564102564 2 1
0.870879120879121 0.86046511627907 0.880208333333333 0.947825823643411 0.79 0.782608695652174 0.796296296296296 0.861111111111111 1 1
0.925824175824176 0.918604651162791 0.932291666666667 0.982982073643411 0.84 0.847826086956522 0.833333333333333 0.923510466988728 2 1
0.901595744680851 0.897297297297297 0.905759162303665 0.948860902787604 0.92 0.894736842105263 0.953488372093023 0.974704202366381 1 1
0.936170212765957 0.924324324324324 0.947643979057592 0.987377953870101 0.93 0.929824561403509 0.930232558139535 0.982048143614851 2 1
0.862244897959184 0.844086021505376 0.878640776699029 0.938798413195532 0.86 0.82 0.9 0.9404 1 1
0.933673469387755 0.93010752688172 0.936893203883495 0.982983609980165 0.9 0.86 0.94 0.9664 2 1
0.844919786096257 0.846153846153846 0.843575418994413 0.927889987107864 0.86 0.906976744186046 0.824561403508772 0.942880456956344 1 1
0.906417112299465 0.907692307692308 0.905027932960894 0.974588167884257 0.92 0.906976744186046 0.929824561403509 0.964504283965728 2 1
0.865714285714286 0.893048128342246 0.834355828220859 0.939109609264788 0.85 0.86 0.84 0.93 1 1
0.934285714285714 0.941176470588235 0.926380368098159 0.982612119024966 0.88 0.88 0.88 0.9488 2 1
0.889807162534435 0.894179894179894 0.885057471264368 0.96180745606033 0.91 0.96078431372549 0.857142857142857 0.971988795518207 1 1
0.944903581267218 0.936507936507937 0.954022988505747 0.991729003223256 0.9 0.941176470588235 0.857142857142857 0.972388955582233 2 1
0.879265091863517 0.880597014925373 0.877777777777778 0.94930901050304 0.87 0.901960784313726 0.836734693877551 0.916766706682673 1 1
0.916010498687664 0.91044776119403 0.922222222222222 0.977943615257048 0.86 0.843137254901961 0.877551020408163 0.95078031212485 2 1
0.897297297297297 0.895287958115183 0.899441340782123 0.957881189856387 0.83 0.865384615384615 0.791666666666667 0.923076923076923 1 1
0.943243243243243 0.947643979057592 0.93854748603352 0.976951651115856 0.91 0.942307692307692 0.875 0.961538461538462 2 1
0.878962536023055 0.880681818181818 0.87719298245614 0.951189526847422 0.93 0.954545454545455 0.910714285714286 0.97849025974026 1 1
0.93371757925072 0.9375 0.929824561403509 0.98581206804891 0.93 0.954545454545455 0.910714285714286 0.992694805194805 2 1
0.876315789473684 0.863636363636364 0.887254901960784 0.939895276292335 0.87 0.901960784313726 0.836734693877551 0.931572629051621 1 1
0.926315789473684 0.920454545454545 0.931372549019608 0.98184046345811 0.9 0.92156862745098 0.877551020408163 0.938375350140056 2 1
0.878172588832487 0.888349514563107 0.867021276595745 0.955639330716794 0.86 0.875 0.840909090909091 0.918831168831169 1 1
0.949238578680203 0.961165048543689 0.936170212765957 0.994190249948358 0.85 0.875 0.818181818181818 0.930194805194805 2 1
0.85989010989011 0.86046511627907 0.859375 0.938135901162791 0.88 0.854545454545454 0.911111111111111 0.943434343434343 1 1
0.931318681318681 0.912790697674419 0.947916666666667 0.988372093023256 0.92 0.872727272727273 0.977777777777778 0.985454545454545 2 1
0.87598944591029 0.854748603351955 0.895 0.945083798882682 0.83 0.808510638297872 0.849056603773585 0.913689281413087 1 1
0.928759894459103 0.916201117318436 0.94 0.987709497206704 0.87 0.872340425531915 0.867924528301887 0.958249698916098 2 1
0.826446280991736 0.829545454545455 0.823529411764706 0.915228488089451 0.9 0.9 0.9 0.9644 1 1
0.925619834710744 0.914772727272727 0.935828877005348 0.968096742829363 0.93 0.9 0.96 0.9752 2 1
0.856770833333333 0.849162011173184 0.863414634146341 0.918435754189944 0.84 0.8125 0.865384615384615 0.918669871794872 1 1
0.90625 0.921787709497207 0.892682926829268 0.972230549121134 0.84 0.8125 0.865384615384615 0.933092948717949 2 1
0.889502762430939 0.885542168674699 0.892857142857143 0.941265060240964 0.87 0.795454545454545 0.928571428571429 0.935064935064935 1 1
0.93646408839779 0.951807228915663 0.923469387755102 0.978546840422916 0.89 0.818181818181818 0.946428571428571 0.960227272727273 2 1
0.885026737967914 0.888324873096447 0.88135593220339 0.950787232211993 0.81 0.826923076923077 0.791666666666667 0.912259615384615 1 1
0.943850267379679 0.934010152284264 0.954802259887006 0.984169319452809 0.85 0.846153846153846 0.854166666666667 0.935897435897436 2 1
0.84390243902439 0.835680751173709 0.852791878172589 0.937012940587689 0.82 0.886792452830189 0.74468085106383 0.927338418305901 1 1
0.926829268292683 0.924882629107981 0.928934010152284 0.974214151235671 0.9 0.924528301886792 0.872340425531915 0.957848253713368 2 1
0.833795013850416 0.837988826815642 0.82967032967033 0.925931610289152 0.85 0.886792452830189 0.808510638297872 0.944199116820554 1 1
0.914127423822715 0.893854748603352 0.934065934065934 0.974461292897047 0.9 0.924528301886792 0.872340425531915 0.969490164592533 2 1
0.869791666666667 0.887179487179487 0.851851851851852 0.941283407950075 0.78 0.8 0.755555555555556 0.902222222222222 1 1
0.921875 0.943589743589744 0.899470899470899 0.978239044905712 0.88 0.872727272727273 0.888888888888889 0.948686868686869 2 1
0.885869565217391 0.907216494845361 0.862068965517241 0.949697831496623 0.83 0.839285714285714 0.818181818181818 0.910714285714286 1 1
0.951086956521739 0.948453608247423 0.954022988505747 0.98201801161275 0.91 0.910714285714286 0.909090909090909 0.970779220779221 2 1
0.868493150684931 0.864864864864865 0.872222222222222 0.943273273273273 0.88 0.923076923076923 0.833333333333333 0.963942307692308 1 1
0.928767123287671 0.924324324324324 0.933333333333333 0.987867867867868 0.91 0.942307692307692 0.875 0.968349358974359 2 1
0.894459102902375 0.912621359223301 0.872832369942196 0.946405522195409 0.84 0.818181818181818 0.857142857142857 0.907873376623377 1 1
0.96042216358839 0.966019417475728 0.953757225433526 0.98608227173242 0.86 0.840909090909091 0.875 0.96875 2 1
0.87431693989071 0.885245901639344 0.863387978142076 0.943892024246768 0.83 0.830508474576271 0.829268292682927 0.910706903679206 1 1
0.945355191256831 0.945355191256831 0.945355191256831 0.981307294932664 0.86 0.864406779661017 0.853658536585366 0.939231087226126 2 1
0.882037533512064 0.875 0.889502762430939 0.94371546961326 0.86 0.823529411764706 0.897959183673469 0.946778711484594 1 1
0.93029490616622 0.911458333333333 0.950276243093923 0.975886279926335 0.9 0.882352941176471 0.918367346938776 0.971988795518207 2 1
0.878947368421053 0.875647668393782 0.882352941176471 0.952010196447868 0.86 0.854166666666667 0.865384615384615 0.930689102564103 1 1
0.928947368421053 0.927461139896373 0.93048128342246 0.983652434124851 0.87 0.875 0.865384615384615 0.947516025641026 2 1
0.901098901098901 0.920398009950249 0.877300613496933 0.958154015200073 0.9 0.9 0.9 0.95 1 1
0.93956043956044 0.935323383084577 0.94478527607362 0.988676250648598 0.92 0.92 0.92 0.9804 2 1
0.868131868131868 0.874371859296482 0.860606060606061 0.93534338358459 0.85 0.9 0.8 0.9464 1 1
0.928571428571429 0.92964824120603 0.927272727272727 0.971128369118319 0.93 0.96 0.9 0.9832 2 1
0.879452054794521 0.911330049261084 0.839506172839506 0.938058748403576 0.81 0.811320754716981 0.808510638297872 0.912886391007627 1 1
0.934246575342466 0.960591133004926 0.901234567901235 0.971051511281396 0.92 0.943396226415094 0.893617021276596 0.941389000401445 2 1
0.835897435897436 0.830845771144279 0.841269841269841 0.91829213719761 0.76 0.760869565217391 0.759259259259259 0.864734299516908 1 1
0.933333333333333 0.940298507462687 0.925925925925926 0.968306615072784 0.83 0.826086956521739 0.833333333333333 0.915861513687601 2 1
0.859416445623342 0.830601092896175 0.88659793814433 0.928933581206693 0.89 0.930232558139535 0.859649122807018 0.95797633618931 1 1
0.904509283819629 0.896174863387978 0.912371134020619 0.96921300208439 0.94 0.953488372093023 0.929824561403509 0.98531211750306 2 1
0.870229007633588 0.860824742268041 0.879396984924623 0.926514013365798 0.87 0.884615384615385 0.854166666666667 0.950721153846154 1 1
0.926208651399491 0.922680412371134 0.92964824120603 0.970004662487696 0.85 0.846153846153846 0.854166666666667 0.938701923076923 2 1
0.865789473684211 0.876288659793814 0.854838709677419 0.941719321582973 0.83 0.891304347826087 0.777777777777778 0.926731078904992 1 1
0.931578947368421 0.938144329896907 0.924731182795699 0.98763995122492 0.89 0.934782608695652 0.851851851851852 0.952093397745572 2 1
0.849056603773585 0.837078651685393 0.860103626943005 0.938376899342144 0.84 0.807692307692308 0.875 0.91786858974359 1 1
0.932614555256065 0.926966292134832 0.937823834196891 0.979099959247831 0.87 0.826923076923077 0.916666666666667 0.941907051282051 2 1
0.894150417827298 0.89119170984456 0.897590361445783 0.956301891503839 0.89 0.918367346938776 0.862745098039216 0.949579831932773 1 1
0.938718662952646 0.958549222797927 0.91566265060241 0.984674449091704 0.91 0.918367346938776 0.901960784313726 0.969587835134054 2 1
0.837837837837838 0.846153846153846 0.828571428571429 0.931457875457876 0.87 0.893617021276596 0.849056603773585 0.940184664793256 1 1
0.937837837837838 0.953846153846154 0.92 0.985992673992674 0.88 0.936170212765957 0.830188679245283 0.972701726214372 2 1
0.886486486486487 0.889502762430939 0.883597883597884 0.950743956268818 0.88 0.857142857142857 0.909090909090909 0.959821428571429 1 1
0.943243243243243 0.94475138121547 0.941798941798942 0.9864070858546 0.91 0.892857142857143 0.931818181818182 0.977272727272727 2 1
0.877284595300261 0.873015873015873 0.881443298969072 0.94359897452681 0.9 0.865384615384615 0.9375 0.959935897435897 1 1
0.939947780678851 0.952380952380952 0.927835051546392 0.977799596356297 0.97 0.961538461538462 0.979166666666667 0.985576923076923 2 1
0.845144356955381 0.834254143646409 0.855 0.929419889502762 0.89 0.851063829787234 0.924528301886792 0.955841027699719 1 1
0.916010498687664 0.92817679558011 0.905 0.969337016574586 0.97 0.978723404255319 0.962264150943396 0.987555198715375 2 1
0.868347338935574 0.866666666666667 0.870056497175141 0.938166980539862 0.87 0.884615384615385 0.854166666666667 0.931490384615385 1 2
0.932773109243697 0.938888888888889 0.926553672316384 0.9808223477715 0.92 0.942307692307692 0.895833333333333 0.95713141025641 2 2
0.861413043478261 0.893048128342246 0.828729281767956 0.94365822672615 0.88 0.772727272727273 0.964285714285714 0.933035714285714 1 2
0.929347826086957 0.919786096256685 0.939226519337017 0.983277690785003 0.88 0.75 0.982142857142857 0.970779220779221 2 2
0.862944162436548 0.864321608040201 0.861538461538462 0.938641927586651 0.88 0.892857142857143 0.863636363636364 0.929383116883117 1 2
0.911167512690355 0.914572864321608 0.907692307692308 0.975132070609458 0.93 0.946428571428571 0.909090909090909 0.946428571428571 2 2
0.877333333333333 0.858695652173913 0.895287958115183 0.949692692920555 0.88 0.886363636363636 0.875 0.961444805194805 1 2
0.962666666666667 0.951086956521739 0.973821989528796 0.991776690188937 0.92 0.909090909090909 0.928571428571429 0.987418831168831 2 2
0.895316804407714 0.899441340782123 0.891304347826087 0.963322807869808 0.92 0.930232558139535 0.912280701754386 0.944104447164423 1 2
0.9366391184573 0.94413407821229 0.929347826086957 0.988766091814428 0.89 0.906976744186046 0.87719298245614 0.964096287229702 2 2
0.895316804407714 0.901041666666667 0.888888888888889 0.957906920077973 0.92 0.905660377358491 0.936170212765957 0.968285828984344 1 2
0.950413223140496 0.958333333333333 0.941520467836257 0.993664717348928 0.96 0.943396226415094 0.978723404255319 0.994379767161782 2 2
0.852459016393443 0.836065573770492 0.868852459016393 0.941204574636448 0.87 0.886792452830189 0.851063829787234 0.938177438779607 1 2
0.926229508196721 0.934426229508197 0.918032786885246 0.98056078115202 0.96 1 0.914893617021277 0.971898835808912 2 2
0.869918699186992 0.877659574468085 0.861878453038674 0.943605266251322 0.91 0.912280701754386 0.906976744186046 0.966544267645859 1 2
0.926829268292683 0.925531914893617 0.92817679558011 0.977929940049371 0.92 0.894736842105263 0.953488372093023 0.973480212158303 2 2
0.87292817679558 0.842424242424242 0.898477157360406 0.948377172742655 0.85 0.893617021276596 0.811320754716981 0.927739863508631 1 2
0.930939226519337 0.921212121212121 0.939086294416244 0.983971696662052 0.91 0.893617021276596 0.924528301886792 0.960658370132477 2 2
0.871657754010695 0.865853658536585 0.876190476190476 0.942363530778165 0.8 0.75 0.854166666666667 0.884214743589744 1 2
0.925133689839572 0.914634146341463 0.933333333333333 0.980197444831591 0.84 0.788461538461538 0.895833333333333 0.935096153846154 2 2
0.867816091954023 0.83974358974359 0.890625 0.942474626068376 0.77 0.688888888888889 0.836363636363636 0.902626262626263 1 2
0.939655172413793 0.948717948717949 0.932291666666667 0.980101495726496 0.87 0.866666666666667 0.872727272727273 0.935353535353535 2 2
0.869565217391304 0.848837209302326 0.887755102040816 0.933732795443759 0.88 0.854166666666667 0.903846153846154 0.957932692307692 1 2
0.910326086956522 0.883720930232558 0.933673469387755 0.966332463217845 0.96 0.958333333333333 0.961538461538462 0.985576923076923 2 2
0.846153846153846 0.844559585492228 0.847826086956522 0.925630772696553 0.88 0.909090909090909 0.844444444444444 0.948282828282828 1 2
0.93368700265252 0.937823834196891 0.929347826086957 0.986314485244424 0.94 0.945454545454545 0.933333333333333 0.974545454545455 2 2
0.84 0.805882352941176 0.868292682926829 0.923185078909613 0.86 0.875 0.846153846153846 0.927083333333333 1 2
0.904 0.888235294117647 0.917073170731707 0.969641319942611 0.9 0.854166666666667 0.942307692307692 0.954326923076923 2 2
0.858757062146893 0.827160493827161 0.885416666666667 0.938400205761317 0.89 0.882352941176471 0.897959183673469 0.934773909563825 1 2
0.929378531073446 0.932098765432099 0.927083333333333 0.983281893004115 0.88 0.882352941176471 0.877551020408163 0.950380152060824 2 2
0.863387978142076 0.862637362637363 0.864130434782609 0.932333970377449 0.87 0.888888888888889 0.854545454545454 0.946666666666667 1 2
0.92896174863388 0.928571428571429 0.929347826086957 0.982590778786431 0.85 0.888888888888889 0.818181818181818 0.947878787878788 2 2
0.861333333333333 0.842931937172775 0.880434782608696 0.938396312315047 0.92 0.92 0.92 0.9812 1 2
0.936 0.942408376963351 0.929347826086957 0.98215911677669 0.89 0.88 0.9 0.972 2 2
0.841688654353562 0.845360824742268 0.837837837837838 0.930927835051546 0.89 0.888888888888889 0.891304347826087 0.949677938808374 1 2
0.912928759894459 0.907216494845361 0.918918918918919 0.968877124547228 0.91 0.888888888888889 0.934782608695652 0.979066022544283 2 2
0.855263157894737 0.881516587677725 0.822485207100592 0.944389915589332 0.87 0.854166666666667 0.884615384615385 0.943509615384615 1 2
0.939473684210526 0.947867298578199 0.928994082840237 0.988922852575787 0.88 0.895833333333333 0.865384615384615 0.945913461538462 2 2
0.849056603773585 0.851851851851852 0.846153846153846 0.93019943019943 0.88 0.872340425531915 0.886792452830189 0.948615014050582 1 2
0.92722371967655 0.920634920634921 0.934065934065934 0.978894121751265 0.86 0.851063829787234 0.867924528301887 0.961461260537937 2 2
0.870317002881844 0.869318181818182 0.871345029239766 0.941022062732589 0.89 0.9 0.88 0.9712 1 2
0.948126801152738 0.943181818181818 0.953216374269006 0.987008240297714 0.93 0.92 0.94 0.9856 2 2
0.863636363636364 0.831395348837209 0.891089108910891 0.936132857471794 0.8 0.833333333333333 0.78125 0.911892361111111 1 2
0.935828877005348 0.918604651162791 0.95049504950495 0.97801059175685 0.85 0.861111111111111 0.84375 0.941840277777778 2 2
0.865435356200528 0.86734693877551 0.863387978142076 0.942818110850898 0.87 0.87037037037037 0.869565217391304 0.919887278582931 1 2
0.9155672823219 0.928571428571429 0.901639344262295 0.980093676814988 0.86 0.851851851851852 0.869565217391304 0.947665056360709 2 2
0.868766404199475 0.862433862433862 0.875 0.941358024691358 0.9 0.9 0.9 0.9596 1 2
0.923884514435696 0.899470899470899 0.947916666666667 0.979497354497354 0.92 0.88 0.96 0.9712 2 2
0.884210526315789 0.861111111111111 0.905 0.943277777777778 0.86 0.814814814814815 0.91304347826087 0.932769726247987 1 2
0.931578947368421 0.933333333333333 0.93 0.984083333333333 0.91 0.87037037037037 0.956521739130435 0.972222222222222 2 2
0.894308943089431 0.887573964497041 0.9 0.96112426035503 0.79 0.775862068965517 0.80952380952381 0.905993431855501 1 2
0.934959349593496 0.940828402366864 0.93 0.981952662721894 0.81 0.793103448275862 0.833333333333333 0.91871921182266 2 2
0.877984084880637 0.878947368421053 0.877005347593583 0.942471151139882 0.91 0.938775510204082 0.882352941176471 0.980792316926771 1 2
0.925729442970822 0.936842105263158 0.914438502673797 0.982521812552772 0.96 0.959183673469388 0.96078431372549 0.985194077631052 2 2
0.881019830028329 0.883597883597884 0.878048780487805 0.945089688992128 0.88 0.92156862745098 0.836734693877551 0.942376950780312 1 2
0.943342776203966 0.957671957671958 0.926829268292683 0.986062717770035 0.89 0.901960784313726 0.877551020408163 0.972388955582233 2 2
0.903409090909091 0.86144578313253 0.940860215053763 0.956762534006996 0.83 0.888888888888889 0.760869565217391 0.900161030595813 1 2
0.940340909090909 0.939759036144578 0.940860215053763 0.989117761368053 0.82 0.888888888888889 0.739130434782609 0.906602254428341 2 2
0.847290640394089 0.835820895522388 0.858536585365854 0.929426040529062 0.88 0.888888888888889 0.869565217391304 0.954911433172303 1 2
0.913793103448276 0.920398009950249 0.907317073170732 0.968620313068802 0.91 0.87037037037037 0.956521739130435 0.975845410628019 2 2
0.8671875 0.850828729281768 0.881773399014778 0.931987045151457 0.87 0.803921568627451 0.938775510204082 0.97078831532613 1 2
0.9296875 0.94475138121547 0.916256157635468 0.974471327871976 0.92 0.882352941176471 0.959183673469388 0.959583833533413 2 2
0.871052631578947 0.869109947643979 0.873015873015873 0.923543588465054 0.9 0.879310344827586 0.928571428571429 0.960591133004926 1 2
0.921052631578947 0.926701570680628 0.915343915343915 0.968752597024848 0.93 0.896551724137931 0.976190476190476 0.977832512315271 2 2
0.853403141361257 0.862433862433862 0.844559585492228 0.932532828905886 0.91 0.981132075471698 0.829787234042553 0.972300281011642 1 2
0.929319371727749 0.925925925925926 0.932642487046632 0.983633522493626 0.95 0.962264150943396 0.936170212765957 0.985949417904456 2 2
0.865591397849462 0.873096446700508 0.857142857142857 0.943234227701233 0.86 0.853658536585366 0.864406779661017 0.922281934683754 1 2
0.948924731182796 0.954314720812183 0.942857142857143 0.990862944162437 0.89 0.853658536585366 0.915254237288136 0.962794543199669 2 2
0.863509749303621 0.840236686390533 0.884210526315789 0.935160386172532 0.82 0.795918367346939 0.843137254901961 0.897959183673469 1 2
0.938718662952646 0.93491124260355 0.942105263157895 0.983805668016194 0.92 0.918367346938776 0.92156862745098 0.973989595838335 2 2
0.896648044692737 0.881656804733728 0.91005291005291 0.955762186531417 0.88 0.866666666666667 0.890909090909091 0.939393939393939 1 2
0.958100558659218 0.958579881656805 0.957671957671958 0.993143608528224 0.88 0.844444444444444 0.909090909090909 0.964848484848485 2 2
0.873385012919897 0.864583333333333 0.882051282051282 0.936645299145299 0.86 0.761904761904762 0.931034482758621 0.923234811165846 1 2
0.948320413436692 0.947916666666667 0.948717948717949 0.987259615384615 0.91 0.904761904761905 0.913793103448276 0.981527093596059 2 2
0.873994638069705 0.881773399014778 0.864705882352941 0.94233555491162 0.85 0.843137254901961 0.857142857142857 0.937575030012005 1 2
0.941018766756032 0.950738916256158 0.929411764705882 0.981686467690524 0.86 0.843137254901961 0.877551020408163 0.945978391356543 2 2
0.903954802259887 0.883040935672515 0.923497267759563 0.961397117566229 0.9 0.822222222222222 0.963636363636364 0.952323232323232 1 2
0.949152542372881 0.941520467836257 0.956284153005464 0.988463873709775 0.92 0.866666666666667 0.963636363636364 0.981818181818182 2 2
0.879032258064516 0.862857142857143 0.893401015228426 0.95060188542422 0.83 0.74468085106383 0.905660377358491 0.932557205941389 1 2
0.938172043010753 0.942857142857143 0.934010152284264 0.981000725163162 0.91 0.893617021276596 0.924528301886792 0.978723404255319 2 2
0.858267716535433 0.878787878787879 0.836065573770492 0.933929458519623 0.87 0.803921568627451 0.938775510204082 0.949979991996799 1 2
0.94750656167979 0.94949494949495 0.945355191256831 0.983772147706574 0.93 0.882352941176471 0.979591836734694 0.987995198079232 2 2
0.850267379679144 0.861538461538462 0.837988826815642 0.936484744305973 0.82 0.717391304347826 0.907407407407407 0.909017713365539 1 2
0.933155080213904 0.938461538461538 0.927374301675978 0.97951582867784 0.93 0.869565217391304 0.981481481481482 0.971014492753623 2 2
0.86027397260274 0.843023255813954 0.875647668393782 0.938757681648391 0.88 0.864406779661017 0.902439024390244 0.947912360479537 1 2
0.934246575342466 0.930232558139535 0.937823834196891 0.985178937221352 0.89 0.88135593220339 0.902439024390244 0.971889210417528 2 2
0.900537634408602 0.930875576036866 0.858064516129032 0.965512115356028 0.82 0.813559322033898 0.829268292682927 0.914014055394791 1 2
0.948924731182796 0.972350230414747 0.916129032258065 0.984153411624796 0.88 0.864406779661017 0.902439024390244 0.957007027697396 2 2
0.871391076115486 0.855 0.889502762430939 0.948701657458563 0.9 0.953488372093023 0.859649122807018 0.945328437372501 1 2
0.942257217847769 0.945 0.939226519337017 0.979116022099447 0.86 0.86046511627907 0.859649122807018 0.952264381884945 2 2
0.871391076115486 0.886138613861386 0.854748603351955 0.942115161236794 0.89 0.914893617021277 0.867924528301887 0.945804897631473 1 2
0.923884514435696 0.925742574257426 0.921787709497207 0.97311798218928 0.94 0.936170212765957 0.943396226415094 0.984343637093537 2 2
0.861256544502618 0.851282051282051 0.871657754010695 0.934704511175099 0.89 0.890909090909091 0.888888888888889 0.952727272727273 1 2
0.918848167539267 0.928205128205128 0.909090909090909 0.97907582613465 0.93 0.909090909090909 0.955555555555556 0.98020202020202 2 2
0.888888888888889 0.887700534759358 0.89010989010989 0.95046130340248 0.88 0.872727272727273 0.888888888888889 0.933333333333333 1 2
0.934959349593496 0.946524064171123 0.923076923076923 0.986601633660457 0.92 0.927272727272727 0.911111111111111 0.974949494949495 2 2
0.849726775956284 0.833333333333333 0.866666666666667 0.91126045400239 0.85 0.882352941176471 0.816326530612245 0.937575030012005 1 2
0.92896174863388 0.935483870967742 0.922222222222222 0.971594982078853 0.92 0.92156862745098 0.918367346938776 0.945178071228491 2 2
0.868894601542416 0.888888888888889 0.848167539267016 0.951583901845682 0.89 0.892857142857143 0.886363636363636 0.935064935064935 1 2
0.938303341902314 0.94949494949495 0.926701570680628 0.976572002750013 0.88 0.892857142857143 0.863636363636364 0.943587662337662 2 2
0.87335092348285 0.853260869565217 0.892307692307692 0.951616499442586 0.82 0.875 0.769230769230769 0.919471153846154 1 2
0.923482849604222 0.902173913043478 0.943589743589744 0.979069119286511 0.88 0.895833333333333 0.865384615384615 0.940304487179487 2 2
0.866310160427808 0.862433862433862 0.87027027027027 0.943743743743744 0.85 0.934782608695652 0.777777777777778 0.928743961352657 1 2
0.935828877005348 0.936507936507937 0.935135135135135 0.978921778921779 0.86 0.891304347826087 0.833333333333333 0.951288244766506 2 2
0.858267716535433 0.859459459459459 0.857142857142857 0.939244346387204 0.86 0.938775510204082 0.784313725490196 0.942777110844338 1 2
0.931758530183727 0.924324324324324 0.938775510204082 0.980832873690017 0.89 0.959183673469388 0.823529411764706 0.952781112444978 2 2
0.877384196185286 0.862637362637363 0.891891891891892 0.934481734481734 0.88 0.833333333333333 0.923076923076923 0.925480769230769 1 2
0.904632152588556 0.906593406593407 0.902702702702703 0.976923076923077 0.9 0.875 0.923076923076923 0.961939102564103 2 2
0.869209809264305 0.882051282051282 0.854651162790698 0.943112701252236 0.91 0.951219512195122 0.88135593220339 0.967755270773047 1 2
0.940054495912807 0.953846153846154 0.924418604651163 0.98154442456768 0.93 0.975609756097561 0.898305084745763 0.969822240595287 2 2
0.877284595300261 0.900943396226415 0.847953216374269 0.945437493103829 0.9 0.875 0.923076923076923 0.969150641025641 1 2
0.942558746736292 0.952830188679245 0.929824561403509 0.985876641288756 0.93 0.9375 0.923076923076923 0.983173076923077 2 2
0.854545454545454 0.879396984924623 0.827956989247312 0.92918895553034 0.84 0.840909090909091 0.839285714285714 0.926136363636364 1 2
0.922077922077922 0.92964824120603 0.913978494623656 0.975819960015129 0.87 0.840909090909091 0.892857142857143 0.957386363636364 2 2
0.857881136950904 0.850267379679144 0.865 0.937967914438503 0.84 0.803921568627451 0.877551020408163 0.927571028411365 1 2
0.92764857881137 0.909090909090909 0.945 0.981550802139037 0.88 0.882352941176471 0.877551020408163 0.956382553021208 2 2
0.884514435695538 0.899497487437186 0.868131868131868 0.961096692252471 0.9 0.905660377358491 0.893617021276596 0.949819349658772 1 2
0.94750656167979 0.959798994974874 0.934065934065934 0.981418079408029 0.91 0.924528301886792 0.893617021276596 0.979124849458049 2 2
0.864229765013055 0.894472361809045 0.831521739130435 0.940845532007865 0.84 0.788461538461538 0.895833333333333 0.923477564102564 1 2
0.929503916449086 0.949748743718593 0.907608695652174 0.982384749836137 0.91 0.903846153846154 0.916666666666667 0.975560897435897 2 2
0.891534391534392 0.891891891891892 0.89119170984456 0.950763198431592 0.85 0.875 0.826923076923077 0.92588141025641 1 2
0.944444444444444 0.92972972972973 0.958549222797927 0.986360453717967 0.88 0.9375 0.826923076923077 0.955929487179487 2 2
0.873626373626374 0.86046511627907 0.885416666666667 0.947523013565891 0.79 0.804347826086957 0.777777777777778 0.869162640901771 1 2
0.923076923076923 0.912790697674419 0.932291666666667 0.982921511627907 0.82 0.826086956521739 0.814814814814815 0.924315619967794 2 2
0.904255319148936 0.902702702702703 0.905759162303665 0.94905900665063 0.91 0.87719298245614 0.953488372093023 0.968584251325989 1 2
0.928191489361702 0.924324324324324 0.931937172774869 0.987406254421961 0.91 0.894736842105263 0.930232558139535 0.982048143614851 2 2
0.864795918367347 0.844086021505376 0.883495145631068 0.938928906984028 0.86 0.8 0.92 0.9456 1 2
0.936224489795918 0.93010752688172 0.941747572815534 0.983088005010961 0.9 0.86 0.94 0.97 2 2
0.842245989304813 0.841025641025641 0.843575418994413 0.927918636298525 0.88 0.953488372093023 0.824561403508772 0.949816401468788 1 2
0.906417112299465 0.907692307692308 0.905027932960894 0.974473571121616 0.93 0.930232558139535 0.929824561403509 0.964096287229702 2 2
0.862857142857143 0.893048128342246 0.828220858895706 0.939339260522949 0.84 0.84 0.84 0.9288 1 2
0.934285714285714 0.941176470588235 0.926380368098159 0.983005806896099 0.86 0.86 0.86 0.9472 2 2
0.887052341597796 0.888888888888889 0.885057471264368 0.962293985282491 0.89 0.92156862745098 0.857142857142857 0.9671868747499 1 2
0.947658402203857 0.936507936507937 0.959770114942529 0.991637778994101 0.91 0.941176470588235 0.877551020408163 0.969587835134054 2 2
0.881889763779528 0.885572139303483 0.877777777777778 0.949585406301824 0.86 0.882352941176471 0.836734693877551 0.910764305722289 1 2
0.916010498687664 0.91044776119403 0.922222222222222 0.977833056937535 0.87 0.862745098039216 0.877551020408163 0.949979991996799 2 2
0.9 0.895287958115183 0.905027932960894 0.958407674983182 0.83 0.865384615384615 0.791666666666667 0.926682692307692 1 2
0.943243243243243 0.947643979057592 0.93854748603352 0.976922401942145 0.91 0.942307692307692 0.875 0.962339743589744 2 2
0.878962536023055 0.880681818181818 0.87719298245614 0.951123072833599 0.93 0.954545454545455 0.910714285714286 0.978896103896104 1 2
0.936599423631124 0.943181818181818 0.929824561403509 0.98554625199362 0.95 0.977272727272727 0.928571428571429 0.994318181818182 2 2
0.876315789473684 0.857954545454545 0.892156862745098 0.940090240641711 0.88 0.92156862745098 0.836734693877551 0.934773909563826 1 2
0.928947368421053 0.926136363636364 0.931372549019608 0.981979723707665 0.89 0.92156862745098 0.857142857142857 0.939175670268107 2 2
0.878172588832487 0.888349514563107 0.867021276595745 0.955536046271432 0.79 0.732142857142857 0.863636363636364 0.900568181818182 1 2
0.949238578680203 0.961165048543689 0.936170212765957 0.994422639950423 0.86 0.875 0.840909090909091 0.928977272727273 2 2
0.85989010989011 0.86046511627907 0.859375 0.938347868217054 0.89 0.854545454545454 0.933333333333333 0.946262626262626 1 2
0.928571428571429 0.906976744186046 0.947916666666667 0.98812984496124 0.92 0.872727272727273 0.977777777777778 0.984242424242424 2 2
0.87598944591029 0.849162011173184 0.9 0.94608938547486 0.83 0.787234042553192 0.867924528301887 0.915295062224006 1 2
0.928759894459103 0.921787709497207 0.935 0.987402234636871 0.87 0.872340425531915 0.867924528301887 0.964672822159775 2 2
0.826446280991736 0.823863636363636 0.828877005347594 0.914681575109383 0.91 0.92 0.9 0.9664 1 2
0.928374655647383 0.920454545454545 0.935828877005348 0.968127126883811 0.92 0.88 0.96 0.9756 2 2
0.8515625 0.837988826815642 0.863414634146341 0.917536449107508 0.82 0.770833333333333 0.865384615384615 0.911458333333333 1 2
0.90625 0.921787709497207 0.892682926829268 0.97203978743698 0.83 0.770833333333333 0.884615384615385 0.931089743589744 2 2
0.895027624309392 0.891566265060241 0.897959183673469 0.941357265797885 0.88 0.818181818181818 0.928571428571429 0.937094155844156 1 2
0.930939226519337 0.939759036144578 0.923469387755102 0.978485370051635 0.91 0.863636363636364 0.946428571428571 0.961038961038961 2 2
0.879679144385027 0.883248730964467 0.875706214689266 0.950959304826637 0.83 0.846153846153846 0.8125 0.909855769230769 1 2
0.943850267379679 0.934010152284264 0.954802259887006 0.984341392067453 0.85 0.846153846153846 0.854166666666667 0.93349358974359 2 2
0.848780487804878 0.849765258215962 0.847715736040609 0.936726960749267 0.79 0.867924528301887 0.702127659574468 0.913689281413087 1 2
0.929268292682927 0.934272300469484 0.923857868020305 0.974857605872119 0.9 0.943396226415094 0.851063829787234 0.95262946607788 2 2
0.831024930747922 0.832402234636871 0.82967032967033 0.926207870341949 0.88 0.886792452830189 0.872340425531915 0.934965877157768 1 2
0.911357340720222 0.893854748603352 0.928571428571429 0.974522684019891 0.89 0.924528301886792 0.851063829787234 0.963067041348856 2 2
0.872395833333333 0.892307692307692 0.851851851851852 0.940849274182608 0.82 0.818181818181818 0.822222222222222 0.903434343434343 1 2
0.921875 0.943589743589744 0.899470899470899 0.978401845068512 0.89 0.872727272727273 0.911111111111111 0.948282828282828 2 2
0.888586956521739 0.907216494845361 0.867816091954023 0.949342339139708 0.83 0.839285714285714 0.818181818181818 0.913961038961039 1 2
0.951086956521739 0.948453608247423 0.954022988505747 0.982136509065055 0.92 0.928571428571429 0.909090909090909 0.969155844155844 2 2
0.871232876712329 0.87027027027027 0.872222222222222 0.942912912912913 0.88 0.923076923076923 0.833333333333333 0.965945512820513 1 2
0.931506849315068 0.924324324324324 0.938888888888889 0.987837837837838 0.91 0.942307692307692 0.875 0.970753205128205 2 2
0.894459102902375 0.912621359223301 0.872832369942196 0.946770301363713 0.84 0.818181818181818 0.857142857142857 0.904626623376623 1 2
0.96042216358839 0.966019417475728 0.953757225433526 0.985941972052304 0.86 0.840909090909091 0.875 0.967126623376623 2 2
0.87431693989071 0.885245901639344 0.863387978142076 0.943235092119801 0.82 0.779661016949153 0.878048780487805 0.906159570070277 1 2
0.948087431693989 0.950819672131147 0.945355191256831 0.981038549971632 0.89 0.898305084745763 0.878048780487805 0.929309632079372 2 2
0.882037533512064 0.875 0.889502762430939 0.943542817679558 0.86 0.843137254901961 0.877551020408163 0.949579831932773 1 2
0.938337801608579 0.927083333333333 0.950276243093923 0.976145257826888 0.9 0.882352941176471 0.918367346938776 0.973989595838335 2 2
0.884210526315789 0.886010362694301 0.882352941176471 0.952093319664182 0.86 0.833333333333333 0.884615384615385 0.932692307692308 1 2
0.928947368421053 0.927461139896373 0.93048128342246 0.983763265079937 0.89 0.895833333333333 0.884615384615385 0.947115384615385 2 2
0.898351648351648 0.915422885572139 0.877300613496933 0.958276104141867 0.9 0.9 0.9 0.9568 1 2
0.93956043956044 0.935323383084577 0.94478527607362 0.98882886182584 0.92 0.92 0.92 0.9812 2 2
0.865384615384615 0.874371859296482 0.854545454545454 0.93555657073245 0.85 0.9 0.8 0.94 1 2
0.925824175824176 0.924623115577889 0.927272727272727 0.971432922186691 0.92 0.94 0.9 0.9812 2 2
0.887671232876712 0.921182266009852 0.845679012345679 0.93778507571611 0.84 0.867924528301887 0.808510638297872 0.916097952629466 1 2
0.934246575342466 0.960591133004926 0.901234567901235 0.970808246670316 0.92 0.943396226415094 0.893617021276596 0.944600562023284 2 2
0.833333333333333 0.830845771144279 0.835978835978836 0.917476111505962 0.78 0.782608695652174 0.777777777777778 0.859098228663446 1 2
0.930769230769231 0.935323383084577 0.925925925925926 0.96888573007976 0.82 0.826086956521739 0.814814814814815 0.915458937198068 2 2
0.854111405835544 0.819672131147541 0.88659793814433 0.928680074362008 0.92 0.953488372093023 0.894736842105263 0.958384332925337 1 2
0.904509283819629 0.896174863387978 0.912371134020619 0.969184834657202 0.92 0.976744186046512 0.87719298245614 0.983680130558956 2 2
0.867684478371501 0.860824742268041 0.874371859296482 0.926254986271564 0.85 0.846153846153846 0.854166666666667 0.948717948717949 1 2
0.928753180661578 0.922680412371134 0.934673366834171 0.97010827332539 0.83 0.865384615384615 0.791666666666667 0.933092948717949 2 2
0.860526315789474 0.871134020618557 0.849462365591398 0.942162731404501 0.82 0.869565217391304 0.777777777777778 0.919082125603865 1 2
0.931578947368421 0.938144329896907 0.924731182795699 0.987750803680302 0.88 0.91304347826087 0.851851851851852 0.946054750402576 2 2
0.849056603773585 0.837078651685393 0.860103626943005 0.938667986260697 0.84 0.788461538461538 0.895833333333333 0.913060897435897 1 2
0.935309973045822 0.932584269662921 0.937823834196891 0.978925307096699 0.87 0.826923076923077 0.916666666666667 0.944310897435897 2 2
0.894150417827298 0.89119170984456 0.897590361445783 0.956395530307759 0.89 0.918367346938776 0.862745098039216 0.948779511804722 1 2
0.938718662952646 0.958549222797927 0.91566265060241 0.984768087895624 0.92 0.918367346938776 0.92156862745098 0.967587034813926 2 2
0.840540540540541 0.851282051282051 0.828571428571429 0.931223443223443 0.87 0.893617021276596 0.849056603773585 0.940987555198715 1 2
0.935135135135135 0.953846153846154 0.914285714285714 0.985992673992674 0.88 0.936170212765957 0.830188679245283 0.975511842633481 2 2
0.886486486486487 0.889502762430939 0.883597883597884 0.950948580782835 0.9 0.892857142857143 0.909090909090909 0.959821428571429 1 2
0.943243243243243 0.94475138121547 0.941798941798942 0.986699406588909 0.93 0.910714285714286 0.954545454545455 0.976866883116883 2 2
0.877284595300261 0.873015873015873 0.881443298969072 0.943271695849015 0.86 0.788461538461538 0.9375 0.96113782051282 1 2
0.939947780678851 0.952380952380952 0.927835051546392 0.978045055364643 0.94 0.923076923076923 0.958333333333333 0.986778846153846 2 2
0.845144356955381 0.834254143646409 0.855 0.929364640883978 0.89 0.851063829787234 0.924528301886792 0.956643918105179 1 2
0.913385826771654 0.922651933701657 0.905 0.969558011049724 0.97 0.978723404255319 0.962264150943396 0.986752308309916 2 2
0.862745098039216 0.861111111111111 0.864406779661017 0.936440677966102 0.88 0.903846153846154 0.854166666666667 0.918669871794872 1 3
0.932773109243697 0.944444444444444 0.92090395480226 0.981104833647207 0.91 0.923076923076923 0.895833333333333 0.951121794871795 2 3
0.861413043478261 0.893048128342246 0.828729281767956 0.943096877123527 0.88 0.772727272727273 0.964285714285714 0.928977272727273 1 3
0.926630434782609 0.914438502673797 0.939226519337017 0.982923154193872 0.89 0.772727272727273 0.982142857142857 0.967126623376623 2 3
0.862944162436548 0.85929648241206 0.866666666666667 0.937714212086071 0.88 0.875 0.886363636363636 0.928977272727273 1 3
0.911167512690355 0.909547738693467 0.912820512820513 0.975570158484731 0.93 0.946428571428571 0.909090909090909 0.95211038961039 2 3
0.874666666666667 0.858695652173913 0.890052356020942 0.949351240610061 0.88 0.886363636363636 0.875 0.958603896103896 1 3
0.96 0.956521739130435 0.963350785340314 0.992374231732301 0.91 0.909090909090909 0.910714285714286 0.98538961038961 2 3
0.903581267217631 0.905027932960894 0.902173913043478 0.963322807869808 0.9 0.883720930232558 0.912280701754386 0.946552427580579 1 3
0.931129476584022 0.94413407821229 0.918478260869565 0.989069710954579 0.89 0.906976744186046 0.87719298245614 0.965728274173807 2 3
0.889807162534435 0.901041666666667 0.87719298245614 0.956414473684211 0.92 0.905660377358491 0.936170212765957 0.963869931754316 1 3
0.950413223140496 0.953125 0.947368421052632 0.993299220272905 0.97 0.943396226415094 1 0.993175431553593 2 3
0.855191256830601 0.846994535519126 0.863387978142076 0.939442802114127 0.9 0.905660377358491 0.893617021276596 0.92934564431955 1 3
0.931693989071038 0.939890710382514 0.923497267759563 0.980411478395891 0.95 0.981132075471698 0.914893617021277 0.971898835808912 2 3
0.869918699186992 0.877659574468085 0.861878453038674 0.942664864229458 0.9 0.894736842105263 0.906976744186046 0.956344349245206 1 3
0.921409214092141 0.914893617021277 0.92817679558011 0.977224638532973 0.92 0.894736842105263 0.953488372093023 0.973480212158303 2 3
0.864640883977901 0.836363636363636 0.888324873096447 0.948131056760498 0.86 0.893617021276596 0.830188679245283 0.926936973103171 1 3
0.930939226519337 0.921212121212121 0.939086294416244 0.983571758191048 0.91 0.893617021276596 0.924528301886792 0.961461260537937 2 3
0.874331550802139 0.865853658536585 0.880952380952381 0.942508710801394 0.81 0.75 0.875 0.877003205128205 1 3
0.933155080213904 0.926829268292683 0.938095238095238 0.979878048780488 0.83 0.788461538461538 0.875 0.931891025641026 2 3
0.867816091954023 0.83974358974359 0.890625 0.941706730769231 0.79 0.711111111111111 0.854545454545454 0.902222222222222 1 3
0.936781609195402 0.942307692307692 0.932291666666667 0.980235042735043 0.86 0.844444444444444 0.872727272727273 0.937777777777778 2 3
0.875 0.854651162790698 0.892857142857143 0.93468201233982 0.89 0.833333333333333 0.942307692307692 0.96113782051282 1 3
0.902173913043478 0.877906976744186 0.923469387755102 0.966985049833887 0.96 0.958333333333333 0.961538461538462 0.988782051282051 2 3
0.848806366047745 0.860103626943005 0.83695652173913 0.924307276413607 0.84 0.890909090909091 0.777777777777778 0.93979797979798 1 3
0.938992042440318 0.94300518134715 0.934782608695652 0.98670871817977 0.94 0.945454545454545 0.933333333333333 0.972121212121212 2 3
0.826666666666667 0.8 0.848780487804878 0.922955523672884 0.83 0.854166666666667 0.807692307692308 0.915865384615385 1 3
0.906666666666667 0.888235294117647 0.921951219512195 0.968407460545194 0.88 0.833333333333333 0.923076923076923 0.948317307692308 2 3
0.861581920903955 0.833333333333333 0.885416666666667 0.936696244855967 0.89 0.882352941176471 0.897959183673469 0.925970388155262 1 3
0.926553672316384 0.925925925925926 0.927083333333333 0.983699845679012 0.87 0.882352941176471 0.857142857142857 0.945578231292517 2 3
0.85792349726776 0.857142857142857 0.858695652173913 0.930631868131868 0.86 0.844444444444444 0.872727272727273 0.941010101010101 1 3
0.92896174863388 0.928571428571429 0.929347826086957 0.983337314859054 0.88 0.933333333333333 0.836363636363636 0.945454545454545 2 3
0.864 0.853403141361257 0.875 0.937087411791486 0.89 0.88 0.9 0.9772 1 3
0.936 0.942408376963351 0.929347826086957 0.982244479854314 0.88 0.88 0.88 0.9724 2 3
0.836411609498681 0.835051546391753 0.837837837837838 0.930147673446643 0.91 0.888888888888889 0.934782608695652 0.947262479871176 1 3
0.910290237467018 0.902061855670103 0.918918918918919 0.969322931178601 0.92 0.888888888888889 0.956521739130435 0.976650563607085 2 3
0.85 0.853080568720379 0.846153846153846 0.942987745029305 0.86 0.833333333333333 0.884615384615385 0.92948717948718 1 3
0.939473684210526 0.947867298578199 0.928994082840237 0.988277854118175 0.89 0.875 0.903846153846154 0.946314102564103 2 3
0.849056603773585 0.846560846560847 0.851648351648352 0.930257573114716 0.86 0.829787234042553 0.886792452830189 0.926134082697712 1 3
0.932614555256065 0.925925925925926 0.93956043956044 0.979359265073551 0.86 0.851063829787234 0.867924528301887 0.959855479727017 2 3
0.876080691642651 0.880681818181818 0.871345029239766 0.940889154704944 0.91 0.92 0.9 0.9752 1 3
0.948126801152738 0.943181818181818 0.953216374269006 0.987107921318448 0.91 0.92 0.9 0.9856 2 3
0.866310160427808 0.837209302325581 0.891089108910891 0.935298180980889 0.79 0.777777777777778 0.796875 0.891493055555556 1 3
0.938502673796791 0.924418604651163 0.95049504950495 0.977434952797605 0.84 0.833333333333333 0.84375 0.934461805555556 2 3
0.865435356200528 0.857142857142857 0.87431693989071 0.940643470502955 0.88 0.87037037037037 0.891304347826087 0.915056360708535 1 3
0.912928759894459 0.928571428571429 0.896174863387978 0.98014943682391 0.87 0.851851851851852 0.891304347826087 0.948470209339775 2 3
0.863517060367454 0.846560846560847 0.880208333333333 0.940145502645503 0.87 0.86 0.88 0.9544 1 3
0.929133858267717 0.91005291005291 0.947916666666667 0.979910714285714 0.92 0.88 0.96 0.9672 2 3
0.886842105263158 0.861111111111111 0.91 0.941 0.87 0.814814814814815 0.934782608695652 0.933574879227053 1 3
0.931578947368421 0.933333333333333 0.93 0.984472222222222 0.9 0.851851851851852 0.956521739130435 0.97061191626409 2 3
0.888888888888889 0.875739644970414 0.9 0.959556213017752 0.81 0.793103448275862 0.833333333333333 0.91256157635468 1 3
0.929539295392954 0.93491124260355 0.925 0.981775147928994 0.83 0.827586206896552 0.833333333333333 0.922824302134647 2 3
0.872679045092838 0.873684210526316 0.871657754010695 0.941767520405291 0.9 0.897959183673469 0.901960784313726 0.980792316926771 1 3
0.920424403183024 0.936842105263158 0.903743315508021 0.982184069800169 0.96 0.959183673469388 0.96078431372549 0.985594237695078 2 3
0.875354107648725 0.878306878306878 0.871951219512195 0.945896244676732 0.87 0.941176470588235 0.795918367346939 0.939175670268107 1 3
0.951841359773371 0.962962962962963 0.939024390243902 0.988127500322622 0.89 0.92156862745098 0.857142857142857 0.961584633853541 2 3
0.900568181818182 0.855421686746988 0.940860215053763 0.956956859696852 0.84 0.888888888888889 0.782608695652174 0.892109500805153 1 3
0.943181818181818 0.939759036144578 0.946236559139785 0.988891048063221 0.84 0.888888888888889 0.782608695652174 0.907004830917874 2 3
0.844827586206897 0.835820895522388 0.853658536585366 0.92901346923917 0.85 0.833333333333333 0.869565217391304 0.950885668276973 1 3
0.916256157635468 0.920398009950249 0.91219512195122 0.967698094891397 0.92 0.87037037037037 0.978260869565217 0.976650563607085 2 3
0.872395833333333 0.856353591160221 0.886699507389163 0.931687668399423 0.89 0.803921568627451 0.979591836734694 0.976790716286515 1 3
0.9296875 0.94475138121547 0.916256157635468 0.974035870778107 0.94 0.901960784313726 0.979591836734694 0.961984793917567 2 3
0.871052631578947 0.869109947643979 0.873015873015873 0.923321975677997 0.9 0.879310344827586 0.928571428571429 0.958538587848933 1 3
0.923684210526316 0.926701570680628 0.920634920634921 0.969611346574697 0.93 0.896551724137931 0.976190476190476 0.978653530377668 2 3
0.856020942408377 0.873015873015873 0.839378238341969 0.931737807385476 0.89 0.962264150943396 0.808510638297872 0.971898835808912 1 3
0.931937172774869 0.925925925925926 0.937823834196891 0.982372453875045 0.94 0.924528301886792 0.957446808510638 0.987956643918105 2 3
0.865591397849462 0.873096446700508 0.857142857142857 0.94422044960116 0.87 0.853658536585366 0.88135593220339 0.916081025217032 1 3
0.951612903225806 0.959390862944162 0.942857142857143 0.990746918056563 0.88 0.853658536585366 0.898305084745763 0.960727573377429 2 3
0.863509749303621 0.840236686390533 0.884210526315789 0.934226097788851 0.78 0.714285714285714 0.843137254901961 0.89155662264906 1 3
0.935933147632312 0.93491124260355 0.936842105263158 0.98467767050763 0.91 0.918367346938776 0.901960784313726 0.971588635454182 2 3
0.902234636871508 0.899408284023669 0.904761904761905 0.95444726213957 0.87 0.844444444444444 0.890909090909091 0.94020202020202 1 3
0.958100558659218 0.958579881656805 0.957671957671958 0.992893146739301 0.88 0.844444444444444 0.909090909090909 0.962828282828283 2 3
0.868217054263566 0.859375 0.876923076923077 0.936137820512821 0.87 0.785714285714286 0.931034482758621 0.918308702791461 1 3
0.953488372093023 0.958333333333333 0.948717948717949 0.987660256410256 0.9 0.880952380952381 0.913793103448276 0.97824302134647 2 3
0.879356568364611 0.891625615763547 0.864705882352941 0.94233555491162 0.84 0.843137254901961 0.836734693877551 0.937174869947979 1 3
0.938337801608579 0.950738916256158 0.923529411764706 0.981773399014778 0.86 0.843137254901961 0.877551020408163 0.952380952380952 2 3
0.903954802259887 0.87719298245614 0.92896174863388 0.960917777138657 0.86 0.777777777777778 0.927272727272727 0.945858585858586 1 3
0.943502824858757 0.935672514619883 0.950819672131147 0.98855974179529 0.91 0.866666666666667 0.945454545454545 0.976565656565657 2 3
0.862903225806452 0.862857142857143 0.862944162436548 0.950514865844815 0.84 0.765957446808511 0.905660377358491 0.933761541549578 1 3
0.938172043010753 0.942857142857143 0.934010152284264 0.980681653372009 0.9 0.851063829787234 0.943396226415094 0.975511842633481 2 3
0.858267716535433 0.873737373737374 0.841530054644809 0.934150245625655 0.88 0.823529411764706 0.938775510204082 0.937575030012005 1 3
0.950131233595801 0.94949494949495 0.950819672131147 0.983716950930066 0.93 0.882352941176471 0.979591836734694 0.988395358143257 2 3
0.850267379679144 0.861538461538462 0.837988826815642 0.936685288640596 0.82 0.739130434782609 0.888888888888889 0.89573268921095 1 3
0.935828877005348 0.938461538461538 0.932960893854749 0.979916917347085 0.91 0.847826086956522 0.962962962962963 0.97463768115942 2 3
0.865753424657534 0.866279069767442 0.865284974093264 0.938396192312327 0.89 0.88135593220339 0.902439024390244 0.949979330301778 1 3
0.942465753424658 0.941860465116279 0.94300518134715 0.984606579105916 0.88 0.864406779661017 0.902439024390244 0.975196362133113 2 3
0.900537634408602 0.930875576036866 0.858064516129032 0.964739111045042 0.82 0.830508474576271 0.804878048780488 0.912360479536999 1 3
0.951612903225806 0.972350230414747 0.92258064516129 0.983053367028393 0.85 0.830508474576271 0.878048780487805 0.957420421661844 2 3
0.876640419947507 0.855 0.900552486187845 0.947375690607735 0.87 0.883720930232558 0.859649122807018 0.954304365565075 1 3
0.939632545931758 0.94 0.939226519337017 0.97914364640884 0.86 0.86046511627907 0.859649122807018 0.948184414524684 2 3
0.868766404199475 0.871287128712871 0.865921787709497 0.942004535649096 0.88 0.914893617021277 0.849056603773585 0.944199116820554 1 3
0.929133858267717 0.930693069306931 0.927374301675978 0.972426572266165 0.94 0.914893617021277 0.962264150943396 0.982737856282617 2 3
0.861256544502618 0.851282051282051 0.871657754010695 0.933360756890169 0.87 0.872727272727273 0.866666666666667 0.939393939393939 1 3
0.924083769633508 0.928205128205128 0.919786096256685 0.979103249691485 0.92 0.890909090909091 0.955555555555556 0.981414141414141 2 3
0.894308943089431 0.893048128342246 0.895604395604396 0.949961802902979 0.88 0.872727272727273 0.888888888888889 0.926464646464646 1 3
0.937669376693767 0.957219251336898 0.917582417582418 0.987071751777634 0.92 0.927272727272727 0.911111111111111 0.972121212121212 2 3
0.85792349726776 0.849462365591398 0.866666666666667 0.909408602150538 0.88 0.92156862745098 0.836734693877551 0.939175670268107 1 3
0.92896174863388 0.940860215053763 0.916666666666667 0.971654719235364 0.91 0.92156862745098 0.897959183673469 0.952380952380952 2 3
0.863753213367609 0.883838383838384 0.842931937172775 0.951293035062669 0.9 0.892857142857143 0.909090909090909 0.941152597402597 1 3
0.938303341902314 0.94949494949495 0.926701570680628 0.976783542228568 0.88 0.857142857142857 0.909090909090909 0.953327922077922 2 3
0.870712401055409 0.847826086956522 0.892307692307692 0.952898550724638 0.85 0.895833333333333 0.807692307692308 0.915464743589744 1 3
0.920844327176781 0.896739130434783 0.943589743589744 0.97979375696767 0.88 0.895833333333333 0.865384615384615 0.942708333333333 2 3
0.871657754010695 0.862433862433862 0.881081081081081 0.942027742027742 0.85 0.891304347826087 0.814814814814815 0.9170692431562 1 3
0.935828877005348 0.936507936507937 0.935135135135135 0.979093379093379 0.86 0.891304347826087 0.833333333333333 0.945652173913043 2 3
0.860892388451444 0.848648648648649 0.872448979591837 0.939933811362383 0.86 0.918367346938776 0.803921568627451 0.942777110844338 1 3
0.926509186351706 0.924324324324324 0.928571428571429 0.980446773303916 0.89 0.938775510204082 0.843137254901961 0.951980792316927 2 3
0.871934604904632 0.857142857142857 0.886486486486487 0.933739233739234 0.87 0.875 0.865384615384615 0.91025641025641 1 3
0.899182561307902 0.906593406593407 0.891891891891892 0.976626076626077 0.9 0.875 0.923076923076923 0.96474358974359 2 3
0.877384196185286 0.882051282051282 0.872093023255814 0.943798449612403 0.9 0.926829268292683 0.88135593220339 0.965274906986358 1 3
0.93732970027248 0.948717948717949 0.924418604651163 0.981812760882528 0.93 0.951219512195122 0.915254237288136 0.967755270773047 2 3
0.87467362924282 0.89622641509434 0.847953216374269 0.944141012909633 0.9 0.875 0.923076923076923 0.969551282051282 1 3
0.942558746736292 0.952830188679245 0.929824561403509 0.98609731876862 0.94 0.9375 0.942307692307692 0.983974358974359 2 3
0.867532467532467 0.884422110552764 0.849462365591398 0.929242989139245 0.86 0.863636363636364 0.857142857142857 0.926542207792208 1 3
0.932467532467532 0.939698492462312 0.924731182795699 0.976090128059653 0.89 0.863636363636364 0.910714285714286 0.961444805194805 2 3
0.863049095607235 0.839572192513369 0.885 0.938155080213904 0.86 0.823529411764706 0.897959183673469 0.928371348539416 1 3
0.92764857881137 0.914438502673797 0.94 0.981550802139037 0.89 0.901960784313726 0.877551020408163 0.963585434173669 2 3
0.884514435695538 0.904522613065327 0.862637362637363 0.960185543100116 0.89 0.886792452830189 0.893617021276596 0.950220794861501 1 3
0.950131233595801 0.959798994974874 0.93956043956044 0.981059141863162 0.91 0.924528301886792 0.893617021276596 0.981934965877158 2 3
0.856396866840731 0.874371859296482 0.83695652173913 0.939753113393052 0.87 0.788461538461538 0.958333333333333 0.926682692307692 1 3
0.926892950391645 0.944723618090452 0.907608695652174 0.982357439370767 0.91 0.923076923076923 0.895833333333333 0.977163461538462 2 3
0.888888888888889 0.875675675675676 0.901554404145078 0.951491387760818 0.85 0.854166666666667 0.846153846153846 0.916266025641026 1 3
0.955026455026455 0.940540540540541 0.968911917098446 0.987396723148019 0.86 0.895833333333333 0.826923076923077 0.949919871794872 2 3
0.865384615384615 0.848837209302326 0.880208333333333 0.947462451550388 0.8 0.804347826086957 0.796296296296296 0.871980676328502 1 3
0.923076923076923 0.912790697674419 0.932291666666667 0.982103924418605 0.84 0.847826086956522 0.833333333333333 0.927536231884058 2 3
0.896276595744681 0.891891891891892 0.900523560209424 0.947757181265035 0.9 0.859649122807018 0.953488372093023 0.971848225214198 1 3
0.936170212765957 0.924324324324324 0.947643979057592 0.988764680911278 0.9 0.87719298245614 0.930232558139535 0.980416156670747 2 3
0.852040816326531 0.82258064516129 0.878640776699029 0.938981104499426 0.85 0.82 0.88 0.9408 1 3
0.931122448979592 0.924731182795699 0.936893203883495 0.982513832341581 0.9 0.86 0.94 0.9652 2 3
0.839572192513369 0.841025641025641 0.837988826815642 0.927001862197393 0.87 0.930232558139535 0.824561403508772 0.950224398204814 1 3
0.911764705882353 0.912820512820513 0.910614525139665 0.973442200257843 0.92 0.906976744186046 0.929824561403509 0.962464300285598 2 3
0.86 0.887700534759358 0.828220858895706 0.939011187297005 0.83 0.82 0.84 0.9252 1 3
0.931428571428571 0.93048128342246 0.932515337423313 0.982808962960533 0.86 0.82 0.9 0.948 2 3
0.892561983471074 0.899470899470899 0.885057471264368 0.961655415678404 0.89 0.941176470588235 0.836734693877551 0.966386554621849 1 3
0.939393939393939 0.931216931216931 0.948275862068966 0.991181657848324 0.91 0.96078431372549 0.857142857142857 0.969587835134054 2 3
0.881889763779528 0.885572139303483 0.877777777777778 0.947816473189607 0.86 0.882352941176471 0.836734693877551 0.904361744697879 1 3
0.910761154855643 0.90547263681592 0.916666666666667 0.977777777777778 0.83 0.823529411764706 0.836734693877551 0.944777911164466 2 3
0.894594594594595 0.890052356020942 0.899441340782123 0.957764193161543 0.83 0.846153846153846 0.8125 0.923878205128205 1 3
0.945945945945946 0.952879581151832 0.93854748603352 0.976278920120507 0.91 0.942307692307692 0.875 0.957932692307692 2 3
0.873198847262248 0.875 0.871345029239766 0.950923710792132 0.94 0.977272727272727 0.910714285714286 0.976866883116883 1 3
0.930835734870317 0.931818181818182 0.929824561403509 0.985944976076555 0.94 0.977272727272727 0.910714285714286 0.992288961038961 2 3
0.881578947368421 0.863636363636364 0.897058823529412 0.940619429590018 0.87 0.901960784313726 0.836734693877551 0.934773909563826 1 3
0.926315789473684 0.920454545454545 0.931372549019608 0.982007575757576 0.91 0.92156862745098 0.897959183673469 0.937575030012005 2 3
0.875634517766497 0.883495145631068 0.867021276595745 0.955019624044619 0.86 0.875 0.840909090909091 0.903003246753247 1 3
0.951776649746193 0.961165048543689 0.941489361702128 0.994500103284445 0.86 0.875 0.840909090909091 0.931006493506494 2 3
0.865384615384615 0.866279069767442 0.864583333333333 0.937833091085271 0.85 0.818181818181818 0.888888888888889 0.943838383838384 1 3
0.931318681318681 0.912790697674419 0.947916666666667 0.988493217054264 0.91 0.854545454545454 0.977777777777778 0.984242424242424 2 3
0.878627968337731 0.854748603351955 0.9 0.945111731843575 0.83 0.787234042553192 0.867924528301887 0.920513849859494 1 3
0.931398416886544 0.921787709497207 0.94 0.987877094972067 0.87 0.872340425531915 0.867924528301887 0.962264150943396 2 3
0.826446280991736 0.829545454545455 0.823529411764706 0.91541079241614 0.89 0.88 0.9 0.9556 1 3
0.928374655647383 0.920454545454545 0.935828877005348 0.96849173553719 0.92 0.88 0.96 0.972 2 3
0.8515625 0.826815642458101 0.873170731707317 0.91726393241586 0.83 0.791666666666667 0.865384615384615 0.919871794871795 1 3
0.903645833333333 0.916201117318436 0.892682926829268 0.972203297451969 0.84 0.770833333333333 0.903846153846154 0.935096153846154 2 3
0.889502762430939 0.879518072289157 0.897959183673469 0.940650356528153 0.87 0.795454545454545 0.928571428571429 0.932224025974026 1 3
0.92817679558011 0.939759036144578 0.918367346938776 0.978393164494714 0.89 0.818181818181818 0.946428571428571 0.954951298701299 2 3
0.885026737967914 0.888324873096447 0.88135593220339 0.950471765751814 0.82 0.846153846153846 0.791666666666667 0.908253205128205 1 3
0.943850267379679 0.934010152284264 0.954802259887006 0.983509707763343 0.86 0.846153846153846 0.875 0.932291666666667 2 3
0.831707317073171 0.821596244131455 0.842639593908629 0.936274159338433 0.78 0.830188679245283 0.723404255319149 0.902850260939382 1 3
0.926829268292683 0.924882629107981 0.928934010152284 0.973689854865232 0.9 0.943396226415094 0.851063829787234 0.945804897631473 2 3
0.825484764542936 0.826815642458101 0.824175824175824 0.925931610289152 0.85 0.849056603773585 0.851063829787234 0.920513849859494 1 3
0.919667590027701 0.899441340782123 0.93956043956044 0.974430597335625 0.89 0.924528301886792 0.851063829787234 0.964271376957045 2 3
0.875 0.892307692307692 0.857142857142857 0.941147741147741 0.8 0.8 0.8 0.897777777777778 1 3
0.921875 0.943589743589744 0.899470899470899 0.978320444987112 0.89 0.872727272727273 0.911111111111111 0.944242424242424 2 3
0.880434782608696 0.896907216494845 0.862068965517241 0.949668207133547 0.82 0.839285714285714 0.795454545454545 0.907061688311688 1 3
0.951086956521739 0.948453608247423 0.954022988505747 0.98101078326816 0.92 0.928571428571429 0.909090909090909 0.971185064935065 2 3
0.868493150684931 0.859459459459459 0.877777777777778 0.943753753753754 0.9 0.942307692307692 0.854166666666667 0.963141025641026 1 3
0.934246575342466 0.935135135135135 0.933333333333333 0.987537537537538 0.91 0.942307692307692 0.875 0.967548076923077 2 3
0.894459102902375 0.912621359223301 0.872832369942196 0.946573881811549 0.82 0.795454545454545 0.839285714285714 0.907873376623377 1 3
0.95778364116095 0.961165048543689 0.953757225433526 0.986110331668444 0.87 0.818181818181818 0.910714285714286 0.969967532467532 2 3
0.877049180327869 0.885245901639344 0.868852459016393 0.9441607692078 0.83 0.813559322033898 0.853658536585366 0.913600661430343 1 3
0.945355191256831 0.945355191256831 0.945355191256831 0.981665621547374 0.85 0.847457627118644 0.853658536585366 0.937990905332782 2 3
0.884718498659517 0.875 0.895027624309392 0.944233425414365 0.85 0.823529411764706 0.877551020408163 0.946778711484594 1 3
0.93029490616622 0.911458333333333 0.950276243093923 0.974361187845304 0.89 0.862745098039216 0.918367346938776 0.971188475390156 2 3
0.881578947368421 0.886010362694301 0.877005347593583 0.951927073231554 0.86 0.833333333333333 0.884615384615385 0.926682692307692 1 3
0.923684210526316 0.917098445595855 0.93048128342246 0.982405585880136 0.89 0.895833333333333 0.884615384615385 0.942708333333333 2 3
0.895604395604396 0.91044776119403 0.877300613496933 0.957665659432897 0.88 0.86 0.9 0.9456 1 3
0.93956043956044 0.935323383084577 0.94478527607362 0.988950950767634 0.89 0.9 0.88 0.9784 2 3
0.870879120879121 0.884422110552764 0.854545454545454 0.936531140551241 0.86 0.92 0.8 0.9484 1 3
0.928571428571429 0.92964824120603 0.927272727272727 0.97100654789097 0.9 0.92 0.88 0.9804 2 3
0.879452054794521 0.911330049261084 0.839506172839506 0.937176914188408 0.83 0.849056603773585 0.808510638297872 0.908871938980329 1 3
0.934246575342466 0.960591133004926 0.901234567901235 0.972176610107645 0.91 0.924528301886792 0.893617021276596 0.946607788036933 2 3
0.838461538461538 0.835820895522388 0.841269841269841 0.918765958566954 0.78 0.760869565217391 0.796296296296296 0.856682769726248 1 3
0.933333333333333 0.940298507462687 0.925925925925926 0.968438232119824 0.83 0.804347826086957 0.851851851851852 0.913446054750403 2 3
0.859416445623342 0.830601092896175 0.88659793814433 0.930032110866993 0.9 0.953488372093023 0.859649122807018 0.958792329661363 1 3
0.907161803713528 0.896174863387978 0.917525773195876 0.969241169511577 0.93 0.976744186046512 0.894736842105263 0.984904120767034 2 3
0.870229007633588 0.865979381443299 0.874371859296482 0.926617624203492 0.87 0.884615384615385 0.854166666666667 0.948717948717949 1 3
0.926208651399491 0.922680412371134 0.92964824120603 0.971273895249443 0.84 0.846153846153846 0.833333333333333 0.932692307692308 2 3
0.860526315789474 0.871134020618557 0.849462365591398 0.941802460924509 0.83 0.891304347826087 0.777777777777778 0.920289855072464 1 3
0.934210526315789 0.943298969072165 0.924731182795699 0.987473672541847 0.9 0.91304347826087 0.888888888888889 0.949275362318841 2 3
0.835579514824798 0.825842696629214 0.844559585492228 0.93732898643535 0.84 0.807692307692308 0.875 0.913862179487179 1 3
0.932614555256065 0.926966292134832 0.937823834196891 0.979420154858241 0.86 0.807692307692308 0.916666666666667 0.941907051282051 2 3
0.899721448467967 0.89119170984456 0.909638554216867 0.957737686497284 0.88 0.897959183673469 0.862745098039216 0.937575030012005 1 3
0.935933147632312 0.958549222797927 0.909638554216867 0.984237468006742 0.88 0.877551020408163 0.882352941176471 0.967587034813926 2 3
0.837837837837838 0.856410256410256 0.817142857142857 0.931985347985348 0.87 0.893617021276596 0.849056603773585 0.937775993576877 1 3
0.937837837837838 0.953846153846154 0.92 0.986139194139194 0.88 0.936170212765957 0.830188679245283 0.972701726214372 2 3
0.886486486486487 0.883977900552486 0.888888888888889 0.950714724195387 0.87 0.857142857142857 0.886363636363636 0.965503246753247 1 3
0.943243243243243 0.94475138121547 0.941798941798942 0.9864070858546 0.92 0.910714285714286 0.931818181818182 0.977678571428571 2 3
0.877284595300261 0.873015873015873 0.881443298969072 0.94471717667594 0.87 0.826923076923077 0.916666666666667 0.959535256410256 1 3
0.939947780678851 0.952380952380952 0.927835051546392 0.977772323133148 0.95 0.942307692307692 0.958333333333333 0.984375 2 3
0.847769028871391 0.839779005524862 0.855 0.928756906077348 0.89 0.872340425531915 0.905660377358491 0.949819349658772 1 3
0.910761154855643 0.917127071823204 0.905 0.969005524861879 0.96 0.957446808510638 0.962264150943396 0.987555198715375 2 3
