0.976190476190476 0.933333333333333 1 0.997530864197531 0.77 0.763636363636364 0.777777777777778 0.873131313131313 1 1
0.976190476190476 0.933333333333333 1 1 0.82 0.672727272727273 1 0.94020202020202 2 1
0.954545454545455 0.95 0.958333333333333 0.99375 0.82 0.758620689655172 0.904761904761905 0.890804597701149 1 1
1 1 1 1 0.83 0.758620689655172 0.928571428571429 0.942118226600985 2 1
0.911111111111111 0.928571428571429 0.882352941176471 0.96218487394958 0.77 0.830188679245283 0.702127659574468 0.878362103572862 1 1
0.933333333333333 0.964285714285714 0.882352941176471 0.976890756302521 0.78 0.849056603773585 0.702127659574468 0.88277800080289 2 1
0.905660377358491 0.875 0.931034482758621 0.935344827586207 0.84 0.739130434782609 0.925925925925926 0.913446054750403 1 1
0.924528301886792 0.916666666666667 0.931034482758621 0.975574712643678 0.88 0.826086956521739 0.925925925925926 0.946054750402576 2 1
0.875 0.952380952380952 0.789473684210526 0.902255639097744 0.77 0.777777777777778 0.760869565217391 0.842592592592593 1 1
0.975 1 0.947368421052632 0.992481203007519 0.83 0.814814814814815 0.847826086956522 0.911433172302737 2 1
0.91304347826087 0.894736842105263 0.925925925925926 0.966861598440546 0.86 0.76 0.96 0.9412 1 1
0.978260869565217 0.947368421052632 1 1 0.89 0.86 0.92 0.952 2 1
0.888888888888889 0.888888888888889 0.888888888888889 0.954732510288066 0.73 0.529411764705882 0.938775510204082 0.755502200880352 1 1
0.955555555555556 1 0.925925925925926 0.98559670781893 0.71 0.607843137254902 0.816326530612245 0.863545418167267 2 1
0.865384615384615 0.911764705882353 0.777777777777778 0.926470588235294 0.84 0.941176470588235 0.73469387755102 0.939175670268107 1 1
0.942307692307692 1 0.833333333333333 1 0.81 0.980392156862745 0.63265306122449 0.954781912765106 2 1
0.941176470588235 0.916666666666667 0.962962962962963 0.978395061728395 0.84 0.86046511627907 0.824561403508772 0.946960424316605 1 1
0.96078431372549 1 0.925925925925926 0.996913580246914 0.88 0.883720930232558 0.87719298245614 0.943696450428397 2 1
0.9 0.869565217391304 0.925925925925926 0.985507246376812 0.8 0.75 0.854166666666667 0.887019230769231 1 1
0.96 0.91304347826087 1 0.995169082125604 0.81 0.711538461538462 0.916666666666667 0.920272435897436 2 1
0.96078431372549 0.944444444444444 0.96969696969697 0.941077441077441 0.84 0.76 0.92 0.9172 1 1
0.980392156862745 1 0.96969696969697 1 0.86 0.78 0.94 0.9508 2 1
0.953488372093023 1 0.91304347826087 0.980434782608696 0.84 0.833333333333333 0.847826086956522 0.92109500805153 1 1
0.976744186046512 1 0.956521739130435 0.989130434782609 0.78 0.703703703703704 0.869565217391304 0.900563607085346 2 1
0.75 0.814814814814815 0.68 0.881481481481481 0.75 0.959183673469388 0.549019607843137 0.92156862745098 1 1
0.923076923076923 0.925925925925926 0.92 0.967407407407407 0.82 0.979591836734694 0.666666666666667 0.945178071228491 2 1
0.883720930232558 0.956521739130435 0.8 0.973913043478261 0.78 0.82 0.74 0.8756 1 1
0.976744186046512 0.956521739130435 1 0.989130434782609 0.79 0.72 0.86 0.8892 2 1
0.938775510204082 0.909090909090909 0.962962962962963 0.983164983164983 0.88 0.795918367346939 0.96078431372549 0.931572629051621 1 1
1 1 1 1 0.89 0.857142857142857 0.92156862745098 0.949179671868748 2 1
0.82051282051282 0.5625 1 0.894021739130435 0.7 0.411764705882353 1 0.838735494197679 1 1
0.974358974358974 1 0.956521739130435 0.994565217391304 0.76 0.666666666666667 0.857142857142857 0.883553421368547 2 1
0.895833333333333 0.9 0.888888888888889 0.962962962962963 0.82 0.7 0.9 0.9025 1 1
1 1 1 1 0.86 0.85 0.866666666666667 0.920416666666667 2 1
0.930232558139535 0.947368421052632 0.916666666666667 0.984649122807018 0.83 0.829787234042553 0.830188679245283 0.93054997992774 1 1
0.976744186046512 0.947368421052632 1 0.995614035087719 0.88 0.872340425531915 0.886792452830189 0.958249698916098 2 1
0.914893617021277 0.956521739130435 0.875 0.983695652173913 0.86 0.897959183673469 0.823529411764706 0.933173269307723 1 1
0.936170212765957 0.956521739130435 0.916666666666667 0.983695652173913 0.86 0.857142857142857 0.862745098039216 0.926770708283313 2 1
0.804878048780488 0.88 0.6875 0.925 0.79 0.894736842105263 0.651162790697674 0.896776825785394 1 1
0.951219512195122 0.96 0.9375 0.99 0.8 0.929824561403509 0.627906976744186 0.901672786617707 2 1
0.816326530612245 0.962962962962963 0.636363636363636 0.920875420875421 0.7 0.973684210526316 0.532258064516129 0.944821731748727 1 1
0.897959183673469 0.925925925925926 0.863636363636364 0.956228956228956 0.83 0.947368421052632 0.758064516129032 0.917657045840407 2 1
0.880952380952381 0.823529411764706 0.92 0.955294117647059 0.79 0.745454545454545 0.844444444444444 0.881212121212121 1 1
0.976190476190476 1 0.96 1 0.81 0.818181818181818 0.8 0.904646464646465 2 1
0.901960784313726 0.923076923076923 0.88 0.972307692307692 0.82 0.793103448275862 0.857142857142857 0.913793103448276 1 1
0.96078431372549 0.961538461538462 0.96 0.992307692307692 0.84 0.931034482758621 0.714285714285714 0.9376026272578 2 1
0.883720930232558 0.916666666666667 0.842105263157895 0.971491228070175 0.84 0.888888888888889 0.8 0.930909090909091 1 1
0.930232558139535 0.958333333333333 0.894736842105263 0.984649122807018 0.84 0.911111111111111 0.781818181818182 0.934141414141414 2 1
0.877551020408163 1 0.666666666666667 0.93010752688172 0.78 1 0.56 0.9156 1 1
0.959183673469388 1 0.888888888888889 0.987455197132617 0.8 0.88 0.72 0.9396 2 1
0.85 0.823529411764706 0.869565217391304 0.923273657289003 0.89 0.843137254901961 0.938775510204082 0.947178871548619 1 1
0.85 0.764705882352941 0.91304347826087 0.956521739130435 0.84 0.725490196078431 0.959183673469388 0.964785914365746 2 1
0.952380952380952 0.954545454545455 0.95 0.972727272727273 0.77 0.777777777777778 0.763636363636364 0.844848484848485 1 1
0.904761904761905 0.909090909090909 0.9 0.986363636363636 0.82 0.844444444444444 0.8 0.899393939393939 2 1
0.934782608695652 0.954545454545455 0.916666666666667 0.986742424242424 0.86 0.865384615384615 0.854166666666667 0.92588141025641 1 1
0.978260869565217 0.954545454545455 1 0.996212121212121 0.88 0.865384615384615 0.895833333333333 0.94551282051282 2 1
0.851063829787234 0.869565217391304 0.833333333333333 0.911231884057971 0.81 0.75 0.875 0.907852564102564 1 1
0.914893617021277 0.956521739130435 0.875 0.97463768115942 0.89 0.865384615384615 0.916666666666667 0.953926282051282 2 1
0.926829268292683 0.956521739130435 0.888888888888889 0.93719806763285 0.86 0.76 0.96 0.9608 1 1
0.975609756097561 1 0.944444444444444 0.954106280193237 0.81 0.84 0.78 0.928 2 1
1 1 1 1 0.77 0.777777777777778 0.763636363636364 0.882828282828283 1 1
1 1 1 1 0.79 0.688888888888889 0.872727272727273 0.898585858585859 2 1
0.811320754716981 0.8 0.821428571428571 0.918571428571429 0.76 0.551020408163265 0.96078431372549 0.88875550220088 1 1
0.905660377358491 0.84 0.964285714285714 0.984285714285714 0.73 0.612244897959184 0.843137254901961 0.847539015606242 2 1
0.975609756097561 1 0.958333333333333 0.985294117647059 0.85 0.826923076923077 0.875 0.921073717948718 1 1
0.975609756097561 1 0.958333333333333 1 0.81 0.75 0.875 0.923878205128205 2 1
0.760869565217391 0.888888888888889 0.578947368421053 0.87719298245614 0.79 1 0.553191489361702 0.940586109995986 1 1
0.934782608695652 0.925925925925926 0.947368421052632 0.984405458089669 0.86 0.905660377358491 0.808510638297872 0.90606182256122 2 1
1 1 1 1 0.82 0.785714285714286 0.844827586206897 0.85632183908046 1 1
1 1 1 1 0.84 0.761904761904762 0.896551724137931 0.876436781609195 2 1
0.954545454545455 0.958333333333333 0.95 0.995833333333333 0.85 0.803921568627451 0.897959183673469 0.939175670268107 1 1
0.977272727272727 0.958333333333333 1 1 0.86 0.803921568627451 0.918367346938776 0.958783513405362 2 1
0.906976744186046 0.904761904761905 0.909090909090909 0.982683982683983 0.84 0.763636363636364 0.933333333333333 0.877979797979798 1 1
0.953488372093023 0.952380952380952 0.954545454545455 0.991341991341991 0.81 0.690909090909091 0.955555555555556 0.909494949494949 2 1
0.936170212765957 0.962962962962963 0.9 0.992592592592593 0.82 0.833333333333333 0.804347826086957 0.886876006441224 1 1
0.957446808510638 1 0.9 1 0.83 0.814814814814815 0.847826086956522 0.94524959742351 2 1
0.714285714285714 0 1 0.86 0.56 0 1 0.864853896103896 1 1
1 1 1 1 0.8 0.636363636363636 0.928571428571429 0.916801948051948 2 1
0.869565217391304 0.91304347826087 0.826086956521739 0.952741020793951 0.89 0.886363636363636 0.892857142857143 0.900568181818182 1 1
0.934782608695652 0.956521739130435 0.91304347826087 0.979206049149338 0.88 0.909090909090909 0.857142857142857 0.946428571428571 2 1
0.886363636363636 0.954545454545455 0.818181818181818 0.962809917355372 0.78 0.723404255319149 0.830188679245283 0.875150541951024 1 1
0.931818181818182 1 0.863636363636364 0.985537190082645 0.8 0.723404255319149 0.867924528301887 0.896828582898434 2 1
0.891304347826087 0.863636363636364 0.916666666666667 0.943181818181818 0.82 0.727272727272727 0.892857142857143 0.87012987012987 1 1
0.956521739130435 0.909090909090909 1 0.996212121212121 0.8 0.613636363636364 0.946428571428571 0.900162337662338 2 1
0.916666666666667 0.944444444444444 0.888888888888889 0.993827160493827 0.83 0.865384615384615 0.791666666666667 0.901842948717949 1 1
0.944444444444444 0.944444444444444 0.944444444444444 0.996913580246914 0.86 0.769230769230769 0.958333333333333 0.94511217948718 2 1
0.906976744186046 0.916666666666667 0.894736842105263 0.975877192982456 0.86 0.849056603773585 0.872340425531915 0.942593336009635 1 1
0.976744186046512 1 0.947368421052632 1 0.83 0.792452830188679 0.872340425531915 0.899237254114813 2 1
0.911111111111111 0.888888888888889 0.925925925925926 0.92798353909465 0.88 0.862068965517241 0.904761904761905 0.939655172413793 1 1
0.977777777777778 1 0.962962962962963 0.989711934156379 0.91 0.896551724137931 0.928571428571429 0.9688013136289 2 1
0.921052631578947 1 0.842105263157895 0.955678670360111 0.77 0.926829268292683 0.661016949152542 0.94295163290616 1 1
0.947368421052632 1 0.894736842105263 0.952908587257618 0.84 0.902439024390244 0.796610169491525 0.940057875155023 2 1
0.92156862745098 0.92 0.923076923076923 0.955384615384615 0.86 0.736842105263158 0.935483870967742 0.914261460101868 1 1
0.92156862745098 0.92 0.923076923076923 0.992307692307692 0.85 0.736842105263158 0.919354838709677 0.911714770797963 2 1
0.886363636363636 0.88 0.894736842105263 0.951578947368421 0.82 0.84 0.8 0.8824 1 1
0.931818181818182 0.92 0.947368421052632 0.976842105263158 0.79 0.82 0.76 0.9056 2 1
0.75 0.5 0.923076923076923 0.925213675213675 0.84 0.755102040816326 0.92156862745098 0.937174869947979 1 1
0.931818181818182 0.888888888888889 0.961538461538462 0.978632478632479 0.85 0.857142857142857 0.843137254901961 0.941176470588235 2 1
0.977777777777778 1 0.96 0.992 0.82 0.897959183673469 0.745098039215686 0.916766706682673 1 1
0.955555555555556 0.95 0.96 0.996 0.85 0.877551020408163 0.823529411764706 0.932372949179672 2 1
0.956521739130435 0.952380952380952 0.96 0.986666666666667 0.75 0.660714285714286 0.863636363636364 0.84375 1 1
0.978260869565217 1 0.96 1 0.84 0.767857142857143 0.931818181818182 0.903003246753247 2 1
0.893617021276596 0.961538461538462 0.80952380952381 0.956043956043956 0.83 0.980769230769231 0.666666666666667 0.941105769230769 1 1
0.978723404255319 1 0.952380952380952 0.994505494505495 0.74 0.923076923076923 0.541666666666667 0.91386217948718 2 1
0.972972972972973 0.944444444444444 1 0.97953216374269 0.83 0.833333333333333 0.826923076923077 0.923477564102564 1 1
1 1 1 1 0.82 0.875 0.769230769230769 0.926682692307692 2 1
0.893617021276596 0.92 0.863636363636364 0.938181818181818 0.77 0.864864864864865 0.714285714285714 0.901758901758902 1 1
0.957446808510638 0.96 0.954545454545455 0.992727272727273 0.7 0.918918918918919 0.571428571428571 0.894465894465894 2 1
0.878048780487805 0.909090909090909 0.842105263157895 0.961722488038278 0.79 0.836734693877551 0.745098039215686 0.887154861944778 1 1
0.975609756097561 0.954545454545455 1 0.995215311004785 0.85 0.795918367346939 0.901960784313726 0.94437775110044 2 1
0.925 0.95 0.9 0.9825 0.83 0.866666666666667 0.8 0.927676767676768 1 1
0.925 0.9 0.95 0.995 0.85 0.866666666666667 0.836363636363636 0.936565656565657 2 1
0.930232558139535 0.894736842105263 0.958333333333333 0.980263157894737 0.8 0.693877551020408 0.901960784313726 0.908363345338135 1 1
1 1 1 1 0.79 0.775510204081633 0.803921568627451 0.913165266106443 2 1
0.928571428571429 0.9375 0.923076923076923 0.992788461538462 0.83 0.86046511627907 0.807017543859649 0.898816809465524 1 1
1 1 1 1 0.8 0.790697674418605 0.807017543859649 0.868625050999592 2 1
0.91304347826087 0.92 0.904761904761905 0.969523809523809 0.85 0.906976744186046 0.807017543859649 0.911464708282334 1 1
1 1 1 1 0.79 0.883720930232558 0.719298245614035 0.937168502651979 2 1
0.954545454545455 0.909090909090909 1 1 0.83 0.73469387755102 0.92156862745098 0.895558223289316 1 1
0.954545454545455 0.954545454545455 0.954545454545455 0.995867768595041 0.88 0.775510204081633 0.980392156862745 0.954781912765106 2 1
0.82 0.9 0.7 0.941666666666667 0.79 0.857142857142857 0.704545454545455 0.851055194805195 1 1
0.94 0.966666666666667 0.9 0.985 0.81 0.982142857142857 0.590909090909091 0.913555194805195 2 1
0.833333333333333 1 0.5625 0.901442307692308 0.79 0.869565217391304 0.722222222222222 0.876409017713366 1 1
0.833333333333333 1 0.5625 0.944711538461538 0.77 0.891304347826087 0.666666666666667 0.884460547504026 2 1
0.895833333333333 0.925925925925926 0.857142857142857 0.980599647266314 0.88 0.981481481481482 0.760869565217391 0.971417069243156 1 1
1 1 1 1 0.86 0.907407407407407 0.804347826086957 0.9585346215781 2 1
0.95 0.954545454545455 0.944444444444444 0.994949494949495 0.86 0.884615384615385 0.833333333333333 0.919471153846154 1 1
1 1 1 1 0.82 0.865384615384615 0.770833333333333 0.918669871794872 2 1
0.953488372093023 0.954545454545455 0.952380952380952 0.997835497835498 0.82 0.803921568627451 0.836734693877551 0.879951980792317 1 1
1 1 1 1 0.84 0.823529411764706 0.857142857142857 0.891956782713085 2 1
0.95 0.944444444444444 0.954545454545455 0.992424242424242 0.82 0.659574468085106 0.962264150943396 0.919710959454035 1 1
1 1 1 1 0.78 0.74468085106383 0.811320754716981 0.865917302288238 2 1
0.903846153846154 0.92 0.888888888888889 0.96 0.88 0.91304347826087 0.851851851851852 0.956119162640902 1 1
0.980769230769231 1 0.962962962962963 0.998518518518518 0.9 0.978260869565217 0.833333333333333 0.964170692431562 2 1
0.836734693877551 0.647058823529412 0.9375 0.878676470588235 0.86 0.8 0.909090909090909 0.924848484848485 1 1
0.918367346938776 0.882352941176471 0.9375 0.987132352941177 0.84 0.822222222222222 0.854545454545454 0.941818181818182 2 1
0.941176470588235 0.96 0.923076923076923 0.981538461538462 0.89 0.846153846153846 0.9375 0.925480769230769 1 1
1 1 1 1 0.83 0.807692307692308 0.854166666666667 0.906650641025641 2 1
0.909090909090909 0.833333333333333 0.961538461538462 0.925213675213675 0.83 0.68 0.98 0.902 1 1
0.931818181818182 0.833333333333333 1 1 0.75 0.6 0.9 0.8792 2 1
0.926829268292683 0.952380952380952 0.9 0.969047619047619 0.84 0.883720930232558 0.807017543859649 0.934312525499796 1 1
0.975609756097561 1 0.95 1 0.92 0.883720930232558 0.947368421052632 0.954304365565075 2 1
0.9 0.894736842105263 0.904761904761905 0.957393483709273 0.89 0.816326530612245 0.96078431372549 0.946778711484594 1 1
0.95 0.947368421052632 0.952380952380952 0.994987468671679 0.89 0.857142857142857 0.92156862745098 0.93797519007603 2 1
0.78 0.931034482758621 0.571428571428571 0.886699507389162 0.74 0.843137254901961 0.63265306122449 0.851540616246499 1 1
0.92 0.96551724137931 0.857142857142857 0.981937602627258 0.85 0.92156862745098 0.775510204081633 0.919167667066827 2 1
0.849056603773585 0.826086956521739 0.866666666666667 0.976811594202899 0.78 0.744186046511628 0.807017543859649 0.890656874745002 1 1
0.905660377358491 0.956521739130435 0.866666666666667 0.984057971014493 0.77 0.720930232558139 0.807017543859649 0.891472868217054 2 1
0.897959183673469 0.863636363636364 0.925925925925926 0.925925925925926 0.8 0.659574468085106 0.924528301886792 0.861501405058209 1 1
0.959183673469388 0.954545454545455 0.962962962962963 0.983164983164983 0.84 0.723404255319149 0.943396226415094 0.905660377358491 2 1
0.958333333333333 0.91304347826087 1 0.984347826086956 0.72 0.434782608695652 0.962962962962963 0.799919484702093 1 1
1 1 1 1 0.75 0.804347826086957 0.703703703703704 0.852254428341385 2 1
0.891304347826087 0.875 0.909090909090909 0.929924242424242 0.81 0.875 0.75 0.91426282051282 1 1
0.956521739130435 1 0.909090909090909 0.986742424242424 0.83 0.895833333333333 0.769230769230769 0.935496794871795 2 1
0.974358974358974 1 0.933333333333333 0.997222222222222 0.81 0.907407407407407 0.695652173913043 0.912238325281804 1 1
1 1 1 1 0.88 0.925925925925926 0.826086956521739 0.932367149758454 2 1
0.925 0.944444444444444 0.909090909090909 0.992424242424242 0.77 0.78 0.76 0.8636 1 1
1 1 1 1 0.75 0.72 0.78 0.8396 2 1
0.931818181818182 0.916666666666667 0.95 0.96875 0.91 0.934782608695652 0.888888888888889 0.985909822866345 1 1
0.954545454545455 0.958333333333333 0.95 0.99375 0.85 0.91304347826087 0.796296296296296 0.957729468599034 2 1
0.863636363636364 0.777777777777778 0.923076923076923 0.942307692307692 0.82 0.763636363636364 0.888888888888889 0.921616161616162 1 1
1 1 1 1 0.84 0.763636363636364 0.933333333333333 0.92 2 1
0.909090909090909 0.933333333333333 0.888888888888889 0.966666666666667 0.74 0.673913043478261 0.796296296296296 0.859500805152979 1 1
0.96969696969697 1 0.944444444444444 0.992592592592593 0.71 0.608695652173913 0.796296296296296 0.822866344605475 2 1
0.872340425531915 0.931034482758621 0.777777777777778 0.96360153256705 0.83 0.893617021276596 0.773584905660377 0.938980329185066 1 1
0.957446808510638 0.96551724137931 0.944444444444444 0.996168582375479 0.84 0.978723404255319 0.716981132075472 0.943396226415094 2 1
0.808510638297872 0.92 0.681818181818182 0.949090909090909 0.8 0.865384615384615 0.729166666666667 0.886217948717949 1 1
0.978723404255319 0.96 1 0.998181818181818 0.85 0.865384615384615 0.833333333333333 0.916266025641026 2 1
0.92 0.884615384615385 0.958333333333333 0.939102564102564 0.83 0.758620689655172 0.928571428571429 0.875615763546798 1 1
0.88 0.807692307692308 0.958333333333333 0.977564102564103 0.83 0.758620689655172 0.928571428571429 0.902298850574713 2 1
0.933333333333333 0.92 0.95 0.966 0.81 0.865384615384615 0.75 0.864182692307692 1 1
1 1 1 1 0.73 0.75 0.708333333333333 0.809294871794872 2 1
0.842105263157895 0.894736842105263 0.789473684210526 0.914127423822715 0.79 0.777777777777778 0.8 0.882424242424242 1 1
0.973684210526316 1 0.947368421052632 0.994459833795014 0.73 0.822222222222222 0.654545454545455 0.86949494949495 2 1
0.86046511627907 0.904761904761905 0.818181818181818 0.926406926406926 0.85 0.836363636363636 0.866666666666667 0.933333333333333 1 1
0.953488372093023 0.904761904761905 1 0.997835497835498 0.9 0.963636363636364 0.822222222222222 0.933737373737374 2 1
0.836734693877551 0.647058823529412 0.9375 0.915441176470588 0.8 0.716666666666667 0.925 0.931666666666667 1 1
0.938775510204082 0.941176470588235 0.9375 0.977941176470588 0.89 0.85 0.95 0.939166666666667 2 1
0.928571428571429 0.875 0.961538461538462 0.942307692307692 0.86 0.9 0.8 0.950833333333333 1 1
0.976190476190476 0.9375 1 0.995192307692308 0.89 0.883333333333333 0.9 0.946666666666667 2 1
0.936170212765957 0.941176470588235 0.933333333333333 0.992156862745098 0.68 0.43859649122807 1 0.793145654834761 1 1
0.957446808510638 1 0.933333333333333 0.996078431372549 0.78 0.666666666666667 0.930232558139535 0.876784985720114 2 1
0.882352941176471 0.923076923076923 0.84 0.915384615384615 0.79 0.884615384615385 0.6875 0.907451923076923 1 1
0.96078431372549 0.961538461538462 0.96 0.981538461538462 0.82 0.846153846153846 0.791666666666667 0.919070512820513 2 1
0.926829268292683 0.947368421052632 0.909090909090909 0.990430622009569 0.89 0.844827586206897 0.952380952380952 0.957717569786535 1 1
1 1 1 1 0.93 0.879310344827586 1 0.987684729064039 2 1
0.958333333333333 0.909090909090909 1 0.996503496503496 0.76 0.660714285714286 0.886363636363636 0.877029220779221 1 1
0.979166666666667 0.954545454545455 1 1 0.8 0.696428571428571 0.931818181818182 0.887175324675325 2 1
0.833333333333333 1 0.533333333333333 0.903703703703704 0.69 0.978723404255319 0.433962264150943 0.97591328783621 1 1
0.952380952380952 1 0.866666666666667 0.995061728395062 0.86 0.957446808510638 0.773584905660377 0.975110397430751 2 1
0.863636363636364 0.863636363636364 0.863636363636364 0.944214876033058 0.79 0.830188679245283 0.74468085106383 0.822561220393416 1 1
0.954545454545455 0.954545454545455 0.954545454545455 0.983471074380165 0.82 0.943396226415094 0.680851063829787 0.90726615816941 2 1
0.916666666666667 0.92 0.91304347826087 0.951304347826087 0.81 0.84 0.78 0.8808 1 1
0.916666666666667 0.92 0.91304347826087 0.963478260869565 0.8 0.76 0.84 0.9176 2 1
0.846153846153846 0.857142857142857 0.833333333333333 0.907738095238095 0.87 0.927272727272727 0.8 0.965252525252525 1 1
0.942307692307692 0.928571428571429 0.958333333333333 0.989583333333333 0.9 0.890909090909091 0.911111111111111 0.968888888888889 2 1
0.875 0.888888888888889 0.863636363636364 0.936868686868687 0.76 0.714285714285714 0.818181818181818 0.850649350649351 1 1
0.925 1 0.863636363636364 1 0.72 0.625 0.840909090909091 0.852678571428571 2 1
0.875 0.857142857142857 0.888888888888889 0.950617283950617 0.79 0.872727272727273 0.688888888888889 0.89010101010101 1 1
0.895833333333333 0.857142857142857 0.925925925925926 0.984126984126984 0.8 0.8 0.8 0.890909090909091 2 1
0.976190476190476 0.933333333333333 1 0.997530864197531 0.77 0.763636363636364 0.777777777777778 0.871515151515152 1 2
0.976190476190476 0.933333333333333 1 1 0.83 0.690909090909091 1 0.942222222222222 2 2
0.931818181818182 0.95 0.916666666666667 0.99375 0.85 0.793103448275862 0.928571428571429 0.899835796387521 1 2
1 1 1 1 0.85 0.775862068965517 0.952380952380952 0.946223316912972 2 2
0.888888888888889 0.928571428571429 0.823529411764706 0.960084033613445 0.77 0.830188679245283 0.702127659574468 0.880369329586511 1 2
0.933333333333333 0.964285714285714 0.882352941176471 0.976890756302521 0.79 0.867924528301887 0.702127659574468 0.894018466479326 2 2
0.886792452830189 0.875 0.896551724137931 0.936781609195402 0.85 0.739130434782609 0.944444444444444 0.919484702093398 1 2
0.924528301886792 0.916666666666667 0.931034482758621 0.975574712643678 0.87 0.826086956521739 0.907407407407407 0.945652173913043 2 2
0.85 0.952380952380952 0.736842105263158 0.917293233082707 0.79 0.833333333333333 0.739130434782609 0.867954911433172 1 2
0.975 1 0.947368421052632 0.987468671679198 0.84 0.851851851851852 0.826086956521739 0.92914653784219 2 2
0.91304347826087 0.894736842105263 0.925925925925926 0.962962962962963 0.79 0.6 0.98 0.8652 1 2
0.978260869565217 0.947368421052632 1 1 0.76 0.72 0.8 0.8788 2 2
0.888888888888889 0.888888888888889 0.888888888888889 0.954732510288066 0.72 0.509803921568627 0.938775510204082 0.774309723889556 1 2
0.955555555555556 1 0.925925925925926 0.98559670781893 0.73 0.627450980392157 0.836734693877551 0.863545418167267 2 2
0.865384615384615 0.941176470588235 0.722222222222222 0.924836601307189 0.82 0.96078431372549 0.673469387755102 0.942777110844338 1 2
0.942307692307692 1 0.833333333333333 1 0.83 0.96078431372549 0.693877551020408 0.945978391356543 2 2
0.941176470588235 0.958333333333333 0.925925925925926 0.981481481481482 0.85 0.86046511627907 0.842105263157895 0.949816401468788 1 2
0.96078431372549 1 0.925925925925926 0.996913580246914 0.9 0.906976744186046 0.894736842105263 0.937576499388005 2 2
0.92 0.869565217391304 0.962962962962963 0.979066022544283 0.81 0.75 0.875 0.903445512820513 1 2
0.96 0.91304347826087 1 0.99194847020934 0.83 0.75 0.916666666666667 0.899839743589744 2 2
0.941176470588235 0.888888888888889 0.96969696969697 0.936026936026936 0.83 0.76 0.9 0.9164 1 2
0.980392156862745 1 0.96969696969697 1 0.86 0.78 0.94 0.9416 2 2
0.930232558139535 0.95 0.91304347826087 0.982608695652174 0.79 0.759259259259259 0.826086956521739 0.913848631239936 1 2
0.953488372093023 1 0.91304347826087 0.989130434782609 0.79 0.685185185185185 0.91304347826087 0.886876006441224 2 2
0.788461538461538 0.888888888888889 0.68 0.885925925925926 0.75 0.938775510204082 0.568627450980392 0.912765106042417 1 2
0.923076923076923 0.925925925925926 0.92 0.967407407407407 0.81 0.959183673469388 0.666666666666667 0.94077631052421 2 2
0.883720930232558 0.956521739130435 0.8 0.973913043478261 0.8 0.84 0.76 0.8832 1 2
0.976744186046512 0.956521739130435 1 0.98695652173913 0.82 0.8 0.84 0.8988 2 2
0.938775510204082 0.909090909090909 0.962962962962963 0.984848484848485 0.88 0.795918367346939 0.96078431372549 0.931572629051621 1 2
1 1 1 1 0.89 0.857142857142857 0.92156862745098 0.943177270908363 2 2
0.82051282051282 0.625 0.956521739130435 0.894021739130435 0.73 0.490196078431373 0.979591836734694 0.861944777911164 1 2
0.974358974358974 1 0.956521739130435 0.994565217391304 0.78 0.725490196078431 0.836734693877551 0.88515406162465 2 2
0.895833333333333 0.9 0.888888888888889 0.961111111111111 0.82 0.7 0.9 0.905416666666667 1 2
1 1 1 1 0.84 0.825 0.85 0.925416666666667 2 2
0.930232558139535 0.947368421052632 0.916666666666667 0.991228070175439 0.81 0.808510638297872 0.811320754716981 0.916499397832196 1 2
0.976744186046512 0.947368421052632 1 0.995614035087719 0.87 0.851063829787234 0.886792452830189 0.949417904456042 2 2
0.914893617021277 0.956521739130435 0.875 0.985507246376812 0.84 0.857142857142857 0.823529411764706 0.930372148859544 1 2
0.914893617021277 0.91304347826087 0.916666666666667 0.983695652173913 0.81 0.775510204081633 0.843137254901961 0.925570228091236 2 2
0.829268292682927 0.92 0.6875 0.9325 0.78 0.912280701754386 0.604651162790698 0.887800897592819 1 2
0.926829268292683 0.96 0.875 0.985 0.8 0.929824561403509 0.627906976744186 0.898816809465524 2 2
0.836734693877551 0.962962962962963 0.681818181818182 0.919191919191919 0.68 0.973684210526316 0.5 0.956706281833616 1 2
0.877551020408163 0.888888888888889 0.863636363636364 0.95959595959596 0.84 0.947368421052632 0.774193548387097 0.929541595925297 2 2
0.880952380952381 0.823529411764706 0.92 0.955294117647059 0.81 0.763636363636364 0.866666666666667 0.901818181818182 1 2
0.976190476190476 1 0.96 1 0.84 0.836363636363636 0.844444444444444 0.915555555555556 2 2
0.92156862745098 0.961538461538462 0.88 0.976923076923077 0.83 0.810344827586207 0.857142857142857 0.914203612479475 1 2
0.96078431372549 0.961538461538462 0.96 0.992307692307692 0.84 0.931034482758621 0.714285714285714 0.94047619047619 2 2
0.883720930232558 0.916666666666667 0.842105263157895 0.967105263157895 0.85 0.911111111111111 0.8 0.936969696969697 1 2
0.883720930232558 0.916666666666667 0.842105263157895 0.982456140350877 0.85 0.933333333333333 0.781818181818182 0.929292929292929 2 2
0.877551020408163 1 0.666666666666667 0.92831541218638 0.8 1 0.6 0.9156 1 2
0.959183673469388 1 0.888888888888889 0.987455197132617 0.82 0.88 0.76 0.9428 2 2
0.825 0.823529411764706 0.826086956521739 0.923273657289003 0.86 0.843137254901961 0.877551020408163 0.94437775110044 1 2
0.875 0.823529411764706 0.91304347826087 0.959079283887468 0.86 0.784313725490196 0.938775510204082 0.963985594237695 2 2
0.952380952380952 0.954545454545455 0.95 0.972727272727273 0.78 0.777777777777778 0.781818181818182 0.842424242424242 1 2
0.904761904761905 0.909090909090909 0.9 0.986363636363636 0.8 0.822222222222222 0.781818181818182 0.891717171717172 2 2
0.934782608695652 0.954545454545455 0.916666666666667 0.984848484848485 0.86 0.865384615384615 0.854166666666667 0.935496794871795 1 2
0.978260869565217 0.954545454545455 1 0.996212121212121 0.9 0.884615384615385 0.916666666666667 0.947916666666667 2 2
0.872340425531915 0.91304347826087 0.833333333333333 0.91304347826087 0.79 0.711538461538462 0.875 0.903445512820513 1 2
0.914893617021277 0.956521739130435 0.875 0.972826086956522 0.88 0.826923076923077 0.9375 0.951522435897436 2 2
0.926829268292683 0.956521739130435 0.888888888888889 0.93719806763285 0.87 0.78 0.96 0.9664 1 2
0.975609756097561 1 0.944444444444444 0.954106280193237 0.82 0.84 0.8 0.9328 2 2
0.976190476190476 0.952380952380952 1 1 0.78 0.777777777777778 0.781818181818182 0.893333333333333 1 2
1 1 1 1 0.8 0.733333333333333 0.854545454545454 0.901414141414141 2 2
0.811320754716981 0.8 0.821428571428571 0.915714285714286 0.77 0.571428571428571 0.96078431372549 0.895558223289316 1 2
0.905660377358491 0.84 0.964285714285714 0.984285714285714 0.75 0.653061224489796 0.843137254901961 0.862745098039216 2 2
0.975609756097561 1 0.958333333333333 0.995098039215686 0.85 0.846153846153846 0.854166666666667 0.897035256410256 1 2
1 1 1 1 0.8 0.730769230769231 0.875 0.887419871794872 2 2
0.782608695652174 0.925925925925926 0.578947368421053 0.871345029239766 0.78 0.981132075471698 0.553191489361702 0.939783219590526 1 2
0.934782608695652 0.925925925925926 0.947368421052632 0.984405458089669 0.85 0.924528301886792 0.765957446808511 0.916900843034926 2 2
1 1 1 1 0.81 0.761904761904762 0.844827586206897 0.854679802955665 1 2
1 1 1 1 0.8 0.761904761904762 0.827586206896552 0.877257799671593 2 2
0.954545454545455 0.958333333333333 0.95 0.997916666666667 0.88 0.803921568627451 0.959183673469388 0.939575830332133 1 2
0.977272727272727 0.958333333333333 1 1 0.85 0.784313725490196 0.918367346938776 0.952781112444978 2 2
0.883720930232558 0.857142857142857 0.909090909090909 0.987012987012987 0.83 0.745454545454545 0.933333333333333 0.884444444444444 1 2
0.953488372093023 0.952380952380952 0.954545454545455 0.989177489177489 0.8 0.672727272727273 0.955555555555556 0.911111111111111 2 2
0.936170212765957 0.962962962962963 0.9 0.992592592592593 0.83 0.851851851851852 0.804347826086957 0.896135265700483 1 2
0.957446808510638 1 0.9 1 0.88 0.888888888888889 0.869565217391304 0.949677938808374 2 2
0.714285714285714 0 1 0.86 0.56 0 1 0.877435064935065 1 2
1 1 1 1 0.81 0.659090909090909 0.928571428571429 0.921672077922078 2 2
0.847826086956522 0.869565217391304 0.826086956521739 0.954631379962193 0.87 0.863636363636364 0.875 0.900568181818182 1 2
0.934782608695652 0.956521739130435 0.91304347826087 0.979206049149338 0.9 0.909090909090909 0.892857142857143 0.945211038961039 2 2
0.863636363636364 0.909090909090909 0.818181818181818 0.966942148760331 0.76 0.702127659574468 0.811320754716981 0.879566439181052 1 2
0.931818181818182 1 0.863636363636364 0.985537190082645 0.82 0.765957446808511 0.867924528301887 0.896025692492975 2 2
0.891304347826087 0.909090909090909 0.875 0.941287878787879 0.82 0.727272727272727 0.892857142857143 0.885957792207792 1 2
0.956521739130435 0.909090909090909 1 0.996212121212121 0.8 0.636363636363636 0.928571428571429 0.914772727272727 2 2
0.916666666666667 0.944444444444444 0.888888888888889 0.993827160493827 0.78 0.788461538461538 0.770833333333333 0.89463141025641 1 2
0.944444444444444 0.944444444444444 0.944444444444444 0.996913580246914 0.84 0.769230769230769 0.916666666666667 0.937099358974359 2 2
0.906976744186046 0.916666666666667 0.894736842105263 0.975877192982456 0.84 0.830188679245283 0.851063829787234 0.93014853472501 1 2
0.976744186046512 1 0.947368421052632 1 0.75 0.716981132075472 0.787234042553192 0.882376555600161 2 2
0.911111111111111 0.888888888888889 0.925925925925926 0.934156378600823 0.88 0.844827586206897 0.928571428571429 0.9376026272578 1 2
0.955555555555556 1 0.925925925925926 0.989711934156379 0.92 0.913793103448276 0.928571428571429 0.970443349753695 2 2
0.921052631578947 1 0.842105263157895 0.952908587257618 0.79 0.926829268292683 0.694915254237288 0.946672178586193 1 2
0.947368421052632 1 0.894736842105263 0.944598337950138 0.86 0.926829268292683 0.813559322033898 0.957833815626292 2 2
0.92156862745098 0.92 0.923076923076923 0.953846153846154 0.88 0.763157894736842 0.951612903225806 0.911714770797963 1 2
0.92156862745098 0.92 0.923076923076923 0.992307692307692 0.85 0.736842105263158 0.919354838709677 0.907894736842105 2 2
0.886363636363636 0.88 0.894736842105263 0.955789473684211 0.83 0.84 0.82 0.9004 1 2
0.909090909090909 0.92 0.894736842105263 0.976842105263158 0.81 0.84 0.78 0.9072 2 2
0.75 0.5 0.923076923076923 0.925213675213675 0.85 0.755102040816326 0.941176470588235 0.937174869947979 1 2
0.931818181818182 0.888888888888889 0.961538461538462 0.978632478632479 0.86 0.857142857142857 0.862745098039216 0.940376150460184 2 2
0.977777777777778 1 0.96 0.994 0.8 0.877551020408163 0.725490196078431 0.913165266106443 1 2
0.955555555555556 0.95 0.96 0.996 0.84 0.857142857142857 0.823529411764706 0.926370548219288 2 2
0.934782608695652 0.952380952380952 0.92 0.986666666666667 0.73 0.642857142857143 0.840909090909091 0.842126623376623 1 2
1 1 1 1 0.85 0.785714285714286 0.931818181818182 0.907467532467533 2 2
0.893617021276596 0.961538461538462 0.80952380952381 0.957875457875458 0.77 0.692307692307692 0.854166666666667 0.81650641025641 1 2
0.978723404255319 1 0.952380952380952 0.992673992673993 0.64 0.961538461538462 0.291666666666667 0.768028846153846 2 2
0.945945945945946 0.944444444444444 0.947368421052632 0.976608187134503 0.81 0.791666666666667 0.826923076923077 0.918669871794872 1 2
1 1 1 1 0.82 0.854166666666667 0.788461538461538 0.923477564102564 2 2
0.872340425531915 0.92 0.818181818181818 0.936363636363636 0.77 0.837837837837838 0.73015873015873 0.903903903903904 1 2
0.957446808510638 0.96 0.954545454545455 0.992727272727273 0.68 0.864864864864865 0.571428571428571 0.893607893607894 2 2
0.878048780487805 0.863636363636364 0.894736842105263 0.954545454545455 0.8 0.857142857142857 0.745098039215686 0.894757903161264 1 2
0.975609756097561 0.954545454545455 1 0.995215311004785 0.83 0.755102040816326 0.901960784313726 0.927571028411365 2 2
0.925 0.95 0.9 0.985 0.81 0.888888888888889 0.745454545454545 0.927272727272727 1 2
0.925 0.9 0.95 0.995 0.88 0.911111111111111 0.854545454545454 0.936969696969697 2 2
0.953488372093023 0.947368421052632 0.958333333333333 0.980263157894737 0.84 0.775510204081633 0.901960784313726 0.915566226490596 1 2
1 1 1 1 0.81 0.795918367346939 0.823529411764706 0.922368947579032 2 2
0.952380952380952 0.9375 0.961538461538462 0.992788461538462 0.82 0.86046511627907 0.789473684210526 0.909016727866177 1 2
0.976190476190476 1 0.961538461538462 1 0.81 0.86046511627907 0.771929824561403 0.876784985720114 2 2
0.91304347826087 0.92 0.904761904761905 0.967619047619048 0.84 0.883720930232558 0.807017543859649 0.918400652794778 1 2
1 1 1 1 0.79 0.86046511627907 0.736842105263158 0.931048551611587 2 2
0.954545454545455 0.909090909090909 1 1 0.83 0.73469387755102 0.92156862745098 0.895558223289316 1 2
0.954545454545455 0.954545454545455 0.954545454545455 0.997933884297521 0.87 0.755102040816326 0.980392156862745 0.952781112444978 2 2
0.84 0.9 0.75 0.941666666666667 0.78 0.875 0.659090909090909 0.876217532467532 1 2
0.94 0.966666666666667 0.9 0.988333333333333 0.79 0.982142857142857 0.545454545454545 0.924918831168831 2 2
0.833333333333333 1 0.5625 0.896634615384615 0.78 0.891304347826087 0.685185185185185 0.885265700483092 1 2
0.833333333333333 1 0.5625 0.942307692307692 0.77 0.891304347826087 0.666666666666667 0.89573268921095 2 2
0.895833333333333 0.925925925925926 0.857142857142857 0.978835978835979 0.88 0.962962962962963 0.782608695652174 0.971014492753623 1 2
1 1 1 1 0.87 0.907407407407407 0.826086956521739 0.955716586151369 2 2
0.95 0.954545454545455 0.944444444444444 0.994949494949495 0.86 0.903846153846154 0.8125 0.92948717948718 1 2
1 1 1 1 0.8 0.846153846153846 0.75 0.916266025641026 2 2
0.953488372093023 0.909090909090909 1 0.995670995670996 0.82 0.803921568627451 0.836734693877551 0.874749899959984 1 2
0.976744186046512 0.954545454545455 1 1 0.83 0.823529411764706 0.836734693877551 0.883953581432573 2 2
0.925 0.944444444444444 0.909090909090909 0.992424242424242 0.84 0.74468085106383 0.924528301886792 0.932155760738659 1 2
1 1 1 1 0.82 0.787234042553192 0.849056603773585 0.88478522681654 2 2
0.903846153846154 0.92 0.888888888888889 0.965925925925926 0.87 0.91304347826087 0.833333333333333 0.949275362318841 1 2
0.980769230769231 1 0.962962962962963 0.997037037037037 0.88 0.934782608695652 0.833333333333333 0.973832528180354 2 2
0.836734693877551 0.647058823529412 0.9375 0.893382352941177 0.85 0.777777777777778 0.909090909090909 0.915555555555556 1 2
0.918367346938776 0.882352941176471 0.9375 0.988970588235294 0.81 0.755555555555556 0.854545454545454 0.923232323232323 2 2
0.941176470588235 0.96 0.923076923076923 0.981538461538462 0.9 0.865384615384615 0.9375 0.926682692307692 1 2
1 1 1 1 0.81 0.788461538461538 0.833333333333333 0.91025641025641 2 2
0.909090909090909 0.833333333333333 0.961538461538462 0.927350427350427 0.82 0.68 0.96 0.898 1 2
0.931818181818182 0.833333333333333 1 1 0.73 0.62 0.84 0.8744 2 2
0.926829268292683 0.952380952380952 0.9 0.971428571428571 0.82 0.883720930232558 0.771929824561403 0.936760505915953 1 2
0.975609756097561 1 0.95 1 0.91 0.86046511627907 0.947368421052632 0.960016319869441 2 2
0.9 0.894736842105263 0.904761904761905 0.972431077694236 0.89 0.816326530612245 0.96078431372549 0.929171668667467 1 2
0.95 0.947368421052632 0.952380952380952 0.992481203007519 0.89 0.877551020408163 0.901960784313726 0.938375350140056 2 2
0.78 0.931034482758621 0.571428571428571 0.883415435139573 0.76 0.901960784313726 0.612244897959184 0.849539815926371 1 2
0.92 0.96551724137931 0.857142857142857 0.983579638752053 0.84 0.92156862745098 0.755102040816326 0.910764305722289 2 2
0.849056603773585 0.826086956521739 0.866666666666667 0.976811594202899 0.79 0.767441860465116 0.807017543859649 0.891472868217054 1 2
0.905660377358491 0.956521739130435 0.866666666666667 0.984057971014493 0.78 0.744186046511628 0.807017543859649 0.895960832313341 2 2
0.897959183673469 0.863636363636364 0.925925925925926 0.927609427609428 0.83 0.702127659574468 0.943396226415094 0.861902850260939 1 2
0.959183673469388 0.954545454545455 0.962962962962963 0.981481481481482 0.85 0.723404255319149 0.962264150943396 0.910879164993978 2 2
0.958333333333333 0.91304347826087 1 0.982608695652174 0.73 0.456521739130435 0.962962962962963 0.798309178743961 1 2
1 1 1 1 0.76 0.804347826086957 0.722222222222222 0.856280193236715 2 2
0.847826086956522 0.875 0.818181818181818 0.924242424242424 0.81 0.875 0.75 0.921875 1 2
0.956521739130435 1 0.909090909090909 0.982954545454545 0.85 0.958333333333333 0.75 0.926682692307692 2 2
0.974358974358974 1 0.933333333333333 0.997222222222222 0.8 0.888888888888889 0.695652173913043 0.902576489533011 1 2
1 1 1 1 0.86 0.944444444444444 0.760869565217391 0.925925925925926 2 2
0.925 0.944444444444444 0.909090909090909 0.98989898989899 0.8 0.76 0.84 0.8796 1 2
1 1 1 1 0.75 0.72 0.78 0.85 2 2
0.909090909090909 0.958333333333333 0.85 0.964583333333333 0.89 0.956521739130435 0.833333333333333 0.983494363929147 1 2
0.954545454545455 0.958333333333333 0.95 0.991666666666667 0.88 0.91304347826087 0.851851851851852 0.944847020933977 2 2
0.863636363636364 0.777777777777778 0.923076923076923 0.942307692307692 0.81 0.745454545454545 0.888888888888889 0.918383838383838 1 2
1 1 1 1 0.83 0.745454545454545 0.933333333333333 0.918787878787879 2 2
0.878787878787879 0.933333333333333 0.833333333333333 0.966666666666667 0.77 0.695652173913043 0.833333333333333 0.876409017713366 1 2
0.96969696969697 1 0.944444444444444 0.996296296296296 0.67 0.543478260869565 0.777777777777778 0.824074074074074 2 2
0.851063829787234 0.931034482758621 0.722222222222222 0.959770114942529 0.86 0.957446808510638 0.773584905660377 0.947812123645122 1 2
0.957446808510638 0.96551724137931 0.944444444444444 0.996168582375479 0.85 0.978723404255319 0.735849056603774 0.943396226415094 2 2
0.787234042553192 0.88 0.681818181818182 0.949090909090909 0.82 0.865384615384615 0.770833333333333 0.889423076923077 1 2
0.978723404255319 0.96 1 1 0.85 0.884615384615385 0.8125 0.917067307692308 2 2
0.88 0.846153846153846 0.916666666666667 0.940705128205128 0.8 0.724137931034483 0.904761904761905 0.882594417077176 1 2
0.88 0.807692307692308 0.958333333333333 0.977564102564103 0.83 0.793103448275862 0.880952380952381 0.899425287356322 2 2
0.933333333333333 0.92 0.95 0.97 0.79 0.846153846153846 0.729166666666667 0.856570512820513 1 2
1 1 1 1 0.74 0.769230769230769 0.708333333333333 0.810096153846154 2 2
0.842105263157895 0.894736842105263 0.789473684210526 0.919667590027701 0.79 0.822222222222222 0.763636363636364 0.879191919191919 1 2
0.973684210526316 1 0.947368421052632 0.997229916897507 0.73 0.8 0.672727272727273 0.873131313131313 2 2
0.883720930232558 0.904761904761905 0.863636363636364 0.926406926406926 0.85 0.836363636363636 0.866666666666667 0.936565656565657 1 2
0.953488372093023 0.904761904761905 1 0.997835497835498 0.9 0.945454545454545 0.844444444444444 0.93010101010101 2 2
0.836734693877551 0.647058823529412 0.9375 0.919117647058823 0.81 0.733333333333333 0.925 0.924583333333333 1 2
0.938775510204082 0.941176470588235 0.9375 0.977941176470588 0.89 0.85 0.95 0.940833333333333 2 2
0.928571428571429 0.875 0.961538461538462 0.939903846153846 0.87 0.883333333333333 0.85 0.948333333333333 1 2
0.976190476190476 0.9375 1 0.995192307692308 0.88 0.883333333333333 0.875 0.940833333333333 2 2
0.936170212765957 0.941176470588235 0.933333333333333 0.988235294117647 0.68 0.43859649122807 1 0.793553651570787 1 2
0.957446808510638 1 0.933333333333333 0.996078431372549 0.79 0.666666666666667 0.953488372093023 0.88453692370461 2 2
0.882352941176471 0.923076923076923 0.84 0.92 0.78 0.884615384615385 0.666666666666667 0.907051282051282 1 2
0.96078431372549 0.961538461538462 0.96 0.981538461538462 0.83 0.865384615384615 0.791666666666667 0.91786858974359 2 2
0.926829268292683 0.947368421052632 0.909090909090909 0.990430622009569 0.89 0.844827586206897 0.952380952380952 0.953612479474548 1 2
0.975609756097561 1 0.954545454545455 1 0.94 0.896551724137931 1 0.989737274220033 2 2
0.958333333333333 0.909090909090909 1 0.994755244755245 0.75 0.678571428571429 0.840909090909091 0.884334415584416 1 2
0.979166666666667 0.954545454545455 1 1 0.81 0.732142857142857 0.909090909090909 0.890827922077922 2 2
0.833333333333333 1 0.533333333333333 0.918518518518519 0.73 1 0.490566037735849 0.975110397430751 1 2
0.952380952380952 1 0.866666666666667 0.995061728395062 0.87 0.957446808510638 0.792452830188679 0.973103171417102 2 2
0.863636363636364 0.863636363636364 0.863636363636364 0.940082644628099 0.79 0.811320754716981 0.765957446808511 0.833400240867122 1 2
0.954545454545455 0.954545454545455 0.954545454545455 0.983471074380165 0.81 0.924528301886792 0.680851063829787 0.909674829385789 2 2
0.916666666666667 0.92 0.91304347826087 0.956521739130435 0.79 0.82 0.76 0.8788 1 2
0.895833333333333 0.88 0.91304347826087 0.96 0.83 0.8 0.86 0.8996 2 2
0.826923076923077 0.857142857142857 0.791666666666667 0.90922619047619 0.88 0.927272727272727 0.822222222222222 0.96040404040404 1 2
0.961538461538462 0.964285714285714 0.958333333333333 0.992559523809524 0.91 0.909090909090909 0.911111111111111 0.956767676767677 2 2
0.875 0.888888888888889 0.863636363636364 0.936868686868687 0.74 0.696428571428571 0.795454545454545 0.830357142857143 1 2
0.95 1 0.909090909090909 1 0.74 0.642857142857143 0.863636363636364 0.859172077922078 2 2
0.875 0.80952380952381 0.925925925925926 0.947089947089947 0.8 0.872727272727273 0.711111111111111 0.88040404040404 1 2
0.895833333333333 0.857142857142857 0.925925925925926 0.985890652557319 0.78 0.781818181818182 0.777777777777778 0.879191919191919 2 2
0.976190476190476 0.933333333333333 1 1 0.77 0.763636363636364 0.777777777777778 0.884848484848485 1 3
0.976190476190476 0.933333333333333 1 1 0.8 0.636363636363636 1 0.947070707070707 2 3
0.909090909090909 0.9 0.916666666666667 0.991666666666667 0.82 0.775862068965517 0.880952380952381 0.896141215106732 1 3
1 1 1 1 0.82 0.741379310344828 0.928571428571429 0.948686371100164 2 3
0.911111111111111 0.928571428571429 0.882352941176471 0.949579831932773 0.77 0.830188679245283 0.702127659574468 0.881573665194701 1 3
0.933333333333333 0.964285714285714 0.882352941176471 0.976890756302521 0.78 0.849056603773585 0.702127659574468 0.870734644720996 2 3
0.905660377358491 0.875 0.931034482758621 0.936781609195402 0.85 0.739130434782609 0.944444444444444 0.921900161030596 1 3
0.924528301886792 0.916666666666667 0.931034482758621 0.974137931034483 0.87 0.847826086956522 0.888888888888889 0.949275362318841 2 3
0.875 0.952380952380952 0.789473684210526 0.914786967418546 0.74 0.759259259259259 0.717391304347826 0.839371980676329 1 3
0.975 1 0.947368421052632 0.994987468671679 0.83 0.851851851851852 0.804347826086957 0.90780998389694 2 3
0.91304347826087 0.894736842105263 0.925925925925926 0.966861598440546 0.88 0.8 0.96 0.934 1 3
0.978260869565217 0.947368421052632 1 1 0.87 0.84 0.9 0.9468 2 3
0.888888888888889 0.888888888888889 0.888888888888889 0.954732510288066 0.73 0.529411764705882 0.938775510204082 0.751900760304122 1 3
0.955555555555556 1 0.925925925925926 0.98559670781893 0.7 0.588235294117647 0.816326530612245 0.863145258103241 2 3
0.865384615384615 0.941176470588235 0.722222222222222 0.926470588235294 0.85 0.901960784313726 0.795918367346939 0.933973589435774 1 3
0.942307692307692 1 0.833333333333333 1 0.79 0.96078431372549 0.612244897959184 0.943977591036415 2 3
0.980392156862745 0.958333333333333 1 0.979938271604938 0.87 0.883720930232558 0.859649122807018 0.938800489596083 1 3
0.96078431372549 1 0.925925925925926 0.996913580246914 0.87 0.837209302325581 0.894736842105263 0.93390452876377 2 3
0.9 0.869565217391304 0.925925925925926 0.974235104669887 0.81 0.730769230769231 0.895833333333333 0.901442307692308 1 3
0.96 0.91304347826087 1 0.996779388083736 0.78 0.673076923076923 0.895833333333333 0.872596153846154 2 3
0.941176470588235 0.888888888888889 0.96969696969697 0.936026936026936 0.85 0.74 0.96 0.9044 1 3
0.980392156862745 1 0.96969696969697 1 0.82 0.7 0.94 0.9304 2 3
0.930232558139535 0.95 0.91304347826087 0.984782608695652 0.79 0.777777777777778 0.804347826086957 0.912238325281804 1 3
0.976744186046512 1 0.956521739130435 0.989130434782609 0.8 0.740740740740741 0.869565217391304 0.868760064412238 2 3
0.75 0.851851851851852 0.64 0.882962962962963 0.74 0.959183673469388 0.529411764705882 0.901160464185674 1 3
0.923076923076923 0.925925925925926 0.92 0.962962962962963 0.8 0.938775510204082 0.666666666666667 0.933173269307723 2 3
0.883720930232558 0.956521739130435 0.8 0.971739130434783 0.76 0.7 0.82 0.8428 1 3
0.976744186046512 0.956521739130435 1 0.989130434782609 0.78 0.68 0.88 0.8752 2 3
0.938775510204082 0.909090909090909 0.962962962962963 0.973063973063973 0.81 0.673469387755102 0.941176470588235 0.912364945978391 1 3
1 1 1 1 0.83 0.775510204081633 0.882352941176471 0.916366546618647 2 3
0.846153846153846 0.6875 0.956521739130435 0.902173913043478 0.76 0.568627450980392 0.959183673469388 0.854741896758703 1 3
0.974358974358974 1 0.956521739130435 0.994565217391304 0.79 0.745098039215686 0.836734693877551 0.877951180472189 2 3
0.854166666666667 0.866666666666667 0.833333333333333 0.961111111111111 0.82 0.725 0.883333333333333 0.908333333333333 1 3
1 1 1 1 0.85 0.85 0.85 0.922916666666667 2 3
0.930232558139535 0.947368421052632 0.916666666666667 0.984649122807018 0.83 0.808510638297872 0.849056603773585 0.908470493777599 1 3
0.976744186046512 0.947368421052632 1 0.99780701754386 0.88 0.893617021276596 0.867924528301887 0.941389000401445 2 3
0.936170212765957 0.956521739130435 0.916666666666667 0.983695652173913 0.85 0.857142857142857 0.843137254901961 0.923969587835134 1 3
0.936170212765957 0.956521739130435 0.916666666666667 0.983695652173913 0.85 0.836734693877551 0.862745098039216 0.91796718687475 2 3
0.804878048780488 0.88 0.6875 0.9175 0.79 0.912280701754386 0.627906976744186 0.897592819257446 1 3
0.926829268292683 0.96 0.875 0.9825 0.77 0.87719298245614 0.627906976744186 0.89188086495308 2 3
0.795918367346939 0.962962962962963 0.590909090909091 0.912457912457912 0.68 0.973684210526316 0.5 0.947368421052632 1 3
0.877551020408163 0.888888888888889 0.863636363636364 0.956228956228956 0.81 0.947368421052632 0.725806451612903 0.924872665534805 2 3
0.880952380952381 0.823529411764706 0.92 0.941176470588235 0.76 0.709090909090909 0.822222222222222 0.886464646464647 1 3
0.976190476190476 1 0.96 1 0.8 0.8 0.8 0.893333333333333 2 3
0.862745098039216 0.923076923076923 0.8 0.966153846153846 0.82 0.793103448275862 0.857142857142857 0.915024630541872 1 3
0.980392156862745 0.961538461538462 1 0.992307692307692 0.82 0.896551724137931 0.714285714285714 0.936781609195402 2 3
0.883720930232558 0.916666666666667 0.842105263157895 0.971491228070175 0.84 0.866666666666667 0.818181818181818 0.943030303030303 1 3
0.883720930232558 0.916666666666667 0.842105263157895 0.982456140350877 0.84 0.933333333333333 0.763636363636364 0.932525252525253 2 3
0.877551020408163 1 0.666666666666667 0.924731182795699 0.58 0.22 0.94 0.6724 1 3
0.938775510204082 0.967741935483871 0.888888888888889 0.985663082437276 0.6 0.98 0.22 0.6936 2 3
0.85 0.823529411764706 0.869565217391304 0.923273657289003 0.84 0.823529411764706 0.857142857142857 0.923569427771108 1 3
0.85 0.764705882352941 0.91304347826087 0.959079283887468 0.84 0.745098039215686 0.938775510204082 0.95078031212485 2 3
0.928571428571429 0.954545454545455 0.9 0.972727272727273 0.78 0.733333333333333 0.818181818181818 0.832323232323232 1 3
0.928571428571429 0.954545454545455 0.9 0.986363636363636 0.82 0.822222222222222 0.818181818181818 0.896161616161616 2 3
0.934782608695652 0.954545454545455 0.916666666666667 0.977272727272727 0.86 0.846153846153846 0.875 0.936698717948718 1 3
0.978260869565217 0.954545454545455 1 0.998106060606061 0.9 0.865384615384615 0.9375 0.94511217948718 2 3
0.872340425531915 0.91304347826087 0.833333333333333 0.91304347826087 0.8 0.75 0.854166666666667 0.91386217948718 1 3
0.914893617021277 0.956521739130435 0.875 0.972826086956522 0.89 0.846153846153846 0.9375 0.957932692307692 2 3
0.902439024390244 0.91304347826087 0.888888888888889 0.934782608695652 0.86 0.76 0.96 0.9692 1 3
0.975609756097561 1 0.944444444444444 0.954106280193237 0.83 0.88 0.78 0.9288 2 3
0.976190476190476 0.952380952380952 1 0.997732426303855 0.78 0.8 0.763636363636364 0.888484848484848 1 3
1 1 1 1 0.8 0.733333333333333 0.854545454545454 0.901818181818182 2 3
0.811320754716981 0.8 0.821428571428571 0.914285714285714 0.75 0.530612244897959 0.96078431372549 0.899159663865546 1 3
0.924528301886792 0.84 1 0.984285714285714 0.73 0.591836734693878 0.862745098039216 0.854341736694678 2 3
0.975609756097561 1 0.958333333333333 0.995098039215686 0.81 0.788461538461538 0.833333333333333 0.900641025641026 1 3
1 1 1 1 0.83 0.769230769230769 0.895833333333333 0.903445512820513 2 3
0.739130434782609 0.888888888888889 0.526315789473684 0.867446393762183 0.78 0.981132075471698 0.553191489361702 0.937775993576877 1 3
0.956521739130435 0.962962962962963 0.947368421052632 0.984405458089669 0.82 0.849056603773585 0.787234042553192 0.896828582898434 2 3
1 1 1 1 0.81 0.738095238095238 0.862068965517241 0.860837438423645 1 3
0.977777777777778 1 0.954545454545455 1 0.78 0.714285714285714 0.827586206896552 0.880952380952381 2 3
0.954545454545455 0.958333333333333 0.95 0.995833333333333 0.82 0.705882352941177 0.938775510204082 0.887154861944778 1 3
0.977272727272727 0.958333333333333 1 1 0.72 0.549019607843137 0.897959183673469 0.807523009203681 2 3
0.906976744186046 0.904761904761905 0.909090909090909 0.987012987012987 0.84 0.763636363636364 0.933333333333333 0.878787878787879 1 3
0.930232558139535 0.952380952380952 0.909090909090909 0.989177489177489 0.8 0.672727272727273 0.955555555555556 0.897777777777778 2 3
0.936170212765957 0.962962962962963 0.9 0.992592592592593 0.85 0.833333333333333 0.869565217391304 0.900161030595813 1 3
0.957446808510638 1 0.9 1 0.83 0.796296296296296 0.869565217391304 0.925523349436393 2 3
0.714285714285714 0 1 0.86 0.56 0 1 0.873782467532468 1 3
1 1 1 1 0.81 0.659090909090909 0.928571428571429 0.921266233766234 2 3
0.847826086956522 0.869565217391304 0.826086956521739 0.952741020793951 0.73 0.431818181818182 0.964285714285714 0.819399350649351 1 3
0.934782608695652 0.956521739130435 0.91304347826087 0.979206049149338 0.61 0.863636363636364 0.410714285714286 0.791801948051948 2 3
0.886363636363636 0.954545454545455 0.818181818181818 0.962809917355372 0.79 0.723404255319149 0.849056603773585 0.878362103572862 1 3
0.909090909090909 0.954545454545455 0.863636363636364 0.987603305785124 0.79 0.765957446808511 0.811320754716981 0.887193898032918 2 3
0.891304347826087 0.909090909090909 0.875 0.945075757575758 0.83 0.75 0.892857142857143 0.879464285714286 1 3
0.934782608695652 0.909090909090909 0.958333333333333 0.996212121212121 0.81 0.636363636363636 0.946428571428571 0.915178571428571 2 3
0.916666666666667 0.944444444444444 0.888888888888889 0.993827160493827 0.8 0.807692307692308 0.791666666666667 0.888621794871795 1 3
0.944444444444444 0.944444444444444 0.944444444444444 0.996913580246914 0.84 0.769230769230769 0.916666666666667 0.927884615384615 2 3
0.906976744186046 0.916666666666667 0.894736842105263 0.980263157894737 0.81 0.773584905660377 0.851063829787234 0.931754315535929 1 3
0.976744186046512 1 0.947368421052632 1 0.78 0.754716981132076 0.808510638297872 0.888799678843838 2 3
0.911111111111111 0.888888888888889 0.925925925925926 0.92798353909465 0.87 0.827586206896552 0.928571428571429 0.94047619047619 1 3
0.955555555555556 1 0.925925925925926 0.989711934156379 0.92 0.913793103448276 0.928571428571429 0.971264367816092 2 3
0.921052631578947 1 0.842105263157895 0.955678670360111 0.79 0.926829268292683 0.694915254237288 0.950392724266226 1 3
0.947368421052632 1 0.894736842105263 0.947368421052632 0.83 0.926829268292683 0.76271186440678 0.954526663910707 2 3
0.901960784313726 0.92 0.884615384615385 0.953846153846154 0.88 0.789473684210526 0.935483870967742 0.907470288624788 1 3
0.92156862745098 0.92 0.923076923076923 0.992307692307692 0.85 0.736842105263158 0.919354838709677 0.907894736842105 2 3
0.886363636363636 0.88 0.894736842105263 0.951578947368421 0.75 0.66 0.84 0.856 1 3
0.909090909090909 0.92 0.894736842105263 0.976842105263158 0.56 0.94 0.18 0.8112 2 3
0.75 0.5 0.923076923076923 0.914529914529915 0.83 0.693877551020408 0.96078431372549 0.936774709883954 1 3
0.954545454545455 0.888888888888889 1 0.978632478632479 0.86 0.877551020408163 0.843137254901961 0.9343737494998 2 3
0.977777777777778 1 0.96 0.992 0.81 0.877551020408163 0.745098039215686 0.9015606242497 1 3
0.955555555555556 0.95 0.96 0.996 0.85 0.877551020408163 0.823529411764706 0.927571028411365 2 3
0.934782608695652 0.952380952380952 0.92 0.990476190476191 0.77 0.714285714285714 0.840909090909091 0.846590909090909 1 3
1 1 1 1 0.83 0.767857142857143 0.909090909090909 0.902191558441558 2 3
0.872340425531915 0.884615384615385 0.857142857142857 0.946886446886447 0.84 0.961538461538462 0.708333333333333 0.939102564102564 1 3
0.978723404255319 1 0.952380952380952 0.992673992673993 0.75 0.923076923076923 0.5625 0.899439102564103 2 3
0.945945945945946 0.944444444444444 0.947368421052632 0.985380116959064 0.82 0.770833333333333 0.865384615384615 0.924679487179487 1 3
1 1 1 1 0.81 0.854166666666667 0.769230769230769 0.921474358974359 2 3
0.893617021276596 0.92 0.863636363636364 0.936363636363636 0.75 0.864864864864865 0.682539682539683 0.901758901758902 1 3
0.936170212765957 0.92 0.954545454545455 0.992727272727273 0.71 0.945945945945946 0.571428571428571 0.900471900471901 2 3
0.902439024390244 0.909090909090909 0.894736842105263 0.944976076555024 0.63 0.26530612244898 0.980392156862745 0.688675470188075 1 3
0.975609756097561 0.954545454545455 1 0.995215311004785 0.62 0.26530612244898 0.96078431372549 0.70188075230092 2 3
0.925 0.95 0.9 0.99 0.83 0.866666666666667 0.8 0.921212121212121 1 3
0.925 0.9 0.95 0.995 0.85 0.866666666666667 0.836363636363636 0.933737373737374 2 3
0.930232558139535 0.894736842105263 0.958333333333333 0.980263157894737 0.85 0.795918367346939 0.901960784313726 0.918767507002801 1 3
1 1 1 1 0.81 0.775510204081633 0.843137254901961 0.919167667066827 2 3
0.952380952380952 0.9375 0.961538461538462 0.992788461538462 0.8 0.790697674418605 0.807017543859649 0.873113015095879 1 3
0.976190476190476 1 0.961538461538462 1 0.8 0.790697674418605 0.807017543859649 0.863321093431253 2 3
0.91304347826087 0.92 0.904761904761905 0.967619047619048 0.83 0.86046511627907 0.807017543859649 0.918400652794778 1 3
1 1 1 1 0.78 0.86046511627907 0.719298245614035 0.928192574459404 2 3
0.954545454545455 0.909090909090909 1 1 0.82 0.73469387755102 0.901960784313726 0.875550220088035 1 3
0.977272727272727 1 0.954545454545455 1 0.87 0.775510204081633 0.96078431372549 0.945578231292517 2 3
0.84 0.9 0.75 0.938333333333333 0.78 0.839285714285714 0.704545454545455 0.85836038961039 1 3
0.94 0.966666666666667 0.9 0.988333333333333 0.78 0.964285714285714 0.545454545454545 0.908279220779221 2 3
0.833333333333333 1 0.5625 0.894230769230769 0.8 0.891304347826087 0.722222222222222 0.878019323671498 1 3
0.833333333333333 1 0.5625 0.942307692307692 0.76 0.934782608695652 0.611111111111111 0.893719806763285 2 3
0.895833333333333 0.888888888888889 0.904761904761905 0.977072310405644 0.9 0.981481481481482 0.804347826086957 0.969001610305958 1 3
1 1 1 1 0.86 0.907407407407407 0.804347826086957 0.95450885668277 2 3
0.95 0.954545454545455 0.944444444444444 0.994949494949495 0.85 0.865384615384615 0.833333333333333 0.925480769230769 1 3
1 1 1 1 0.79 0.826923076923077 0.75 0.91426282051282 2 3
0.953488372093023 0.954545454545455 0.952380952380952 0.997835497835498 0.82 0.803921568627451 0.836734693877551 0.877551020408163 1 3
0.976744186046512 0.954545454545455 1 1 0.82 0.803921568627451 0.836734693877551 0.877150860344138 2 3
0.925 0.888888888888889 0.954545454545455 0.992424242424242 0.82 0.680851063829787 0.943396226415094 0.905660377358491 1 3
1 1 1 1 0.78 0.74468085106383 0.811320754716981 0.862304295463669 2 3
0.903846153846154 0.92 0.888888888888889 0.958518518518519 0.88 0.91304347826087 0.851851851851852 0.954911433172303 1 3
0.980769230769231 1 0.962962962962963 0.998518518518518 0.87 0.91304347826087 0.833333333333333 0.962157809983897 2 3
0.836734693877551 0.647058823529412 0.9375 0.880514705882353 0.84 0.755555555555556 0.909090909090909 0.921616161616162 1 3
0.918367346938776 0.882352941176471 0.9375 0.985294117647059 0.84 0.822222222222222 0.854545454545454 0.945454545454545 2 3
0.92156862745098 0.96 0.884615384615385 0.98 0.86 0.807692307692308 0.916666666666667 0.913060897435897 1 3
1 1 1 1 0.82 0.807692307692308 0.833333333333333 0.909855769230769 2 3
0.909090909090909 0.833333333333333 0.961538461538462 0.92948717948718 0.81 0.66 0.96 0.9024 1 3
0.931818181818182 0.833333333333333 1 1 0.76 0.64 0.88 0.88 2 3
0.926829268292683 0.952380952380952 0.9 0.978571428571429 0.85 0.883720930232558 0.824561403508772 0.94328845369237 1 3
0.975609756097561 1 0.95 1 0.91 0.883720930232558 0.929824561403509 0.959608323133415 2 3
0.9 0.894736842105263 0.904761904761905 0.969924812030075 0.87 0.775510204081633 0.96078431372549 0.939175670268107 1 3
0.95 0.947368421052632 0.952380952380952 0.989974937343358 0.88 0.836734693877551 0.92156862745098 0.939175670268107 2 3
0.78 0.931034482758621 0.571428571428571 0.886699507389162 0.76 0.882352941176471 0.63265306122449 0.854341736694678 1 3
0.92 0.96551724137931 0.857142857142857 0.983579638752053 0.84 0.901960784313726 0.775510204081633 0.902360944377751 2 3
0.886792452830189 0.91304347826087 0.866666666666667 0.973913043478261 0.8 0.767441860465116 0.824561403508772 0.882088943288454 1 3
0.905660377358491 0.956521739130435 0.866666666666667 0.984057971014493 0.81 0.790697674418605 0.824561403508772 0.896368829049368 2 3
0.918367346938776 0.909090909090909 0.925925925925926 0.927609427609428 0.82 0.702127659574468 0.924528301886792 0.859092733841831 1 3
0.938775510204082 0.954545454545455 0.925925925925926 0.981481481481482 0.83 0.702127659574468 0.943396226415094 0.910879164993978 2 3
0.958333333333333 0.91304347826087 1 0.986086956521739 0.71 0.391304347826087 0.981481481481482 0.812399355877617 1 3
1 1 1 1 0.72 0.782608695652174 0.666666666666667 0.824074074074074 2 3
0.869565217391304 0.875 0.863636363636364 0.928030303030303 0.81 0.895833333333333 0.730769230769231 0.911057692307692 1 3
0.956521739130435 1 0.909090909090909 0.984848484848485 0.82 0.895833333333333 0.75 0.923477564102564 2 3
0.974358974358974 1 0.933333333333333 0.997222222222222 0.73 0.722222222222222 0.739130434782609 0.857487922705314 1 3
1 1 1 1 0.76 0.851851851851852 0.652173913043478 0.897342995169082 2 3
0.95 0.944444444444444 0.954545454545455 0.992424242424242 0.79 0.72 0.86 0.8744 1 3
1 1 1 1 0.75 0.72 0.78 0.8416 2 3
0.886363636363636 0.958333333333333 0.8 0.966666666666667 0.9 0.934782608695652 0.87037037037037 0.976247987117552 1 3
0.977272727272727 0.958333333333333 1 0.99375 0.88 0.891304347826087 0.87037037037037 0.946054750402576 2 3
0.863636363636364 0.777777777777778 0.923076923076923 0.938034188034188 0.84 0.781818181818182 0.911111111111111 0.922424242424242 1 3
0.977272727272727 0.944444444444444 1 1 0.84 0.745454545454545 0.955555555555556 0.92 2 3
0.909090909090909 0.933333333333333 0.888888888888889 0.959259259259259 0.74 0.652173913043478 0.814814814814815 0.865942028985507 1 3
0.96969696969697 1 0.944444444444444 0.992592592592593 0.72 0.58695652173913 0.833333333333333 0.82487922705314 2 3
0.893617021276596 0.96551724137931 0.777777777777778 0.959770114942529 0.84 0.893617021276596 0.792452830188679 0.941389000401445 1 3
0.957446808510638 0.96551724137931 0.944444444444444 0.996168582375479 0.85 0.978723404255319 0.735849056603774 0.942191890806905 2 3
0.808510638297872 0.92 0.681818181818182 0.949090909090909 0.81 0.846153846153846 0.770833333333333 0.88301282051282 1 3
0.978723404255319 0.96 1 0.998181818181818 0.83 0.865384615384615 0.791666666666667 0.911858974358974 2 3
0.88 0.846153846153846 0.916666666666667 0.932692307692308 0.8 0.689655172413793 0.952380952380952 0.877668308702791 1 3
0.88 0.807692307692308 0.958333333333333 0.974358974358974 0.79 0.724137931034483 0.880952380952381 0.889162561576355 2 3
0.933333333333333 0.92 0.95 0.97 0.79 0.846153846153846 0.729166666666667 0.852163461538462 1 3
0.977777777777778 0.96 1 1 0.74 0.769230769230769 0.708333333333333 0.813301282051282 2 3
0.842105263157895 0.894736842105263 0.789473684210526 0.911357340720222 0.76 0.644444444444444 0.854545454545454 0.845656565656566 1 3
0.973684210526316 1 0.947368421052632 0.994459833795014 0.64 0.844444444444444 0.472727272727273 0.8 2 3
0.86046511627907 0.904761904761905 0.818181818181818 0.926406926406926 0.86 0.836363636363636 0.888888888888889 0.933737373737374 1 3
0.953488372093023 0.904761904761905 1 1 0.88 0.927272727272727 0.822222222222222 0.924848484848485 2 3
0.836734693877551 0.647058823529412 0.9375 0.913602941176471 0.79 0.7 0.925 0.923333333333333 1 3
0.938775510204082 0.941176470588235 0.9375 0.977941176470588 0.85 0.783333333333333 0.95 0.924166666666667 2 3
0.904761904761905 0.875 0.923076923076923 0.966346153846154 0.79 0.8 0.775 0.913333333333333 1 3
0.976190476190476 0.9375 1 0.997596153846154 0.85 0.883333333333333 0.8 0.922916666666667 2 3
0.936170212765957 0.941176470588235 0.933333333333333 0.986274509803922 0.7 0.473684210526316 1 0.799673602611179 1 3
0.957446808510638 1 0.933333333333333 0.996078431372549 0.79 0.666666666666667 0.953488372093023 0.879232966136271 2 3
0.882352941176471 0.923076923076923 0.84 0.916923076923077 0.82 0.865384615384615 0.770833333333333 0.888221153846154 1 3
0.96078431372549 0.961538461538462 0.96 0.98 0.84 0.846153846153846 0.833333333333333 0.923076923076923 2 3
0.926829268292683 0.947368421052632 0.909090909090909 0.990430622009569 0.87 0.810344827586207 0.952380952380952 0.951149425287356 1 3
0.975609756097561 1 0.954545454545455 1 0.91 0.844827586206897 1 0.985221674876847 2 3
0.958333333333333 0.909090909090909 1 0.998251748251748 0.74 0.660714285714286 0.840909090909091 0.869724025974026 1 3
0.979166666666667 0.954545454545455 1 1 0.81 0.696428571428571 0.954545454545455 0.877435064935065 2 3
0.80952380952381 1 0.466666666666667 0.923456790123457 0.7 1 0.433962264150943 0.974307507025291 1 3
0.952380952380952 1 0.866666666666667 0.995061728395062 0.89 0.957446808510638 0.830188679245283 0.975110397430751 2 3
0.863636363636364 0.863636363636364 0.863636363636364 0.944214876033058 0.72 0.735849056603774 0.702127659574468 0.782818145323163 1 3
0.909090909090909 0.909090909090909 0.909090909090909 0.983471074380165 0.77 0.905660377358491 0.617021276595745 0.897631473303894 2 3
0.916666666666667 0.92 0.91304347826087 0.954782608695652 0.78 0.8 0.76 0.8792 1 3
0.895833333333333 0.88 0.91304347826087 0.958260869565217 0.82 0.78 0.86 0.8968 2 3
0.826923076923077 0.857142857142857 0.791666666666667 0.90922619047619 0.88 0.909090909090909 0.844444444444444 0.963232323232323 1 3
0.961538461538462 0.964285714285714 0.958333333333333 0.991071428571429 0.91 0.909090909090909 0.911111111111111 0.962020202020202 2 3
0.9 0.888888888888889 0.909090909090909 0.936868686868687 0.69 0.625 0.772727272727273 0.818993506493506 1 3
0.95 1 0.909090909090909 1 0.71 0.607142857142857 0.840909090909091 0.849431818181818 2 3
0.875 0.857142857142857 0.888888888888889 0.954144620811287 0.77 0.8 0.733333333333333 0.882020202020202 1 3
0.916666666666667 0.904761904761905 0.925925925925926 0.984126984126984 0.8 0.763636363636364 0.844444444444444 0.877979797979798 2 3
