0.834782608695652 0.88 0.780952380952381 0.929980952380952 0.91 0.869565217391304 0.944444444444444 0.959339774557166 1 1
0.926086956521739 0.944 0.904761904761905 0.977980952380952 0.88 0.869565217391304 0.888888888888889 0.958937198067633 2 1
0.87378640776699 0.888888888888889 0.85981308411215 0.932313792126876 0.8 0.770833333333333 0.826923076923077 0.89863782051282 1 1
0.946601941747573 0.929292929292929 0.962616822429907 0.985745303502313 0.87 0.833333333333333 0.903846153846154 0.943509615384615 2 1
0.832558139534884 0.844036697247706 0.820754716981132 0.909122381859096 0.88 0.849056603773585 0.914893617021277 0.924126856684063 1 1
0.893023255813953 0.871559633027523 0.915094339622642 0.962870001731002 0.93 0.924528301886792 0.936170212765957 0.965074267362505 2 1
0.877729257641921 0.90625 0.841584158415842 0.948483910891089 0.79 0.862745098039216 0.714285714285714 0.895558223289316 1 1
0.934497816593886 0.953125 0.910891089108911 0.987933168316832 0.85 0.941176470588235 0.755102040816326 0.929571828731493 2 1
0.870833333333333 0.875968992248062 0.864864864864865 0.941825546476709 0.8 0.75 0.846153846153846 0.854567307692308 1 1
0.954166666666667 0.930232558139535 0.981981981981982 0.981074097353167 0.86 0.8125 0.903846153846154 0.924278846153846 2 1
0.890909090909091 0.912280701754386 0.867924528301887 0.957712677921218 0.88 0.94 0.82 0.9396 1 1
0.940909090909091 0.964912280701754 0.915094339622642 0.991062562065541 0.9 0.92 0.88 0.9576 2 1
0.90990990990991 0.914529914529915 0.904761904761905 0.956206756206756 0.85 0.869565217391304 0.833333333333333 0.92914653784219 1 1
0.941441441441441 0.94017094017094 0.942857142857143 0.980626780626781 0.86 0.847826086956522 0.87037037037037 0.946457326892109 2 1
0.863829787234043 0.857142857142857 0.870689655172414 0.928064329179948 0.89 0.914893617021277 0.867924528301887 0.969490164592533 1 1
0.923404255319149 0.941176470588235 0.905172413793103 0.968125181106926 0.91 0.957446808510638 0.867924528301887 0.968687274187073 2 1
0.876712328767123 0.894736842105263 0.857142857142857 0.94093567251462 0.87 0.826086956521739 0.907407407407407 0.942834138486312 1 1
0.936073059360731 0.956140350877193 0.914285714285714 0.979114452798663 0.89 0.869565217391304 0.907407407407407 0.956924315619968 2 1
0.838983050847458 0.847457627118644 0.830508474576271 0.934860672220626 0.87 0.88 0.86 0.9408 1 1
0.915254237288136 0.923728813559322 0.906779661016949 0.97701809824763 0.87 0.88 0.86 0.9664 2 1
0.813333333333333 0.764150943396226 0.857142857142857 0.914856508641192 0.87 0.9375 0.807692307692308 0.963942307692308 1 1
0.897777777777778 0.867924528301887 0.92436974789916 0.966307277628032 0.95 0.9375 0.961538461538462 0.979967948717949 2 1
0.901869158878505 0.905172413793103 0.897959183673469 0.971762843068262 0.89 0.872727272727273 0.911111111111111 0.958787878787879 1 1
0.962616822429907 0.974137931034483 0.948979591836735 0.995161857846587 0.93 0.945454545454545 0.911111111111111 0.964848484848485 2 1
0.84304932735426 0.858407079646018 0.827272727272727 0.928801287208367 0.87 0.88 0.86 0.9336 1 1
0.910313901345291 0.955752212389381 0.863636363636364 0.974658085277554 0.89 0.88 0.9 0.948 2 1
0.865470852017937 0.89922480620155 0.819148936170213 0.939468909780637 0.9 0.894736842105263 0.906976744186046 0.951856385148919 1 1
0.923766816143498 0.961240310077519 0.872340425531915 0.973033151904998 0.91 0.894736842105263 0.930232558139535 0.969400244798042 2 1
0.873831775700935 0.876190476190476 0.871559633027523 0.945128877238969 0.89 0.914893617021277 0.867924528301887 0.957045363307908 1 1
0.94392523364486 0.961904761904762 0.926605504587156 0.980515508955876 0.94 0.957446808510638 0.924528301886792 0.985547972701726 2 1
0.899122807017544 0.869158878504673 0.925619834710744 0.949022939677145 0.86 0.916666666666667 0.807692307692308 0.947916666666667 1 1
0.956140350877193 0.934579439252336 0.975206611570248 0.988568780412451 0.89 0.916666666666667 0.865384615384615 0.961538461538462 2 1
0.850678733031674 0.833333333333333 0.867256637168142 0.91994428056375 0.87 0.836734693877551 0.901960784313726 0.945578231292517 1 1
0.900452488687783 0.888888888888889 0.911504424778761 0.957063257948214 0.91 0.877551020408163 0.941176470588235 0.984793917567027 2 1
0.897321428571429 0.891089108910891 0.902439024390244 0.966191741125332 0.91 0.906976744186046 0.912280701754386 0.966544267645859 1 1
0.9375 0.930693069306931 0.943089430894309 0.989938018192063 0.88 0.883720930232558 0.87719298245614 0.966952264381885 2 1
0.837209302325581 0.853448275862069 0.818181818181818 0.929031696273076 0.8 0.9375 0.673076923076923 0.928685897435897 1 1
0.948837209302326 0.974137931034483 0.919191919191919 0.985545106234761 0.87 0.9375 0.807692307692308 0.966746794871795 2 1
0.867924528301887 0.869158878504673 0.866666666666667 0.959590565198042 0.82 0.821428571428571 0.818181818181818 0.887987012987013 1 1
0.94811320754717 0.953271028037383 0.942857142857143 0.981931464174455 0.87 0.892857142857143 0.840909090909091 0.931006493506494 2 1
0.935779816513762 0.946428571428571 0.924528301886792 0.967233827493261 0.83 0.843137254901961 0.816326530612245 0.908363345338135 1 1
0.977064220183486 0.982142857142857 0.971698113207547 0.996883423180593 0.84 0.823529411764706 0.857142857142857 0.922368947579032 2 1
0.916666666666667 0.911764705882353 0.921052631578947 0.983058135534916 0.87 0.888888888888889 0.847826086956522 0.932367149758454 1 1
0.976851851851852 0.96078431372549 0.991228070175439 0.987874097007224 0.89 0.888888888888889 0.891304347826087 0.958937198067633 2 1
0.871369294605809 0.831858407079646 0.90625 0.944828539823009 0.87 0.854545454545454 0.888888888888889 0.941414141414141 1 1
0.929460580912863 0.920353982300885 0.9375 0.979811946902655 0.92 0.909090909090909 0.933333333333333 0.971313131313131 2 1
0.895196506550218 0.904347826086957 0.885964912280702 0.962929061784897 0.83 0.822222222222222 0.836363636363636 0.909494949494949 1 1
0.938864628820961 0.947826086956522 0.929824561403509 0.97955758962624 0.83 0.822222222222222 0.836363636363636 0.91959595959596 2 1
0.875576036866359 0.880733944954128 0.87037037037037 0.933401291199456 0.82 0.803921568627451 0.836734693877551 0.931972789115646 1 1
0.926267281105991 0.944954128440367 0.907407407407407 0.980377166156983 0.87 0.882352941176471 0.857142857142857 0.941976790716286 2 1
0.87719298245614 0.883333333333333 0.87037037037037 0.943055555555556 0.88 0.903846153846154 0.854166666666667 0.946314102564103 1 1
0.929824561403509 0.95 0.907407407407407 0.980401234567901 0.85 0.826923076923077 0.875 0.94911858974359 2 1
0.873303167420814 0.88135593220339 0.864077669902913 0.951620865558664 0.93 0.933333333333333 0.927272727272727 0.985454545454545 1 1
0.932126696832579 0.966101694915254 0.893203883495146 0.984285009050518 0.98 0.977777777777778 0.981818181818182 0.998383838383838 2 1
0.845794392523365 0.858407079646018 0.831683168316832 0.926925435906423 0.88 0.875 0.886363636363636 0.949675324675325 1 1
0.91588785046729 0.902654867256637 0.930693069306931 0.976518005782879 0.92 0.964285714285714 0.863636363636364 0.971996753246753 2 1
0.847222222222222 0.817204301075269 0.869918699186992 0.91869918699187 0.87 0.895833333333333 0.846153846153846 0.954326923076923 1 1
0.888888888888889 0.881720430107527 0.894308943089431 0.959437013724976 0.93 0.9375 0.923076923076923 0.984775641025641 2 1
0.883928571428571 0.829787234042553 0.923076923076923 0.959819967266776 0.89 0.847826086956522 0.925925925925926 0.961352657004831 1 1
0.973214285714286 0.936170212765957 1 0.994108019639935 0.91 0.869565217391304 0.944444444444444 0.974235104669887 2 1
0.862068965517241 0.882978723404255 0.844036697247706 0.929728674604724 0.86 0.955555555555556 0.781818181818182 0.955959595959596 1 1
0.950738916256158 0.946808510638298 0.954128440366973 0.989556900253758 0.92 0.933333333333333 0.909090909090909 0.986666666666667 2 1
0.87037037037037 0.864077669902913 0.876106194690266 0.936764326832202 0.9 0.930232558139535 0.87719298245614 0.972256221950224 1 1
0.925925925925926 0.951456310679612 0.902654867256637 0.978692327519546 0.91 0.930232558139535 0.894736842105263 0.979600163198694 2 1
0.887931034482759 0.884615384615385 0.890625 0.939378004807692 0.92 0.936507936507937 0.891891891891892 0.961389961389961 1 1
0.926724137931034 0.894230769230769 0.953125 0.984600360576923 0.93 0.904761904761905 0.972972972972973 0.980694980694981 2 1
0.865470852017937 0.84375 0.881889763779528 0.942503280839895 0.85 0.814814814814815 0.891304347826087 0.916666666666667 1 1
0.937219730941704 0.9375 0.937007874015748 0.984580052493438 0.85 0.796296296296296 0.91304347826087 0.944041867954911 2 1
0.837320574162679 0.828282828282828 0.845454545454545 0.913131313131313 0.84 0.837209302325581 0.842105263157895 0.935536515707874 1 1
0.92822966507177 0.909090909090909 0.945454545454545 0.975022956841139 0.91 0.953488372093023 0.87719298245614 0.958384332925337 2 1
0.872037914691943 0.852941176470588 0.889908256880734 0.933351322180248 0.82 0.803921568627451 0.836734693877551 0.916366546618647 1 1
0.928909952606635 0.92156862745098 0.935779816513762 0.975805000899442 0.89 0.843137254901961 0.938775510204082 0.971188475390156 2 1
0.867256637168142 0.867768595041322 0.866666666666667 0.926406926406926 0.88 0.877551020408163 0.882352941176471 0.939975990396158 1 1
0.911504424778761 0.933884297520661 0.885714285714286 0.964738292011019 0.87 0.897959183673469 0.843137254901961 0.953981592637055 2 1
0.857142857142857 0.855855855855856 0.858407079646018 0.932552021047596 0.86 0.854545454545454 0.866666666666667 0.951515151515152 1 1
0.928571428571429 0.927927927927928 0.929203539823009 0.976959260145101 0.9 0.854545454545454 0.955555555555556 0.976161616161616 2 1
0.936170212765957 0.937984496124031 0.933962264150943 0.976012871142314 0.87 0.833333333333333 0.91304347826087 0.973429951690821 1 1
0.957446808510638 0.976744186046512 0.933962264150943 0.993052508410121 0.92 0.925925925925926 0.91304347826087 0.981884057971015 2 1
0.872246696035242 0.875 0.869565217391304 0.946972049689441 0.87 0.88 0.86 0.9612 1 1
0.960352422907489 0.964285714285714 0.956521739130435 0.989596273291925 0.87 0.9 0.84 0.9556 2 1
0.899497487437186 0.903846153846154 0.894736842105263 0.9667004048583 0.83 0.8 0.86 0.9312 1 1
0.939698492462312 0.951923076923077 0.926315789473684 0.984210526315789 0.88 0.86 0.9 0.9616 2 1
0.898230088495575 0.884615384615385 0.909836065573771 0.945696721311475 0.85 0.866666666666667 0.836363636363636 0.935757575757576 1 1
0.942477876106195 0.942307692307692 0.942622950819672 0.987704918032787 0.9 0.911111111111111 0.890909090909091 0.953939393939394 2 1
0.882352941176471 0.871559633027523 0.892857142857143 0.956340104849279 0.88 0.870967741935484 0.894736842105263 0.914685908319185 1 1
0.963800904977376 0.954128440366973 0.973214285714286 0.988286369593709 0.85 0.854838709677419 0.842105263157895 0.91553480475382 2 1
0.874439461883408 0.867924528301887 0.88034188034188 0.946460248347041 0.84 0.892857142857143 0.772727272727273 0.922077922077922 1 1
0.910313901345291 0.915094339622642 0.905982905982906 0.981535236252217 0.83 0.821428571428571 0.840909090909091 0.92775974025974 2 1
0.86864406779661 0.830357142857143 0.903225806451613 0.935051843317972 0.87 0.8125 0.923076923076923 0.959535256410256 1 1
0.932203389830508 0.928571428571429 0.935483870967742 0.978614631336405 0.92 0.895833333333333 0.942307692307692 0.98036858974359 2 1
0.881818181818182 0.882352941176471 0.88135593220339 0.950648055832502 0.83 0.931818181818182 0.75 0.945211038961039 1 1
0.936363636363636 0.941176470588235 0.932203389830508 0.982801595214357 0.91 0.977272727272727 0.857142857142857 0.967126623376623 2 1
0.896103896103896 0.886792452830189 0.904 0.962037735849057 0.86 0.841269841269841 0.891891891891892 0.956670956670957 1 1
0.943722943722944 0.952830188679245 0.936 0.988981132075472 0.86 0.857142857142857 0.864864864864865 0.953667953667954 2 1
0.878640776699029 0.886792452830189 0.87 0.945566037735849 0.88 0.901960784313726 0.857142857142857 0.933973589435774 1 1
0.922330097087379 0.89622641509434 0.95 0.981698113207547 0.86 0.901960784313726 0.816326530612245 0.956382553021208 2 1
0.901869158878505 0.916666666666667 0.886792452830189 0.951956673654787 0.87 0.872340425531915 0.867924528301887 0.946206342834203 1 1
0.957943925233645 0.972222222222222 0.943396226415094 0.991788958770091 0.93 0.936170212765957 0.924528301886792 0.966680048173424 2 1
0.844 0.825 0.861538461538462 0.934358974358974 0.82 0.740740740740741 0.91304347826087 0.928341384863124 1 1
0.932 0.933333333333333 0.930769230769231 0.981730769230769 0.84 0.796296296296296 0.891304347826087 0.93719806763285 2 1
0.844444444444444 0.782608695652174 0.887218045112782 0.920725727361883 0.85 0.846153846153846 0.854166666666667 0.918669871794872 1 1
0.924444444444444 0.880434782608696 0.954887218045113 0.9807126511932 0.85 0.846153846153846 0.854166666666667 0.959935897435897 2 1
0.868085106382979 0.860869565217391 0.875 0.928840579710145 0.91 0.923076923076923 0.895833333333333 0.966746794871795 1 1
0.936170212765957 0.921739130434783 0.95 0.986086956521739 0.93 0.884615384615385 0.979166666666667 0.982371794871795 2 1
0.853982300884956 0.871559633027523 0.837606837606838 0.93609346820356 0.86 0.857142857142857 0.863636363636364 0.946022727272727 1 1
0.924778761061947 0.926605504587156 0.923076923076923 0.97726025248961 0.92 0.910714285714286 0.931818181818182 0.978084415584416 2 1
0.89622641509434 0.931623931623932 0.852631578947368 0.943499775078722 0.85 0.92156862745098 0.775510204081633 0.929171668667467 1 1
0.943396226415094 0.974358974358974 0.905263157894737 0.981286549707602 0.88 0.901960784313726 0.857142857142857 0.9671868747499 2 1
0.835680751173709 0.849056603773585 0.822429906542056 0.922412272967731 0.83 0.883720930232558 0.789473684210526 0.925336597307222 1 1
0.92018779342723 0.924528301886792 0.91588785046729 0.981043907600071 0.88 0.906976744186046 0.859649122807018 0.946960424316605 2 1
0.916666666666667 0.930693069306931 0.902912621359223 0.970777660290301 0.88 0.938775510204082 0.823529411764706 0.968387354941977 1 1
0.96078431372549 0.97029702970297 0.951456310679612 0.99480918965683 0.9 0.938775510204082 0.862745098039216 0.981592637054822 2 1
0.876651982378855 0.897435897435897 0.854545454545454 0.937296037296037 0.83 0.854166666666667 0.807692307692308 0.917467948717949 1 1
0.955947136563877 0.965811965811966 0.945454545454545 0.98982128982129 0.94 0.9375 0.942307692307692 0.966346153846154 2 1
0.864864864864865 0.883333333333333 0.843137254901961 0.943545751633987 0.92 0.907407407407407 0.934782608695652 0.957326892109501 1 1
0.936936936936937 0.925 0.950980392156863 0.978349673202614 0.93 0.907407407407407 0.956521739130435 0.983494363929147 2 1
0.860262008733624 0.854700854700855 0.866071428571429 0.950931013431013 0.91 0.886363636363636 0.928571428571429 0.964285714285714 1 1
0.947598253275109 0.965811965811966 0.928571428571429 0.989697802197802 0.94 0.909090909090909 0.964285714285714 0.985795454545455 2 1
0.835497835497836 0.840336134453782 0.830357142857143 0.919417767106843 0.86 0.894736842105263 0.838709677419355 0.912988115449915 1 1
0.943722943722944 0.932773109243697 0.955357142857143 0.984768907563025 0.84 0.842105263157895 0.838709677419355 0.935059422750424 2 1
0.848888888888889 0.859504132231405 0.836538461538462 0.93904958677686 0.8 0.807692307692308 0.791666666666667 0.887419871794872 1 1
0.937777777777778 0.933884297520661 0.942307692307692 0.981087094723458 0.86 0.807692307692308 0.916666666666667 0.933894230769231 2 1
0.853333333333333 0.872881355932203 0.831775700934579 0.91961032789482 0.9 0.938775510204082 0.862745098039216 0.956382553021208 1 1
0.924444444444444 0.957627118644068 0.88785046728972 0.967844131157928 0.92 0.918367346938776 0.92156862745098 0.9671868747499 2 1
0.880382775119617 0.882352941176471 0.878504672897196 0.944933113432289 0.82 0.804878048780488 0.830508474576271 0.870607689127739 1 1
0.933014354066986 0.931372549019608 0.934579439252336 0.982316291002382 0.88 0.804878048780488 0.932203389830508 0.934270359652749 2 1
0.857142857142857 0.880952380952381 0.824175824175824 0.943572300715158 0.84 0.859649122807018 0.813953488372093 0.947368421052632 1 1
0.940092165898618 0.96031746031746 0.912087912087912 0.982121053549625 0.9 0.929824561403509 0.86046511627907 0.966136270909833 2 1
0.884444444444444 0.894736842105263 0.873873873873874 0.946578157104473 0.8 0.829787234042553 0.773584905660377 0.901244480128462 1 1
0.946666666666667 0.921052631578947 0.972972972972973 0.990753911806543 0.85 0.851063829787234 0.849056603773585 0.957446808510638 2 1
0.847161572052402 0.880952380952381 0.805825242718447 0.931807674526121 0.86 0.901960784313726 0.816326530612245 0.930772308923569 1 1
0.934497816593886 0.968253968253968 0.893203883495146 0.976421636615811 0.88 0.92156862745098 0.836734693877551 0.946778711484594 2 1
0.842105263157895 0.858333333333333 0.824074074074074 0.920216049382716 0.89 0.901960784313726 0.877551020408163 0.971988795518207 1 1
0.942982456140351 0.958333333333333 0.925925925925926 0.985339506172839 0.93 0.941176470588235 0.918367346938776 0.977591036414566 2 1
0.884444444444444 0.872727272727273 0.895652173913044 0.942055335968379 0.84 0.826923076923077 0.854166666666667 0.905048076923077 1 1
0.92 0.918181818181818 0.921739130434783 0.978893280632411 0.86 0.826923076923077 0.895833333333333 0.935496794871795 2 1
0.851485148514851 0.875 0.826530612244898 0.949568288854003 0.85 0.91304347826087 0.796296296296296 0.927536231884058 1 1
0.945544554455445 0.951923076923077 0.938775510204082 0.985380690737834 0.88 0.91304347826087 0.851851851851852 0.93719806763285 2 1
0.883620689655172 0.882352941176471 0.884955752212389 0.961255298579609 0.88 0.914893617021277 0.849056603773585 0.945403452428743 1 1
0.961206896551724 0.966386554621849 0.955752212389381 0.990555514241095 0.86 0.851063829787234 0.867924528301887 0.946206342834203 2 1
0.844444444444444 0.794117647058823 0.886178861788618 0.931133428981349 0.89 0.854545454545454 0.933333333333333 0.952727272727273 1 1
0.937777777777778 0.92156862745098 0.951219512195122 0.985732504383867 0.9 0.854545454545454 0.955555555555556 0.985454545454545 2 1
0.858407079646018 0.868852459016393 0.846153846153846 0.938603404791929 0.82 0.916666666666667 0.730769230769231 0.911057692307692 1 1
0.920353982300885 0.926229508196721 0.913461538461538 0.978956494325347 0.85 0.9375 0.769230769230769 0.935897435897436 2 1
0.859090909090909 0.833333333333333 0.883928571428571 0.938905423280423 0.87 0.895833333333333 0.846153846153846 0.950721153846154 1 1
0.936363636363636 0.916666666666667 0.955357142857143 0.983052248677249 0.88 0.9375 0.826923076923077 0.96474358974359 2 1
0.885462555066079 0.88695652173913 0.883928571428571 0.954037267080745 0.85 0.795918367346939 0.901960784313726 0.9343737494998 1 1
0.933920704845815 0.939130434782609 0.928571428571429 0.978959627329193 0.9 0.897959183673469 0.901960784313726 0.975590236094438 2 1
0.876106194690266 0.9 0.849056603773585 0.941588050314465 0.82 0.796296296296296 0.847826086956522 0.914653784219002 1 1
0.951327433628319 0.958333333333333 0.943396226415094 0.983569182389937 0.86 0.833333333333333 0.891304347826087 0.944444444444444 2 1
0.860986547085202 0.898305084745763 0.819047619047619 0.93817594834544 0.89 0.883333333333333 0.9 0.957916666666667 1 1
0.94170403587444 0.966101694915254 0.914285714285714 0.990556900726392 0.84 0.783333333333333 0.925 0.949583333333333 2 1
0.83982683982684 0.830645161290323 0.850467289719626 0.914455833584564 0.83 0.8125 0.846153846153846 0.913060897435897 1 1
0.930735930735931 0.943548387096774 0.91588785046729 0.984926138076575 0.83 0.916666666666667 0.75 0.923878205128205 2 1
0.901287553648069 0.900900900900901 0.901639344262295 0.965662383695171 0.88 0.86 0.9 0.958 1 1
0.948497854077253 0.927927927927928 0.967213114754098 0.992246344705361 0.89 0.84 0.94 0.9668 2 1
0.857142857142857 0.88034188034188 0.831775700934579 0.953031392283729 0.9 0.907407407407407 0.891304347826087 0.947665056360709 1 1
0.910714285714286 0.897435897435897 0.925233644859813 0.978352903586548 0.95 0.925925925925926 0.978260869565217 0.989533011272142 2 1
0.820175438596491 0.801587301587302 0.843137254901961 0.912620603797074 0.87 0.9 0.84 0.9328 1 1
0.903508771929825 0.920634920634921 0.882352941176471 0.978680361033302 0.83 0.9 0.76 0.934 2 1
0.860869565217391 0.850877192982456 0.870689655172414 0.945099818511797 0.84 0.86 0.82 0.926 1 1
0.917391304347826 0.929824561403509 0.905172413793103 0.970356926799758 0.87 0.84 0.9 0.946 2 1
0.882352941176471 0.845360824742268 0.911290322580645 0.942051878949119 0.8 0.851851851851852 0.739130434782609 0.919484702093398 1 1
0.932126696832579 0.938144329896907 0.92741935483871 0.982457598935816 0.83 0.833333333333333 0.826086956521739 0.934380032206119 2 1
0.891402714932127 0.877358490566038 0.904347826086957 0.955373256767843 0.87 0.875 0.865384615384615 0.94911858974359 1 1
0.950226244343891 0.933962264150943 0.965217391304348 0.988269073010664 0.92 0.895833333333333 0.942307692307692 0.967147435897436 2 1
0.905982905982906 0.889908256880734 0.92 0.959119266055046 0.76 0.804347826086957 0.722222222222222 0.8756038647343 1 1
0.944444444444444 0.954128440366973 0.936 0.987669724770642 0.83 0.804347826086957 0.851851851851852 0.93719806763285 2 1
0.865217391304348 0.868852459016393 0.861111111111111 0.920613236187007 0.82 0.843137254901961 0.795918367346939 0.915566226490596 1 1
0.943478260869565 0.934426229508197 0.953703703703704 0.982316332726169 0.89 0.862745098039216 0.918367346938776 0.947979191676671 2 1
0.896039603960396 0.883495145631068 0.909090909090909 0.952142787094243 0.89 0.964285714285714 0.795454545454545 0.939123376623377 1 1
0.930693069306931 0.912621359223301 0.94949494949495 0.991958419142885 0.87 0.910714285714286 0.818181818181818 0.948457792207792 2 1
0.882352941176471 0.881818181818182 0.882882882882883 0.963963963963964 0.83 0.859649122807018 0.790697674418605 0.909832721338229 1 1
0.95475113122172 0.945454545454545 0.963963963963964 0.993775593775594 0.86 0.87719298245614 0.837209302325581 0.946960424316605 2 1
0.838427947598253 0.810344827586207 0.867256637168142 0.893118706133659 0.85 0.827586206896552 0.880952380952381 0.908456486042693 1 1
0.921397379912664 0.905172413793103 0.938053097345133 0.966814159292035 0.92 0.913793103448276 0.928571428571429 0.966338259441708 2 1
0.904109589041096 0.895238095238095 0.912280701754386 0.956975772765246 0.91 0.927272727272727 0.888888888888889 0.962424242424242 1 1
0.958904109589041 0.952380952380952 0.964912280701754 0.990225563909774 0.9 0.909090909090909 0.888888888888889 0.972525252525253 2 1
0.876237623762376 0.868686868686869 0.883495145631068 0.946062567421791 0.78 0.760869565217391 0.796296296296296 0.901771336553945 1 1
0.925742574257426 0.919191919191919 0.932038834951456 0.985780131411199 0.8 0.782608695652174 0.814814814814815 0.926731078904992 2 1
0.873303167420814 0.872727272727273 0.873873873873874 0.946437346437346 0.81 0.948717948717949 0.721311475409836 0.936107608238756 1 1
0.927601809954751 0.909090909090909 0.945945945945946 0.974692874692875 0.88 0.923076923076923 0.852459016393443 0.945355191256831 2 1
0.858974358974359 0.872 0.844036697247706 0.943412844036697 0.85 0.865384615384615 0.833333333333333 0.943108974358974 1 1
0.952991452991453 0.952 0.954128440366973 0.995816513761468 0.87 0.884615384615385 0.854166666666667 0.961538461538462 2 1
0.901785714285714 0.901960784313726 0.901639344262295 0.940613950498232 0.83 0.75 0.892857142857143 0.872159090909091 1 1
0.950892857142857 0.941176470588235 0.959016393442623 0.978142076502732 0.8 0.75 0.839285714285714 0.906655844155844 2 1
0.872727272727273 0.841584158415842 0.899159663865546 0.942091688160413 0.85 0.837209302325581 0.859649122807018 0.938392492860057 1 1
0.936363636363636 0.910891089108911 0.957983193277311 0.988518179549047 0.89 0.883720930232558 0.894736842105263 0.952264381884945 2 1
0.853211009174312 0.864864864864865 0.841121495327103 0.919508293340069 0.86 0.883720930232558 0.842105263157895 0.938392492860057 1 1
0.94954128440367 0.954954954954955 0.94392523364486 0.985349835817126 0.86 0.86046511627907 0.859649122807018 0.940432476540188 2 1
0.875 0.831683168316832 0.908396946564885 0.935756934472073 0.92 0.893617021276596 0.943396226415094 0.957045363307908 1 1
0.931034482758621 0.920792079207921 0.938931297709924 0.975814375330663 0.9 0.851063829787234 0.943396226415094 0.981934965877158 2 1
0.888888888888889 0.849056603773585 0.927272727272727 0.940051457975986 0.83 0.86046511627907 0.807017543859649 0.922480620155039 1 1
0.949074074074074 0.943396226415094 0.954545454545455 0.992795883361921 0.83 0.930232558139535 0.754385964912281 0.936760505915953 2 1
0.898230088495575 0.894308943089431 0.902912621359223 0.959744257636751 0.8 0.787234042553192 0.811320754716981 0.892412685668406 1 1
0.946902654867257 0.951219512195122 0.941747572815534 0.988870471228984 0.86 0.893617021276596 0.830188679245283 0.949819349658772 2 1
0.863070539419087 0.864 0.862068965517241 0.943448275862069 0.83 0.877551020408163 0.784313725490196 0.919167667066827 1 1
0.954356846473029 0.936 0.974137931034483 0.981241379310345 0.87 0.897959183673469 0.843137254901961 0.94077631052421 2 1
0.88 0.881818181818182 0.878260869565217 0.952490118577075 0.84 0.816326530612245 0.862745098039216 0.931172468987595 1 1
0.937777777777778 0.936363636363636 0.939130434782609 0.987667984189723 0.87 0.816326530612245 0.92156862745098 0.955982392957183 2 1
0.830434782608696 0.872 0.780952380952381 0.930819047619048 0.9 0.869565217391304 0.925925925925926 0.957729468599034 1 2
0.939130434782609 0.944 0.933333333333333 0.978971428571429 0.91 0.869565217391304 0.944444444444444 0.960547504025765 2 2
0.87378640776699 0.888888888888889 0.85981308411215 0.932502596053998 0.8 0.75 0.846153846153846 0.895432692307692 1 2
0.946601941747573 0.929292929292929 0.962616822429907 0.985934107429435 0.86 0.833333333333333 0.884615384615385 0.942708333333333 2 2
0.832558139534884 0.844036697247706 0.820754716981132 0.909901332871733 0.86 0.811320754716981 0.914893617021277 0.921718185467684 1 2
0.893023255813953 0.871559633027523 0.915094339622642 0.963216202181063 0.94 0.943396226415094 0.936170212765957 0.965074267362505 2 2
0.873362445414847 0.90625 0.831683168316832 0.948329207920792 0.78 0.862745098039216 0.693877551020408 0.899559823929572 1 2
0.934497816593886 0.953125 0.910891089108911 0.987546410891089 0.87 0.941176470588235 0.795918367346939 0.929571828731493 2 2
0.866666666666667 0.868217054263566 0.864864864864865 0.940917661847894 0.8 0.770833333333333 0.826923076923077 0.849358974358974 1 2
0.95 0.930232558139535 0.972972972972973 0.980375724561771 0.83 0.791666666666667 0.865384615384615 0.927083333333333 2 2
0.881818181818182 0.894736842105263 0.867924528301887 0.957629923866269 0.87 0.92 0.82 0.932 1 2
0.940909090909091 0.964912280701754 0.915094339622642 0.99114531612049 0.89 0.92 0.86 0.9592 2 2
0.900900900900901 0.905982905982906 0.895238095238095 0.956125356125356 0.86 0.891304347826087 0.833333333333333 0.938003220611916 1 2
0.941441441441441 0.94017094017094 0.942857142857143 0.981033781033781 0.88 0.869565217391304 0.888888888888889 0.951690821256039 2 2
0.863829787234043 0.857142857142857 0.870689655172414 0.928498985801217 0.87 0.893617021276596 0.849056603773585 0.969088719389803 1 2
0.923404255319149 0.941176470588235 0.905172413793103 0.968270066647349 0.91 0.957446808510638 0.867924528301887 0.971497390606182 2 2
0.872146118721461 0.903508771929825 0.838095238095238 0.941353383458647 0.86 0.804347826086957 0.907407407407407 0.933574879227053 1 2
0.936073059360731 0.956140350877193 0.914285714285714 0.978947368421053 0.89 0.869565217391304 0.907407407407407 0.953703703703704 2 2
0.847457627118644 0.864406779661017 0.830508474576271 0.934860672220626 0.89 0.9 0.88 0.9376 1 2
0.915254237288136 0.923728813559322 0.906779661016949 0.975653547831083 0.89 0.92 0.86 0.9664 2 2
0.817777777777778 0.764150943396226 0.865546218487395 0.914618677659743 0.86 0.9375 0.788461538461538 0.959935897435897 1 2
0.902222222222222 0.877358490566038 0.92436974789916 0.966941493578564 0.96 0.958333333333333 0.961538461538462 0.979967948717949 2 2
0.906542056074766 0.913793103448276 0.897959183673469 0.972554539057002 0.89 0.854545454545454 0.933333333333333 0.958383838383838 1 2
0.967289719626168 0.974137931034483 0.959183673469388 0.995161857846587 0.93 0.945454545454545 0.911111111111111 0.964444444444444 2 2
0.847533632286996 0.858407079646018 0.836363636363636 0.928962188254224 0.87 0.88 0.86 0.9296 1 2
0.914798206278027 0.955752212389381 0.872727272727273 0.975462590506838 0.88 0.88 0.88 0.946 2 2
0.874439461883408 0.922480620155039 0.808510638297872 0.938891637803068 0.88 0.859649122807018 0.906976744186046 0.948184414524684 1 2
0.923766816143498 0.953488372093023 0.882978723404255 0.972538347352796 0.9 0.87719298245614 0.930232558139535 0.972664218686251 2 2
0.878504672897196 0.876190476190476 0.880733944954128 0.941633901266929 0.89 0.914893617021277 0.867924528301887 0.960256924929747 1 2
0.948598130841122 0.961904761904762 0.935779816513762 0.981826124945391 0.94 0.957446808510638 0.924528301886792 0.986752308309916 2 2
0.899122807017544 0.869158878504673 0.925619834710744 0.948713987796401 0.87 0.916666666666667 0.826923076923077 0.947115384615385 1 2
0.956140350877193 0.934579439252336 0.975206611570248 0.988568780412451 0.89 0.916666666666667 0.865384615384615 0.959935897435897 2 2
0.850678733031674 0.833333333333333 0.867256637168142 0.919698459521468 0.85 0.795918367346939 0.901960784313726 0.940376150460184 1 2
0.909502262443439 0.907407407407407 0.911504424778761 0.956981317600787 0.89 0.857142857142857 0.92156862745098 0.981592637054822 2 2
0.897321428571429 0.871287128712871 0.91869918699187 0.966272236979795 0.9 0.906976744186046 0.894736842105263 0.96532027743778 1 2
0.9375 0.940594059405941 0.934959349593496 0.989696530628673 0.88 0.883720930232558 0.87719298245614 0.966952264381885 2 2
0.846511627906977 0.870689655172414 0.818181818181818 0.929380006966214 0.73 0.583333333333333 0.865384615384615 0.771233974358974 1 2
0.948837209302326 0.974137931034483 0.919191919191919 0.985806339254615 0.66 1 0.346153846153846 0.86338141025641 2 2
0.872641509433962 0.878504672897196 0.866666666666667 0.959679572763685 0.82 0.803571428571429 0.840909090909091 0.881087662337662 1 2
0.94811320754717 0.953271028037383 0.942857142857143 0.981575433911883 0.88 0.892857142857143 0.863636363636364 0.928977272727273 2 2
0.940366972477064 0.946428571428571 0.933962264150943 0.967318059299191 0.81 0.803921568627451 0.816326530612245 0.898759503801521 1 2
0.981651376146789 0.991071428571429 0.971698113207547 0.997051886792453 0.84 0.803921568627451 0.877551020408163 0.919967987194878 2 2
0.916666666666667 0.911764705882353 0.921052631578947 0.983402132782938 0.84 0.851851851851852 0.826086956521739 0.928341384863124 1 2
0.981481481481482 0.970588235294118 0.991228070175439 0.988218094255246 0.87 0.833333333333333 0.91304347826087 0.95450885668277 2 2
0.87551867219917 0.84070796460177 0.90625 0.945381637168142 0.85 0.854545454545454 0.844444444444444 0.940606060606061 1 2
0.929460580912863 0.920353982300885 0.9375 0.979950221238938 0.92 0.909090909090909 0.933333333333333 0.971313131313131 2 2
0.895196506550218 0.895652173913044 0.894736842105263 0.963005339435545 0.84 0.844444444444444 0.836363636363636 0.905454545454546 1 2
0.938864628820961 0.947826086956522 0.929824561403509 0.979862700228833 0.83 0.822222222222222 0.836363636363636 0.92040404040404 2 2
0.880184331797235 0.880733944954128 0.87962962962963 0.934080869860686 0.84 0.843137254901961 0.836734693877551 0.933573429371749 1 2
0.926267281105991 0.944954128440367 0.907407407407407 0.980037376826368 0.86 0.862745098039216 0.857142857142857 0.94437775110044 2 2
0.87719298245614 0.883333333333333 0.87037037037037 0.94375 0.87 0.884615384615385 0.854166666666667 0.94911858974359 1 2
0.929824561403509 0.95 0.907407407407407 0.980324074074074 0.85 0.826923076923077 0.875 0.951121794871795 2 2
0.873303167420814 0.88135593220339 0.864077669902913 0.950551258844825 0.94 0.955555555555556 0.927272727272727 0.98949494949495 1 2
0.932126696832579 0.966101694915254 0.893203883495146 0.984449563929571 0.98 0.977777777777778 0.981818181818182 0.999191919191919 2 2
0.855140186915888 0.867256637168142 0.841584158415842 0.927363532813458 0.9 0.910714285714286 0.886363636363636 0.954545454545455 1 2
0.91588785046729 0.902654867256637 0.930693069306931 0.976342767020065 0.92 0.946428571428571 0.886363636363636 0.97362012987013 2 2
0.842592592592593 0.817204301075269 0.861788617886179 0.918087245388583 0.86 0.895833333333333 0.826923076923077 0.949519230769231 1 2
0.884259259259259 0.870967741935484 0.894308943089431 0.959262173266894 0.93 0.9375 0.923076923076923 0.985176282051282 2 2
0.888392857142857 0.829787234042553 0.930769230769231 0.95924713584288 0.88 0.826086956521739 0.925925925925926 0.957326892109501 1 2
0.973214285714286 0.936170212765957 1 0.994189852700491 0.9 0.847826086956522 0.944444444444444 0.973832528180354 2 2
0.862068965517241 0.882978723404255 0.844036697247706 0.929435877415577 0.86 0.933333333333333 0.8 0.954343434343434 1 2
0.945812807881773 0.946808510638298 0.944954128440367 0.989264103064611 0.91 0.933333333333333 0.890909090909091 0.985454545454545 2 2
0.87037037037037 0.864077669902913 0.876106194690266 0.937623507174156 0.88 0.906976744186046 0.859649122807018 0.971848225214198 1 2
0.925925925925926 0.951456310679612 0.902654867256637 0.979207835724719 0.9 0.906976744186046 0.894736842105263 0.980416156670747 2 2
0.883620689655172 0.884615384615385 0.8828125 0.938777043269231 0.91 0.936507936507937 0.864864864864865 0.960960960960961 1 2
0.926724137931034 0.894230769230769 0.953125 0.984525240384615 0.92 0.888888888888889 0.972972972972973 0.978549978549979 2 2
0.869955156950673 0.84375 0.889763779527559 0.942011154855643 0.85 0.814814814814815 0.891304347826087 0.914653784219002 1 2
0.937219730941704 0.9375 0.937007874015748 0.985564304461942 0.85 0.796296296296296 0.91304347826087 0.950885668276973 2 2
0.832535885167464 0.818181818181818 0.845454545454545 0.913131313131313 0.87 0.906976744186046 0.842105263157895 0.931048551611587 1 2
0.923444976076555 0.909090909090909 0.936363636363636 0.975114784205693 0.9 0.953488372093023 0.859649122807018 0.958384332925337 2 2
0.867298578199052 0.852941176470588 0.880733944954128 0.933621154883972 0.83 0.784313725490196 0.877551020408163 0.914365746298519 1 2
0.928909952606635 0.92156862745098 0.935779816513762 0.976884331714337 0.9 0.862745098039216 0.938775510204082 0.967587034813926 2 2
0.86283185840708 0.867768595041322 0.857142857142857 0.926957890594254 0.87 0.877551020408163 0.862745098039216 0.941976790716286 1 2
0.911504424778761 0.933884297520661 0.885714285714286 0.964108618654073 0.87 0.897959183673469 0.843137254901961 0.953581432573029 2 2
0.857142857142857 0.855855855855856 0.858407079646018 0.933827632942677 0.86 0.872727272727273 0.844444444444444 0.952323232323232 1 2
0.933035714285714 0.936936936936937 0.929203539823009 0.976879534401658 0.9 0.854545454545454 0.955555555555556 0.975757575757576 2 2
0.940425531914894 0.945736434108527 0.933962264150943 0.976817317536931 0.86 0.814814814814815 0.91304347826087 0.973832528180354 1 2
0.957446808510638 0.976744186046512 0.933962264150943 0.992906245429282 0.92 0.925925925925926 0.91304347826087 0.983494363929147 2 2
0.876651982378855 0.875 0.878260869565217 0.946894409937888 0.88 0.88 0.88 0.9612 1 2
0.960352422907489 0.964285714285714 0.956521739130435 0.98944099378882 0.88 0.9 0.86 0.9552 2 2
0.899497487437186 0.903846153846154 0.894736842105263 0.966599190283401 0.83 0.8 0.86 0.928 1 2
0.934673366834171 0.942307692307692 0.926315789473684 0.984514170040486 0.88 0.88 0.88 0.9584 2 2
0.898230088495575 0.884615384615385 0.909836065573771 0.94577553593947 0.85 0.844444444444444 0.854545454545454 0.926464646464646 1 2
0.942477876106195 0.942307692307692 0.942622950819672 0.989044766708701 0.89 0.888888888888889 0.890909090909091 0.951919191919192 2 2
0.895927601809955 0.889908256880734 0.901785714285714 0.956831585845347 0.86 0.838709677419355 0.894736842105263 0.912563667232598 1 2
0.963800904977376 0.954128440366973 0.973214285714286 0.988777850589777 0.85 0.854838709677419 0.842105263157895 0.918081494057725 2 2
0.865470852017937 0.849056603773585 0.88034188034188 0.947750362844702 0.83 0.857142857142857 0.795454545454545 0.926948051948052 1 2
0.914798206278027 0.915094339622642 0.914529914529915 0.981212707627802 0.78 0.767857142857143 0.795454545454545 0.908685064935065 2 2
0.86864406779661 0.830357142857143 0.903225806451613 0.934691820276498 0.87 0.8125 0.923076923076923 0.959535256410256 1 2
0.936440677966102 0.928571428571429 0.943548387096774 0.978614631336405 0.93 0.916666666666667 0.942307692307692 0.980769230769231 2 2
0.881818181818182 0.882352941176471 0.88135593220339 0.951146560319043 0.83 0.931818181818182 0.75 0.945616883116883 1 2
0.936363636363636 0.941176470588235 0.932203389830508 0.982884679295447 0.91 0.977272727272727 0.857142857142857 0.964285714285714 2 2
0.896103896103896 0.877358490566038 0.912 0.963396226415094 0.87 0.841269841269841 0.918918918918919 0.956241956241956 1 2
0.943722943722944 0.952830188679245 0.936 0.988905660377358 0.86 0.857142857142857 0.864864864864865 0.958386958386958 2 2
0.883495145631068 0.886792452830189 0.88 0.945849056603774 0.88 0.901960784313726 0.857142857142857 0.937174869947979 1 2
0.922330097087379 0.89622641509434 0.95 0.981698113207547 0.88 0.901960784313726 0.857142857142857 0.961584633853541 2 2
0.906542056074766 0.925925925925926 0.886792452830189 0.952830188679245 0.87 0.872340425531915 0.867924528301887 0.949417904456042 1 2
0.957943925233645 0.972222222222222 0.943396226415094 0.991788958770091 0.93 0.936170212765957 0.924528301886792 0.965475712565235 2 2
0.852 0.841666666666667 0.861538461538462 0.93448717948718 0.82 0.740740740740741 0.91304347826087 0.919082125603865 1 2
0.932 0.933333333333333 0.930769230769231 0.981794871794872 0.84 0.796296296296296 0.891304347826087 0.936795491143317 2 2
0.844444444444444 0.771739130434783 0.894736842105263 0.921542987904544 0.86 0.846153846153846 0.875 0.91386217948718 1 2
0.933333333333333 0.902173913043478 0.954887218045113 0.981121281464531 0.86 0.865384615384615 0.854166666666667 0.958333333333333 2 2
0.868085106382979 0.860869565217391 0.875 0.928115942028986 0.91 0.923076923076923 0.895833333333333 0.96875 1 2
0.936170212765957 0.921739130434783 0.95 0.986376811594203 0.94 0.903846153846154 0.979166666666667 0.984375 2 2
0.853982300884956 0.871559633027523 0.837606837606838 0.93601505528111 0.87 0.857142857142857 0.886363636363636 0.948457792207792 1 2
0.924778761061947 0.926605504587156 0.923076923076923 0.97741707833451 0.92 0.910714285714286 0.931818181818182 0.97849025974026 2 2
0.89622641509434 0.923076923076923 0.863157894736842 0.943679712100765 0.85 0.901960784313726 0.795918367346939 0.933173269307723 1 2
0.943396226415094 0.974358974358974 0.905263157894737 0.98110661268556 0.88 0.901960784313726 0.857142857142857 0.965186074429772 2 2
0.830985915492958 0.849056603773585 0.813084112149533 0.923470287427261 0.82 0.86046511627907 0.789473684210526 0.930640554875561 1 2
0.92018779342723 0.924528301886792 0.91588785046729 0.981220243343326 0.87 0.906976744186046 0.842105263157895 0.94859241126071 2 2
0.916666666666667 0.930693069306931 0.902912621359223 0.970393155820436 0.91 0.897959183673469 0.92156862745098 0.969987995198079 1 2
0.96078431372549 0.97029702970297 0.951456310679612 0.99480918965683 0.88 0.897959183673469 0.862745098039216 0.978391356542617 2 2
0.86784140969163 0.888888888888889 0.845454545454545 0.936363636363636 0.83 0.854166666666667 0.807692307692308 0.917467948717949 1 2
0.951541850220264 0.957264957264957 0.945454545454545 0.98989898989899 0.92 0.916666666666667 0.923076923076923 0.966346153846154 2 2
0.864864864864865 0.883333333333333 0.843137254901961 0.94297385620915 0.92 0.907407407407407 0.934782608695652 0.954106280193237 1 2
0.936936936936937 0.925 0.950980392156863 0.978267973856209 0.93 0.907407407407407 0.956521739130435 0.983091787439614 2 2
0.860262008733624 0.854700854700855 0.866071428571429 0.950473137973138 0.91 0.886363636363636 0.928571428571429 0.967938311688312 1 2
0.960698689956332 0.965811965811966 0.955357142857143 0.99023199023199 0.92 0.909090909090909 0.928571428571429 0.988636363636364 2 2
0.835497835497836 0.840336134453782 0.830357142857143 0.920018007202881 0.85 0.894736842105263 0.82258064516129 0.91553480475382 1 2
0.943722943722944 0.932773109243697 0.955357142857143 0.984543817527011 0.84 0.842105263157895 0.838709677419355 0.940577249575552 2 2
0.857777777777778 0.87603305785124 0.836538461538462 0.938413858868404 0.79 0.807692307692308 0.770833333333333 0.888621794871795 1 2
0.937777777777778 0.933884297520661 0.942307692307692 0.981325492689129 0.86 0.826923076923077 0.895833333333333 0.933092948717949 2 2
0.853333333333333 0.872881355932203 0.831775700934579 0.920798352605734 0.9 0.918367346938776 0.882352941176471 0.956382553021208 1 2
0.924444444444444 0.957627118644068 0.88785046728972 0.968081736100111 0.91 0.918367346938776 0.901960784313726 0.964385754301721 2 2
0.875598086124402 0.872549019607843 0.878504672897196 0.944566611691406 0.8 0.75609756097561 0.830508474576271 0.859859446052088 1 2
0.933014354066986 0.931372549019608 0.934579439252336 0.983049294484149 0.86 0.75609756097561 0.932203389830508 0.935510541546093 2 2
0.866359447004608 0.896825396825397 0.824175824175824 0.94409558695273 0.87 0.894736842105263 0.837209302325581 0.946960424316605 1 2
0.935483870967742 0.96031746031746 0.901098901098901 0.981423338566196 0.88 0.894736842105263 0.86046511627907 0.967360261117911 2 2
0.875555555555556 0.885964912280702 0.864864864864865 0.946973289078552 0.8 0.829787234042553 0.773584905660377 0.900843034925733 1 2
0.951111111111111 0.929824561403509 0.972972972972973 0.990753911806543 0.85 0.851063829787234 0.849056603773585 0.955038137294259 2 2
0.847161572052402 0.880952380952381 0.805825242718447 0.931730621051009 0.86 0.92156862745098 0.795918367346939 0.932372949179672 1 2
0.934497816593886 0.968253968253968 0.893203883495146 0.976113422715364 0.88 0.92156862745098 0.836734693877551 0.945978391356543 2 2
0.842105263157895 0.858333333333333 0.824074074074074 0.919521604938272 0.84 0.843137254901961 0.836734693877551 0.965586234493798 1 2
0.942982456140351 0.958333333333333 0.925925925925926 0.985339506172839 0.91 0.92156862745098 0.897959183673469 0.973189275710284 2 2
0.884444444444444 0.854545454545454 0.91304347826087 0.940869565217391 0.85 0.807692307692308 0.895833333333333 0.905048076923077 1 2
0.928888888888889 0.909090909090909 0.947826086956522 0.979762845849802 0.88 0.826923076923077 0.9375 0.935496794871795 2 2
0.861386138613861 0.875 0.846938775510204 0.949960753532182 0.84 0.891304347826087 0.796296296296296 0.928341384863124 1 2
0.945544554455445 0.951923076923077 0.938775510204082 0.985773155416013 0.87 0.891304347826087 0.851851851851852 0.938003220611916 2 2
0.887931034482759 0.890756302521008 0.884955752212389 0.961404030638804 0.88 0.914893617021277 0.849056603773585 0.949016459253312 1 2
0.961206896551724 0.966386554621849 0.955752212389381 0.990406782181899 0.87 0.872340425531915 0.867924528301887 0.945002007226014 2 2
0.848888888888889 0.794117647058823 0.894308943089431 0.931053722301929 0.87 0.836363636363636 0.911111111111111 0.947878787878788 1 2
0.933333333333333 0.911764705882353 0.951219512195122 0.985573091025028 0.91 0.872727272727273 0.955555555555556 0.988282828282828 2 2
0.86283185840708 0.877049180327869 0.846153846153846 0.938603404791929 0.83 0.9375 0.730769230769231 0.924679487179487 1 2
0.920353982300885 0.926229508196721 0.913461538461538 0.979035308953342 0.84 0.916666666666667 0.769230769230769 0.944310897435897 2 2
0.854545454545454 0.833333333333333 0.875 0.940393518518518 0.84 0.854166666666667 0.826923076923077 0.947516025641026 1 2
0.936363636363636 0.916666666666667 0.955357142857143 0.983217592592593 0.89 0.9375 0.846153846153846 0.969551282051282 2 2
0.876651982378855 0.878260869565217 0.875 0.953260869565217 0.86 0.816326530612245 0.901960784313726 0.933573429371749 1 2
0.929515418502203 0.930434782608696 0.928571428571429 0.978726708074534 0.9 0.897959183673469 0.901960784313726 0.975990396158463 2 2
0.876106194690266 0.9 0.849056603773585 0.941352201257862 0.83 0.833333333333333 0.826086956521739 0.9170692431562 1 2
0.955752212389381 0.958333333333333 0.952830188679245 0.983569182389937 0.89 0.87037037037037 0.91304347826087 0.948067632850242 2 2
0.860986547085202 0.898305084745763 0.819047619047619 0.938256658595642 0.87 0.883333333333333 0.85 0.937083333333333 1 2
0.94170403587444 0.966101694915254 0.914285714285714 0.990879741727199 0.84 0.816666666666667 0.875 0.935416666666667 2 2
0.848484848484849 0.838709677419355 0.85981308411215 0.913476032559542 0.79 0.770833333333333 0.807692307692308 0.899038461538462 1 2
0.935064935064935 0.951612903225806 0.91588785046729 0.985453723243895 0.83 0.916666666666667 0.75 0.921073717948718 2 2
0.901287553648069 0.900900900900901 0.901639344262295 0.966031605375868 0.87 0.86 0.88 0.9588 1 2
0.948497854077253 0.927927927927928 0.967213114754098 0.992172500369222 0.89 0.84 0.94 0.9676 2 2
0.861607142857143 0.888888888888889 0.831775700934579 0.953670420960141 0.89 0.907407407407407 0.869565217391304 0.952495974235105 1 2
0.910714285714286 0.897435897435897 0.925233644859813 0.978273025001997 0.95 0.907407407407407 1 0.989935587761675 2 2
0.815789473684211 0.801587301587302 0.833333333333333 0.913009648303766 0.88 0.9 0.86 0.936 1 2
0.899122807017544 0.920634920634921 0.872549019607843 0.97875816993464 0.84 0.9 0.78 0.9328 2 2
0.856521739130435 0.859649122807018 0.853448275862069 0.944116757410768 0.83 0.88 0.78 0.9252 1 2
0.921739130434783 0.929824561403509 0.913793103448276 0.969525105868119 0.87 0.84 0.9 0.9488 2 2
0.886877828054299 0.865979381443299 0.903225806451613 0.943215829730629 0.8 0.87037037037037 0.717391304347826 0.918679549114332 1 2
0.932126696832579 0.938144329896907 0.92741935483871 0.982291320252744 0.84 0.851851851851852 0.826086956521739 0.931964573268921 2 2
0.891402714932127 0.886792452830189 0.895652173913044 0.954470877768663 0.88 0.895833333333333 0.865384615384615 0.951522435897436 1 2
0.95475113122172 0.943396226415094 0.965217391304348 0.988105004101723 0.92 0.895833333333333 0.942307692307692 0.966746794871795 2 2
0.901709401709402 0.889908256880734 0.912 0.958825688073395 0.77 0.826086956521739 0.722222222222222 0.885668276972625 1 2
0.944444444444444 0.954128440366973 0.936 0.987522935779817 0.84 0.804347826086957 0.87037037037037 0.938405797101449 2 2
0.860869565217391 0.860655737704918 0.861111111111111 0.920081967213115 0.82 0.843137254901961 0.795918367346939 0.923569427771108 1 2
0.943478260869565 0.934426229508197 0.953703703703704 0.982164541590771 0.9 0.882352941176471 0.918367346938776 0.952781112444978 2 2
0.896039603960396 0.883495145631068 0.909090909090909 0.951260174561145 0.87 0.928571428571429 0.795454545454545 0.935470779220779 1 2
0.935643564356436 0.922330097087379 0.94949494949495 0.991762283024419 0.87 0.892857142857143 0.840909090909091 0.943587662337662 2 2
0.886877828054299 0.890909090909091 0.882882882882883 0.964619164619165 0.85 0.87719298245614 0.813953488372093 0.914320685434517 1 2
0.95475113122172 0.945454545454545 0.963963963963964 0.993939393939394 0.86 0.87719298245614 0.837209302325581 0.949000407996736 2 2
0.842794759825327 0.810344827586207 0.876106194690266 0.894568202624352 0.84 0.827586206896552 0.857142857142857 0.914614121510673 1 2
0.921397379912664 0.905172413793103 0.938053097345133 0.966432712847116 0.92 0.913793103448276 0.928571428571429 0.963054187192118 2 2
0.908675799086758 0.904761904761905 0.912280701754386 0.957142857142857 0.91 0.927272727272727 0.888888888888889 0.958787878787879 1 2
0.954337899543379 0.952380952380952 0.956140350877193 0.990142021720969 0.9 0.909090909090909 0.888888888888889 0.974141414141414 2 2
0.876237623762376 0.868686868686869 0.883495145631068 0.945376091007159 0.78 0.760869565217391 0.796296296296296 0.894122383252818 1 2
0.925742574257426 0.919191919191919 0.932038834951456 0.986074335588899 0.8 0.782608695652174 0.814814814814815 0.921900161030596 2 2
0.868778280542986 0.872727272727273 0.864864864864865 0.946519246519247 0.8 0.948717948717949 0.704918032786885 0.933165195460277 1 2
0.932126696832579 0.918181818181818 0.945945945945946 0.976986076986077 0.88 0.923076923076923 0.852459016393443 0.944934846574191 2 2
0.854700854700855 0.872 0.834862385321101 0.94348623853211 0.86 0.865384615384615 0.854166666666667 0.9375 1 2
0.957264957264957 0.952 0.963302752293578 0.995522935779817 0.86 0.884615384615385 0.833333333333333 0.95713141025641 2 2
0.901785714285714 0.901960784313726 0.901639344262295 0.941256830601093 0.81 0.727272727272727 0.875 0.877435064935065 1 2
0.946428571428571 0.931372549019608 0.959016393442623 0.978061716489875 0.81 0.75 0.857142857142857 0.908685064935065 2 2
0.872727272727273 0.841584158415842 0.899159663865546 0.94300690573259 0.88 0.86046511627907 0.894736842105263 0.939616483068135 1 2
0.936363636363636 0.910891089108911 0.957983193277311 0.988518179549047 0.89 0.906976744186046 0.87719298245614 0.954712362301102 2 2
0.853211009174312 0.864864864864865 0.841121495327103 0.919929275069462 0.86 0.883720930232558 0.842105263157895 0.94124847001224 1 2
0.94954128440367 0.954954954954955 0.94392523364486 0.983076534478404 0.85 0.86046511627907 0.842105263157895 0.940432476540188 2 2
0.866379310344828 0.831683168316832 0.893129770992366 0.935983674703348 0.91 0.893617021276596 0.924528301886792 0.958651144118828 1 2
0.931034482758621 0.920792079207921 0.938931297709924 0.976116695639029 0.92 0.893617021276596 0.943396226415094 0.979124849458049 2 2
0.893518518518518 0.849056603773585 0.936363636363636 0.940566037735849 0.84 0.86046511627907 0.824561403508772 0.922480620155039 1 2
0.949074074074074 0.943396226415094 0.954545454545455 0.992367066895369 0.82 0.906976744186046 0.754385964912281 0.935128518971848 2 2
0.898230088495575 0.894308943089431 0.902912621359223 0.960296787433894 0.82 0.808510638297872 0.830188679245283 0.902047370533922 1 2
0.946902654867257 0.951219512195122 0.941747572815534 0.989028336885311 0.85 0.872340425531915 0.830188679245283 0.95303091128061 2 2
0.867219917012448 0.872 0.862068965517241 0.943310344827586 0.53 0.102040816326531 0.941176470588235 0.707082833133253 1 2
0.954356846473029 0.936 0.974137931034483 0.981241379310345 0.53 0.959183673469388 0.117647058823529 0.680672268907563 2 2
0.884444444444444 0.881818181818182 0.88695652173913 0.951778656126482 0.85 0.836734693877551 0.862745098039216 0.932372949179672 1 2
0.937777777777778 0.936363636363636 0.939130434782609 0.987905138339921 0.88 0.816326530612245 0.941176470588235 0.95718287314926 2 2
0.834782608695652 0.88 0.780952380952381 0.928990476190476 0.93 0.891304347826087 0.962962962962963 0.960547504025765 1 3
0.921739130434783 0.944 0.895238095238095 0.978590476190476 0.89 0.869565217391304 0.907407407407407 0.960950080515298 2 3
0.87378640776699 0.888888888888889 0.85981308411215 0.931936184272633 0.82 0.770833333333333 0.865384615384615 0.890224358974359 1 3
0.946601941747573 0.929292929292929 0.962616822429907 0.986028509392995 0.83 0.770833333333333 0.884615384615385 0.943910256410256 2 3
0.837209302325581 0.844036697247706 0.830188679245283 0.909208931971612 0.87 0.849056603773585 0.893617021276596 0.922922521075873 1 3
0.883720930232558 0.862385321100917 0.905660377358491 0.963389302406093 0.93 0.924528301886792 0.936170212765957 0.966278602970695 2 3
0.873362445414847 0.8984375 0.841584158415842 0.946627475247525 0.79 0.862745098039216 0.714285714285714 0.896358543417367 1 3
0.938864628820961 0.953125 0.920792079207921 0.988474628712871 0.88 0.941176470588235 0.816326530612245 0.931172468987595 2 3
0.870833333333333 0.875968992248062 0.864864864864865 0.940289126335638 0.81 0.770833333333333 0.846153846153846 0.845352564102564 1 3
0.95 0.930232558139535 0.972972972972973 0.980305887282631 0.83 0.75 0.903846153846154 0.92988782051282 2 3
0.890909090909091 0.912280701754386 0.867924528301887 0.956223104932142 0.86 0.88 0.84 0.9412 1 3
0.940909090909091 0.964912280701754 0.915094339622642 0.991476332340285 0.9 0.94 0.86 0.9676 2 3
0.90990990990991 0.905982905982906 0.914285714285714 0.959462759462759 0.86 0.891304347826087 0.833333333333333 0.939613526570048 1 3
0.941441441441441 0.94017094017094 0.942857142857143 0.98030118030118 0.88 0.847826086956522 0.907407407407407 0.949275362318841 2 3
0.863829787234043 0.857142857142857 0.870689655172414 0.927412344248044 0.9 0.914893617021277 0.886792452830189 0.973906061822561 1 3
0.914893617021277 0.92436974789916 0.905172413793103 0.969574036511156 0.91 0.936170212765957 0.886792452830189 0.971898835808912 2 3
0.872146118721461 0.885964912280702 0.857142857142857 0.941019214703425 0.86 0.804347826086957 0.907407407407407 0.931964573268921 1 3
0.931506849315068 0.956140350877193 0.904761904761905 0.978947368421053 0.89 0.869565217391304 0.907407407407407 0.952093397745572 2 3
0.847457627118644 0.864406779661017 0.830508474576271 0.934860672220626 0.88 0.86 0.9 0.938 1 3
0.915254237288136 0.923728813559322 0.906779661016949 0.977233553576559 0.91 0.92 0.9 0.9696 2 3
0.826666666666667 0.783018867924528 0.865546218487395 0.915490724591724 0.86 0.916666666666667 0.807692307692308 0.952323717948718 1 3
0.902222222222222 0.877358490566038 0.92436974789916 0.962898366893927 0.95 0.9375 0.961538461538462 0.97676282051282 2 3
0.911214953271028 0.922413793103448 0.897959183673469 0.972466572836031 0.9 0.890909090909091 0.911111111111111 0.957171717171717 1 3
0.962616822429907 0.974137931034483 0.948979591836735 0.994809992962702 0.92 0.927272727272727 0.911111111111111 0.968484848484849 2 3
0.847533632286996 0.858407079646018 0.836363636363636 0.927674979887369 0.87 0.88 0.86 0.932 1 3
0.919282511210762 0.955752212389381 0.881818181818182 0.975623491552695 0.9 0.88 0.92 0.9456 2 3
0.878923766816143 0.922480620155039 0.819148936170213 0.939716312056738 0.88 0.859649122807018 0.906976744186046 0.954304365565075 1 3
0.923766816143498 0.953488372093023 0.882978723404255 0.971961075375227 0.9 0.87719298245614 0.930232558139535 0.975520195838433 2 3
0.873831775700935 0.866666666666667 0.880733944954128 0.941109654871123 0.89 0.936170212765957 0.849056603773585 0.957045363307908 1 3
0.953271028037383 0.971428571428571 0.935779816513762 0.981826124945391 0.94 0.957446808510638 0.924528301886792 0.985547972701726 2 3
0.899122807017544 0.878504672897196 0.917355371900826 0.948713987796401 0.9 0.9375 0.865384615384615 0.947115384615385 1 3
0.956140350877193 0.934579439252336 0.975206611570248 0.988723256352823 0.89 0.916666666666667 0.865384615384615 0.95713141025641 2 3
0.850678733031674 0.833333333333333 0.867256637168142 0.920108161258604 0.83 0.755102040816326 0.901960784313726 0.937174869947979 1 3
0.900452488687783 0.888888888888889 0.911504424778761 0.957636840380203 0.91 0.877551020408163 0.941176470588235 0.981992797118848 2 3
0.897321428571429 0.871287128712871 0.91869918699187 0.965064799162843 0.9 0.883720930232558 0.912280701754386 0.968176254589963 1 3
0.941964285714286 0.940594059405941 0.943089430894309 0.989696530628673 0.87 0.86046511627907 0.87719298245614 0.964912280701754 2 3
0.832558139534884 0.853448275862069 0.808080808080808 0.926680599094392 0.81 0.916666666666667 0.711538461538462 0.927083333333333 1 3
0.948837209302326 0.974137931034483 0.919191919191919 0.985196795541623 0.91 0.9375 0.884615384615385 0.969951923076923 2 3
0.872641509433962 0.878504672897196 0.866666666666667 0.95781041388518 0.82 0.803571428571429 0.840909090909091 0.873376623376623 1 3
0.94811320754717 0.953271028037383 0.942857142857143 0.981664441477526 0.86 0.857142857142857 0.863636363636364 0.924107142857143 2 3
0.944954128440367 0.946428571428571 0.943396226415094 0.967149595687332 0.82 0.784313725490196 0.857142857142857 0.891956782713085 1 3
0.977064220183486 0.982142857142857 0.971698113207547 0.996883423180593 0.83 0.784313725490196 0.877551020408163 0.917567026810724 2 3
0.925925925925926 0.92156862745098 0.929824561403509 0.981424148606811 0.85 0.87037037037037 0.826086956521739 0.921900161030596 1 3
0.981481481481482 0.970588235294118 0.991228070175439 0.987702098383213 0.88 0.851851851851852 0.91304347826087 0.95450885668277 2 3
0.879668049792531 0.849557522123894 0.90625 0.945243362831858 0.85 0.854545454545454 0.844444444444444 0.938989898989899 1 3
0.925311203319502 0.911504424778761 0.9375 0.980295907079646 0.91 0.890909090909091 0.933333333333333 0.974545454545454 2 3
0.903930131004367 0.91304347826087 0.894736842105263 0.962929061784897 0.83 0.8 0.854545454545454 0.898585858585859 1 3
0.943231441048035 0.956521739130435 0.929824561403509 0.979786422578185 0.81 0.8 0.818181818181818 0.913939393939394 2 3
0.875576036866359 0.880733944954128 0.87037037037037 0.93416581719334 0.85 0.843137254901961 0.857142857142857 0.925570228091236 1 3
0.921658986175115 0.944954128440367 0.898148148148148 0.979697587495753 0.86 0.862745098039216 0.857142857142857 0.937174869947979 2 3
0.868421052631579 0.875 0.861111111111111 0.943364197530864 0.88 0.903846153846154 0.854166666666667 0.947115384615385 1 3
0.934210526315789 0.95 0.916666666666667 0.979861111111111 0.85 0.826923076923077 0.875 0.949919871794872 2 3
0.868778280542986 0.889830508474576 0.844660194174757 0.950386703965773 0.94 0.955555555555556 0.927272727272727 0.987878787878788 1 3
0.932126696832579 0.966101694915254 0.893203883495146 0.984449563929571 0.98 0.977777777777778 0.981818181818182 0.997979797979798 2 3
0.864485981308411 0.867256637168142 0.861386138613861 0.92823972662753 0.9 0.910714285714286 0.886363636363636 0.954951298701299 1 3
0.911214953271028 0.893805309734513 0.930693069306931 0.976868483308508 0.91 0.928571428571429 0.886363636363636 0.969967532467533 2 3
0.847222222222222 0.827956989247312 0.861788617886179 0.916601101494886 0.86 0.875 0.846153846153846 0.943910256410256 1 3
0.884259259259259 0.870967741935484 0.894308943089431 0.959699274412099 0.91 0.895833333333333 0.923076923076923 0.982772435897436 2 3
0.888392857142857 0.829787234042553 0.930769230769231 0.957937806873977 0.87 0.804347826086957 0.925925925925926 0.957729468599034 1 3
0.96875 0.925531914893617 1 0.993944353518822 0.92 0.869565217391304 0.962962962962963 0.976247987117552 2 3
0.862068965517241 0.882978723404255 0.844036697247706 0.928557485848136 0.86 0.955555555555556 0.781818181818182 0.958383838383838 1 3
0.950738916256158 0.946808510638298 0.954128440366973 0.990142494632052 0.91 0.933333333333333 0.890909090909091 0.986262626262626 2 3
0.856481481481482 0.864077669902913 0.849557522123894 0.936764326832202 0.9 0.930232558139535 0.87719298245614 0.97062423500612 1 3
0.925925925925926 0.951456310679612 0.902654867256637 0.97731763897242 0.9 0.906976744186046 0.894736842105263 0.979600163198694 2 3
0.879310344827586 0.884615384615385 0.875 0.939002403846154 0.92 0.920634920634921 0.918918918918919 0.958815958815959 1 3
0.926724137931034 0.894230769230769 0.953125 0.983248197115385 0.9 0.857142857142857 0.972972972972973 0.982839982839983 2 3
0.874439461883408 0.854166666666667 0.889763779527559 0.943159448818898 0.85 0.796296296296296 0.91304347826087 0.918679549114332 1 3
0.946188340807175 0.9375 0.952755905511811 0.986056430446194 0.87 0.814814814814815 0.934782608695652 0.947262479871176 2 3
0.827751196172249 0.838383838383838 0.818181818181818 0.913682277318641 0.86 0.883720930232558 0.842105263157895 0.929416564667483 1 3
0.923444976076555 0.909090909090909 0.936363636363636 0.975482093663912 0.9 0.953488372093023 0.859649122807018 0.956344349245206 2 3
0.867298578199052 0.852941176470588 0.880733944954128 0.933711099118547 0.83 0.784313725490196 0.877551020408163 0.913565426170468 1 3
0.928909952606635 0.92156862745098 0.935779816513762 0.975625112430293 0.88 0.843137254901961 0.918367346938776 0.970388155262105 2 3
0.86283185840708 0.867768595041322 0.857142857142857 0.924596615505706 0.89 0.877551020408163 0.901960784313726 0.942777110844338 1 3
0.911504424778761 0.933884297520661 0.885714285714286 0.964738292011019 0.87 0.897959183673469 0.843137254901961 0.954781912765106 2 3
0.848214285714286 0.846846846846847 0.849557522123894 0.931276409152515 0.85 0.836363636363636 0.866666666666667 0.953535353535354 1 3
0.924107142857143 0.927927927927928 0.920353982300885 0.976082276967233 0.94 0.909090909090909 0.977777777777778 0.983838383838384 2 3
0.940425531914894 0.937984496124031 0.943396226415094 0.977036712008191 0.9 0.851851851851852 0.956521739130435 0.97463768115942 1 3
0.953191489361702 0.968992248062015 0.933962264150943 0.993125639900541 0.94 0.925925925925926 0.956521739130435 0.98389694041868 2 3
0.863436123348018 0.866071428571429 0.860869565217391 0.946428571428571 0.87 0.86 0.88 0.9604 1 3
0.960352422907489 0.964285714285714 0.956521739130435 0.98944099378882 0.89 0.9 0.88 0.9552 2 3
0.909547738693467 0.913461538461538 0.905263157894737 0.968117408906883 0.83 0.78 0.88 0.9288 1 3
0.939698492462312 0.951923076923077 0.926315789473684 0.981781376518219 0.87 0.84 0.9 0.956 2 3
0.893805309734513 0.875 0.909836065573771 0.945302648171501 0.84 0.822222222222222 0.854545454545454 0.918787878787879 1 3
0.938053097345133 0.942307692307692 0.934426229508197 0.988177805800757 0.86 0.822222222222222 0.890909090909091 0.953535353535354 2 3
0.895927601809955 0.899082568807339 0.892857142857143 0.954046526867628 0.85 0.854838709677419 0.842105263157895 0.91044142614601 1 3
0.963800904977376 0.954128440366973 0.973214285714286 0.987876802096986 0.83 0.838709677419355 0.815789473684211 0.91044142614601 2 3
0.869955156950673 0.867924528301887 0.871794871794872 0.946057087566522 0.8 0.821428571428571 0.772727272727273 0.912743506493506 1 3
0.910313901345291 0.905660377358491 0.914529914529915 0.981857764876633 0.78 0.732142857142857 0.840909090909091 0.924918831168831 2 3
0.872881355932203 0.839285714285714 0.903225806451613 0.935339861751152 0.87 0.8125 0.923076923076923 0.957532051282051 1 3
0.923728813559322 0.919642857142857 0.92741935483871 0.978758640552995 0.92 0.895833333333333 0.942307692307692 0.979166666666667 2 3
0.881818181818182 0.882352941176471 0.88135593220339 0.948404785643071 0.83 0.931818181818182 0.75 0.947646103896104 1 3
0.936363636363636 0.931372549019608 0.940677966101695 0.982967763376537 0.9 0.977272727272727 0.839285714285714 0.970373376623377 2 3
0.896103896103896 0.886792452830189 0.904 0.961056603773585 0.87 0.857142857142857 0.891891891891892 0.948090948090948 1 3
0.943722943722944 0.952830188679245 0.936 0.989509433962264 0.89 0.888888888888889 0.891891891891892 0.952809952809953 2 3
0.883495145631068 0.886792452830189 0.88 0.947641509433962 0.89 0.92156862745098 0.857142857142857 0.933973589435774 1 3
0.912621359223301 0.89622641509434 0.93 0.981698113207547 0.87 0.901960784313726 0.836734693877551 0.957983193277311 2 3
0.88785046728972 0.907407407407407 0.867924528301887 0.952917540181691 0.85 0.851063829787234 0.849056603773585 0.946607788036933 1 3
0.962616822429907 0.972222222222222 0.952830188679245 0.991788958770091 0.93 0.936170212765957 0.924528301886792 0.969891609795263 2 3
0.856 0.85 0.861538461538462 0.933461538461538 0.83 0.759259259259259 0.91304347826087 0.921900161030596 1 3
0.932 0.933333333333333 0.930769230769231 0.981858974358974 0.85 0.796296296296296 0.91304347826087 0.931561996779388 2 3
0.84 0.760869565217391 0.894736842105263 0.920807453416149 0.85 0.846153846153846 0.854166666666667 0.909855769230769 1 3
0.924444444444444 0.880434782608696 0.954887218045113 0.981203007518797 0.86 0.865384615384615 0.854166666666667 0.959935897435897 2 3
0.863829787234043 0.860869565217391 0.866666666666667 0.928913043478261 0.9 0.903846153846154 0.895833333333333 0.971153846153846 1 3
0.931914893617021 0.921739130434783 0.941666666666667 0.983840579710145 0.92 0.884615384615385 0.958333333333333 0.983974358974359 2 3
0.858407079646018 0.871559633027523 0.846153846153846 0.934603622677017 0.86 0.857142857142857 0.863636363636364 0.944805194805195 1 3
0.929203539823009 0.944954128440367 0.914529914529915 0.97726025248961 0.92 0.910714285714286 0.931818181818182 0.969967532467532 2 3
0.882075471698113 0.923076923076923 0.831578947368421 0.941970310391363 0.84 0.901960784313726 0.775510204081633 0.932773109243697 1 3
0.94811320754717 0.974358974358974 0.91578947368421 0.981016644174539 0.86 0.901960784313726 0.816326530612245 0.968387354941977 2 3
0.835680751173709 0.849056603773585 0.822429906542056 0.920913419150062 0.8 0.837209302325581 0.771929824561403 0.905344757241942 1 3
0.910798122065728 0.915094339622642 0.906542056074766 0.980779403985188 0.89 0.906976744186046 0.87719298245614 0.943696450428397 2 3
0.916666666666667 0.930693069306931 0.902912621359223 0.971162164760165 0.89 0.938775510204082 0.843137254901961 0.97358943577431 1 3
0.96078431372549 0.97029702970297 0.951456310679612 0.994328559069499 0.89 0.938775510204082 0.843137254901961 0.981592637054822 2 3
0.876651982378855 0.897435897435897 0.854545454545454 0.936674436674437 0.84 0.833333333333333 0.846153846153846 0.918669871794872 1 3
0.955947136563877 0.957264957264957 0.954545454545455 0.99036519036519 0.92 0.916666666666667 0.923076923076923 0.965544871794872 2 3
0.86036036036036 0.866666666666667 0.852941176470588 0.944852941176471 0.91 0.907407407407407 0.91304347826087 0.958937198067633 1 3
0.936936936936937 0.925 0.950980392156863 0.979084967320261 0.93 0.907407407407407 0.956521739130435 0.982286634460548 2 3
0.864628820960699 0.846153846153846 0.883928571428571 0.950320512820513 0.92 0.886363636363636 0.946428571428571 0.965097402597403 1 3
0.956331877729258 0.965811965811966 0.946428571428571 0.990537240537241 0.91 0.886363636363636 0.928571428571429 0.985795454545455 2 3
0.835497835497836 0.840336134453782 0.830357142857143 0.919567827130852 0.84 0.894736842105263 0.806451612903226 0.910016977928693 1 3
0.943722943722944 0.932773109243697 0.955357142857143 0.984318727490996 0.82 0.815789473684211 0.82258064516129 0.928268251273345 2 3
0.857777777777778 0.87603305785124 0.836538461538462 0.941115702479339 0.81 0.826923076923077 0.791666666666667 0.877003205128205 1 3
0.937777777777778 0.933884297520661 0.942307692307692 0.979577240940877 0.86 0.807692307692308 0.916666666666667 0.931490384615385 2 3
0.853333333333333 0.88135593220339 0.822429906542056 0.922223982258831 0.89 0.918367346938776 0.862745098039216 0.955582232893157 1 3
0.92 0.957627118644068 0.878504672897196 0.967764929510534 0.92 0.918367346938776 0.92156862745098 0.959583833533413 2 3
0.870813397129187 0.872549019607843 0.869158878504673 0.946857247571926 0.81 0.780487804878049 0.830508474576271 0.861099627945432 1 3
0.933014354066986 0.931372549019608 0.934579439252336 0.979567527945758 0.87 0.804878048780488 0.915254237288136 0.930963207937164 2 3
0.857142857142857 0.873015873015873 0.835164835164835 0.944008372579801 0.87 0.894736842105263 0.837209302325581 0.942472460220318 1 3
0.935483870967742 0.96031746031746 0.901098901098901 0.981510552939124 0.9 0.894736842105263 0.906976744186046 0.961648306813546 2 3
0.875555555555556 0.87719298245614 0.873873873873874 0.947052315473368 0.81 0.851063829787234 0.773584905660377 0.90766760337214 1 3
0.946666666666667 0.921052631578947 0.972972972972973 0.990990990990991 0.84 0.851063829787234 0.830188679245283 0.95303091128061 2 3
0.842794759825327 0.873015873015873 0.805825242718447 0.932269995376791 0.84 0.882352941176471 0.795918367346939 0.930772308923569 1 3
0.938864628820961 0.968253968253968 0.902912621359223 0.975959315765141 0.88 0.92156862745098 0.836734693877551 0.948379351740696 2 3
0.850877192982456 0.866666666666667 0.833333333333333 0.918981481481482 0.88 0.882352941176471 0.877551020408163 0.969987995198079 1 3
0.93859649122807 0.95 0.925925925925926 0.984953703703704 0.94 0.941176470588235 0.938775510204082 0.980392156862745 2 3
0.884444444444444 0.872727272727273 0.895652173913044 0.940079051383399 0.82 0.75 0.895833333333333 0.89823717948718 1 3
0.92 0.9 0.939130434782609 0.979841897233202 0.85 0.788461538461538 0.916666666666667 0.927483974358974 2 3
0.851485148514851 0.865384615384615 0.836734693877551 0.949273940345369 0.84 0.891304347826087 0.796296296296296 0.933574879227053 1 3
0.945544554455445 0.951923076923077 0.938775510204082 0.984595761381476 0.87 0.891304347826087 0.851851851851852 0.936795491143317 2 3
0.887931034482759 0.907563025210084 0.867256637168142 0.96088346843162 0.88 0.893617021276596 0.867924528301887 0.944199116820554 1 3
0.956896551724138 0.966386554621849 0.946902654867257 0.990927344389083 0.88 0.893617021276596 0.867924528301887 0.945403452428743 2 3
0.853333333333333 0.794117647058823 0.902439024390244 0.931372549019608 0.86 0.8 0.933333333333333 0.941818181818182 1 3
0.937777777777778 0.92156862745098 0.951219512195122 0.985493384345608 0.9 0.854545454545454 0.955555555555556 0.985050505050505 2 3
0.86283185840708 0.868852459016393 0.855769230769231 0.938366960907944 0.83 0.916666666666667 0.75 0.90625 1 3
0.929203539823009 0.934426229508197 0.923076923076923 0.978798865069357 0.84 0.916666666666667 0.769230769230769 0.928285256410256 2 3
0.863636363636364 0.842592592592593 0.883928571428571 0.940062830687831 0.86 0.895833333333333 0.826923076923077 0.955128205128205 1 3
0.936363636363636 0.925925925925926 0.946428571428571 0.983713624338624 0.89 0.9375 0.846153846153846 0.972355769230769 2 3
0.881057268722467 0.88695652173913 0.875 0.952717391304348 0.86 0.816326530612245 0.901960784313726 0.933973589435774 1 3
0.929515418502203 0.930434782608696 0.928571428571429 0.978804347826087 0.91 0.897959183673469 0.92156862745098 0.975990396158463 2 3
0.880530973451327 0.908333333333333 0.849056603773585 0.942216981132076 0.82 0.814814814814815 0.826086956521739 0.912640901771337 1 3
0.942477876106195 0.941666666666667 0.943396226415094 0.983569182389937 0.87 0.833333333333333 0.91304347826087 0.94122383252818 2 3
0.869955156950673 0.915254237288136 0.819047619047619 0.937530266343826 0.87 0.85 0.9 0.949166666666667 1 3
0.946188340807175 0.974576271186441 0.914285714285714 0.990718321226796 0.84 0.8 0.9 0.950416666666667 2 3
0.83982683982684 0.830645161290323 0.850467289719626 0.914983418751884 0.81 0.770833333333333 0.846153846153846 0.905849358974359 1 3
0.926406926406926 0.92741935483871 0.925233644859813 0.984850768766958 0.8 0.875 0.730769230769231 0.921073717948718 2 3
0.896995708154506 0.882882882882883 0.909836065573771 0.965957761039728 0.87 0.84 0.9 0.9536 1 3
0.952789699570815 0.927927927927928 0.975409836065574 0.992246344705361 0.9 0.84 0.96 0.9624 2 3
0.852678571428571 0.88034188034188 0.822429906542056 0.952312485022765 0.88 0.888888888888889 0.869565217391304 0.949677938808374 1 3
0.90625 0.888888888888889 0.925233644859813 0.978113267832894 0.94 0.888888888888889 1 0.98389694041868 2 3
0.824561403508772 0.80952380952381 0.843137254901961 0.914488017429194 0.88 0.92 0.84 0.9376 1 3
0.903508771929825 0.928571428571429 0.872549019607843 0.977357609710551 0.83 0.88 0.78 0.9356 2 3
0.869565217391304 0.885964912280702 0.853448275862069 0.944419237749546 0.8 0.82 0.78 0.9176 1 3
0.908695652173913 0.921052631578947 0.896551724137931 0.970281306715064 0.87 0.84 0.9 0.95 2 3
0.882352941176471 0.855670103092783 0.903225806451613 0.942051878949119 0.84 0.907407407407407 0.760869565217391 0.925523349436393 1 3
0.923076923076923 0.917525773195876 0.92741935483871 0.981543066178916 0.84 0.833333333333333 0.847826086956522 0.939210950080515 2 3
0.891402714932127 0.877358490566038 0.904347826086957 0.954716981132075 0.89 0.916666666666667 0.865384615384615 0.94911858974359 1 3
0.941176470588235 0.933962264150943 0.947826086956522 0.988269073010664 0.92 0.895833333333333 0.942307692307692 0.96875 2 3
0.893162393162393 0.871559633027523 0.912 0.957064220183486 0.76 0.804347826086957 0.722222222222222 0.881239935587762 1 3
0.94017094017094 0.944954128440367 0.936 0.986935779816514 0.84 0.804347826086957 0.87037037037037 0.936795491143317 2 3
0.865217391304348 0.868852459016393 0.861111111111111 0.919778384942319 0.81 0.823529411764706 0.795918367346939 0.929571828731493 1 3
0.943478260869565 0.934426229508197 0.953703703703704 0.983302975106254 0.87 0.843137254901961 0.897959183673469 0.945178071228491 2 3
0.896039603960396 0.893203883495146 0.898989898989899 0.951946650975777 0.84 0.910714285714286 0.75 0.928977272727273 1 3
0.935643564356436 0.922330097087379 0.94949494949495 0.992056487202118 0.85 0.892857142857143 0.795454545454545 0.941558441558442 2 3
0.882352941176471 0.872727272727273 0.891891891891892 0.964455364455365 0.84 0.87719298245614 0.790697674418605 0.908608731130151 1 3
0.95475113122172 0.945454545454545 0.963963963963964 0.993693693693694 0.87 0.87719298245614 0.86046511627907 0.948184414524684 2 3
0.842794759825327 0.818965517241379 0.867256637168142 0.894415624046384 0.84 0.827586206896552 0.857142857142857 0.912972085385878 1 3
0.921397379912664 0.905172413793103 0.938053097345133 0.966356423558132 0.9 0.879310344827586 0.928571428571429 0.963054187192118 2 3
0.899543378995434 0.885714285714286 0.912280701754386 0.958813700918964 0.91 0.927272727272727 0.888888888888889 0.961212121212121 1 3
0.958904109589041 0.952380952380952 0.964912280701754 0.991060985797828 0.9 0.909090909090909 0.888888888888889 0.968888888888889 2 3
0.876237623762376 0.868686868686869 0.883495145631068 0.945670295184858 0.78 0.760869565217391 0.796296296296296 0.894122383252818 1 3
0.930693069306931 0.919191919191919 0.941747572815534 0.985976267529666 0.81 0.804347826086957 0.814814814814815 0.926328502415459 2 3
0.868778280542986 0.863636363636364 0.873873873873874 0.945372645372645 0.8 0.948717948717949 0.704918032786885 0.936107608238756 1 3
0.923076923076923 0.909090909090909 0.936936936936937 0.977149877149877 0.89 0.923076923076923 0.868852459016393 0.941151744430433 2 3
0.854700854700855 0.88 0.825688073394495 0.944073394495413 0.83 0.846153846153846 0.8125 0.934695512820513 1 3
0.957264957264957 0.96 0.954128440366973 0.995743119266055 0.86 0.903846153846154 0.8125 0.953125 2 3
0.90625 0.901960784313726 0.909836065573771 0.941819350691096 0.82 0.727272727272727 0.892857142857143 0.868100649350649 1 3
0.946428571428571 0.931372549019608 0.959016393442623 0.978383156541305 0.81 0.75 0.857142857142857 0.903003246753247 2 3
0.868181818181818 0.841584158415842 0.890756302521008 0.941675680173059 0.88 0.86046511627907 0.894736842105263 0.938800489596083 1 3
0.936363636363636 0.910891089108911 0.957983193277311 0.988434977951577 0.89 0.906976744186046 0.87719298245614 0.958384332925337 2 3
0.848623853211009 0.855855855855856 0.841121495327103 0.918666329881283 0.86 0.883720930232558 0.842105263157895 0.941656466748266 1 3
0.954128440366973 0.954954954954955 0.953271028037383 0.984255283320704 0.85 0.86046511627907 0.842105263157895 0.941656466748266 2 3
0.875 0.841584158415842 0.900763358778626 0.93696621570554 0.92 0.893617021276596 0.943396226415094 0.95383380168607 1 3
0.922413793103448 0.920792079207921 0.923664122137405 0.976494596024488 0.93 0.893617021276596 0.962264150943396 0.981533520674428 2 3
0.884259259259259 0.849056603773585 0.918181818181818 0.937564322469983 0.84 0.883720930232558 0.807017543859649 0.924928600571195 1 3
0.949074074074074 0.943396226415094 0.954545454545455 0.992710120068611 0.81 0.930232558139535 0.719298245614035 0.93390452876377 2 3
0.902654867256637 0.910569105691057 0.893203883495146 0.958402399557976 0.81 0.808510638297872 0.811320754716981 0.904857486953031 1 3
0.951327433628319 0.959349593495935 0.941747572815534 0.988712605572658 0.87 0.893617021276596 0.849056603773585 0.955439582496989 2 3
0.863070539419087 0.872 0.853448275862069 0.940965517241379 0.83 0.877551020408163 0.784313725490196 0.919567827130852 1 3
0.950207468879668 0.928 0.974137931034483 0.981931034482759 0.87 0.897959183673469 0.843137254901961 0.941176470588235 2 3
0.884444444444444 0.881818181818182 0.88695652173913 0.952806324110672 0.86 0.836734693877551 0.882352941176471 0.928771508603441 1 3
0.933333333333333 0.936363636363636 0.930434782608696 0.986482213438735 0.88 0.816326530612245 0.941176470588235 0.957983193277311 2 3
