0.905 0.904761904761905 0.905263157894737 0.959799498746867 0.88 0.884615384615385 0.875 0.957532051282051 1 1
0.96 0.961904761904762 0.957894736842105 0.994486215538847 0.89 0.865384615384615 0.916666666666667 0.922275641025641 2 1
0.905 0.884210526315789 0.923809523809524 0.980350877192982 0.86 0.849056603773585 0.872340425531915 0.926936973103171 1 1
0.95 0.957894736842105 0.942857142857143 0.994887218045113 0.9 0.905660377358491 0.893617021276596 0.943797671617824 2 1
0.905 0.913978494623656 0.897196261682243 0.94995477841423 0.93 0.884615384615385 0.979166666666667 0.969551282051282 1 1
0.96 0.978494623655914 0.94392523364486 0.985328107727866 0.92 0.884615384615385 0.958333333333333 0.980769230769231 2 1
0.87 0.84375 0.894230769230769 0.94941907051282 0.88 0.9 0.86 0.9424 1 1
0.925 0.916666666666667 0.932692307692308 0.986378205128205 0.89 0.9 0.88 0.9648 2 1
0.83 0.83 0.83 0.92 0.86 0.87037037037037 0.847826086956522 0.94524959742351 1 1
0.935 0.93 0.94 0.9828 0.85 0.833333333333333 0.869565217391304 0.939613526570048 2 1
0.865 0.861386138613861 0.868686868686869 0.933693369336934 0.88 0.888888888888889 0.869565217391304 0.923107890499195 1 1
0.935 0.910891089108911 0.95959595959596 0.975197519751975 0.89 0.87037037037037 0.91304347826087 0.935587761674718 2 1
0.855 0.882882882882883 0.820224719101124 0.934001417147485 0.8 0.837209302325581 0.771929824561403 0.927376580987352 1 1
0.94 0.954954954954955 0.921348314606742 0.98177953234133 0.87 0.906976744186046 0.842105263157895 0.950224398204814 2 1
0.87 0.875 0.864583333333333 0.94921875 0.93 0.944444444444444 0.91304347826087 0.981884057971015 1 1
0.93 0.923076923076923 0.9375 0.986378205128205 0.95 0.944444444444444 0.956521739130435 0.97463768115942 2 1
0.925 0.892857142857143 0.948275862068966 0.978961412151067 0.9 0.872340425531915 0.924528301886792 0.943396226415094 1 1
0.955 0.952380952380952 0.956896551724138 0.990147783251232 0.89 0.914893617021277 0.867924528301887 0.944600562023284 2 1
0.895 0.855421686746988 0.923076923076923 0.962516733601071 0.84 0.75 0.923076923076923 0.909455128205128 1 1
0.95 0.951807228915663 0.948717948717949 0.988054783235506 0.89 0.8125 0.961538461538462 0.961939102564103 2 1
0.885 0.880434782608696 0.888888888888889 0.946658615136876 0.88 0.782608695652174 0.962962962962963 0.966183574879227 1 1
0.955 0.956521739130435 0.953703703703704 0.988828502415459 0.89 0.826086956521739 0.944444444444444 0.977858293075684 2 1
0.87 0.863157894736842 0.876190476190476 0.943759398496241 0.85 0.826086956521739 0.87037037037037 0.93317230273752 1 1
0.91 0.936842105263158 0.885714285714286 0.975538847117794 0.92 0.91304347826087 0.925925925925926 0.968196457326892 2 1
0.86 0.849462365591398 0.869158878504673 0.941613908149935 0.91 0.88135593220339 0.951219512195122 0.980570483670938 1 1
0.935 0.946236559139785 0.925233644859813 0.977891669178977 0.92 0.898305084745763 0.951219512195122 0.988838362959901 2 1
0.915 0.882352941176471 0.939130434782609 0.966751918158568 0.84 0.814814814814815 0.869565217391304 0.909017713365539 1 1
0.955 0.952941176470588 0.956521739130435 0.993759590792839 0.89 0.87037037037037 0.91304347826087 0.948067632850242 2 1
0.895 0.891304347826087 0.898148148148148 0.936594202898551 0.9 0.837209302325581 0.947368421052632 0.964504283965728 1 1
0.95 0.967391304347826 0.935185185185185 0.98701690821256 0.92 0.883720930232558 0.947368421052632 0.984904120767034 2 1
0.885 0.88659793814433 0.883495145631068 0.958362526273646 0.9 0.836734693877551 0.96078431372549 0.95438175270108 1 1
0.93 0.938144329896907 0.922330097087379 0.980982884596137 0.89 0.836734693877551 0.941176470588235 0.965986394557823 2 1
0.95 0.962962962962963 0.934782608695652 0.979971819645733 0.86 0.826086956521739 0.888888888888889 0.928743961352657 1 1
0.97 0.972222222222222 0.967391304347826 0.993860708534622 0.89 0.869565217391304 0.907407407407407 0.961755233494364 2 1
0.865 0.887755102040816 0.843137254901961 0.942677070828331 0.9 0.894736842105263 0.906976744186046 0.947776417788658 1 1
0.945 0.948979591836735 0.941176470588235 0.981192476990796 0.92 0.929824561403509 0.906976744186046 0.971440228478172 2 1
0.905 0.90990990990991 0.898876404494382 0.959408847049296 0.88 0.92156862745098 0.836734693877551 0.947979191676671 1 1
0.965 0.963963963963964 0.966292134831461 0.990586091709687 0.84 0.941176470588235 0.73469387755102 0.959183673469388 2 1
0.89 0.888888888888889 0.891089108910891 0.943994399439944 0.86 0.816326530612245 0.901960784313726 0.923969587835134 1 1
0.95 0.95959595959596 0.940594059405941 0.978097809780978 0.88 0.877551020408163 0.882352941176471 0.956782713085234 2 1
0.845 0.866666666666667 0.821052631578947 0.927619047619048 0.81 0.8 0.82 0.9108 1 1
0.945 0.942857142857143 0.947368421052632 0.991278195488722 0.9 0.9 0.9 0.968 2 1
0.88 0.893617021276596 0.867924528301887 0.944600562023284 0.88 0.863636363636364 0.892857142857143 0.946834415584416 1 1
0.925 0.936170212765957 0.915094339622642 0.987655560016058 0.93 0.931818181818182 0.928571428571429 0.971590909090909 2 1
0.885 0.9 0.87 0.9623 0.92 0.928571428571429 0.909090909090909 0.964285714285714 1 1
0.925 0.95 0.9 0.9818 0.93 0.964285714285714 0.886363636363636 0.957386363636364 2 1
0.91 0.894736842105263 0.923809523809524 0.966315789473684 0.82 0.777777777777778 0.869565217391304 0.919887278582931 1 1
0.94 0.936842105263158 0.942857142857143 0.986666666666667 0.86 0.796296296296296 0.934782608695652 0.928743961352657 2 1
0.9 0.86734693877551 0.931372549019608 0.954281712685074 0.84 0.804347826086957 0.87037037037037 0.942834138486312 1 1
0.95 0.938775510204082 0.96078431372549 0.986394557823129 0.87 0.826086956521739 0.907407407407407 0.968196457326892 2 1
0.83 0.822222222222222 0.836363636363636 0.927777777777778 0.88 0.823529411764706 0.938775510204082 0.947178871548619 1 1
0.95 0.955555555555556 0.945454545454545 0.992424242424242 0.89 0.882352941176471 0.897959183673469 0.961184473789516 2 1
0.88 0.844444444444444 0.909090909090909 0.931212121212121 0.8 0.734375 0.916666666666667 0.89453125 1 1
0.925 0.922222222222222 0.927272727272727 0.980505050505051 0.85 0.8125 0.916666666666667 0.924913194444444 2 1
0.9 0.901960784313726 0.897959183673469 0.957883153261305 0.84 0.792452830188679 0.893617021276596 0.931754315535929 1 1
0.95 0.96078431372549 0.938775510204082 0.99109643857543 0.92 0.905660377358491 0.936170212765957 0.979124849458049 2 1
0.93 0.950980392156863 0.908163265306122 0.973389355742297 0.9 0.888888888888889 0.909090909090909 0.94020202020202 1 1
0.95 0.950980392156863 0.948979591836735 0.991896758703481 0.89 0.866666666666667 0.909090909090909 0.948686868686869 2 1
0.875 0.842696629213483 0.900900900900901 0.960218645611904 0.92 0.898305084745763 0.951219512195122 0.960727573377429 1 1
0.94 0.921348314606742 0.954954954954955 0.987853021560887 0.93 0.898305084745763 0.975609756097561 0.977263331955353 2 1
0.93 0.901234567901235 0.949579831932773 0.977279800809213 0.81 0.735849056603774 0.893617021276596 0.936973103171417 1 1
0.95 0.925925925925926 0.966386554621849 0.991907874260815 0.87 0.811320754716981 0.936170212765957 0.943396226415094 2 1
0.88 0.875 0.884615384615385 0.932291666666667 0.8 0.777777777777778 0.826086956521739 0.904589371980676 1 1
0.945 0.958333333333333 0.932692307692308 0.981770833333333 0.84 0.87037037037037 0.804347826086957 0.943236714975845 2 1
0.86 0.835051546391753 0.883495145631068 0.935241717545791 0.87 0.82 0.92 0.946 1 1
0.96 0.948453608247423 0.970873786407767 0.989490541487339 0.89 0.86 0.92 0.9452 2 1
0.865 0.900900900900901 0.820224719101124 0.942706751695516 0.85 0.882352941176471 0.816326530612245 0.909163665466186 1 1
0.925 0.936936936936937 0.910112359550562 0.97904646219253 0.85 0.882352941176471 0.816326530612245 0.956382553021208 2 1
0.885 0.888888888888889 0.881188118811881 0.953395339533953 0.83 0.772727272727273 0.875 0.92086038961039 1 1
0.91 0.919191919191919 0.900990099009901 0.98009800980098 0.87 0.818181818181818 0.910714285714286 0.941152597402597 2 1
0.88 0.876288659793814 0.883495145631068 0.962266039435492 0.83 0.857142857142857 0.803921568627451 0.928771508603441 1 1
0.935 0.917525773195876 0.951456310679612 0.979781803623261 0.84 0.857142857142857 0.823529411764706 0.935574229691877 2 1
0.86 0.865384615384615 0.854166666666667 0.93770032051282 0.86 0.854166666666667 0.865384615384615 0.954326923076923 1 1
0.93 0.903846153846154 0.958333333333333 0.986778846153846 0.9 0.9375 0.865384615384615 0.967147435897436 2 1
0.87 0.880733944954128 0.857142857142857 0.935376550055449 0.91 0.888888888888889 0.934782608695652 0.962962962962963 1 1
0.915 0.926605504587156 0.901098901098901 0.975703195886682 0.95 0.944444444444444 0.956521739130435 0.97866344605475 2 1
0.895 0.911764705882353 0.877551020408163 0.959783913565426 0.83 0.863636363636364 0.803571428571429 0.918831168831169 1 1
0.93 0.941176470588235 0.918367346938776 0.978791516606643 0.86 0.863636363636364 0.857142857142857 0.933035714285714 2 1
0.87 0.87 0.87 0.9403 0.84 0.804347826086957 0.87037037037037 0.92109500805153 1 1
0.925 0.94 0.91 0.9855 0.88 0.934782608695652 0.833333333333333 0.946859903381642 2 1
0.88 0.884615384615385 0.875 0.951121794871795 0.79 0.793103448275862 0.785714285714286 0.901067323481117 1 1
0.93 0.923076923076923 0.9375 0.980769230769231 0.84 0.862068965517241 0.80952380952381 0.937192118226601 2 1
0.88 0.891089108910891 0.868686868686869 0.956395639563956 0.89 0.833333333333333 0.956521739130435 0.971417069243156 1 1
0.93 0.96039603960396 0.898989898989899 0.978397839783978 0.93 0.888888888888889 0.978260869565217 0.982689210950081 2 1
0.92 0.918367346938776 0.92156862745098 0.97609043617447 0.86 0.825 0.883333333333333 0.950833333333333 1 1
0.95 0.969387755102041 0.931372549019608 0.989495798319328 0.89 0.85 0.916666666666667 0.967916666666667 2 1
0.885 0.92436974789916 0.827160493827161 0.948542379914929 0.94 1 0.863636363636364 0.979301948051948 1 1
0.94 0.966386554621849 0.901234567901235 0.986513123768026 0.9 0.964285714285714 0.818181818181818 0.958603896103896 2 1
0.855 0.875 0.833333333333333 0.930989583333333 0.87 0.847826086956522 0.888888888888889 0.915458937198068 1 1
0.93 0.923076923076923 0.9375 0.978365384615385 0.85 0.91304347826087 0.796296296296296 0.958937198067633 2 1
0.855 0.834862385321101 0.879120879120879 0.933158584534731 0.91 0.959183673469388 0.862745098039216 0.963185274109644 1 1
0.925 0.926605504587156 0.923076923076923 0.983566891823773 0.88 0.918367346938776 0.843137254901961 0.956382553021208 2 1
0.89 0.905660377358491 0.872340425531915 0.959755118426335 0.82 0.76 0.88 0.9128 1 1
0.94 0.952830188679245 0.925531914893617 0.988659173022882 0.83 0.82 0.84 0.9352 2 1
0.9 0.864583333333333 0.932692307692308 0.945913461538462 0.85 0.792452830188679 0.914893617021277 0.935768767563228 1 1
0.94 0.90625 0.971153846153846 0.977764423076923 0.88 0.849056603773585 0.914893617021277 0.95343235648334 2 1
0.91 0.924528301886792 0.893617021276596 0.973002810116419 0.88 0.933333333333333 0.836363636363636 0.966060606060606 1 1
0.945 0.962264150943396 0.925531914893617 0.989963869931754 0.9 0.911111111111111 0.890909090909091 0.968888888888889 2 1
0.835 0.83495145631068 0.835051546391753 0.927534781303173 0.84 0.888888888888889 0.8 0.919191919191919 1 1
0.94 0.961165048543689 0.917525773195876 0.983485136622961 0.86 0.933333333333333 0.8 0.953535353535354 2 1
0.915 0.908045977011494 0.920353982300885 0.959719255416539 0.81 0.803571428571429 0.818181818181818 0.905844155844156 1 1
0.95 0.954022988505747 0.946902654867257 0.981487132539925 0.86 0.839285714285714 0.886363636363636 0.927353896103896 2 1
0.89 0.915094339622642 0.861702127659574 0.945202729827379 0.85 0.823529411764706 0.877551020408163 0.916366546618647 1 1
0.93 0.933962264150943 0.925531914893617 0.98735447611401 0.89 0.862745098039216 0.918367346938776 0.962384953981593 2 1
0.89 0.888888888888889 0.891089108910891 0.952895289528953 0.89 0.844444444444444 0.927272727272727 0.952323232323232 1 1
0.945 0.939393939393939 0.95049504950495 0.989398939893989 0.91 0.911111111111111 0.909090909090909 0.977777777777778 2 1
0.87 0.864077669902913 0.876288659793814 0.926133520168151 0.9 0.901960784313726 0.897959183673469 0.953981592637055 1 1
0.935 0.941747572815534 0.927835051546392 0.981283154839355 0.92 0.92156862745098 0.918367346938776 0.973189275710284 2 1
0.86 0.880733944954128 0.835164835164835 0.935477366670027 0.85 0.862745098039216 0.836734693877551 0.927170868347339 1 1
0.955 0.954128440366973 0.956043956043956 0.987700373021474 0.86 0.862745098039216 0.857142857142857 0.945178071228491 2 1
0.855 0.862745098039216 0.846938775510204 0.92046818727491 0.9 0.87719298245614 0.930232558139535 0.949816401468788 1 1
0.95 0.96078431372549 0.938775510204082 0.987595038015206 0.91 0.912280701754386 0.906976744186046 0.968176254589963 2 1
0.875 0.885714285714286 0.863157894736842 0.954586466165414 0.87 0.851851851851852 0.891304347826087 0.946859903381642 1 1
0.945 0.942857142857143 0.947368421052632 0.989072681704261 0.92 0.888888888888889 0.956521739130435 0.961755233494364 2 1
0.845 0.833333333333333 0.855769230769231 0.94921875 0.92 0.92 0.92 0.9844 1 1
0.96 0.947916666666667 0.971153846153846 0.994290865384615 0.95 0.92 0.98 0.99 2 1
0.94 0.942307692307692 0.9375 0.986578525641026 0.84 0.924528301886792 0.74468085106383 0.969490164592533 1 1
0.96 0.951923076923077 0.96875 0.99629407051282 0.89 0.943396226415094 0.829787234042553 0.963067041348856 2 1
0.84 0.863636363636364 0.811111111111111 0.916363636363636 0.79 0.807692307692308 0.770833333333333 0.897435897435897 1 1
0.92 0.918181818181818 0.922222222222222 0.971717171717172 0.85 0.903846153846154 0.791666666666667 0.921474358974359 2 1
0.86 0.87 0.85 0.9337 0.85 0.830188679245283 0.872340425531915 0.917703733440385 1 1
0.9 0.9 0.9 0.9694 0.89 0.867924528301887 0.914893617021277 0.942994781212365 2 1
0.85 0.820224719101124 0.873873873873874 0.938758983702804 0.83 0.803921568627451 0.857142857142857 0.903561424569828 1 1
0.94 0.921348314606742 0.954954954954955 0.986840773357627 0.81 0.745098039215686 0.877551020408163 0.917166866746699 2 1
0.9 0.864583333333333 0.932692307692308 0.956630608974359 0.94 0.914893617021277 0.962264150943396 0.967081493376154 1 1
0.955 0.947916666666667 0.961538461538462 0.996794871794872 0.95 0.914893617021277 0.981132075471698 0.981132075471698 2 1
0.9 0.858695652173913 0.935185185185185 0.947866344605475 0.84 0.846153846153846 0.833333333333333 0.941105769230769 1 1
0.945 0.923913043478261 0.962962962962963 0.984500805152979 0.87 0.903846153846154 0.833333333333333 0.94150641025641 2 1
0.865 0.878504672897196 0.849462365591398 0.94392523364486 0.91 0.942307692307692 0.875 0.970753205128205 1 1
0.955 0.962616822429907 0.946236559139785 0.9872374635715 0.94 0.923076923076923 0.958333333333333 0.973958333333333 2 1
0.865 0.883495145631068 0.845360824742268 0.948253428085277 0.85 0.8 0.911111111111111 0.896161616161616 1 1
0.91 0.941747572815534 0.876288659793814 0.965468922029827 0.87 0.854545454545454 0.888888888888889 0.937777777777778 2 1
0.865 0.875 0.855769230769231 0.941806891025641 0.9 0.933333333333333 0.85 0.969166666666667 1 1
0.93 0.90625 0.951923076923077 0.98838141025641 0.9 0.916666666666667 0.875 0.972916666666667 2 1
0.885 0.864583333333333 0.903846153846154 0.940705128205128 0.85 0.816666666666667 0.9 0.943333333333333 1 1
0.935 0.9375 0.932692307692308 0.982171474358974 0.88 0.85 0.925 0.95125 2 1
0.89 0.855670103092783 0.922330097087379 0.940346311680512 0.76 0.745098039215686 0.775510204081633 0.848739495798319 1 1
0.935 0.896907216494845 0.970873786407767 0.97737964167751 0.82 0.784313725490196 0.857142857142857 0.900360144057623 2 1
0.85 0.84375 0.855769230769231 0.938000801282051 0.86 0.8 0.909090909090909 0.934141414141414 1 1
0.925 0.916666666666667 0.932692307692308 0.977163461538462 0.87 0.822222222222222 0.909090909090909 0.964040404040404 2 1
0.85 0.841584158415842 0.858585858585859 0.908390839083908 0.84 0.871794871794872 0.819672131147541 0.899537620849096 1 1
0.945 0.95049504950495 0.939393939393939 0.984698469846985 0.85 0.871794871794872 0.836065573770492 0.949138293400589 2 1
0.86 0.867924528301887 0.851063829787234 0.934162986752308 0.82 0.888888888888889 0.739130434782609 0.929951690821256 1 1
0.925 0.905660377358491 0.946808510638298 0.960256924929747 0.85 0.888888888888889 0.804347826086957 0.934782608695652 2 1
0.86 0.852631578947368 0.866666666666667 0.937844611528822 0.89 0.833333333333333 0.931034482758621 0.93431855500821 1 1
0.91 0.905263157894737 0.914285714285714 0.980250626566416 0.89 0.857142857142857 0.913793103448276 0.964696223316913 2 1
0.865 0.835164835164835 0.889908256880734 0.928319387034983 0.85 0.804347826086957 0.888888888888889 0.953301127214171 1 1
0.915 0.89010989010989 0.935779816513762 0.984373424740397 0.89 0.891304347826087 0.888888888888889 0.965378421900161 2 1
0.86 0.836734693877551 0.882352941176471 0.929171668667467 0.83 0.765957446808511 0.886792452830189 0.90646326776395 1 1
0.92 0.908163265306122 0.931372549019608 0.977691076430572 0.88 0.872340425531915 0.886792452830189 0.95262946607788 2 1
0.9 0.901098901098901 0.899082568807339 0.961790503074907 0.88 0.844444444444444 0.909090909090909 0.957171717171717 1 1
0.92 0.901098901098901 0.935779816513762 0.979130960782337 0.9 0.866666666666667 0.927272727272727 0.955555555555556 2 1
0.905 0.909090909090909 0.900990099009901 0.925792579257926 0.87 0.833333333333333 0.896551724137931 0.917487684729064 1 1
0.955 0.95959595959596 0.95049504950495 0.977297729772977 0.88 0.857142857142857 0.896551724137931 0.949096880131363 2 1
0.88 0.878504672897196 0.881720430107527 0.951462164606572 0.87 0.877551020408163 0.862745098039216 0.96078431372549 1 1
0.955 0.97196261682243 0.935483870967742 0.988342880112552 0.89 0.897959183673469 0.882352941176471 0.974789915966387 2 1
0.875 0.862745098039216 0.887755102040816 0.960484193677471 0.88 0.86 0.9 0.9428 1 1
0.955 0.96078431372549 0.948979591836735 0.99639855942377 0.89 0.88 0.9 0.9596 2 1
0.86 0.84375 0.875 0.941105769230769 0.83 0.795918367346939 0.862745098039216 0.929171668667467 1 1
0.94 0.916666666666667 0.961538461538462 0.983173076923077 0.88 0.877551020408163 0.882352941176471 0.927170868347339 2 1
0.83 0.864077669902913 0.793814432989691 0.923431087979181 0.9 0.904761904761905 0.896551724137931 0.948275862068966 1 1
0.935 0.951456310679612 0.917525773195876 0.983385046541888 0.86 0.880952380952381 0.844827586206897 0.933908045977011 2 1
0.89 0.882352941176471 0.897959183673469 0.957382953181273 0.84 0.790322580645161 0.921052631578947 0.943548387096774 1 1
0.945 0.941176470588235 0.948979591836735 0.990996398559424 0.89 0.854838709677419 0.947368421052632 0.961799660441426 2 1
0.875 0.914285714285714 0.831578947368421 0.9334335839599 0.92 0.955555555555556 0.890909090909091 0.981414141414141 1 1
0.91 0.942857142857143 0.873684210526316 0.966817042606516 0.94 0.977777777777778 0.909090909090909 0.986666666666667 2 1
0.9 0.909090909090909 0.888888888888889 0.974242424242424 0.81 0.803571428571429 0.818181818181818 0.92775974025974 1 1
0.97 0.963636363636364 0.977777777777778 0.994747474747475 0.84 0.839285714285714 0.840909090909091 0.924918831168831 2 1
0.875 0.900990099009901 0.848484848484849 0.94969496949695 0.88 0.826086956521739 0.925925925925926 0.955314009661836 1 1
0.925 0.940594059405941 0.909090909090909 0.973797379737974 0.88 0.804347826086957 0.944444444444444 0.957729468599034 2 1
0.935 0.924528301886792 0.946808510638298 0.974006423123244 0.8 0.8 0.8 0.924848484848485 1 1
0.95 0.952830188679245 0.946808510638298 0.988358089120835 0.82 0.8 0.836363636363636 0.914343434343434 2 1
0.92 0.908163265306122 0.931372549019608 0.977591036414566 0.86 0.836363636363636 0.888888888888889 0.952727272727273 1 1
0.945 0.948979591836735 0.941176470588235 0.993897559023609 0.93 0.909090909090909 0.955555555555556 0.982222222222222 2 1
0.87 0.865384615384615 0.875 0.942608173076923 0.89 0.892307692307692 0.885714285714286 0.962637362637363 1 1
0.95 0.951923076923077 0.947916666666667 0.983774038461538 0.9 0.923076923076923 0.857142857142857 0.961758241758242 2 1
0.865 0.848484848484849 0.881188118811881 0.939293929392939 0.84 0.824561403508772 0.86046511627907 0.950224398204814 1 1
0.93 0.909090909090909 0.95049504950495 0.988598859885989 0.88 0.859649122807018 0.906976744186046 0.961648306813546 2 1
0.875 0.905982905982906 0.831325301204819 0.950571516836577 0.88 0.88 0.88 0.952 1 1
0.945 0.957264957264957 0.927710843373494 0.979816702708269 0.91 0.9 0.92 0.9752 2 1
0.815 0.813725490196078 0.816326530612245 0.931072428971589 0.85 0.826923076923077 0.875 0.931891025641026 1 1
0.935 0.92156862745098 0.948979591836735 0.983193277310924 0.86 0.807692307692308 0.916666666666667 0.937900641025641 2 1
0.875 0.878787878787879 0.871287128712871 0.948194819481948 0.87 0.866666666666667 0.872727272727273 0.934141414141414 1 1
0.96 0.95959595959596 0.96039603960396 0.985098509850985 0.91 0.866666666666667 0.945454545454545 0.964848484848485 2 1
0.935 0.941747572815534 0.927835051546392 0.98278450605545 0.85 0.8 0.890909090909091 0.927272727272727 1 1
0.965 0.970873786407767 0.958762886597938 0.996997297567811 0.89 0.844444444444444 0.927272727272727 0.958383838383838 2 1
0.885 0.887755102040816 0.882352941176471 0.95688275310124 0.92 0.884615384615385 0.958333333333333 0.950320512820513 1 1
0.95 0.959183673469388 0.941176470588235 0.985594237695078 0.88 0.826923076923077 0.9375 0.943509615384615 2 1
0.875 0.857142857142857 0.889908256880734 0.96531908458514 0.86 0.823529411764706 0.897959183673469 0.929571828731493 1 1
0.95 0.923076923076923 0.972477064220184 0.990119971771348 0.9 0.843137254901961 0.959183673469388 0.955182072829132 2 1
0.835 0.831683168316832 0.838383838383838 0.897589758975898 0.89 0.929824561403509 0.837209302325581 0.974296205630355 1 1
0.905 0.910891089108911 0.898989898989899 0.958095809580958 0.89 0.947368421052632 0.813953488372093 0.964504283965728 2 1
0.855 0.889908256880734 0.813186813186813 0.948079443492288 0.83 0.849056603773585 0.808510638297872 0.944199116820554 1 1
0.935 0.963302752293578 0.901098901098901 0.970158282084888 0.89 0.867924528301887 0.914893617021277 0.943396226415094 2 1
0.905 0.905263157894737 0.904761904761905 0.949072681704261 0.88 0.9 0.86 0.9396 1 1
0.945 0.968421052631579 0.923809523809524 0.986867167919799 0.91 0.9 0.92 0.9652 2 1
0.9 0.885416666666667 0.913461538461538 0.944411057692308 0.86 0.833333333333333 0.884615384615385 0.932692307692308 1 1
0.92 0.927083333333333 0.913461538461538 0.976262019230769 0.88 0.854166666666667 0.903846153846154 0.947115384615385 2 1
0.805 0.785714285714286 0.823529411764706 0.895858343337335 0.86 0.958333333333333 0.769230769230769 0.963541666666667 1 1
0.915 0.887755102040816 0.941176470588235 0.960284113645458 0.9 0.9375 0.865384615384615 0.961538461538462 2 1
0.905 0.904761904761905 0.905263157894737 0.959799498746867 0.9 0.884615384615385 0.916666666666667 0.959134615384615 1 2
0.96 0.961904761904762 0.957894736842105 0.994185463659148 0.88 0.846153846153846 0.916666666666667 0.923477564102564 2 2
0.905 0.894736842105263 0.914285714285714 0.979649122807018 0.87 0.867924528301887 0.872340425531915 0.928542753914091 1 2
0.95 0.957894736842105 0.942857142857143 0.994887218045113 0.88 0.886792452830189 0.872340425531915 0.946607788036933 2 2
0.905 0.89247311827957 0.91588785046729 0.951562657019395 0.91 0.865384615384615 0.958333333333333 0.971554487179487 1 2
0.96 0.978494623655914 0.94392523364486 0.986031554617626 0.94 0.923076923076923 0.958333333333333 0.981971153846154 2 2
0.875 0.854166666666667 0.894230769230769 0.947616185897436 0.89 0.9 0.88 0.9416 1 2
0.93 0.927083333333333 0.932692307692308 0.986879006410256 0.9 0.9 0.9 0.9652 2 2
0.835 0.82 0.85 0.9202 0.88 0.888888888888889 0.869565217391304 0.949275362318841 1 2
0.935 0.93 0.94 0.9824 0.85 0.833333333333333 0.869565217391304 0.944847020933977 2 2
0.85 0.831683168316832 0.868686868686869 0.932293229322932 0.79 0.648148148148148 0.956521739130435 0.911433172302738 1 2
0.935 0.910891089108911 0.95959595959596 0.975897589758976 0.66 0.981481481481482 0.282608695652174 0.870772946859903 2 2
0.85 0.882882882882883 0.808988764044944 0.933596517866181 0.79 0.837209302325581 0.754385964912281 0.929824561403509 1 2
0.94 0.945945945945946 0.932584269662921 0.981577082700678 0.86 0.906976744186046 0.824561403508772 0.949816401468788 2 2
0.87 0.884615384615385 0.854166666666667 0.947716346153846 0.94 0.944444444444444 0.934782608695652 0.979468599033816 1 2
0.935 0.932692307692308 0.9375 0.986378205128205 0.93 0.962962962962963 0.891304347826087 0.981884057971015 2 2
0.925 0.892857142857143 0.948275862068966 0.979577175697865 0.89 0.851063829787234 0.924528301886792 0.943396226415094 1 2
0.955 0.952380952380952 0.956896551724138 0.990250410509031 0.89 0.893617021276596 0.886792452830189 0.946607788036933 2 2
0.9 0.867469879518072 0.923076923076923 0.96014828544949 0.85 0.770833333333333 0.923076923076923 0.909054487179487 1 2
0.945 0.951807228915663 0.94017094017094 0.988672639275049 0.89 0.8125 0.961538461538462 0.960336538461538 2 2
0.88 0.869565217391304 0.888888888888889 0.943136070853462 0.89 0.782608695652174 0.981481481481482 0.964170692431562 1 2
0.95 0.945652173913043 0.953703703703704 0.98792270531401 0.9 0.847826086956522 0.944444444444444 0.981884057971015 2 2
0.86 0.842105263157895 0.876190476190476 0.94265664160401 0.87 0.826086956521739 0.907407407407407 0.939613526570048 1 2
0.915 0.947368421052632 0.885714285714286 0.976842105263158 0.93 0.91304347826087 0.944444444444444 0.973027375201288 2 2
0.855 0.860215053763441 0.850467289719626 0.941412923324289 0.91 0.88135593220339 0.951219512195122 0.978916907813146 1 2
0.935 0.946236559139785 0.925233644859813 0.977087729876394 0.92 0.898305084745763 0.951219512195122 0.987184787102108 2 2
0.915 0.870588235294118 0.947826086956522 0.969002557544757 0.84 0.814814814814815 0.869565217391304 0.904186795491143 1 2
0.96 0.952941176470588 0.965217391304348 0.994066496163683 0.88 0.851851851851852 0.91304347826087 0.946457326892109 2 2
0.9 0.902173913043478 0.898148148148148 0.937097423510467 0.9 0.86046511627907 0.929824561403509 0.964096287229702 1 2
0.95 0.956521739130435 0.944444444444444 0.987419484702093 0.92 0.883720930232558 0.947368421052632 0.979600163198694 2 2
0.88 0.88659793814433 0.87378640776699 0.964167750975878 0.91 0.836734693877551 0.980392156862745 0.954781912765106 1 2
0.935 0.938144329896907 0.932038834951456 0.983184866379742 0.89 0.857142857142857 0.92156862745098 0.968387354941977 2 2
0.945 0.953703703703704 0.934782608695652 0.978361513687601 0.86 0.869565217391304 0.851851851851852 0.931159420289855 1 2
0.965 0.972222222222222 0.956521739130435 0.993760064412238 0.9 0.891304347826087 0.907407407407407 0.958937198067633 2 2
0.875 0.877551020408163 0.872549019607843 0.945378151260504 0.88 0.894736842105263 0.86046511627907 0.951040391676867 1 2
0.94 0.948979591836735 0.931372549019608 0.980892356942777 0.92 0.929824561403509 0.906976744186046 0.971848225214198 2 2
0.91 0.918918918918919 0.898876404494382 0.960623544893208 0.87 0.92156862745098 0.816326530612245 0.944777911164466 1 2
0.965 0.963963963963964 0.966292134831461 0.990990990990991 0.87 0.96078431372549 0.775510204081633 0.961584633853541 2 2
0.885 0.888888888888889 0.881188118811881 0.946894689468947 0.88 0.816326530612245 0.941176470588235 0.924769907963185 1 2
0.94 0.94949494949495 0.930693069306931 0.976897689768977 0.88 0.857142857142857 0.901960784313726 0.958383353341337 2 2
0.85 0.857142857142857 0.842105263157895 0.927117794486216 0.83 0.84 0.82 0.9104 1 2
0.945 0.942857142857143 0.947368421052632 0.991177944862155 0.91 0.9 0.92 0.9664 2 2
0.875 0.893617021276596 0.858490566037736 0.946407065435568 0.89 0.886363636363636 0.892857142857143 0.945616883116883 1 2
0.925 0.936170212765957 0.915094339622642 0.988057005218788 0.92 0.931818181818182 0.910714285714286 0.969967532467532 2 2
0.88 0.91 0.85 0.9626 0.93 0.964285714285714 0.886363636363636 0.958198051948052 1 2
0.925 0.95 0.9 0.9815 0.92 0.946428571428571 0.886363636363636 0.95413961038961 2 2
0.91 0.894736842105263 0.923809523809524 0.969724310776942 0.82 0.777777777777778 0.869565217391304 0.918679549114332 1 2
0.94 0.936842105263158 0.942857142857143 0.987368421052632 0.86 0.796296296296296 0.934782608695652 0.935185185185185 2 2
0.9 0.86734693877551 0.931372549019608 0.953481392557023 0.85 0.804347826086957 0.888888888888889 0.942834138486312 1 2
0.945 0.938775510204082 0.950980392156863 0.98609443777511 0.88 0.826086956521739 0.925925925925926 0.96256038647343 2 2
0.835 0.822222222222222 0.845454545454545 0.929191919191919 0.88 0.823529411764706 0.938775510204082 0.94077631052421 1 2
0.955 0.955555555555556 0.954545454545455 0.992121212121212 0.89 0.882352941176471 0.897959183673469 0.960384153661465 2 2
0.88 0.844444444444444 0.909090909090909 0.931212121212121 0.8 0.734375 0.916666666666667 0.892361111111111 1 2
0.925 0.922222222222222 0.927272727272727 0.98040404040404 0.85 0.8125 0.916666666666667 0.930989583333333 2 2
0.9 0.892156862745098 0.908163265306122 0.958183273309324 0.83 0.754716981132076 0.914893617021277 0.940184664793256 1 2
0.94 0.950980392156863 0.928571428571429 0.989395758303321 0.92 0.886792452830189 0.957446808510638 0.983139301485347 2 2
0.93 0.950980392156863 0.908163265306122 0.974189675870348 0.9 0.866666666666667 0.927272727272727 0.941010101010101 1 2
0.95 0.950980392156863 0.948979591836735 0.99249699879952 0.9 0.866666666666667 0.927272727272727 0.95030303030303 2 2
0.875 0.842696629213483 0.900900900900901 0.963255390221682 0.91 0.88135593220339 0.951219512195122 0.959900785448533 1 2
0.94 0.921348314606742 0.954954954954955 0.987549347099909 0.93 0.898305084745763 0.975609756097561 0.976849937990905 2 2
0.93 0.901234567901235 0.949579831932773 0.978213507625272 0.79 0.69811320754717 0.893617021276596 0.938578883982336 1 2
0.955 0.938271604938272 0.966386554621849 0.992426600269738 0.87 0.792452830188679 0.957446808510638 0.945804897631473 2 2
0.875 0.854166666666667 0.894230769230769 0.930388621794872 0.81 0.796296296296296 0.826086956521739 0.907407407407407 1 2
0.945 0.947916666666667 0.942307692307692 0.981470352564103 0.85 0.888888888888889 0.804347826086957 0.942028985507246 2 2
0.85 0.814432989690722 0.883495145631068 0.934941447302572 0.87 0.84 0.9 0.9364 1 2
0.955 0.938144329896907 0.970873786407767 0.990191172054849 0.91 0.88 0.94 0.9476 2 2
0.86 0.900900900900901 0.808988764044944 0.943010426156494 0.82 0.843137254901961 0.795918367346939 0.902360944377751 1 2
0.925 0.936936936936937 0.910112359550562 0.978742787731552 0.85 0.882352941176471 0.816326530612245 0.953581432573029 2 2
0.88 0.888888888888889 0.871287128712871 0.955095509550955 0.82 0.772727272727273 0.857142857142857 0.917207792207792 1 2
0.915 0.929292929292929 0.900990099009901 0.97949794979498 0.85 0.795454545454545 0.892857142857143 0.940340909090909 2 2
0.88 0.876288659793814 0.883495145631068 0.963367030327295 0.82 0.816326530612245 0.823529411764706 0.932773109243697 1 2
0.94 0.927835051546392 0.951456310679612 0.978880992893604 0.82 0.816326530612245 0.823529411764706 0.922368947579032 2 2
0.86 0.865384615384615 0.854166666666667 0.938100961538462 0.91 0.854166666666667 0.961538461538462 0.955929487179487 1 2
0.935 0.913461538461538 0.958333333333333 0.983974358974359 0.9 0.916666666666667 0.884615384615385 0.969551282051282 2 2
0.875 0.889908256880734 0.857142857142857 0.934166750680512 0.91 0.907407407407407 0.91304347826087 0.9585346215781 1 2
0.92 0.926605504587156 0.912087912087912 0.976711362032463 0.94 0.925925925925926 0.956521739130435 0.977053140096618 2 2
0.88 0.931372549019608 0.826530612244898 0.953081232492997 0.83 0.863636363636364 0.803571428571429 0.908279220779221 1 2
0.935 0.941176470588235 0.928571428571429 0.976390556222489 0.88 0.886363636363636 0.875 0.927353896103896 2 2
0.87 0.86 0.88 0.9415 0.85 0.826086956521739 0.87037037037037 0.909017713365539 1 2
0.925 0.94 0.91 0.9859 0.86 0.891304347826087 0.833333333333333 0.94122383252818 2 2
0.88 0.884615384615385 0.875 0.951923076923077 0.81 0.810344827586207 0.80952380952381 0.901888341543514 1 2
0.935 0.932692307692308 0.9375 0.980068108974359 0.87 0.879310344827586 0.857142857142857 0.929802955665025 2 2
0.88 0.891089108910891 0.868686868686869 0.954995499549955 0.9 0.851851851851852 0.956521739130435 0.969806763285024 1 2
0.925 0.96039603960396 0.888888888888889 0.978597859785979 0.95 0.925925925925926 0.978260869565217 0.987520128824477 2 2
0.92 0.918367346938776 0.92156862745098 0.976690676270508 0.88 0.85 0.9 0.9475 1 2
0.95 0.969387755102041 0.931372549019608 0.989495798319328 0.89 0.85 0.916666666666667 0.96875 2 2
0.885 0.92436974789916 0.827160493827161 0.946882456686378 0.93 0.982142857142857 0.863636363636364 0.978896103896104 1 2
0.94 0.966386554621849 0.901234567901235 0.985475671750182 0.9 0.964285714285714 0.818181818181818 0.959821428571429 2 2
0.855 0.865384615384615 0.84375 0.929186698717949 0.87 0.847826086956522 0.888888888888889 0.9170692431562 1 2
0.925 0.923076923076923 0.927083333333333 0.978565705128205 0.9 0.978260869565217 0.833333333333333 0.966988727858293 2 2
0.865 0.862385321100917 0.868131868131868 0.932654501461841 0.88 0.938775510204082 0.823529411764706 0.962785114045618 1 2
0.93 0.926605504587156 0.934065934065934 0.983667708438351 0.87 0.918367346938776 0.823529411764706 0.957583033213285 2 2
0.895 0.905660377358491 0.882978723404255 0.961160176635889 0.79 0.7 0.88 0.9132 1 2
0.94 0.952830188679245 0.925531914893617 0.98896025692493 0.83 0.82 0.84 0.9316 2 2
0.895 0.864583333333333 0.923076923076923 0.946915064102564 0.87 0.867924528301887 0.872340425531915 0.938177438779607 1 2
0.94 0.90625 0.971153846153846 0.976963141025641 0.89 0.867924528301887 0.914893617021277 0.951023685266961 2 2
0.91 0.924528301886792 0.893617021276596 0.974608590927338 0.88 0.933333333333333 0.836363636363636 0.965656565656566 1 2
0.945 0.962264150943396 0.925531914893617 0.990465676435167 0.9 0.911111111111111 0.890909090909091 0.970909090909091 2 2
0.845 0.854368932038835 0.835051546391753 0.928635772194976 0.84 0.888888888888889 0.8 0.917171717171717 1 2
0.94 0.961165048543689 0.917525773195876 0.984185767190471 0.87 0.933333333333333 0.818181818181818 0.955151515151515 2 2
0.915 0.908045977011494 0.920353982300885 0.960126131624453 0.8 0.803571428571429 0.795454545454545 0.910714285714286 1 2
0.95 0.954022988505747 0.946902654867257 0.980978537280032 0.86 0.857142857142857 0.863636363636364 0.927353896103896 2 2
0.89 0.905660377358491 0.872340425531915 0.948012846246487 0.86 0.843137254901961 0.877551020408163 0.921168467386955 1 2
0.94 0.952830188679245 0.925531914893617 0.989160979526295 0.91 0.882352941176471 0.938775510204082 0.966786714685874 2 2
0.895 0.898989898989899 0.891089108910891 0.953295329532953 0.87 0.844444444444444 0.890909090909091 0.94949494949495 1 2
0.945 0.939393939393939 0.95049504950495 0.989398939893989 0.91 0.933333333333333 0.890909090909091 0.978989898989899 2 2
0.87 0.864077669902913 0.876288659793814 0.926633970573516 0.9 0.901960784313726 0.897959183673469 0.947979191676671 1 2
0.93 0.932038834951456 0.927835051546392 0.980782704433991 0.91 0.92156862745098 0.897959183673469 0.969587835134054 2 2
0.86 0.871559633027523 0.846153846153846 0.934166750680512 0.86 0.862745098039216 0.857142857142857 0.928371348539416 1 2
0.935 0.944954128440367 0.923076923076923 0.987498739792318 0.86 0.862745098039216 0.857142857142857 0.951180472188876 2 2
0.845 0.843137254901961 0.846938775510204 0.921168467386955 0.87 0.842105263157895 0.906976744186046 0.934312525499796 1 2
0.95 0.950980392156863 0.948979591836735 0.987895158063225 0.89 0.912280701754386 0.86046511627907 0.973072215422277 2 2
0.88 0.885714285714286 0.873684210526316 0.955187969924812 0.89 0.87037037037037 0.91304347826087 0.948872785829308 1 2
0.94 0.933333333333333 0.947368421052632 0.988471177944862 0.91 0.888888888888889 0.934782608695652 0.964975845410628 2 2
0.875 0.895833333333333 0.855769230769231 0.950020032051282 0.94 0.92 0.96 0.986 1 2
0.965 0.947916666666667 0.980769230769231 0.994691506410256 0.95 0.92 0.98 0.9924 2 2
0.955 0.951923076923077 0.958333333333333 0.986578525641026 0.87 0.924528301886792 0.808510638297872 0.970694500200723 1 2
0.96 0.951923076923077 0.96875 0.99599358974359 0.9 0.924528301886792 0.872340425531915 0.967081493376154 2 2
0.825 0.863636363636364 0.777777777777778 0.914444444444445 0.79 0.826923076923077 0.75 0.90224358974359 1 2
0.92 0.927272727272727 0.911111111111111 0.971919191919192 0.82 0.865384615384615 0.770833333333333 0.909855769230769 2 2
0.86 0.87 0.85 0.9346 0.84 0.811320754716981 0.872340425531915 0.918105178643115 1 2
0.9 0.9 0.9 0.9691 0.88 0.849056603773585 0.914893617021277 0.940987555198715 2 2
0.865 0.820224719101124 0.900900900900901 0.9383540844215 0.84 0.823529411764706 0.857142857142857 0.905562224889956 1 2
0.94 0.921348314606742 0.954954954954955 0.986941998177953 0.81 0.764705882352941 0.857142857142857 0.921168467386955 2 2
0.885 0.864583333333333 0.903846153846154 0.956330128205128 0.93 0.893617021276596 0.962264150943396 0.967884383781614 1 2
0.955 0.947916666666667 0.961538461538462 0.996895032051282 0.96 0.936170212765957 0.981132075471698 0.981934965877158 2 2
0.9 0.858695652173913 0.935185185185185 0.948973429951691 0.86 0.884615384615385 0.833333333333333 0.94150641025641 1 2
0.945 0.923913043478261 0.962962962962963 0.984500805152979 0.87 0.903846153846154 0.833333333333333 0.943910256410256 2 2
0.845 0.869158878504673 0.817204301075269 0.944729172947443 0.9 0.923076923076923 0.875 0.965544871794872 1 2
0.955 0.97196261682243 0.935483870967742 0.986935986333032 0.91 0.923076923076923 0.895833333333333 0.971955128205128 2 2
0.865 0.883495145631068 0.845360824742268 0.947953157842058 0.84 0.781818181818182 0.911111111111111 0.895353535353535 1 2
0.915 0.951456310679612 0.876288659793814 0.965669102191973 0.87 0.854545454545454 0.888888888888889 0.94020202020202 2 2
0.86 0.864583333333333 0.855769230769231 0.942608173076923 0.9 0.933333333333333 0.85 0.967916666666667 1 2
0.93 0.90625 0.951923076923077 0.98848157051282 0.91 0.933333333333333 0.875 0.970416666666667 2 2
0.885 0.864583333333333 0.903846153846154 0.940204326923077 0.86 0.816666666666667 0.925 0.94 1 2
0.93 0.927083333333333 0.932692307692308 0.982171474358974 0.88 0.85 0.925 0.949583333333333 2 2
0.89 0.865979381443299 0.912621359223301 0.942348113301972 0.73 0.686274509803922 0.775510204081633 0.846738695478191 1 2
0.945 0.907216494845361 0.980582524271845 0.977679911920729 0.82 0.764705882352941 0.877551020408163 0.903161264505802 2 2
0.855 0.854166666666667 0.855769230769231 0.93760016025641 0.88 0.822222222222222 0.927272727272727 0.939393939393939 1 2
0.925 0.916666666666667 0.932692307692308 0.977063301282051 0.88 0.822222222222222 0.927272727272727 0.95959595959596 2 2
0.845 0.841584158415842 0.848484848484849 0.907990799079908 0.83 0.871794871794872 0.80327868852459 0.899117276166457 1 2
0.945 0.95049504950495 0.939393939393939 0.984698469846985 0.83 0.871794871794872 0.80327868852459 0.94703656998739 2 2
0.865 0.867924528301887 0.861702127659574 0.936571657968687 0.82 0.888888888888889 0.739130434782609 0.929549114331723 1 2
0.92 0.886792452830189 0.957446808510638 0.960859092733842 0.85 0.888888888888889 0.804347826086957 0.932367149758454 2 2
0.85 0.831578947368421 0.866666666666667 0.93734335839599 0.88 0.80952380952381 0.931034482758621 0.936371100164204 1 2
0.905 0.894736842105263 0.914285714285714 0.97984962406015 0.91 0.904761904761905 0.913793103448276 0.964696223316913 2 2
0.865 0.835164835164835 0.889908256880734 0.929932452868233 0.86 0.847826086956522 0.87037037037037 0.94524959742351 1 2
0.91 0.89010989010989 0.926605504587156 0.984070974896663 0.9 0.891304347826087 0.907407407407407 0.964573268921095 2 2
0.855 0.826530612244898 0.882352941176471 0.929971988795518 0.83 0.787234042553192 0.867924528301887 0.90606182256122 1 2
0.92 0.908163265306122 0.931372549019608 0.977691076430572 0.87 0.872340425531915 0.867924528301887 0.949016459253312 2 2
0.895 0.89010989010989 0.899082568807339 0.960782336929126 0.87 0.844444444444444 0.890909090909091 0.954343434343434 1 2
0.915 0.901098901098901 0.926605504587156 0.979735860469805 0.91 0.888888888888889 0.927272727272727 0.951919191919192 2 2
0.9 0.898989898989899 0.900990099009901 0.926692669266927 0.86 0.833333333333333 0.879310344827586 0.919129720853859 1 2
0.96 0.96969696969697 0.95049504950495 0.977297729772977 0.88 0.857142857142857 0.896551724137931 0.946223316912972 2 2
0.88 0.878504672897196 0.881720430107527 0.950959702542458 0.89 0.877551020408163 0.901960784313726 0.961184473789516 1 2
0.955 0.97196261682243 0.935483870967742 0.988443372525374 0.91 0.938775510204082 0.882352941176471 0.975190076030412 2 2
0.875 0.862745098039216 0.887755102040816 0.959883953581433 0.9 0.88 0.92 0.9392 1 2
0.965 0.980392156862745 0.948979591836735 0.996598639455782 0.91 0.92 0.9 0.9664 2 2
0.855 0.854166666666667 0.855769230769231 0.94511217948718 0.79 0.673469387755102 0.901960784313726 0.903161264505802 1 2
0.935 0.916666666666667 0.951923076923077 0.983573717948718 0.86 0.857142857142857 0.862745098039216 0.919567827130852 2 2
0.83 0.864077669902913 0.793814432989691 0.924331898708838 0.87 0.80952380952381 0.913793103448276 0.943349753694581 1 2
0.94 0.951456310679612 0.927835051546392 0.983084776298669 0.87 0.880952380952381 0.862068965517241 0.93431855500821 2 2
0.89 0.882352941176471 0.897959183673469 0.954281712685074 0.86 0.82258064516129 0.921052631578947 0.950764006791171 1 2
0.94 0.941176470588235 0.938775510204082 0.988495398159264 0.88 0.854838709677419 0.921052631578947 0.972410865874363 2 2
0.875 0.914285714285714 0.831578947368421 0.933834586466165 0.94 0.955555555555556 0.927272727272727 0.985454545454545 1 2
0.91 0.942857142857143 0.873684210526316 0.966115288220551 0.94 0.977777777777778 0.909090909090909 0.988686868686869 2 2
0.915 0.936363636363636 0.888888888888889 0.976363636363636 0.8 0.803571428571429 0.795454545454545 0.917613636363636 1 2
0.97 0.963636363636364 0.977777777777778 0.995454545454545 0.82 0.821428571428571 0.818181818181818 0.912337662337662 2 2
0.87 0.891089108910891 0.848484848484849 0.947194719471947 0.88 0.804347826086957 0.944444444444444 0.959339774557166 1 2
0.92 0.920792079207921 0.919191919191919 0.974797479747975 0.93 0.891304347826087 0.962962962962963 0.955716586151369 2 2
0.935 0.924528301886792 0.946808510638298 0.967081493376154 0.8 0.777777777777778 0.818181818181818 0.924848484848485 1 2
0.95 0.952830188679245 0.946808510638298 0.98815736651947 0.83 0.844444444444444 0.818181818181818 0.916363636363636 2 2
0.92 0.918367346938776 0.92156862745098 0.975690276110444 0.87 0.854545454545454 0.888888888888889 0.958383838383838 1 2
0.955 0.969387755102041 0.941176470588235 0.992396958783513 0.92 0.909090909090909 0.933333333333333 0.979393939393939 2 2
0.865 0.865384615384615 0.864583333333333 0.94140625 0.9 0.892307692307692 0.914285714285714 0.95956043956044 1 2
0.95 0.951923076923077 0.947916666666667 0.98417467948718 0.91 0.923076923076923 0.885714285714286 0.961758241758242 2 2
0.86 0.838383838383838 0.881188118811881 0.938893889388939 0.84 0.824561403508772 0.86046511627907 0.949000407996736 1 2
0.935 0.919191919191919 0.95049504950495 0.988098809880988 0.87 0.842105263157895 0.906976744186046 0.962056303549572 2 2
0.87 0.897435897435897 0.831325301204819 0.95129234888271 0.88 0.84 0.92 0.9516 1 2
0.945 0.957264957264957 0.927710843373494 0.980331582741221 0.91 0.94 0.88 0.9748 2 2
0.83 0.852941176470588 0.806122448979592 0.930872348939576 0.85 0.807692307692308 0.895833333333333 0.93349358974359 1 2
0.93 0.92156862745098 0.938775510204082 0.983993597438976 0.86 0.807692307692308 0.916666666666667 0.931089743589744 2 2
0.875 0.878787878787879 0.871287128712871 0.948794879487949 0.87 0.866666666666667 0.872727272727273 0.940606060606061 1 2
0.96 0.95959595959596 0.96039603960396 0.984998499849985 0.89 0.866666666666667 0.909090909090909 0.967272727272727 2 2
0.945 0.941747572815534 0.948453608247423 0.982684415974377 0.85 0.8 0.890909090909091 0.932929292929293 1 2
0.96 0.961165048543689 0.958762886597938 0.996396757081373 0.89 0.844444444444444 0.927272727272727 0.96 2 2
0.89 0.897959183673469 0.882352941176471 0.957683073229292 0.92 0.884615384615385 0.958333333333333 0.951923076923077 1 2
0.95 0.959183673469388 0.941176470588235 0.985694277711084 0.88 0.807692307692308 0.958333333333333 0.943509615384615 2 2
0.875 0.857142857142857 0.889908256880734 0.965520717814296 0.86 0.803921568627451 0.918367346938776 0.929971988795518 1 2
0.945 0.912087912087912 0.972477064220184 0.99001915515677 0.89 0.823529411764706 0.959183673469388 0.954781912765106 2 2
0.835 0.831683168316832 0.838383838383838 0.897789778977898 0.9 0.912280701754386 0.883720930232558 0.968992248062015 1 2
0.905 0.910891089108911 0.898989898989899 0.958195819581958 0.89 0.947368421052632 0.813953488372093 0.96328029375765 2 2
0.865 0.899082568807339 0.824175824175824 0.947877810263131 0.85 0.849056603773585 0.851063829787234 0.945403452428743 1 2
0.935 0.963302752293578 0.901098901098901 0.9705615485432 0.89 0.886792452830189 0.893617021276596 0.938578883982336 2 2
0.905 0.905263157894737 0.904761904761905 0.949172932330827 0.87 0.88 0.86 0.9364 1 2
0.935 0.947368421052632 0.923809523809524 0.986766917293233 0.91 0.9 0.92 0.9612 2 2
0.89 0.864583333333333 0.913461538461538 0.941706730769231 0.86 0.833333333333333 0.884615384615385 0.937099358974359 1 2
0.915 0.927083333333333 0.903846153846154 0.97666266025641 0.88 0.854166666666667 0.903846153846154 0.951522435897436 2 2
0.82 0.795918367346939 0.843137254901961 0.899459783913565 0.87 0.958333333333333 0.788461538461538 0.955929487179487 1 2
0.93 0.908163265306122 0.950980392156863 0.958183273309324 0.89 0.9375 0.846153846153846 0.95713141025641 2 2
0.905 0.885714285714286 0.926315789473684 0.95859649122807 0.88 0.865384615384615 0.895833333333333 0.959134615384615 1 3
0.955 0.961904761904762 0.947368421052632 0.993784461152882 0.85 0.846153846153846 0.854166666666667 0.920673076923077 2 3
0.915 0.894736842105263 0.933333333333333 0.980852130325815 0.86 0.867924528301887 0.851063829787234 0.93095142513047 1 3
0.965 0.968421052631579 0.961904761904762 0.995187969924812 0.89 0.905660377358491 0.872340425531915 0.943396226415094 2 3
0.9 0.903225806451613 0.897196261682243 0.95317053562456 0.93 0.884615384615385 0.979166666666667 0.966346153846154 1 3
0.96 0.978494623655914 0.94392523364486 0.987337955984323 0.93 0.923076923076923 0.9375 0.985176282051282 2 3
0.87 0.84375 0.894230769230769 0.94551282051282 0.88 0.9 0.86 0.94 1 3
0.925 0.916666666666667 0.932692307692308 0.984975961538462 0.88 0.9 0.86 0.9608 2 3
0.825 0.82 0.83 0.9189 0.8 0.833333333333333 0.760869565217391 0.922705314009662 1 3
0.94 0.93 0.95 0.9832 0.84 0.814814814814815 0.869565217391304 0.938003220611916 2 3
0.87 0.861386138613861 0.878787878787879 0.934493449344935 0.84 0.814814814814815 0.869565217391304 0.911835748792271 1 3
0.94 0.920792079207921 0.95959595959596 0.976297629762976 0.85 0.87037037037037 0.826086956521739 0.930354267310789 2 3
0.85 0.882882882882883 0.808988764044944 0.934709990889766 0.84 0.837209302325581 0.842105263157895 0.913096695226438 1 3
0.935 0.936936936936937 0.932584269662921 0.979350136653507 0.85 0.906976744186046 0.807017543859649 0.934312525499796 2 3
0.875 0.884615384615385 0.864583333333333 0.94551282051282 0.93 0.925925925925926 0.934782608695652 0.981481481481482 1 3
0.935 0.932692307692308 0.9375 0.985977564102564 0.94 0.962962962962963 0.91304347826087 0.979468599033816 2 3
0.93 0.904761904761905 0.948275862068966 0.977422003284072 0.89 0.851063829787234 0.924528301886792 0.933360096346849 1 3
0.95 0.94047619047619 0.956896551724138 0.99066091954023 0.9 0.893617021276596 0.905660377358491 0.955841027699719 2 3
0.91 0.867469879518072 0.94017094017094 0.961486973535166 0.83 0.770833333333333 0.884615384615385 0.91025641025641 1 3
0.95 0.951807228915663 0.948717948717949 0.988466687261868 0.88 0.8125 0.942307692307692 0.95713141025641 2 3
0.885 0.880434782608696 0.888888888888889 0.942532206119163 0.86 0.760869565217391 0.944444444444444 0.968196457326892 1 3
0.955 0.956521739130435 0.953703703703704 0.988425925925926 0.89 0.847826086956522 0.925925925925926 0.980676328502415 2 3
0.875 0.863157894736842 0.885714285714286 0.942155388471178 0.87 0.826086956521739 0.907407407407407 0.935990338164251 1 3
0.91 0.936842105263158 0.885714285714286 0.976842105263158 0.94 0.891304347826087 0.981481481481482 0.968599033816425 2 3
0.85 0.838709677419355 0.85981308411215 0.938197166113958 0.9 0.864406779661017 0.951219512195122 0.972715998346424 1 3
0.935 0.946236559139785 0.925233644859813 0.973670987840418 0.93 0.915254237288136 0.951219512195122 0.985531211244316 2 3
0.905 0.835294117647059 0.956521739130435 0.963478260869565 0.86 0.796296296296296 0.934782608695652 0.909822866344606 1 3
0.96 0.952941176470588 0.965217391304348 0.993145780051151 0.87 0.833333333333333 0.91304347826087 0.951288244766506 2 3
0.885 0.902173913043478 0.87037037037037 0.936090982286634 0.91 0.86046511627907 0.947368421052632 0.953488372093023 1 3
0.95 0.956521739130435 0.944444444444444 0.986413043478261 0.93 0.883720930232558 0.964912280701754 0.984904120767034 2 3
0.89 0.896907216494845 0.883495145631068 0.96086477830047 0.9 0.816326530612245 0.980392156862745 0.949979991996799 1 3
0.935 0.938144329896907 0.932038834951456 0.983084776298669 0.89 0.836734693877551 0.941176470588235 0.966386554621849 2 3
0.945 0.953703703703704 0.934782608695652 0.976952495974235 0.84 0.847826086956522 0.833333333333333 0.923510466988728 1 3
0.965 0.972222222222222 0.956521739130435 0.993156199677939 0.89 0.891304347826087 0.888888888888889 0.953301127214171 2 3
0.87 0.877551020408163 0.862745098039216 0.945678271308523 0.88 0.87719298245614 0.883720930232558 0.937168502651979 1 3
0.945 0.959183673469388 0.931372549019608 0.977891156462585 0.89 0.894736842105263 0.883720930232558 0.963688290493676 2 3
0.9 0.90990990990991 0.887640449438202 0.961129668994838 0.85 0.901960784313726 0.795918367346939 0.937575030012005 1 3
0.965 0.963963963963964 0.966292134831461 0.991294665451969 0.87 0.941176470588235 0.795918367346939 0.957583033213285 2 3
0.885 0.888888888888889 0.881188118811881 0.945494549454945 0.86 0.795918367346939 0.92156862745098 0.913965586234494 1 3
0.935 0.94949494949495 0.920792079207921 0.976197619761976 0.87 0.857142857142857 0.882352941176471 0.95438175270108 2 3
0.845 0.866666666666667 0.821052631578947 0.927719298245614 0.82 0.78 0.86 0.9164 1 3
0.945 0.942857142857143 0.947368421052632 0.990576441102757 0.89 0.9 0.88 0.9536 2 3
0.87 0.893617021276596 0.849056603773585 0.945604175030108 0.88 0.863636363636364 0.892857142857143 0.940340909090909 1 3
0.93 0.925531914893617 0.933962264150943 0.987655560016058 0.94 0.954545454545455 0.928571428571429 0.969561688311688 2 3
0.905 0.9 0.91 0.9613 0.93 0.964285714285714 0.886363636363636 0.955357142857143 1 3
0.925 0.94 0.91 0.9813 0.9 0.910714285714286 0.886363636363636 0.95413961038961 2 3
0.9 0.884210526315789 0.914285714285714 0.969022556390977 0.83 0.777777777777778 0.891304347826087 0.912238325281804 1 3
0.945 0.947368421052632 0.942857142857143 0.986365914786967 0.85 0.796296296296296 0.91304347826087 0.931159420289855 2 3
0.905 0.877551020408163 0.931372549019608 0.952981192476991 0.84 0.782608695652174 0.888888888888889 0.936392914653784 1 3
0.955 0.938775510204082 0.970588235294118 0.986294517807123 0.9 0.847826086956522 0.944444444444444 0.965378421900161 2 3
0.84 0.833333333333333 0.845454545454545 0.92969696969697 0.85 0.764705882352941 0.938775510204082 0.933573429371749 1 3
0.955 0.955555555555556 0.954545454545455 0.992020202020202 0.89 0.882352941176471 0.897959183673469 0.958383353341337 2 3
0.87 0.822222222222222 0.909090909090909 0.93040404040404 0.8 0.71875 0.944444444444444 0.883680555555556 1 3
0.93 0.933333333333333 0.927272727272727 0.984242424242424 0.85 0.8125 0.916666666666667 0.934895833333333 2 3
0.895 0.901960784313726 0.887755102040816 0.956782713085234 0.82 0.773584905660377 0.872340425531915 0.938980329185066 1 3
0.94 0.950980392156863 0.928571428571429 0.990096038415366 0.93 0.905660377358491 0.957446808510638 0.982737856282617 2 3
0.935 0.96078431372549 0.908163265306122 0.972589035614246 0.91 0.888888888888889 0.927272727272727 0.935353535353535 1 3
0.935 0.941176470588235 0.928571428571429 0.99109643857543 0.9 0.866666666666667 0.927272727272727 0.953535353535354 2 3
0.875 0.842696629213483 0.900900900900901 0.957688025103755 0.9 0.864406779661017 0.951219512195122 0.959487391484084 1 3
0.935 0.921348314606742 0.945945945945946 0.989573843506428 0.91 0.864406779661017 0.975609756097561 0.978503513848698 2 3
0.94 0.901234567901235 0.966386554621849 0.975723622782446 0.81 0.716981132075472 0.914893617021277 0.941790445604175 1 3
0.95 0.925925925925926 0.966386554621849 0.991285403050109 0.87 0.811320754716981 0.936170212765957 0.946607788036933 2 3
0.865 0.84375 0.884615384615385 0.929387019230769 0.8 0.777777777777778 0.826086956521739 0.897342995169082 1 3
0.955 0.958333333333333 0.951923076923077 0.98427483974359 0.86 0.888888888888889 0.826086956521739 0.937600644122383 2 3
0.855 0.824742268041237 0.883495145631068 0.932339105194675 0.88 0.8 0.96 0.9348 1 3
0.965 0.958762886597938 0.970873786407767 0.989390451406266 0.89 0.84 0.94 0.9472 2 3
0.87 0.900900900900901 0.831460674157303 0.93886020852313 0.86 0.882352941176471 0.836734693877551 0.908363345338135 1 3
0.935 0.954954954954955 0.910112359550562 0.979755035934811 0.86 0.882352941176471 0.836734693877551 0.959983993597439 2 3
0.89 0.888888888888889 0.891089108910891 0.951195119511951 0.82 0.727272727272727 0.892857142857143 0.911931818181818 1 3
0.91 0.919191919191919 0.900990099009901 0.98039803980398 0.88 0.818181818181818 0.928571428571429 0.946022727272727 2 3
0.885 0.865979381443299 0.902912621359223 0.960064057651887 0.8 0.836734693877551 0.764705882352941 0.927170868347339 1 3
0.94 0.917525773195876 0.961165048543689 0.980182163947553 0.84 0.857142857142857 0.823529411764706 0.938375350140056 2 3
0.875 0.884615384615385 0.864583333333333 0.934695512820513 0.91 0.895833333333333 0.923076923076923 0.961939102564103 1 3
0.93 0.913461538461538 0.947916666666667 0.983573717948718 0.89 0.916666666666667 0.865384615384615 0.972355769230769 2 3
0.865 0.889908256880734 0.835164835164835 0.930738985784857 0.91 0.888888888888889 0.934782608695652 0.958132045088567 1 3
0.915 0.926605504587156 0.901098901098901 0.976106462344994 0.92 0.925925925925926 0.91304347826087 0.97463768115942 2 3
0.88 0.931372549019608 0.826530612244898 0.953881552621048 0.83 0.818181818181818 0.839285714285714 0.920454545454546 1 3
0.94 0.941176470588235 0.938775510204082 0.97719087635054 0.89 0.886363636363636 0.892857142857143 0.937094155844156 2 3
0.875 0.88 0.87 0.9405 0.82 0.782608695652174 0.851851851851852 0.909822866344606 1 3
0.925 0.94 0.91 0.984 0.84 0.869565217391304 0.814814814814815 0.943639291465378 2 3
0.88 0.875 0.885416666666667 0.949519230769231 0.8 0.793103448275862 0.80952380952381 0.901067323481117 1 3
0.93 0.923076923076923 0.9375 0.981670673076923 0.85 0.862068965517241 0.833333333333333 0.929392446633826 2 3
0.88 0.891089108910891 0.868686868686869 0.953695369536954 0.9 0.851851851851852 0.956521739130435 0.962157809983897 1 3
0.92 0.95049504950495 0.888888888888889 0.977597759775978 0.94 0.907407407407407 0.978260869565217 0.987117552334944 2 3
0.92 0.918367346938776 0.92156862745098 0.974489795918367 0.88 0.85 0.9 0.946666666666667 1 3
0.95 0.969387755102041 0.931372549019608 0.98999599839936 0.9 0.875 0.916666666666667 0.958333333333333 2 3
0.89 0.92436974789916 0.839506172839506 0.947089947089947 0.94 0.982142857142857 0.886363636363636 0.980925324675325 1 3
0.94 0.957983193277311 0.91358024691358 0.985994397759104 0.89 0.946428571428571 0.818181818181818 0.964691558441558 2 3
0.845 0.865384615384615 0.822916666666667 0.931590544871795 0.83 0.826086956521739 0.833333333333333 0.914653784219002 1 3
0.935 0.923076923076923 0.947916666666667 0.977664262820513 0.82 0.869565217391304 0.777777777777778 0.951690821256039 2 3
0.855 0.853211009174312 0.857142857142857 0.930033269482811 0.89 0.938775510204082 0.843137254901961 0.961984793917567 1 3
0.925 0.926605504587156 0.923076923076923 0.983768525052929 0.87 0.918367346938776 0.823529411764706 0.955982392957183 2 3
0.87 0.877358490566038 0.861702127659574 0.956443195503814 0.82 0.76 0.88 0.9076 1 3
0.94 0.943396226415094 0.936170212765957 0.988057005218788 0.83 0.82 0.84 0.9312 2 3
0.885 0.833333333333333 0.932692307692308 0.942508012820513 0.86 0.811320754716981 0.914893617021277 0.93014853472501 1 3
0.93 0.885416666666667 0.971153846153846 0.979366987179487 0.86 0.830188679245283 0.893617021276596 0.949417904456042 2 3
0.895 0.915094339622642 0.872340425531915 0.973002810116419 0.88 0.911111111111111 0.854545454545454 0.96 1 3
0.94 0.952830188679245 0.925531914893617 0.990064231232437 0.91 0.911111111111111 0.909090909090909 0.965656565656566 2 3
0.835 0.844660194174757 0.824742268041237 0.925833249924932 0.86 0.911111111111111 0.818181818181818 0.915959595959596 1 3
0.935 0.951456310679612 0.917525773195876 0.985086577920128 0.87 0.933333333333333 0.818181818181818 0.953535353535354 2 3
0.9 0.873563218390805 0.920353982300885 0.958295188688841 0.81 0.803571428571429 0.818181818181818 0.913961038961039 1 3
0.96 0.96551724137931 0.955752212389381 0.981283694435968 0.87 0.857142857142857 0.886363636363636 0.931818181818182 2 3
0.89 0.905660377358491 0.872340425531915 0.946306704134886 0.84 0.803921568627451 0.877551020408163 0.899159663865546 1 3
0.93 0.933962264150943 0.925531914893617 0.989060618225612 0.91 0.882352941176471 0.938775510204082 0.963185274109644 2 3
0.885 0.868686868686869 0.900990099009901 0.953195319531953 0.87 0.822222222222222 0.909090909090909 0.948686868686869 1 3
0.945 0.939393939393939 0.95049504950495 0.987798779877988 0.91 0.933333333333333 0.890909090909091 0.978181818181818 2 3
0.865 0.864077669902913 0.865979381443299 0.925432889600641 0.89 0.882352941176471 0.897959183673469 0.946778711484594 1 3
0.93 0.932038834951456 0.927835051546392 0.980182163947553 0.91 0.92156862745098 0.897959183673469 0.967587034813926 2 3
0.855 0.871559633027523 0.835164835164835 0.932956951305575 0.83 0.823529411764706 0.836734693877551 0.917567026810724 1 3
0.945 0.963302752293578 0.923076923076923 0.987599556406896 0.85 0.843137254901961 0.857142857142857 0.945178071228491 2 3
0.845 0.852941176470588 0.836734693877551 0.92046818727491 0.89 0.87719298245614 0.906976744186046 0.940432476540188 1 3
0.945 0.941176470588235 0.948979591836735 0.988295318127251 0.91 0.912280701754386 0.906976744186046 0.96532027743778 2 3
0.88 0.885714285714286 0.873684210526316 0.955187969924812 0.89 0.87037037037037 0.91304347826087 0.948067632850242 1 3
0.945 0.942857142857143 0.947368421052632 0.990075187969925 0.9 0.87037037037037 0.934782608695652 0.964975845410628 2 3
0.865 0.854166666666667 0.875 0.949519230769231 0.92 0.88 0.96 0.9884 1 3
0.95 0.947916666666667 0.951923076923077 0.994791666666667 0.95 0.92 0.98 0.992 2 3
0.935 0.932692307692308 0.9375 0.986578525641026 0.87 0.924528301886792 0.808510638297872 0.968687274187073 1 3
0.96 0.951923076923077 0.96875 0.99599358974359 0.9 0.943396226415094 0.851063829787234 0.962665596146126 2 3
0.835 0.872727272727273 0.788888888888889 0.911515151515152 0.77 0.807692307692308 0.729166666666667 0.89463141025641 1 3
0.915 0.918181818181818 0.911111111111111 0.971414141414141 0.81 0.884615384615385 0.729166666666667 0.914663461538462 2 3
0.855 0.85 0.86 0.9331 0.83 0.792452830188679 0.872340425531915 0.898835808912083 1 3
0.91 0.91 0.91 0.9703 0.87 0.811320754716981 0.936170212765957 0.932155760738659 2 3
0.845 0.820224719101124 0.864864864864865 0.938252859601174 0.83 0.803921568627451 0.857142857142857 0.896358543417367 1 3
0.94 0.921348314606742 0.954954954954955 0.988561595303168 0.81 0.725490196078431 0.897959183673469 0.915966386554622 2 3
0.89 0.875 0.903846153846154 0.956530448717949 0.95 0.936170212765957 0.962264150943396 0.965475712565235 1 3
0.965 0.958333333333333 0.971153846153846 0.996494391025641 0.96 0.936170212765957 0.981132075471698 0.982336411079888 2 3
0.89 0.858695652173913 0.916666666666667 0.945652173913043 0.87 0.903846153846154 0.833333333333333 0.941105769230769 1 3
0.96 0.956521739130435 0.962962962962963 0.983796296296296 0.88 0.923076923076923 0.833333333333333 0.940705128205128 2 3
0.87 0.878504672897196 0.860215053763441 0.943422771580746 0.92 0.923076923076923 0.916666666666667 0.963141025641026 1 3
0.94 0.94392523364486 0.935483870967742 0.985830569791981 0.93 0.923076923076923 0.9375 0.969551282051282 2 3
0.855 0.864077669902913 0.845360824742268 0.94565108597738 0.83 0.781818181818182 0.888888888888889 0.89050505050505 1 3
0.91 0.941747572815534 0.876288659793814 0.963266940246222 0.86 0.854545454545454 0.866666666666667 0.942222222222222 2 3
0.85 0.854166666666667 0.846153846153846 0.940705128205128 0.9 0.916666666666667 0.875 0.96625 1 3
0.925 0.885416666666667 0.961538461538462 0.987880608974359 0.89 0.9 0.875 0.967916666666667 2 3
0.885 0.854166666666667 0.913461538461538 0.935196314102564 0.81 0.766666666666667 0.875 0.942083333333333 1 3
0.945 0.947916666666667 0.942307692307692 0.979467147435897 0.85 0.816666666666667 0.9 0.94875 2 3
0.885 0.865979381443299 0.902912621359223 0.944049644680212 0.73 0.725490196078431 0.73469387755102 0.834333733493397 1 3
0.94 0.907216494845361 0.970873786407767 0.976879191272145 0.82 0.784313725490196 0.857142857142857 0.899559823929572 2 3
0.845 0.84375 0.846153846153846 0.934995993589744 0.86 0.8 0.909090909090909 0.926868686868687 1 3
0.925 0.916666666666667 0.932692307692308 0.979166666666667 0.88 0.822222222222222 0.927272727272727 0.945050505050505 2 3
0.845 0.841584158415842 0.848484848484849 0.909190919091909 0.84 0.871794871794872 0.819672131147541 0.898696931483817 1 3
0.945 0.95049504950495 0.939393939393939 0.984798479847985 0.83 0.871794871794872 0.80327868852459 0.94577553593947 2 3
0.865 0.867924528301887 0.861702127659574 0.934664793255721 0.82 0.851851851851852 0.782608695652174 0.92914653784219 1 3
0.925 0.886792452830189 0.968085106382979 0.963970293054998 0.85 0.888888888888889 0.804347826086957 0.936795491143317 2 3
0.855 0.842105263157895 0.866666666666667 0.934335839598997 0.9 0.857142857142857 0.931034482758621 0.938013136288998 1 3
0.925 0.936842105263158 0.914285714285714 0.979448621553885 0.9 0.880952380952381 0.913793103448276 0.964285714285714 2 3
0.87 0.835164835164835 0.899082568807339 0.929327553180764 0.87 0.847826086956522 0.888888888888889 0.949677938808374 1 3
0.91 0.89010989010989 0.926605504587156 0.983466075209194 0.89 0.869565217391304 0.907407407407407 0.964975845410628 2 3
0.86 0.846938775510204 0.872549019607843 0.928971588635454 0.81 0.765957446808511 0.849056603773585 0.897230028101164 1 3
0.915 0.908163265306122 0.92156862745098 0.976290516206483 0.87 0.851063829787234 0.886792452830189 0.947812123645122 2 3
0.9 0.901098901098901 0.899082568807339 0.959068454481299 0.87 0.822222222222222 0.909090909090909 0.955151515151515 1 3
0.92 0.901098901098901 0.935779816513762 0.978929327553181 0.9 0.866666666666667 0.927272727272727 0.952323232323232 2 3
0.89 0.878787878787879 0.900990099009901 0.925192519251925 0.87 0.833333333333333 0.896551724137931 0.921182266009852 1 3
0.95 0.96969696969697 0.930693069306931 0.976397639763976 0.85 0.833333333333333 0.862068965517241 0.945812807881773 2 3
0.885 0.88785046728972 0.881720430107527 0.950959702542458 0.91 0.938775510204082 0.882352941176471 0.959983993597439 1 3
0.95 0.962616822429907 0.935483870967742 0.98864435735102 0.9 0.938775510204082 0.862745098039216 0.974389755902361 2 3
0.875 0.852941176470588 0.897959183673469 0.95718287314926 0.9 0.9 0.9 0.9388 1 3
0.96 0.980392156862745 0.938775510204082 0.995998399359744 0.92 0.92 0.92 0.96 2 3
0.855 0.854166666666667 0.855769230769231 0.940404647435897 0.78 0.714285714285714 0.843137254901961 0.916366546618647 1 3
0.945 0.927083333333333 0.961538461538462 0.982872596153846 0.88 0.877551020408163 0.882352941176471 0.930772308923569 2 3
0.815 0.83495145631068 0.793814432989691 0.923330997898108 0.89 0.904761904761905 0.879310344827586 0.936371100164204 1 3
0.93 0.951456310679612 0.907216494845361 0.985987388649785 0.88 0.880952380952381 0.879310344827586 0.932676518883415 2 3
0.89 0.882352941176471 0.897959183673469 0.953481392557023 0.78 0.693548387096774 0.921052631578947 0.899405772495756 1 3
0.945 0.96078431372549 0.928571428571429 0.98859543817527 0.86 0.82258064516129 0.921052631578947 0.947368421052632 2 3
0.89 0.923809523809524 0.852631578947368 0.931829573934837 0.9 0.888888888888889 0.909090909090909 0.974141414141414 1 3
0.91 0.942857142857143 0.873684210526316 0.965112781954887 0.92 0.933333333333333 0.909090909090909 0.984646464646465 2 3
0.895 0.9 0.888888888888889 0.972828282828283 0.78 0.767857142857143 0.795454545454545 0.906655844155844 1 3
0.975 0.963636363636364 0.988888888888889 0.994646464646465 0.82 0.803571428571429 0.840909090909091 0.916801948051948 2 3
0.875 0.900990099009901 0.848484848484849 0.944394439443944 0.87 0.782608695652174 0.944444444444444 0.942028985507246 1 3
0.925 0.940594059405941 0.909090909090909 0.972997299729973 0.88 0.847826086956522 0.907407407407407 0.955716586151369 2 3
0.945 0.933962264150943 0.957446808510638 0.971999197109595 0.82 0.8 0.836363636363636 0.926464646464646 1 3
0.955 0.952830188679245 0.957446808510638 0.98815736651947 0.83 0.844444444444444 0.818181818181818 0.91030303030303 2 3
0.89 0.908163265306122 0.872549019607843 0.970688275310124 0.86 0.836363636363636 0.888888888888889 0.952323232323232 1 3
0.95 0.959183673469388 0.941176470588235 0.992396958783513 0.91 0.872727272727273 0.955555555555556 0.983838383838384 2 3
0.865 0.865384615384615 0.864583333333333 0.942307692307692 0.9 0.892307692307692 0.914285714285714 0.961318681318681 1 3
0.935 0.942307692307692 0.927083333333333 0.983673878205128 0.91 0.923076923076923 0.885714285714286 0.963516483516484 2 3
0.875 0.858585858585859 0.891089108910891 0.94029402940294 0.83 0.807017543859649 0.86046511627907 0.951040391676867 1 3
0.93 0.909090909090909 0.95049504950495 0.987698769876988 0.88 0.859649122807018 0.906976744186046 0.959200326397389 2 3
0.885 0.914529914529915 0.843373493975904 0.949232828750901 0.89 0.88 0.9 0.9524 1 3
0.95 0.957264957264957 0.939759036144578 0.979404798681907 0.91 0.92 0.9 0.9768 2 3
0.815 0.823529411764706 0.806122448979592 0.928171268507403 0.86 0.846153846153846 0.875 0.918269230769231 1 3
0.915 0.911764705882353 0.918367346938776 0.981792717086835 0.88 0.826923076923077 0.9375 0.941105769230769 2 3
0.88 0.898989898989899 0.861386138613861 0.948794879487949 0.85 0.844444444444444 0.854545454545454 0.934545454545455 1 3
0.965 0.96969696969697 0.96039603960396 0.985098509850985 0.9 0.888888888888889 0.909090909090909 0.965656565656566 2 3
0.94 0.951456310679612 0.927835051546392 0.982284055650085 0.84 0.777777777777778 0.890909090909091 0.930909090909091 1 3
0.965 0.970873786407767 0.958762886597938 0.996396757081373 0.9 0.866666666666667 0.927272727272727 0.952727272727273 2 3
0.89 0.887755102040816 0.892156862745098 0.954981992797119 0.91 0.884615384615385 0.9375 0.94911858974359 1 3
0.95 0.959183673469388 0.941176470588235 0.985194077631052 0.89 0.846153846153846 0.9375 0.944310897435897 2 3
0.89 0.89010989010989 0.889908256880734 0.963000302449844 0.86 0.803921568627451 0.918367346938776 0.923169267707083 1 3
0.95 0.923076923076923 0.972477064220184 0.989716705313036 0.89 0.843137254901961 0.938775510204082 0.95078031212485 2 3
0.835 0.821782178217822 0.848484848484849 0.895289528952895 0.89 0.894736842105263 0.883720930232558 0.965728274173807 1 3
0.91 0.920792079207921 0.898989898989899 0.955695569556956 0.9 0.947368421052632 0.837209302325581 0.965728274173807 2 3
0.87 0.908256880733945 0.824175824175824 0.94797862687771 0.84 0.867924528301887 0.808510638297872 0.945403452428743 1 3
0.94 0.963302752293578 0.912087912087912 0.969553382397419 0.87 0.830188679245283 0.914893617021277 0.949417904456042 2 3
0.905 0.905263157894737 0.904761904761905 0.946365914786967 0.89 0.86 0.92 0.9348 1 3
0.95 0.968421052631579 0.933333333333333 0.985864661654135 0.89 0.9 0.88 0.9596 2 3
0.88 0.864583333333333 0.894230769230769 0.941907051282051 0.86 0.833333333333333 0.884615384615385 0.92988782051282 1 3
0.915 0.916666666666667 0.913461538461538 0.975060096153846 0.9 0.854166666666667 0.942307692307692 0.947916666666667 2 3
0.82 0.816326530612245 0.823529411764706 0.896058423369348 0.85 0.9375 0.769230769230769 0.963141025641026 1 3
0.92 0.897959183673469 0.941176470588235 0.956382553021208 0.89 0.916666666666667 0.865384615384615 0.958333333333333 2 3
