0.9375 1 0.818181818181818 0.956709956709957 0.83 0.872727272727273 0.777777777777778 0.922828282828283 1 1
0.96875 1 0.909090909090909 1 0.79 0.763636363636364 0.822222222222222 0.888080808080808 2 1
0.90625 0.866666666666667 0.941176470588235 0.964705882352941 0.86 0.863636363636364 0.857142857142857 0.918831168831169 1 1
0.9375 0.933333333333333 0.941176470588235 0.992156862745098 0.85 0.727272727272727 0.946428571428571 0.946022727272727 2 1
0.875 1 0.764705882352941 0.933333333333333 0.82 0.872727272727273 0.755555555555556 0.905454545454546 1 1
0.96875 0.933333333333333 1 0.996078431372549 0.81 0.745454545454545 0.888888888888889 0.91030303030303 2 1
0.9375 0.846153846153846 1 0.995951417004049 0.84 0.729166666666667 0.942307692307692 0.881810897435897 1 1
0.9375 0.846153846153846 1 1 0.77 0.541666666666667 0.980769230769231 0.907051282051282 2 1
0.875 0.875 0.875 0.92578125 0.82 0.978723404255319 0.679245283018868 0.945403452428743 1 1
0.9375 0.875 1 1 0.87 0.829787234042553 0.905660377358491 0.934965877157768 2 1
0.90625 1 0.7 0.954545454545455 0.74 0.92156862745098 0.551020408163265 0.905562224889956 1 1
0.96875 1 0.9 0.995454545454545 0.81 0.941176470588235 0.673469387755102 0.918767507002801 2 1
0.875 0.75 0.95 0.908333333333333 0.91 0.853658536585366 0.949152542372881 0.955766845804051 1 1
0.9375 0.916666666666667 0.95 0.9875 0.85 0.780487804878049 0.898305084745763 0.916907813145928 2 1
1 1 1 1 0.81 0.769230769230769 0.854166666666667 0.897035256410256 1 1
1 1 1 1 0.79 0.75 0.833333333333333 0.903044871794872 2 1
0.9375 0.928571428571429 0.944444444444444 0.988095238095238 0.82 0.813953488372093 0.824561403508772 0.912280701754386 1 1
1 1 1 1 0.84 0.883720930232558 0.807017543859649 0.942880456956344 2 1
0.84375 0.9375 0.75 0.9609375 0.89 0.98 0.8 0.9456 1 1
0.96875 1 0.9375 1 0.86 0.86 0.86 0.9432 2 1
0.96875 1 0.941176470588235 0.992156862745098 0.82 0.703703703703704 0.956521739130435 0.917874396135266 1 1
0.96875 1 0.941176470588235 1 0.85 0.833333333333333 0.869565217391304 0.92512077294686 2 1
0.9375 1 0.857142857142857 1 0.8 0.901960784313726 0.693877551020408 0.918367346938776 1 1
1 1 1 1 0.88 0.862745098039216 0.897959183673469 0.949979991996799 2 1
0.96875 0.916666666666667 1 1 0.77 0.686274509803922 0.857142857142857 0.906362545018007 1 1
1 1 1 1 0.87 0.882352941176471 0.857142857142857 0.949579831932773 2 1
0.90625 0.944444444444444 0.857142857142857 0.968253968253968 0.8 0.909090909090909 0.714285714285714 0.903409090909091 1 1
0.9375 1 0.857142857142857 0.984126984126984 0.81 0.863636363636364 0.767857142857143 0.872970779220779 2 1
0.875 0.947368421052632 0.769230769230769 0.97165991902834 0.7 0.739130434782609 0.666666666666667 0.819243156199678 1 1
0.90625 0.947368421052632 0.846153846153846 0.975708502024291 0.74 0.804347826086957 0.685185185185185 0.852254428341385 2 1
0.96875 1 0.944444444444444 0.972222222222222 0.9 0.822222222222222 0.963636363636364 0.953131313131313 1 1
0.90625 0.928571428571429 0.888888888888889 0.984126984126984 0.87 0.755555555555556 0.963636363636364 0.95959595959596 2 1
0.9375 0.882352941176471 1 0.937254901960784 0.89 0.956521739130435 0.833333333333333 0.956521739130435 1 1
1 1 1 1 0.83 0.891304347826087 0.777777777777778 0.923107890499195 2 1
0.96875 0.95 1 0.995833333333333 0.75 0.910714285714286 0.545454545454545 0.907061688311688 1 1
1 1 1 1 0.83 0.910714285714286 0.727272727272727 0.908685064935065 2 1
0.90625 0.9375 0.875 0.98828125 0.89 0.780487804878049 0.966101694915254 0.933856965688301 1 1
0.96875 0.9375 1 1 0.84 0.634146341463415 0.983050847457627 0.914840843323687 2 1
0.875 0.846153846153846 0.894736842105263 0.931174089068826 0.78 0.653846153846154 0.916666666666667 0.849358974358974 1 1
0.9375 0.923076923076923 0.947368421052632 0.979757085020243 0.76 0.634615384615385 0.895833333333333 0.896634615384615 2 1
0.90625 0.9375 0.875 0.97265625 0.83 0.896551724137931 0.738095238095238 0.900656814449918 1 1
0.96875 1 0.9375 0.99609375 0.86 0.896551724137931 0.80952380952381 0.890804597701149 2 1
0.875 0.866666666666667 0.882352941176471 0.941176470588235 0.81 0.702127659574468 0.905660377358491 0.85989562424729 1 1
0.9375 0.933333333333333 0.941176470588235 0.980392156862745 0.8 0.808510638297872 0.792452830188679 0.899638699317543 2 1
0.9375 1 0.833333333333333 0.9625 0.74 0.892857142857143 0.545454545454545 0.868100649350649 1 1
0.96875 1 0.916666666666667 0.983333333333333 0.81 0.875 0.727272727272727 0.892451298701299 2 1
1 1 1 1 0.76 0.6 0.92 0.882 1 1
1 1 1 1 0.78 0.66 0.9 0.874 2 1
0.8125 0.888888888888889 0.714285714285714 0.968253968253968 0.8 0.978260869565217 0.648148148148148 0.927133655394525 1 1
0.96875 1 0.928571428571429 1 0.77 0.956521739130435 0.611111111111111 0.916666666666667 2 1
0.9375 0.875 1 0.9921875 0.89 0.927272727272727 0.844444444444444 0.964444444444444 1 1
1 1 1 1 0.9 0.872727272727273 0.933333333333333 0.962020202020202 2 1
0.96875 1 0.9375 0.99609375 0.74 0.686274509803922 0.795918367346939 0.836734693877551 1 1
0.9375 0.9375 0.9375 0.99609375 0.82 0.784313725490196 0.857142857142857 0.916766706682673 2 1
0.84375 1 0.615384615384615 0.983805668016194 0.84 0.924528301886792 0.74468085106383 0.920112404656764 1 1
0.9375 0.947368421052632 0.923076923076923 0.995951417004049 0.82 0.905660377358491 0.723404255319149 0.911280610196708 2 1
0.9375 0.923076923076923 0.947368421052632 0.995951417004049 0.84 0.730769230769231 0.958333333333333 0.889022435897436 1 1
0.9375 0.923076923076923 0.947368421052632 0.995951417004049 0.78 0.596153846153846 0.979166666666667 0.936298076923077 2 1
0.84375 0.875 0.8125 0.94921875 0.83 0.708333333333333 0.942307692307692 0.908653846153846 1 1
0.875 0.9375 0.8125 0.9765625 0.79 0.666666666666667 0.903846153846154 0.872596153846154 2 1
0.9375 0.818181818181818 1 0.965367965367965 0.75 0.574074074074074 0.956521739130435 0.905797101449275 1 1
0.96875 0.909090909090909 1 1 0.68 0.481481481481481 0.91304347826087 0.892109500805153 2 1
0.90625 1 0.8125 1 0.86 0.912280701754386 0.790697674418605 0.902896776825785 1 1
0.96875 1 0.9375 1 0.85 0.912280701754386 0.767441860465116 0.892696858425133 2 1
1 1 1 1 0.76 0.825 0.716666666666667 0.883333333333333 1 1
1 1 1 1 0.84 0.975 0.75 0.94375 2 1
0.96875 1 0.944444444444444 1 0.82 0.719298245614035 0.953488372093023 0.916768665850673 1 1
1 1 1 1 0.83 0.754385964912281 0.930232558139535 0.915952672378621 2 1
0.90625 0.888888888888889 0.928571428571429 0.992063492063492 0.83 0.867924528301887 0.787234042553192 0.926134082697712 1 1
0.96875 0.944444444444444 1 1 0.85 0.867924528301887 0.829787234042553 0.926535527900442 2 1
0.84375 0.615384615384615 1 0.931174089068826 0.68 0.475409836065574 1 0.796973518284994 1 1
0.96875 0.923076923076923 1 1 0.79 0.721311475409836 0.897435897435897 0.923917612442203 2 1
0.90625 0.818181818181818 0.952380952380952 0.952380952380952 0.89 0.853658536585366 0.915254237288136 0.954113269946259 1 1
0.96875 0.909090909090909 1 0.991341991341991 0.87 0.707317073170732 0.983050847457627 0.948325754443985 2 1
0.96875 1 0.933333333333333 1 0.89 0.91304347826087 0.87037037037037 0.920692431561997 1 1
0.96875 1 0.933333333333333 1 0.85 0.826086956521739 0.87037037037037 0.930756843800322 2 1
1 1 1 1 0.78 0.72 0.84 0.8692 1 1
1 1 1 1 0.8 0.66 0.94 0.9144 2 1
0.84375 0.866666666666667 0.823529411764706 0.909803921568627 0.8 0.840909090909091 0.767857142857143 0.894886363636364 1 1
0.96875 0.933333333333333 1 0.992156862745098 0.83 0.795454545454545 0.857142857142857 0.905844155844156 2 1
0.9375 1 0.866666666666667 0.992156862745098 0.81 0.84 0.78 0.8928 1 1
0.96875 1 0.933333333333333 0.988235294117647 0.84 0.9 0.78 0.9108 2 1
0.96875 0.928571428571429 1 1 0.66 0.553571428571429 0.795454545454545 0.762987012987013 1 1
0.96875 0.928571428571429 1 1 0.69 0.571428571428571 0.840909090909091 0.873782467532468 2 1
1 1 1 1 0.8 0.711864406779661 0.926829268292683 0.899131872674659 1 1
1 1 1 1 0.76 0.745762711864407 0.780487804878049 0.831748656469615 2 1
0.9375 1 0.888888888888889 0.988095238095238 0.85 0.844444444444444 0.854545454545454 0.924040404040404 1 1
0.96875 1 0.944444444444444 1 0.89 0.866666666666667 0.909090909090909 0.925656565656566 2 1
1 1 1 1 0.8 0.921052631578947 0.725806451612903 0.933361629881154 1 1
0.96875 0.9375 1 1 0.78 0.921052631578947 0.693548387096774 0.911290322580645 2 1
0.96875 1 0.916666666666667 0.995833333333333 0.78 0.695652173913043 0.851851851851852 0.910628019323672 1 1
0.96875 1 0.916666666666667 1 0.82 0.804347826086957 0.833333333333333 0.88768115942029 2 1
0.90625 0.833333333333333 0.95 0.991666666666667 0.79 0.673469387755102 0.901960784313726 0.879151660664266 1 1
1 1 1 1 0.75 0.571428571428571 0.92156862745098 0.87875150060024 2 1
0.84375 0.882352941176471 0.8 0.96078431372549 0.89 0.954545454545455 0.839285714285714 0.958603896103896 1 1
0.875 0.941176470588235 0.8 0.968627450980392 0.89 0.886363636363636 0.892857142857143 0.947646103896104 2 1
0.78125 0.75 0.8125 0.91796875 0.81 0.735849056603774 0.893617021276596 0.855078281814532 1 1
0.9375 1 0.875 0.984375 0.8 0.679245283018868 0.936170212765957 0.86109995985548 2 1
0.9375 1 0.866666666666667 1 0.74 0.764705882352941 0.714285714285714 0.803521408563425 1 1
0.96875 1 0.933333333333333 1 0.74 0.803921568627451 0.673469387755102 0.830332132853141 2 1
0.96875 0.928571428571429 1 0.996031746031746 0.89 0.829787234042553 0.943396226415094 0.926134082697712 1 1
0.96875 1 0.944444444444444 0.992063492063492 0.91 0.872340425531915 0.943396226415094 0.92934564431955 2 1
0.84375 0.9 0.75 0.941666666666667 0.83 0.882352941176471 0.803030303030303 0.924688057040998 1 1
0.9375 1 0.833333333333333 1 0.66 0.970588235294118 0.5 0.923351158645276 2 1
0.8125 0.75 0.875 0.91015625 0.85 0.877551020408163 0.823529411764706 0.937575030012005 1 1
0.96875 0.9375 1 0.9765625 0.77 0.591836734693878 0.941176470588235 0.894757903161264 2 1
0.96875 0.933333333333333 1 0.956862745098039 0.93 0.936170212765957 0.924528301886792 0.969088719389803 1 1
1 1 1 1 0.9 0.957446808510638 0.849056603773585 0.974307507025291 2 1
0.875 0.933333333333333 0.823529411764706 0.972549019607843 0.82 0.886363636363636 0.767857142857143 0.917613636363636 1 1
0.96875 1 0.941176470588235 1 0.88 0.863636363636364 0.892857142857143 0.951704545454546 2 1
1 1 1 1 0.86 0.825 0.883333333333333 0.912916666666667 1 1
1 1 1 1 0.86 0.75 0.933333333333333 0.919166666666667 2 1
0.90625 0.857142857142857 0.944444444444444 0.968253968253968 0.86 0.714285714285714 1 0.955582232893157 1 1
1 1 1 1 0.87 0.775510204081633 0.96078431372549 0.961184473789516 2 1
0.9375 0.9375 0.9375 0.953125 0.83 0.822222222222222 0.836363636363636 0.904242424242424 1 1
0.96875 0.9375 1 0.99609375 0.82 0.866666666666667 0.781818181818182 0.925252525252525 2 1
0.875 1 0.636363636363636 0.935064935064935 0.79 0.966101694915254 0.536585365853659 0.919801570897065 1 1
0.96875 0.952380952380952 1 1 0.86 0.864406779661017 0.853658536585366 0.926415874328235 2 1
0.9375 0.941176470588235 0.933333333333333 0.937254901960784 0.84 0.788461538461538 0.895833333333333 0.909455128205128 1 1
0.9375 0.941176470588235 0.933333333333333 0.968627450980392 0.8 0.730769230769231 0.875 0.901842948717949 2 1
0.84375 0.888888888888889 0.785714285714286 0.944444444444444 0.76 0.854545454545454 0.644444444444444 0.844848484848485 1 1
0.90625 0.888888888888889 0.928571428571429 0.94047619047619 0.76 0.890909090909091 0.6 0.887676767676768 2 1
0.96875 1 0.928571428571429 0.964285714285714 0.75 0.654545454545455 0.866666666666667 0.857373737373737 1 1
0.96875 1 0.928571428571429 0.996031746031746 0.8 0.763636363636364 0.844444444444444 0.895353535353535 2 1
0.875 0.941176470588235 0.8 0.988235294117647 0.75 0.823529411764706 0.673469387755102 0.837935174069628 1 1
0.9375 0.941176470588235 0.933333333333333 0.992156862745098 0.78 0.803921568627451 0.755102040816326 0.860344137655062 2 1
1 1 1 1 0.86 0.836734693877551 0.882352941176471 0.935574229691877 1 1
0.96875 0.923076923076923 1 1 0.81 0.73469387755102 0.882352941176471 0.927571028411365 2 1
0.9375 0.75 1 0.994791666666667 0.79 0.705882352941177 0.877551020408163 0.867547018807523 1 1
0.9375 0.75 1 1 0.82 0.784313725490196 0.857142857142857 0.87234893957583 2 1
0.90625 1 0.8 1 0.75 0.857142857142857 0.672413793103448 0.908456486042693 1 1
1 1 1 1 0.83 0.833333333333333 0.827586206896552 0.92487684729064 2 1
0.90625 0.866666666666667 0.941176470588235 0.976470588235294 0.76 0.693877551020408 0.823529411764706 0.787114845938375 1 1
0.9375 0.866666666666667 1 0.996078431372549 0.77 0.693877551020408 0.843137254901961 0.803921568627451 2 1
0.875 0.769230769230769 0.947368421052632 0.94331983805668 0.88 0.791666666666667 0.961538461538462 0.942708333333333 1 1
1 1 1 1 0.82 0.854166666666667 0.788461538461538 0.915064102564103 2 1
0.84375 0.8 0.882352941176471 0.941176470588235 0.84 0.808510638297872 0.867924528301887 0.90766760337214 1 1
0.9375 0.933333333333333 0.941176470588235 0.992156862745098 0.84 0.723404255319149 0.943396226415094 0.916097952629466 2 1
0.9375 0.933333333333333 0.941176470588235 0.976470588235294 0.87 0.760869565217391 0.962962962962963 0.935990338164251 1 1
0.96875 1 0.941176470588235 0.992156862745098 0.85 0.804347826086957 0.888888888888889 0.964170692431562 2 1
0.96875 1 0.944444444444444 0.996031746031746 0.85 0.912280701754386 0.767441860465116 0.914728682170543 1 1
1 1 1 1 0.82 0.842105263157895 0.790697674418605 0.893512851897185 2 1
1 1 1 1 0.92 0.82051282051282 0.983606557377049 0.943673812526272 1 1
1 1 1 1 0.87 0.794871794871795 0.918032786885246 0.939890710382514 2 1
0.90625 0.947368421052632 0.846153846153846 0.955465587044534 0.85 0.931818181818182 0.785714285714286 0.931412337662338 1 1
0.90625 0.894736842105263 0.923076923076923 0.991902834008097 0.88 0.954545454545455 0.821428571428571 0.942775974025974 2 1
0.8125 0.8125 0.8125 0.91015625 0.81 0.760869565217391 0.851851851851852 0.873993558776167 1 1
0.9375 0.9375 0.9375 0.99609375 0.82 0.869565217391304 0.777777777777778 0.902576489533011 2 1
0.84375 0.928571428571429 0.777777777777778 0.912698412698413 0.78 0.759259259259259 0.804347826086957 0.853462157809984 1 1
0.875 0.928571428571429 0.833333333333333 0.98015873015873 0.77 0.87037037037037 0.652173913043478 0.886070853462158 2 1
0.96875 1 0.916666666666667 1 0.81 0.909090909090909 0.688888888888889 0.898181818181818 1 1
1 1 1 1 0.81 0.872727272727273 0.733333333333333 0.893333333333333 2 1
0.90625 0.923076923076923 0.894736842105263 0.963562753036437 0.83 0.68 0.98 0.9212 1 1
0.96875 1 0.947368421052632 0.995951417004049 0.78 0.62 0.94 0.8792 2 1
0.875 0.933333333333333 0.823529411764706 0.92156862745098 0.78 0.760869565217391 0.796296296296296 0.832528180354267 1 1
0.9375 1 0.882352941176471 0.980392156862745 0.82 0.717391304347826 0.907407407407407 0.91304347826087 2 1
0.90625 0.7 1 0.995454545454545 0.77 0.614035087719298 0.976744186046512 0.920440636474908 1 1
0.96875 0.9 1 1 0.76 0.631578947368421 0.930232558139535 0.878008975928192 2 1
0.96875 1 0.9375 0.97265625 0.86 0.74468085106383 0.962264150943396 0.957045363307908 1 1
1 1 1 1 0.84 0.702127659574468 0.962264150943396 0.926535527900442 2 1
0.9375 0.952380952380952 0.909090909090909 0.982683982683983 0.79 0.8125 0.769230769230769 0.895032051282051 1 1
1 1 1 1 0.85 0.9375 0.769230769230769 0.950320512820513 2 1
0.96875 0.941176470588235 1 0.996078431372549 0.85 0.865384615384615 0.833333333333333 0.937099358974359 1 1
0.96875 0.941176470588235 1 0.992156862745098 0.86 0.903846153846154 0.8125 0.936698717948718 2 1
0.84375 0.941176470588235 0.733333333333333 0.937254901960784 0.79 0.884615384615385 0.6875 0.886217948717949 1 1
0.9375 1 0.866666666666667 1 0.81 0.961538461538462 0.645833333333333 0.89823717948718 2 1
0.9375 0.928571428571429 0.944444444444444 0.968253968253968 0.84 0.722222222222222 0.978260869565217 0.94122383252818 1 1
0.96875 1 0.944444444444444 0.98015873015873 0.84 0.722222222222222 0.978260869565217 0.950885668276973 2 1
1 1 1 1 0.89 0.891304347826087 0.888888888888889 0.944444444444444 1 1
1 1 1 1 0.87 0.891304347826087 0.851851851851852 0.961352657004831 2 1
0.96875 0.933333333333333 1 0.96078431372549 0.82 0.785714285714286 0.863636363636364 0.94237012987013 1 1
0.9375 0.866666666666667 1 0.992156862745098 0.84 0.821428571428571 0.863636363636364 0.92288961038961 2 1
0.96875 1 0.956521739130435 1 0.83 0.736842105263158 0.953488372093023 0.924520603835169 1 1
1 1 1 1 0.72 0.543859649122807 0.953488372093023 0.905752753977968 2 1
0.9375 0.818181818181818 1 0.935064935064935 0.88 0.862068965517241 0.904761904761905 0.944170771756979 1 1
0.96875 0.909090909090909 1 1 0.86 0.844827586206897 0.880952380952381 0.933087027914614 2 1
0.9375 0.909090909090909 0.952380952380952 0.991341991341991 0.85 0.769230769230769 0.9375 0.935496794871795 1 1
0.96875 1 0.952380952380952 1 0.87 0.826923076923077 0.916666666666667 0.921073717948718 2 1
0.9375 0.944444444444444 0.928571428571429 0.996031746031746 0.86 0.82 0.9 0.896 1 1
1 1 1 1 0.87 0.94 0.8 0.9424 2 1
0.90625 0.928571428571429 0.888888888888889 0.988095238095238 0.84 0.842105263157895 0.837209302325581 0.91921664626683 1 1
0.96875 0.928571428571429 1 1 0.85 0.789473684210526 0.930232558139535 0.940840473276214 2 1
0.84375 0.785714285714286 0.888888888888889 0.928571428571429 0.86 0.872727272727273 0.844444444444444 0.922828282828283 1 1
0.9375 0.928571428571429 0.944444444444444 0.996031746031746 0.83 0.854545454545454 0.8 0.906262626262626 2 1
0.90625 1 0.75 0.929166666666667 0.74 0.98 0.5 0.9248 1 1
0.9375 1 0.833333333333333 0.983333333333333 0.81 0.94 0.68 0.9312 2 1
1 1 1 1 0.81 0.836734693877551 0.784313725490196 0.904761904761905 1 1
1 1 1 1 0.8 0.775510204081633 0.823529411764706 0.881952781112445 2 1
0.96875 0.9375 1 0.96875 0.82 0.811320754716981 0.829787234042553 0.900843034925733 1 1
0.96875 0.9375 1 1 0.88 0.830188679245283 0.936170212765957 0.920513849859494 2 1
1 1 1 1 0.81 0.736842105263158 0.906976744186046 0.90452876376989 1 1
1 1 1 1 0.81 0.719298245614035 0.930232558139535 0.900448796409629 2 1
0.96875 0.923076923076923 1 0.983805668016194 0.79 0.660714285714286 0.954545454545455 0.915584415584416 1 1
0.96875 0.923076923076923 1 0.991902834008097 0.85 0.767857142857143 0.954545454545455 0.919642857142857 2 1
1 1 1 1 0.88 0.827586206896552 0.952380952380952 0.917898193760263 1 1
1 1 1 1 0.84 0.793103448275862 0.904761904761905 0.917487684729064 2 1
0.625 0.95 0.0833333333333333 0.891666666666667 0.75 0.962962962962963 0.5 0.927536231884058 1 1
0.96875 1 0.916666666666667 1 0.84 0.888888888888889 0.782608695652174 0.909017713365539 2 1
0.9375 0.928571428571429 0.944444444444444 0.988095238095238 0.77 0.666666666666667 0.877551020408163 0.857142857142857 1 1
0.96875 0.928571428571429 1 1 0.81 0.666666666666667 0.959183673469388 0.930372148859544 2 1
0.90625 1 0.727272727272727 0.961038961038961 0.78 0.818181818181818 0.733333333333333 0.89050505050505 1 2
0.96875 1 0.909090909090909 1 0.78 0.727272727272727 0.844444444444444 0.861414141414141 2 2
0.90625 0.866666666666667 0.941176470588235 0.968627450980392 0.83 0.772727272727273 0.875 0.91599025974026 1 2
0.9375 0.933333333333333 0.941176470588235 0.996078431372549 0.83 0.681818181818182 0.946428571428571 0.947646103896104 2 2
0.875 1 0.764705882352941 0.933333333333333 0.81 0.872727272727273 0.733333333333333 0.89979797979798 1 2
0.96875 0.933333333333333 1 0.996078431372549 0.78 0.709090909090909 0.866666666666667 0.905050505050505 2 2
0.9375 0.846153846153846 1 1 0.87 0.75 0.980769230769231 0.879807692307692 1 2
0.9375 0.846153846153846 1 1 0.78 0.583333333333333 0.961538461538462 0.89863782051282 2 2
0.84375 0.875 0.8125 0.9453125 0.81 0.957446808510638 0.679245283018868 0.936571657968687 1 2
0.9375 0.875 1 1 0.86 0.851063829787234 0.867924528301887 0.935367322360498 2 2
0.90625 1 0.7 0.954545454545455 0.73 0.901960784313726 0.551020408163265 0.89155662264906 1 2
0.96875 1 0.9 0.995454545454545 0.75 0.92156862745098 0.571428571428571 0.916766706682673 2 2
0.875 0.75 0.95 0.9125 0.92 0.829268292682927 0.983050847457627 0.95824720959074 1 2
0.9375 0.916666666666667 0.95 0.9875 0.89 0.853658536585366 0.915254237288136 0.924762298470442 2 2
1 1 1 1 0.79 0.730769230769231 0.854166666666667 0.861778846153846 1 2
1 1 1 1 0.79 0.769230769230769 0.8125 0.903846153846154 2 2
0.96875 1 0.944444444444444 0.992063492063492 0.84 0.86046511627907 0.824561403508772 0.942064463484292 1 2
1 1 1 1 0.82 0.930232558139535 0.736842105263158 0.944920440636475 2 2
0.84375 0.9375 0.75 0.9609375 0.86 0.92 0.8 0.9364 1 2
0.96875 1 0.9375 1 0.87 0.86 0.88 0.9428 2 2
0.96875 1 0.941176470588235 0.992156862745098 0.82 0.722222222222222 0.934782608695652 0.920289855072464 1 2
0.96875 1 0.941176470588235 1 0.84 0.796296296296296 0.891304347826087 0.917471819645733 2 2
0.9375 1 0.857142857142857 1 0.79 0.901960784313726 0.673469387755102 0.923569427771108 1 2
1 1 1 1 0.9 0.901960784313726 0.897959183673469 0.956382553021208 2 2
0.96875 0.916666666666667 1 1 0.77 0.686274509803922 0.857142857142857 0.906362545018007 1 2
1 1 1 1 0.87 0.882352941176471 0.857142857142857 0.949179671868748 2 2
0.90625 0.888888888888889 0.928571428571429 0.984126984126984 0.81 0.818181818181818 0.803571428571429 0.894480519480519 1 2
0.9375 1 0.857142857142857 0.996031746031746 0.82 0.886363636363636 0.767857142857143 0.859577922077922 2 2
0.875 0.947368421052632 0.769230769230769 0.97165991902834 0.68 0.739130434782609 0.62962962962963 0.801932367149758 1 2
0.9375 1 0.846153846153846 0.979757085020243 0.73 0.760869565217391 0.703703703703704 0.836553945249597 2 2
0.9375 1 0.888888888888889 0.972222222222222 0.9 0.822222222222222 0.963636363636364 0.953939393939394 1 2
0.90625 0.928571428571429 0.888888888888889 0.984126984126984 0.85 0.733333333333333 0.945454545454545 0.957171717171717 2 2
0.9375 0.882352941176471 1 0.937254901960784 0.87 0.934782608695652 0.814814814814815 0.949677938808374 1 2
1 1 1 1 0.84 0.891304347826087 0.796296296296296 0.923510466988728 2 2
1 1 1 1 0.78 0.910714285714286 0.613636363636364 0.905032467532468 1 2
1 1 1 1 0.83 0.928571428571429 0.704545454545455 0.914772727272727 2 2
0.90625 0.9375 0.875 0.98828125 0.88 0.780487804878049 0.949152542372881 0.940057875155023 1 2
0.96875 0.9375 1 1 0.81 0.609756097560976 0.949152542372881 0.916907813145928 2 2
0.6875 0.307692307692308 0.947368421052632 0.923076923076923 0.74 0.557692307692308 0.9375 0.831330128205128 1 2
0.90625 0.846153846153846 0.947368421052632 0.97165991902834 0.78 0.634615384615385 0.9375 0.89823717948718 2 2
0.90625 0.9375 0.875 0.9765625 0.83 0.896551724137931 0.738095238095238 0.896141215106732 1 2
0.96875 1 0.9375 0.99609375 0.86 0.896551724137931 0.80952380952381 0.885467980295567 2 2
0.875 0.866666666666667 0.882352941176471 0.937254901960784 0.81 0.702127659574468 0.905660377358491 0.86029706945002 1 2
0.9375 0.933333333333333 0.941176470588235 0.980392156862745 0.81 0.829787234042553 0.792452830188679 0.899638699317543 2 2
0.90625 1 0.75 0.975 0.76 0.928571428571429 0.545454545454545 0.898538961038961 1 2
0.96875 1 0.916666666666667 0.991666666666667 0.8 0.875 0.704545454545455 0.879058441558442 2 2
1 1 1 1 0.8 0.68 0.92 0.9052 1 2
1 1 1 1 0.82 0.74 0.9 0.8876 2 2
0.90625 1 0.785714285714286 0.968253968253968 0.78 0.978260869565217 0.611111111111111 0.925523349436393 1 2
0.9375 1 0.857142857142857 1 0.75 0.934782608695652 0.592592592592593 0.904991948470209 2 2
0.96875 0.9375 1 0.9765625 0.87 0.909090909090909 0.822222222222222 0.957979797979798 1 2
1 1 1 1 0.9 0.872727272727273 0.933333333333333 0.956363636363636 2 2
0.96875 1 0.9375 0.99609375 0.73 0.666666666666667 0.795918367346939 0.843937575030012 1 2
0.96875 1 0.9375 0.9921875 0.82 0.803921568627451 0.836734693877551 0.913565426170468 2 2
0.84375 1 0.615384615384615 0.979757085020243 0.81 0.924528301886792 0.680851063829787 0.921718185467684 1 2
0.9375 0.947368421052632 0.923076923076923 0.995951417004049 0.81 0.905660377358491 0.702127659574468 0.910879164993978 2 2
0.9375 0.923076923076923 0.947368421052632 0.991902834008097 0.83 0.692307692307692 0.979166666666667 0.89823717948718 1 2
0.96875 1 0.947368421052632 0.995951417004049 0.77 0.596153846153846 0.958333333333333 0.935096153846154 2 2
0.84375 0.875 0.8125 0.94921875 0.82 0.666666666666667 0.961538461538462 0.895032051282051 1 2
0.875 0.9375 0.8125 0.9765625 0.78 0.604166666666667 0.942307692307692 0.869391025641026 2 2
0.875 0.727272727272727 0.952380952380952 0.982683982683983 0.77 0.611111111111111 0.956521739130435 0.93317230273752 1 2
0.96875 0.909090909090909 1 1 0.67 0.462962962962963 0.91304347826087 0.914251207729469 2 2
0.90625 1 0.8125 0.984375 0.84 0.894736842105263 0.767441860465116 0.888616891064871 1 2
0.9375 1 0.875 1 0.82 0.842105263157895 0.790697674418605 0.902488780089759 2 2
1 1 1 1 0.79 0.825 0.766666666666667 0.889583333333333 1 2
1 1 1 1 0.87 0.975 0.8 0.948333333333333 2 2
0.96875 1 0.944444444444444 1 0.84 0.754385964912281 0.953488372093023 0.915136678906569 1 2
1 1 1 1 0.83 0.736842105263158 0.953488372093023 0.92125662994696 2 2
0.90625 0.888888888888889 0.928571428571429 0.992063492063492 0.83 0.867924528301887 0.787234042553192 0.937374548374147 1 2
1 1 1 1 0.85 0.924528301886792 0.765957446808511 0.93014853472501 2 2
0.8125 0.615384615384615 0.947368421052632 0.927125506072874 0.65 0.475409836065574 0.923076923076923 0.805800756620429 1 2
0.96875 0.923076923076923 1 1 0.74 0.639344262295082 0.897435897435897 0.896595208070618 2 2
0.90625 0.818181818181818 0.952380952380952 0.952380952380952 0.89 0.853658536585366 0.915254237288136 0.954526663910707 1 2
0.96875 0.909090909090909 1 0.991341991341991 0.88 0.707317073170732 1 0.952046300124018 2 2
0.96875 1 0.933333333333333 1 0.89 0.91304347826087 0.87037037037037 0.927536231884058 1 2
0.96875 1 0.933333333333333 1 0.87 0.826086956521739 0.907407407407407 0.933574879227053 2 2
1 1 1 1 0.77 0.66 0.88 0.8848 1 2
1 1 1 1 0.79 0.64 0.94 0.9152 2 2
0.875 0.866666666666667 0.882352941176471 0.917647058823529 0.84 0.863636363636364 0.821428571428571 0.903003246753247 1 2
0.96875 0.933333333333333 1 0.992156862745098 0.82 0.772727272727273 0.857142857142857 0.903814935064935 2 2
0.9375 1 0.866666666666667 0.984313725490196 0.82 0.78 0.86 0.8984 1 2
0.96875 1 0.933333333333333 0.988235294117647 0.82 0.8 0.84 0.9196 2 2
0.96875 0.928571428571429 1 1 0.7 0.607142857142857 0.818181818181818 0.778409090909091 1 2
0.96875 0.928571428571429 1 1 0.71 0.589285714285714 0.863636363636364 0.872970779220779 2 2
1 1 1 1 0.82 0.745762711864407 0.926829268292683 0.907399751963621 1 2
1 1 1 1 0.79 0.779661016949153 0.804878048780488 0.835055808185201 2 2
0.90625 1 0.833333333333333 0.992063492063492 0.86 0.888888888888889 0.836363636363636 0.927676767676768 1 2
0.96875 1 0.944444444444444 0.996031746031746 0.88 0.866666666666667 0.890909090909091 0.917575757575758 2 2
1 1 1 1 0.79 0.921052631578947 0.709677419354839 0.948217317487267 1 2
0.96875 0.9375 1 1 0.81 0.921052631578947 0.741935483870968 0.925297113752122 2 2
0.9375 0.95 0.916666666666667 0.995833333333333 0.79 0.717391304347826 0.851851851851852 0.916264090177134 1 2
0.96875 1 0.916666666666667 0.995833333333333 0.82 0.804347826086957 0.833333333333333 0.888083735909823 2 2
0.90625 0.833333333333333 0.95 0.991666666666667 0.78 0.673469387755102 0.882352941176471 0.870748299319728 1 2
1 1 1 1 0.74 0.551020408163265 0.92156862745098 0.885554221688675 2 2
0.84375 0.882352941176471 0.8 0.952941176470588 0.88 0.954545454545455 0.821428571428571 0.959415584415584 1 2
0.875 0.941176470588235 0.8 0.972549019607843 0.88 0.886363636363636 0.875 0.942775974025974 2 2
0.75 0.6875 0.8125 0.921875 0.79 0.69811320754717 0.893617021276596 0.85949417904456 1 2
0.9375 1 0.875 0.984375 0.81 0.69811320754717 0.936170212765957 0.869931754315536 2 2
0.90625 1 0.8 1 0.7 0.764705882352941 0.63265306122449 0.808323329331733 1 2
0.96875 1 0.933333333333333 1 0.7 0.764705882352941 0.63265306122449 0.821928771508603 2 2
0.9375 0.857142857142857 1 0.996031746031746 0.86 0.765957446808511 0.943396226415094 0.919710959454034 1 2
0.96875 1 0.944444444444444 1 0.87 0.829787234042553 0.905660377358491 0.917302288237656 2 2
0.875 0.95 0.75 0.941666666666667 0.88 0.970588235294118 0.833333333333333 0.945187165775401 1 2
0.9375 1 0.833333333333333 1 0.67 0.970588235294118 0.515151515151515 0.944741532976827 2 2
0.84375 0.875 0.8125 0.91796875 0.81 0.775510204081633 0.843137254901961 0.926770708283313 1 2
0.96875 0.9375 1 0.98046875 0.75 0.571428571428571 0.92156862745098 0.866746698679472 2 2
0.9375 0.866666666666667 1 0.956862745098039 0.92 0.936170212765957 0.905660377358491 0.966278602970695 1 2
1 1 1 1 0.9 0.936170212765957 0.867924528301887 0.972300281011642 2 2
0.90625 1 0.823529411764706 0.972549019607843 0.84 0.909090909090909 0.785714285714286 0.914772727272727 1 2
1 1 1 1 0.91 0.931818181818182 0.892857142857143 0.953327922077922 2 2
1 1 1 1 0.86 0.825 0.883333333333333 0.910416666666667 1 2
1 1 1 1 0.87 0.775 0.933333333333333 0.91625 2 2
0.90625 0.857142857142857 0.944444444444444 0.968253968253968 0.85 0.714285714285714 0.980392156862745 0.955582232893157 1 2
1 1 1 1 0.86 0.755102040816326 0.96078431372549 0.962384953981593 2 2
0.9375 0.9375 0.9375 0.953125 0.81 0.8 0.818181818181818 0.901414141414141 1 2
0.96875 0.9375 1 0.99609375 0.85 0.911111111111111 0.8 0.931313131313131 2 2
0.875 1 0.636363636363636 0.935064935064935 0.81 0.949152542372881 0.609756097560976 0.915254237288136 1 2
1 1 1 1 0.88 0.88135593220339 0.878048780487805 0.92972302604382 2 2
0.875 0.941176470588235 0.8 0.949019607843137 0.86 0.865384615384615 0.854166666666667 0.923878205128205 1 2
0.9375 0.941176470588235 0.933333333333333 0.96078431372549 0.81 0.75 0.875 0.909455128205128 2 2
0.84375 0.888888888888889 0.785714285714286 0.94047619047619 0.77 0.836363636363636 0.688888888888889 0.854545454545454 1 2
0.90625 0.888888888888889 0.928571428571429 0.94047619047619 0.77 0.872727272727273 0.644444444444444 0.896969696969697 2 2
0.96875 1 0.928571428571429 0.964285714285714 0.74 0.636363636363636 0.866666666666667 0.871515151515151 1 2
0.96875 1 0.928571428571429 0.996031746031746 0.79 0.763636363636364 0.822222222222222 0.89979797979798 2 2
0.875 0.941176470588235 0.8 0.972549019607843 0.83 0.882352941176471 0.775510204081633 0.915966386554622 1 2
0.9375 0.941176470588235 0.933333333333333 0.992156862745098 0.77 0.823529411764706 0.714285714285714 0.871148459383754 2 2
1 1 1 1 0.85 0.816326530612245 0.882352941176471 0.937575030012005 1 2
0.96875 0.923076923076923 1 1 0.79 0.673469387755102 0.901960784313726 0.92436974789916 2 2
0.9375 0.75 1 0.994791666666667 0.78 0.745098039215686 0.816326530612245 0.8687474989996 1 2
0.9375 0.75 1 1 0.8 0.745098039215686 0.857142857142857 0.867146858743497 2 2
0.96875 1 0.933333333333333 1 0.78 0.833333333333333 0.741379310344828 0.917898193760263 1 2
1 1 1 1 0.86 0.880952380952381 0.844827586206897 0.934729064039409 2 2
0.9375 0.866666666666667 1 0.980392156862745 0.75 0.673469387755102 0.823529411764706 0.788315326130452 1 2
0.9375 0.866666666666667 1 0.984313725490196 0.76 0.673469387755102 0.843137254901961 0.822328931572629 2 2
0.875 0.769230769230769 0.947368421052632 0.935222672064777 0.89 0.8125 0.961538461538462 0.943910256410256 1 2
1 1 1 1 0.81 0.875 0.75 0.911057692307692 2 2
0.84375 0.8 0.882352941176471 0.941176470588235 0.84 0.808510638297872 0.867924528301887 0.913689281413087 1 2
0.96875 1 0.941176470588235 0.992156862745098 0.86 0.74468085106383 0.962264150943396 0.918506623845845 2 2
0.9375 0.933333333333333 0.941176470588235 0.980392156862745 0.86 0.760869565217391 0.944444444444444 0.936795491143317 1 2
0.96875 1 0.941176470588235 0.992156862745098 0.87 0.804347826086957 0.925925925925926 0.962157809983897 2 2
0.96875 1 0.944444444444444 0.972222222222222 0.65 0.508771929824561 0.837209302325581 0.775601795185639 1 2
1 1 1 1 0.62 0.473684210526316 0.813953488372093 0.74296205630355 2 2
1 1 1 1 0.88 0.769230769230769 0.950819672131147 0.938209331651955 1 2
1 1 1 1 0.86 0.769230769230769 0.918032786885246 0.922236233711644 2 2
0.90625 0.947368421052632 0.846153846153846 0.959514170040486 0.83 0.886363636363636 0.785714285714286 0.935876623376623 1 2
0.9375 0.947368421052632 0.923076923076923 0.991902834008097 0.83 0.886363636363636 0.785714285714286 0.938311688311688 2 2
0.84375 0.8125 0.875 0.91796875 0.79 0.717391304347826 0.851851851851852 0.851449275362319 1 2
1 1 1 1 0.79 0.826086956521739 0.759259259259259 0.89170692431562 2 2
0.84375 0.928571428571429 0.777777777777778 0.912698412698413 0.82 0.740740740740741 0.91304347826087 0.86634460547504 1 2
0.90625 0.928571428571429 0.888888888888889 0.984126984126984 0.78 0.907407407407407 0.630434782608696 0.894927536231884 2 2
0.96875 1 0.916666666666667 1 0.82 0.927272727272727 0.688888888888889 0.894949494949495 1 2
1 1 1 1 0.8 0.872727272727273 0.711111111111111 0.898181818181818 2 2
0.90625 0.923076923076923 0.894736842105263 0.967611336032389 0.82 0.66 0.98 0.9244 1 2
0.96875 1 0.947368421052632 1 0.78 0.62 0.94 0.882 2 2
0.875 0.933333333333333 0.823529411764706 0.92156862745098 0.73 0.760869565217391 0.703703703703704 0.831723027375201 1 2
0.9375 1 0.882352941176471 0.980392156862745 0.79 0.739130434782609 0.833333333333333 0.901771336553945 2 2
0.90625 0.7 1 0.972727272727273 0.79 0.649122807017544 0.976744186046512 0.933088535291718 1 2
0.96875 0.9 1 1 0.72 0.543859649122807 0.953488372093023 0.886576907384741 2 2
0.96875 1 0.9375 0.97265625 0.89 0.808510638297872 0.962264150943396 0.955038137294259 1 2
1 1 1 1 0.85 0.723404255319149 0.962264150943396 0.93095142513047 2 2
0.9375 0.952380952380952 0.909090909090909 0.982683982683983 0.82 0.833333333333333 0.807692307692308 0.889823717948718 1 2
1 1 1 1 0.89 0.9375 0.846153846153846 0.953926282051282 2 2
0.9375 0.941176470588235 0.933333333333333 0.972549019607843 0.82 0.846153846153846 0.791666666666667 0.895833333333333 1 2
0.9375 0.941176470588235 0.933333333333333 0.996078431372549 0.81 0.807692307692308 0.8125 0.917067307692308 2 2
0.84375 0.941176470588235 0.733333333333333 0.937254901960784 0.79 0.865384615384615 0.708333333333333 0.890625 1 2
0.96875 1 0.933333333333333 1 0.79 0.942307692307692 0.625 0.889823717948718 2 2
0.9375 0.928571428571429 0.944444444444444 0.96031746031746 0.81 0.685185185185185 0.956521739130435 0.931561996779388 1 2
0.96875 1 0.944444444444444 0.98015873015873 0.85 0.722222222222222 1 0.949677938808374 2 2
1 1 1 1 0.87 0.869565217391304 0.87037037037037 0.933977455716586 1 2
1 1 1 1 0.85 0.869565217391304 0.833333333333333 0.944444444444444 2 2
0.96875 0.933333333333333 1 0.96078431372549 0.81 0.767857142857143 0.863636363636364 0.941558441558442 1 2
0.9375 0.866666666666667 1 0.992156862745098 0.84 0.821428571428571 0.863636363636364 0.915584415584416 2 2
0.96875 1 0.956521739130435 1 0.8 0.684210526315789 0.953488372093023 0.934720522235822 1 2
1 1 1 1 0.72 0.526315789473684 0.976744186046512 0.922480620155039 2 2
0.84375 0.545454545454545 1 0.909090909090909 0.85 0.775862068965517 0.952380952380952 0.951559934318555 1 2
0.9375 0.818181818181818 1 1 0.86 0.827586206896552 0.904761904761905 0.93431855500821 2 2
0.9375 0.909090909090909 0.952380952380952 0.995670995670996 0.87 0.788461538461538 0.958333333333333 0.94511217948718 1 2
0.96875 1 0.952380952380952 1 0.88 0.846153846153846 0.916666666666667 0.927483974358974 2 2
0.9375 0.944444444444444 0.928571428571429 0.996031746031746 0.84 0.8 0.88 0.8936 1 2
1 1 1 1 0.87 0.94 0.8 0.9424 2 2
0.90625 0.928571428571429 0.888888888888889 0.988095238095238 0.66 0.543859649122807 0.813953488372093 0.798449612403101 1 2
0.96875 0.928571428571429 1 1 0.67 0.526315789473684 0.86046511627907 0.779273765809874 2 2
0.78125 0.785714285714286 0.777777777777778 0.920634920634921 0.87 0.890909090909091 0.844444444444444 0.915555555555556 1 2
0.9375 0.928571428571429 0.944444444444444 0.996031746031746 0.83 0.818181818181818 0.844444444444444 0.907070707070707 2 2
0.90625 1 0.75 0.941666666666667 0.75 0.96 0.54 0.9344 1 2
0.9375 1 0.833333333333333 0.991666666666667 0.82 0.98 0.66 0.9412 2 2
1 1 1 1 0.8 0.836734693877551 0.764705882352941 0.907563025210084 1 2
1 1 1 1 0.79 0.755102040816326 0.823529411764706 0.872749099639856 2 2
0.96875 0.9375 1 0.96875 0.8 0.754716981132076 0.851063829787234 0.885588117221999 1 2
0.96875 0.9375 1 1 0.88 0.830188679245283 0.936170212765957 0.935768767563228 2 2
1 1 1 1 0.8 0.771929824561403 0.837209302325581 0.891064871481028 1 2
1 1 1 1 0.78 0.684210526315789 0.906976744186046 0.903304773561811 2 2
0.96875 0.923076923076923 1 0.979757085020243 0.81 0.696428571428571 0.954545454545455 0.92086038961039 1 2
0.96875 0.923076923076923 1 1 0.86 0.785714285714286 0.954545454545455 0.92288961038961 2 2
1 1 1 1 0.87 0.810344827586207 0.952380952380952 0.91256157635468 1 2
1 1 1 1 0.84 0.775862068965517 0.928571428571429 0.912972085385878 2 2
0.625 1 0 0.883333333333333 0.54 1 0 0.942028985507246 1 2
0.9375 1 0.833333333333333 0.983333333333333 0.78 0.907407407407407 0.630434782608696 0.882045088566828 2 2
0.9375 0.928571428571429 0.944444444444444 0.98015873015873 0.78 0.686274509803922 0.877551020408163 0.856742697078832 1 2
0.96875 0.928571428571429 1 1 0.79 0.607843137254902 0.979591836734694 0.938375350140056 2 2
0.90625 1 0.727272727272727 0.961038961038961 0.78 0.872727272727273 0.666666666666667 0.907070707070707 1 3
0.96875 1 0.909090909090909 1 0.8 0.745454545454545 0.866666666666667 0.872323232323232 2 3
0.90625 0.866666666666667 0.941176470588235 0.964705882352941 0.85 0.795454545454545 0.892857142857143 0.914366883116883 1 3
0.96875 0.933333333333333 1 0.992156862745098 0.81 0.659090909090909 0.928571428571429 0.942775974025974 2 3
0.90625 1 0.823529411764706 0.945098039215686 0.81 0.890909090909091 0.711111111111111 0.901414141414141 1 3
0.96875 0.933333333333333 1 0.996078431372549 0.79 0.690909090909091 0.911111111111111 0.908282828282828 2 3
0.9375 0.846153846153846 1 0.995951417004049 0.82 0.708333333333333 0.923076923076923 0.854166666666667 1 3
0.9375 0.846153846153846 1 1 0.77 0.5625 0.961538461538462 0.893028846153846 2 3
0.875 0.875 0.875 0.92578125 0.8 0.957446808510638 0.660377358490566 0.936170212765957 1 3
0.96875 0.9375 1 1 0.84 0.829787234042553 0.849056603773585 0.932958651144119 2 3
0.90625 1 0.7 0.95 0.76 0.901960784313726 0.612244897959184 0.900760304121649 1 3
0.96875 1 0.9 0.995454545454545 0.78 0.941176470588235 0.612244897959184 0.906362545018007 2 3
0.875 0.75 0.95 0.904166666666667 0.91 0.829268292682927 0.966101694915254 0.953286482017363 1 3
0.9375 0.916666666666667 0.95 0.991666666666667 0.85 0.75609756097561 0.915254237288136 0.911533691608102 2 3
1 1 1 1 0.78 0.75 0.8125 0.854567307692308 1 3
1 1 1 1 0.76 0.692307692307692 0.833333333333333 0.850160256410256 2 3
0.9375 0.928571428571429 0.944444444444444 0.988095238095238 0.82 0.813953488372093 0.824561403508772 0.914728682170543 1 3
1 1 1 1 0.83 0.906976744186046 0.771929824561403 0.9265605875153 2 3
0.84375 0.9375 0.75 0.9609375 0.87 0.92 0.82 0.9308 1 3
0.96875 1 0.9375 1 0.86 0.82 0.9 0.9352 2 3
0.96875 1 0.941176470588235 0.996078431372549 0.85 0.759259259259259 0.956521739130435 0.922705314009662 1 3
0.96875 1 0.941176470588235 1 0.87 0.851851851851852 0.891304347826087 0.929549114331723 2 3
0.9375 1 0.857142857142857 1 0.83 0.901960784313726 0.755102040816326 0.90796318527411 1 3
1 1 1 1 0.89 0.862745098039216 0.918367346938776 0.942376950780312 2 3
0.96875 0.916666666666667 1 1 0.79 0.725490196078431 0.857142857142857 0.896358543417367 1 3
1 1 1 1 0.87 0.882352941176471 0.857142857142857 0.952380952380952 2 3
0.90625 0.888888888888889 0.928571428571429 0.992063492063492 0.83 0.863636363636364 0.803571428571429 0.902191558441558 1 3
0.9375 1 0.857142857142857 1 0.8 0.840909090909091 0.767857142857143 0.872159090909091 2 3
0.875 0.947368421052632 0.769230769230769 0.97165991902834 0.67 0.673913043478261 0.666666666666667 0.785024154589372 1 3
0.9375 1 0.846153846153846 0.979757085020243 0.74 0.804347826086957 0.685185185185185 0.834943639291465 2 3
0.9375 1 0.888888888888889 0.996031746031746 0.9 0.822222222222222 0.963636363636364 0.949090909090909 1 3
0.9375 1 0.888888888888889 0.988095238095238 0.86 0.733333333333333 0.963636363636364 0.953535353535354 2 3
0.9375 0.882352941176471 1 0.929411764705882 0.86 0.91304347826087 0.814814814814815 0.951690821256039 1 3
1 1 1 1 0.86 0.91304347826087 0.814814814814815 0.92512077294686 2 3
0.96875 0.95 1 1 0.75 0.910714285714286 0.545454545454545 0.898538961038961 1 3
1 1 1 1 0.83 0.928571428571429 0.704545454545455 0.906655844155844 2 3
0.90625 0.9375 0.875 0.98828125 0.86 0.707317073170732 0.966101694915254 0.929309632079372 1 3
0.96875 0.9375 1 1 0.79 0.536585365853659 0.966101694915254 0.906572964034725 2 3
0.84375 0.769230769230769 0.894736842105263 0.906882591093117 0.78 0.653846153846154 0.916666666666667 0.842548076923077 1 3
0.875 0.846153846153846 0.894736842105263 0.97165991902834 0.76 0.596153846153846 0.9375 0.89863782051282 2 3
0.90625 0.9375 0.875 0.9765625 0.81 0.862068965517241 0.738095238095238 0.894909688013136 1 3
0.96875 1 0.9375 0.99609375 0.84 0.862068965517241 0.80952380952381 0.871510673234811 2 3
0.875 0.866666666666667 0.882352941176471 0.941176470588235 0.81 0.702127659574468 0.905660377358491 0.874347651545564 1 3
0.9375 0.933333333333333 0.941176470588235 0.980392156862745 0.78 0.787234042553192 0.773584905660377 0.896427137695704 2 3
0.875 1 0.666666666666667 0.970833333333333 0.76 0.910714285714286 0.568181818181818 0.882711038961039 1 3
0.96875 1 0.916666666666667 0.991666666666667 0.79 0.857142857142857 0.704545454545455 0.876623376623377 2 3
1 1 1 1 0.75 0.58 0.92 0.8592 1 3
1 1 1 1 0.73 0.58 0.88 0.8568 2 3
0.8125 0.888888888888889 0.714285714285714 0.968253968253968 0.82 0.978260869565217 0.685185185185185 0.922302737520129 1 3
0.96875 1 0.928571428571429 1 0.76 0.956521739130435 0.592592592592593 0.920692431561997 2 3
0.9375 0.875 1 1 0.85 0.890909090909091 0.8 0.960808080808081 1 3
1 1 1 1 0.91 0.890909090909091 0.933333333333333 0.956363636363636 2 3
0.96875 1 0.9375 0.99609375 0.7 0.627450980392157 0.775510204081633 0.843937575030012 1 3
0.96875 1 0.9375 0.9921875 0.81 0.803921568627451 0.816326530612245 0.911964785914366 2 3
0.875 1 0.692307692307692 0.983805668016194 0.82 0.924528301886792 0.702127659574468 0.919710959454035 1 3
0.9375 0.947368421052632 0.923076923076923 0.995951417004049 0.8 0.924528301886792 0.659574468085106 0.911280610196708 2 3
0.9375 1 0.894736842105263 1 0.81 0.673076923076923 0.958333333333333 0.897435897435897 1 3
0.9375 0.923076923076923 0.947368421052632 0.995951417004049 0.76 0.576923076923077 0.958333333333333 0.933092948717949 2 3
0.875 0.9375 0.8125 0.94921875 0.8 0.645833333333333 0.942307692307692 0.892227564102564 1 3
0.90625 1 0.8125 0.98046875 0.76 0.5625 0.942307692307692 0.857772435897436 2 3
0.9375 0.818181818181818 1 0.965367965367965 0.71 0.5 0.956521739130435 0.909420289855073 1 3
1 1 1 1 0.68 0.481481481481481 0.91304347826087 0.902576489533011 2 3
0.9375 1 0.875 0.98828125 0.83 0.87719298245614 0.767441860465116 0.876784985720114 1 3
0.96875 1 0.9375 1 0.85 0.87719298245614 0.813953488372093 0.886984904120767 2 3
1 1 1 1 0.79 0.875 0.733333333333333 0.882083333333333 1 3
1 1 1 1 0.83 0.975 0.733333333333333 0.946666666666667 2 3
0.96875 1 0.944444444444444 1 0.84 0.754385964912281 0.953488372093023 0.930640554875561 1 3
1 1 1 1 0.84 0.754385964912281 0.953488372093023 0.904120767033864 2 3
0.90625 0.888888888888889 0.928571428571429 0.984126984126984 0.81 0.886792452830189 0.723404255319149 0.925732637494982 1 3
1 1 1 1 0.85 0.905660377358491 0.787234042553192 0.932557205941389 2 3
0.8125 0.615384615384615 0.947368421052632 0.919028340080972 0.65 0.459016393442623 0.948717948717949 0.799075241698193 1 3
0.96875 0.923076923076923 1 0.995951417004049 0.74 0.622950819672131 0.923076923076923 0.884405212274065 2 3
0.90625 0.818181818181818 0.952380952380952 0.952380952380952 0.89 0.829268292682927 0.932203389830508 0.945845390657296 1 3
0.96875 0.909090909090909 1 0.991341991341991 0.9 0.780487804878049 0.983050847457627 0.952459694088466 2 3
1 1 1 1 0.86 0.826086956521739 0.888888888888889 0.921497584541063 1 3
1 1 1 1 0.85 0.826086956521739 0.87037037037037 0.924718196457327 2 3
1 1 1 1 0.75 0.7 0.8 0.852 1 3
1 1 1 1 0.81 0.68 0.94 0.9012 2 3
0.84375 0.866666666666667 0.823529411764706 0.913725490196078 0.81 0.863636363636364 0.767857142857143 0.885957792207792 1 3
1 1 1 1 0.82 0.772727272727273 0.857142857142857 0.882305194805195 2 3
0.96875 1 0.933333333333333 0.972549019607843 0.75 0.76 0.74 0.8536 1 3
0.96875 1 0.933333333333333 0.988235294117647 0.81 0.8 0.82 0.9024 2 3
0.96875 0.928571428571429 1 1 0.73 0.642857142857143 0.840909090909091 0.767857142857143 1 3
0.96875 0.928571428571429 1 1 0.71 0.571428571428571 0.886363636363636 0.864448051948052 2 3
1 1 1 1 0.79 0.711864406779661 0.902439024390244 0.899958660603555 1 3
1 1 1 1 0.76 0.745762711864407 0.780487804878049 0.828854898718479 2 3
0.875 0.928571428571429 0.833333333333333 0.98015873015873 0.84 0.822222222222222 0.854545454545454 0.898181818181818 1 3
0.96875 1 0.944444444444444 1 0.86 0.8 0.909090909090909 0.918787878787879 2 3
0.96875 0.9375 1 1 0.79 0.842105263157895 0.758064516129032 0.892190152801358 1 3
0.96875 0.9375 1 1 0.79 0.842105263157895 0.758064516129032 0.90365025466893 2 3
0.96875 1 0.916666666666667 0.995833333333333 0.77 0.695652173913043 0.833333333333333 0.892109500805153 1 3
0.9375 0.95 0.916666666666667 0.995833333333333 0.78 0.739130434782609 0.814814814814815 0.875201288244767 2 3
0.9375 0.916666666666667 0.95 0.991666666666667 0.78 0.653061224489796 0.901960784313726 0.875550220088035 1 3
0.96875 0.916666666666667 1 1 0.75 0.571428571428571 0.92156862745098 0.88875550220088 2 3
0.84375 0.882352941176471 0.8 0.956862745098039 0.9 0.954545454545455 0.857142857142857 0.958198051948052 1 3
0.875 0.941176470588235 0.8 0.968627450980392 0.85 0.863636363636364 0.839285714285714 0.947646103896104 2 3
0.84375 0.8125 0.875 0.9296875 0.77 0.660377358490566 0.893617021276596 0.829787234042553 1 3
0.9375 1 0.875 0.98828125 0.76 0.60377358490566 0.936170212765957 0.853472501003613 2 3
0.96875 1 0.933333333333333 1 0.7 0.705882352941177 0.693877551020408 0.812725090036014 1 3
0.96875 1 0.933333333333333 1 0.7 0.764705882352941 0.63265306122449 0.810724289715886 2 3
0.96875 0.928571428571429 1 1 0.89 0.808510638297872 0.962264150943396 0.912083500602168 1 3
1 1 1 1 0.87 0.808510638297872 0.924528301886792 0.920513849859494 2 3
0.90625 0.95 0.833333333333333 0.945833333333333 0.82 0.823529411764706 0.818181818181818 0.918894830659537 1 3
0.9375 1 0.833333333333333 1 0.69 0.970588235294118 0.545454545454545 0.933155080213904 2 3
0.84375 0.875 0.8125 0.91015625 0.83 0.857142857142857 0.803921568627451 0.939175670268107 1 3
0.96875 0.9375 1 0.98046875 0.79 0.63265306122449 0.941176470588235 0.867547018807523 2 3
0.9375 0.866666666666667 1 0.952941176470588 0.92 0.914893617021277 0.924528301886792 0.969490164592533 1 3
1 1 1 1 0.91 0.957446808510638 0.867924528301887 0.97591328783621 2 3
0.875 1 0.764705882352941 0.976470588235294 0.83 0.863636363636364 0.803571428571429 0.916396103896104 1 3
1 1 1 1 0.84 0.772727272727273 0.892857142857143 0.936282467532468 2 3
1 1 1 1 0.86 0.825 0.883333333333333 0.9 1 3
1 1 1 1 0.85 0.725 0.933333333333333 0.92 2 3
0.90625 0.857142857142857 0.944444444444444 0.964285714285714 0.82 0.63265306122449 1 0.923969587835134 1 3
1 1 1 1 0.86 0.73469387755102 0.980392156862745 0.95718287314926 2 3
0.90625 0.875 0.9375 0.94921875 0.81 0.777777777777778 0.836363636363636 0.897777777777778 1 3
0.9375 0.875 1 1 0.81 0.866666666666667 0.763636363636364 0.92 2 3
0.875 1 0.636363636363636 0.948051948051948 0.79 0.915254237288136 0.609756097560976 0.901612236461348 1 3
0.96875 0.952380952380952 1 1 0.87 0.88135593220339 0.853658536585366 0.930549813972716 2 3
0.90625 0.941176470588235 0.866666666666667 0.945098039215686 0.84 0.826923076923077 0.854166666666667 0.907852564102564 1 3
0.9375 0.941176470588235 0.933333333333333 0.964705882352941 0.82 0.769230769230769 0.875 0.913060897435897 2 3
0.84375 0.888888888888889 0.785714285714286 0.936507936507937 0.74 0.836363636363636 0.622222222222222 0.848080808080808 1 3
0.90625 0.888888888888889 0.928571428571429 0.932539682539683 0.78 0.890909090909091 0.644444444444444 0.901010101010101 2 3
0.96875 1 0.928571428571429 0.972222222222222 0.73 0.618181818181818 0.866666666666667 0.863030303030303 1 3
0.96875 1 0.928571428571429 1 0.78 0.763636363636364 0.8 0.90020202020202 2 3
0.875 0.941176470588235 0.8 0.972549019607843 0.76 0.803921568627451 0.714285714285714 0.872749099639856 1 3
0.9375 0.941176470588235 0.933333333333333 0.996078431372549 0.75 0.745098039215686 0.755102040816326 0.864745898359344 2 3
1 1 1 1 0.84 0.816326530612245 0.862745098039216 0.927170868347339 1 3
0.96875 0.923076923076923 1 1 0.81 0.73469387755102 0.882352941176471 0.927170868347339 2 3
0.96875 0.875 1 0.994791666666667 0.81 0.764705882352941 0.857142857142857 0.874749899959984 1 3
0.96875 0.875 1 1 0.78 0.725490196078431 0.836734693877551 0.866346538615446 2 3
0.96875 1 0.933333333333333 1 0.76 0.833333333333333 0.706896551724138 0.912151067323481 1 3
1 1 1 1 0.83 0.833333333333333 0.827586206896552 0.923645320197044 2 3
0.9375 0.866666666666667 1 0.968627450980392 0.78 0.693877551020408 0.862745098039216 0.79671868747499 1 3
0.9375 0.866666666666667 1 0.941176470588235 0.76 0.673469387755102 0.843137254901961 0.828331332533013 2 3
0.875 0.769230769230769 0.947368421052632 0.951417004048583 0.88 0.833333333333333 0.923076923076923 0.93349358974359 1 3
1 1 1 1 0.77 0.854166666666667 0.692307692307692 0.906650641025641 2 3
0.8125 0.8 0.823529411764706 0.933333333333333 0.81 0.74468085106383 0.867924528301887 0.900843034925733 1 3
0.9375 0.933333333333333 0.941176470588235 0.988235294117647 0.84 0.702127659574468 0.962264150943396 0.92934564431955 2 3
0.9375 0.933333333333333 0.941176470588235 0.984313725490196 0.87 0.804347826086957 0.925925925925926 0.931964573268921 1 3
0.96875 1 0.941176470588235 0.992156862745098 0.86 0.891304347826087 0.833333333333333 0.960547504025765 2 3
0.96875 1 0.944444444444444 0.964285714285714 0.79 0.894736842105263 0.651162790697674 0.89188086495308 1 3
1 1 1 1 0.8 0.824561403508772 0.767441860465116 0.880864953080375 2 3
1 1 1 1 0.82 0.58974358974359 0.967213114754098 0.837746952501051 1 3
1 1 1 1 0.78 0.717948717948718 0.819672131147541 0.85750315258512 2 3
0.90625 0.947368421052632 0.846153846153846 0.959514170040486 0.83 0.909090909090909 0.767857142857143 0.924918831168831 1 3
0.90625 0.894736842105263 0.923076923076923 0.991902834008097 0.85 0.931818181818182 0.785714285714286 0.928571428571429 2 3
0.8125 0.8125 0.8125 0.9140625 0.84 0.804347826086957 0.87037037037037 0.875201288244767 1 3
0.96875 1 0.9375 0.99609375 0.81 0.847826086956522 0.777777777777778 0.902979066022544 2 3
0.84375 0.928571428571429 0.777777777777778 0.920634920634921 0.82 0.777777777777778 0.869565217391304 0.860708534621578 1 3
0.90625 0.928571428571429 0.888888888888889 0.98015873015873 0.78 0.907407407407407 0.630434782608696 0.888486312399356 2 3
0.96875 1 0.916666666666667 1 0.78 0.709090909090909 0.866666666666667 0.844040404040404 1 3
1 1 1 1 0.72 0.672727272727273 0.777777777777778 0.811313131313131 2 3
0.875 0.846153846153846 0.894736842105263 0.951417004048583 0.77 0.56 0.98 0.8876 1 3
0.96875 1 0.947368421052632 1 0.77 0.62 0.92 0.8592 2 3
0.875 0.933333333333333 0.823529411764706 0.925490196078431 0.68 0.326086956521739 0.981481481481482 0.646135265700483 1 3
0.9375 1 0.882352941176471 0.980392156862745 0.51 0.978260869565217 0.111111111111111 0.626006441223833 2 3
0.90625 0.7 1 0.972727272727273 0.79 0.649122807017544 0.976744186046512 0.94328845369237 1 3
0.96875 0.9 1 1 0.72 0.543859649122807 0.953488372093023 0.88453692370461 2 3
0.90625 0.9375 0.875 0.98828125 0.89 0.808510638297872 0.962264150943396 0.951425130469691 1 3
1 1 1 1 0.85 0.723404255319149 0.962264150943396 0.924126856684063 2 3
0.9375 0.952380952380952 0.909090909090909 0.978354978354978 0.79 0.8125 0.769230769230769 0.887820512820513 1 3
1 1 1 1 0.83 0.895833333333333 0.769230769230769 0.947115384615385 2 3
0.9375 0.941176470588235 0.933333333333333 0.996078431372549 0.86 0.865384615384615 0.854166666666667 0.939903846153846 1 3
0.9375 0.941176470588235 0.933333333333333 0.992156862745098 0.84 0.865384615384615 0.8125 0.932692307692308 2 3
0.84375 0.941176470588235 0.733333333333333 0.949019607843137 0.79 0.865384615384615 0.708333333333333 0.87099358974359 1 3
0.96875 1 0.933333333333333 1 0.8 0.923076923076923 0.666666666666667 0.888221153846154 2 3
0.9375 0.928571428571429 0.944444444444444 0.964285714285714 0.82 0.685185185185185 0.978260869565217 0.93317230273752 1 3
0.90625 0.857142857142857 0.944444444444444 0.98015873015873 0.82 0.666666666666667 1 0.943236714975845 2 3
1 1 1 1 0.56 0.130434782608696 0.925925925925926 0.563607085346216 1 3
1 1 1 1 0.56 0.91304347826087 0.259259259259259 0.666264090177134 2 3
0.96875 0.933333333333333 1 0.956862745098039 0.83 0.785714285714286 0.886363636363636 0.94237012987013 1 3
0.9375 0.866666666666667 1 0.992156862745098 0.86 0.821428571428571 0.909090909090909 0.925324675324675 2 3
0.96875 1 0.956521739130435 1 0.83 0.736842105263158 0.953488372093023 0.930640554875561 1 3
1 1 1 1 0.72 0.543859649122807 0.953488372093023 0.893104855161159 2 3
0.875 0.636363636363636 1 0.922077922077922 0.88 0.844827586206897 0.928571428571429 0.947865353037767 1 3
0.96875 0.909090909090909 1 1 0.86 0.827586206896552 0.904761904761905 0.933497536945813 2 3
0.9375 0.909090909090909 0.952380952380952 0.991341991341991 0.83 0.730769230769231 0.9375 0.922275641025641 1 3
0.96875 1 0.952380952380952 0.995670995670996 0.87 0.846153846153846 0.895833333333333 0.926282051282051 2 3
0.9375 0.944444444444444 0.928571428571429 0.992063492063492 0.83 0.76 0.9 0.894 1 3
0.96875 1 0.928571428571429 1 0.89 0.94 0.84 0.9376 2 3
0.9375 0.928571428571429 0.944444444444444 0.988095238095238 0.84 0.824561403508772 0.86046511627907 0.917176662586699 1 3
1 1 1 1 0.82 0.736842105263158 0.930232558139535 0.93390452876377 2 3
0.8125 0.785714285714286 0.833333333333333 0.932539682539683 0.85 0.872727272727273 0.822222222222222 0.919191919191919 1 3
0.96875 1 0.944444444444444 0.996031746031746 0.82 0.818181818181818 0.822222222222222 0.907070707070707 2 3
0.90625 1 0.75 0.929166666666667 0.72 1 0.44 0.9332 1 3
0.9375 1 0.833333333333333 0.991666666666667 0.82 0.94 0.7 0.93 2 3
1 1 1 1 0.8 0.836734693877551 0.764705882352941 0.906762705082033 1 3
1 1 1 1 0.79 0.714285714285714 0.862745098039216 0.880352140856343 2 3
0.96875 0.9375 1 0.97265625 0.82 0.849056603773585 0.787234042553192 0.904456041750301 1 3
0.96875 0.9375 1 1 0.87 0.830188679245283 0.914893617021277 0.93014853472501 2 3
1 1 1 1 0.78 0.736842105263158 0.837209302325581 0.886984904120767 1 3
1 1 1 1 0.78 0.684210526315789 0.906976744186046 0.900448796409629 2 3
0.96875 0.923076923076923 1 0.979757085020243 0.82 0.696428571428571 0.977272727272727 0.919642857142857 1 3
0.96875 0.923076923076923 1 0.995951417004049 0.86 0.785714285714286 0.954545454545455 0.928571428571429 2 3
1 1 1 1 0.85 0.810344827586207 0.904761904761905 0.907635467980296 1 3
1 1 1 1 0.85 0.793103448275862 0.928571428571429 0.903530377668309 2 3
0.625 1 0 0.883333333333333 0.54 1 0 0.921497584541063 1 3
0.9375 1 0.833333333333333 0.991666666666667 0.77 0.87037037037037 0.652173913043478 0.878421900161031 2 3
0.90625 0.928571428571429 0.888888888888889 0.972222222222222 0.79 0.666666666666667 0.918367346938776 0.879551820728291 1 3
0.96875 0.928571428571429 1 1 0.78 0.607843137254902 0.959183673469388 0.940376150460184 2 3
