0.875 0.8 0.928571428571429 0.971428571428571 0.88 0.807692307692308 0.958333333333333 0.941105769230769 1 1
0.958333333333333 0.9 1 0.992857142857143 0.78 0.634615384615385 0.9375 0.92988782051282 2 1
0.833333333333333 0.928571428571429 0.7 0.964285714285714 0.77 0.905660377358491 0.617021276595745 0.894821356884785 1 1
0.958333333333333 1 0.9 1 0.77 0.943396226415094 0.574468085106383 0.898032918506624 2 1
0.916666666666667 1 0.777777777777778 0.948148148148148 0.84 0.913793103448276 0.738095238095238 0.938834154351396 1 1
0.958333333333333 1 0.888888888888889 1 0.83 0.948275862068966 0.666666666666667 0.9376026272578 2 1
0.958333333333333 0.923076923076923 1 0.93006993006993 0.84 0.833333333333333 0.844827586206897 0.906814449917898 1 1
1 1 1 1 0.88 0.785714285714286 0.948275862068966 0.947865353037767 2 1
1 1 1 1 0.84 0.839285714285714 0.840909090909091 0.926542207792208 1 1
1 1 1 1 0.84 0.803571428571429 0.886363636363636 0.926136363636364 2 1
0.958333333333333 0.909090909090909 1 1 0.8 0.725490196078431 0.877551020408163 0.877551020408163 1 1
1 1 1 1 0.79 0.725490196078431 0.857142857142857 0.867547018807523 2 1
0.958333333333333 0.888888888888889 1 1 0.81 0.645833333333333 0.961538461538462 0.835336538461538 1 1
0.958333333333333 0.888888888888889 1 1 0.78 0.5625 0.980769230769231 0.934294871794872 2 1
0.708333333333333 1 0.125 0.9765625 0.66 0.964285714285714 0.272727272727273 0.912743506493507 1 1
0.875 0.9375 0.75 0.984375 0.89 0.982142857142857 0.772727272727273 0.946022727272727 2 1
1 1 1 1 0.89 0.761904761904762 0.982758620689655 0.928571428571429 1 1
1 1 1 1 0.82 0.571428571428571 1 0.922413793103448 2 1
0.958333333333333 1 0.923076923076923 0.986013986013986 0.88 0.86 0.9 0.9468 1 1
0.916666666666667 0.909090909090909 0.923076923076923 0.979020979020979 0.79 0.82 0.76 0.8944 2 1
0.916666666666667 1 0.846153846153846 0.993006993006993 0.85 0.853658536585366 0.847457627118644 0.906986357999173 1 1
1 1 1 1 0.81 0.829268292682927 0.796610169491525 0.905746176105829 2 1
0.916666666666667 0.833333333333333 1 0.9375 0.79 0.693877551020408 0.882352941176471 0.890756302521008 1 1
0.875 0.833333333333333 0.916666666666667 0.972222222222222 0.76 0.693877551020408 0.823529411764706 0.8687474989996 2 1
0.958333333333333 1 0.923076923076923 0.993006993006993 0.84 0.807692307692308 0.875 0.94150641025641 1 1
1 1 1 1 0.81 0.807692307692308 0.8125 0.917467948717949 2 1
0.916666666666667 0.916666666666667 0.916666666666667 0.958333333333333 0.86 0.92156862745098 0.795918367346939 0.953581432573029 1 1
0.958333333333333 1 0.916666666666667 1 0.84 0.843137254901961 0.836734693877551 0.906762705082033 2 1
1 1 1 1 0.84 0.74 0.94 0.9132 1 1
1 1 1 1 0.8 0.64 0.96 0.94 2 1
0.916666666666667 0.928571428571429 0.9 0.992857142857143 0.86 0.791666666666667 0.923076923076923 0.932692307692308 1 1
0.958333333333333 1 0.9 0.992857142857143 0.85 0.9375 0.769230769230769 0.953926282051282 2 1
0.958333333333333 1 0.909090909090909 1 0.85 0.88 0.82 0.9252 1 1
1 1 1 1 0.82 0.84 0.8 0.9064 2 1
1 1 1 1 0.83 0.733333333333333 0.909090909090909 0.922828282828283 1 1
1 1 1 1 0.78 0.555555555555556 0.963636363636364 0.894949494949495 2 1
0.916666666666667 1 0.777777777777778 1 0.81 0.772727272727273 0.839285714285714 0.909902597402597 1 1
1 1 1 1 0.78 0.659090909090909 0.875 0.838474025974026 2 1
0.875 0.933333333333333 0.777777777777778 0.985185185185185 0.85 0.931034482758621 0.738095238095238 0.889573070607553 1 1
0.958333333333333 1 0.888888888888889 1 0.85 0.948275862068966 0.714285714285714 0.908456486042693 2 1
0.916666666666667 0.916666666666667 0.916666666666667 0.9375 0.87 0.785714285714286 0.931034482758621 0.89696223316913 1 1
0.958333333333333 1 0.916666666666667 0.993055555555556 0.81 0.738095238095238 0.862068965517241 0.885057471264368 2 1
1 1 1 1 0.83 0.86 0.8 0.9328 1 1
1 1 1 1 0.84 0.88 0.8 0.9304 2 1
1 1 1 1 0.84 0.785714285714286 0.909090909090909 0.9375 1 1
1 1 1 1 0.86 0.839285714285714 0.886363636363636 0.915584415584416 2 1
0.958333333333333 0.9 1 1 0.88 0.869565217391304 0.888888888888889 0.92512077294686 1 1
1 1 1 1 0.82 0.760869565217391 0.87037037037037 0.902576489533011 2 1
0.916666666666667 0.846153846153846 1 0.979020979020979 0.86 0.864406779661017 0.853658536585366 0.921868540719305 1 1
0.875 0.846153846153846 0.909090909090909 0.986013986013986 0.83 0.847457627118644 0.804878048780488 0.911120297643654 2 1
0.958333333333333 0.9 1 0.978571428571429 0.86 0.872340425531915 0.849056603773585 0.913689281413087 1 1
0.958333333333333 1 0.928571428571429 1 0.83 0.851063829787234 0.811320754716981 0.922521075873143 2 1
0.875 1 0.7 0.942857142857143 0.71 0.895833333333333 0.538461538461538 0.858974358974359 1 1
0.958333333333333 1 0.9 0.992857142857143 0.79 0.916666666666667 0.673076923076923 0.876201923076923 2 1
0.875 0.846153846153846 0.909090909090909 0.986013986013986 0.78 0.833333333333333 0.717391304347826 0.925925925925926 1 1
1 1 1 1 0.78 0.777777777777778 0.782608695652174 0.886473429951691 2 1
1 1 1 1 0.87 0.884615384615385 0.854166666666667 0.941105769230769 1 1
1 1 1 1 0.85 0.807692307692308 0.895833333333333 0.909054487179487 2 1
1 1 1 1 0.8 0.903846153846154 0.6875 0.907852564102564 1 1
1 1 1 1 0.81 1 0.604166666666667 0.913461538461538 2 1
0.958333333333333 0.909090909090909 1 1 0.78 0.755102040816326 0.803921568627451 0.892757102841136 1 1
1 1 1 1 0.84 0.857142857142857 0.823529411764706 0.881952781112445 2 1
1 1 1 1 0.8 0.693877551020408 0.901960784313726 0.90796318527411 1 1
1 1 1 1 0.79 0.693877551020408 0.882352941176471 0.882753101240496 2 1
1 1 1 1 0.8 0.706896551724138 0.928571428571429 0.870279146141215 1 1
0.958333333333333 0.833333333333333 1 1 0.81 0.724137931034483 0.928571428571429 0.923645320197044 2 1
0.916666666666667 0.916666666666667 0.916666666666667 0.951388888888889 0.79 0.824561403508772 0.744186046511628 0.861689106487148 1 1
0.958333333333333 1 0.916666666666667 0.979166666666667 0.83 0.859649122807018 0.790697674418605 0.893104855161159 2 1
0.958333333333333 0.923076923076923 1 0.986013986013986 0.82 0.813953488372093 0.824561403508772 0.924112607099143 1 1
1 1 1 1 0.83 0.813953488372093 0.842105263157895 0.928192574459404 2 1
0.916666666666667 1 0.857142857142857 0.992857142857143 0.87 0.824561403508772 0.930232558139535 0.968176254589963 1 1
0.958333333333333 1 0.928571428571429 1 0.87 0.842105263157895 0.906976744186046 0.945736434108527 2 1
0.916666666666667 0.916666666666667 0.916666666666667 0.972222222222222 0.83 0.833333333333333 0.826086956521739 0.877616747181965 1 1
1 1 1 1 0.85 0.87037037037037 0.826086956521739 0.889694041867955 2 1
1 1 1 1 0.76 0.6 1 0.944583333333333 1 1
0.958333333333333 0.857142857142857 1 1 0.81 0.683333333333333 1 0.988333333333333 2 1
0.958333333333333 0.888888888888889 1 1 0.83 0.634146341463415 0.966101694915254 0.856138900372055 1 1
1 1 1 1 0.76 0.585365853658537 0.88135593220339 0.836709384042993 2 1
1 1 1 1 0.82 0.823529411764706 0.816326530612245 0.913565426170468 1 1
1 1 1 1 0.8 0.784313725490196 0.816326530612245 0.862745098039216 2 1
1 1 1 1 0.75 0.543478260869565 0.925925925925926 0.831723027375201 1 1
1 1 1 1 0.79 0.608695652173913 0.944444444444444 0.8743961352657 2 1
0.958333333333333 1 0.916666666666667 0.986111111111111 0.76 0.818181818181818 0.714285714285714 0.883116883116883 1 1
0.958333333333333 1 0.916666666666667 1 0.77 0.818181818181818 0.732142857142857 0.899350649350649 2 1
0.958333333333333 0.9 1 1 0.81 0.72 0.9 0.8964 1 1
0.958333333333333 0.9 1 0.985714285714286 0.8 0.72 0.88 0.9208 2 1
0.916666666666667 1 0.833333333333333 0.986111111111111 0.81 0.862745098039216 0.755102040816326 0.881552621048419 1 1
0.916666666666667 0.916666666666667 0.916666666666667 0.986111111111111 0.76 0.686274509803922 0.836734693877551 0.85594237695078 2 1
1 1 1 1 0.78 0.655737704918033 0.974358974358974 0.900378310214376 1 1
1 1 1 1 0.76 0.639344262295082 0.948717948717949 0.897435897435897 2 1
1 1 1 1 0.73 0.645833333333333 0.807692307692308 0.782852564102564 1 1
1 1 1 1 0.73 0.708333333333333 0.75 0.806891025641026 2 1
1 1 1 1 0.9 0.85 0.933333333333333 0.95625 1 1
1 1 1 1 0.88 0.825 0.916666666666667 0.917916666666667 2 1
0.958333333333333 1 0.875 1 0.86 0.933333333333333 0.8 0.960808080808081 1 1
1 1 1 1 0.86 0.888888888888889 0.836363636363636 0.945454545454545 2 1
0.916666666666667 0.875 0.9375 0.9765625 0.8 0.574468085106383 1 0.90606182256122 1 1
0.958333333333333 1 0.9375 0.96875 0.77 0.553191489361702 0.962264150943396 0.905258932155761 2 1
1 1 1 1 0.8 0.782608695652174 0.814814814814815 0.894927536231884 1 1
1 1 1 1 0.77 0.826086956521739 0.722222222222222 0.882447665056361 2 1
0.916666666666667 1 0.777777777777778 1 0.8 0.795918367346939 0.803921568627451 0.887154861944778 1 1
0.958333333333333 1 0.888888888888889 1 0.84 0.755102040816326 0.92156862745098 0.927170868347339 2 1
0.666666666666667 1 0 0.7578125 0.5 0.980392156862745 0 0.929971988795518 1 1
0.666666666666667 1 0 0.96875 0.51 1 0 0.92436974789916 2 1
1 1 1 1 0.77 0.617021276595745 0.905660377358491 0.816138097149739 1 1
1 1 1 1 0.73 0.617021276595745 0.830188679245283 0.799277398635086 2 1
1 1 1 1 0.83 0.833333333333333 0.828125 0.921875 1 1
1 1 1 1 0.86 0.861111111111111 0.859375 0.916666666666667 2 1
0.958333333333333 1 0.923076923076923 0.993006993006993 0.8 0.645833333333333 0.942307692307692 0.93349358974359 1 1
1 1 1 1 0.82 0.625 1 0.910657051282051 2 1
0.916666666666667 1 0.818181818181818 0.874125874125874 0.76 0.74468085106383 0.773584905660377 0.865114411882778 1 1
0.916666666666667 1 0.818181818181818 0.986013986013986 0.83 0.872340425531915 0.792452830188679 0.938177438779607 2 1
0.875 0.923076923076923 0.818181818181818 0.93006993006993 0.8 0.904761904761905 0.724137931034483 0.910098522167488 1 1
0.916666666666667 0.923076923076923 0.909090909090909 0.986013986013986 0.84 0.857142857142857 0.827586206896552 0.886699507389162 2 1
0.875 0.625 1 1 0.82 0.659090909090909 0.946428571428571 0.903003246753247 1 1
1 1 1 1 0.84 0.772727272727273 0.892857142857143 0.912743506493506 2 1
0.916666666666667 0.777777777777778 1 0.992592592592593 0.79 0.68 0.9 0.8896 1 1
1 1 1 1 0.76 0.7 0.82 0.872 2 1
0.875 0.909090909090909 0.846153846153846 0.958041958041958 0.87 0.777777777777778 0.945454545454545 0.902626262626263 1 1
0.958333333333333 0.909090909090909 1 0.993006993006993 0.82 0.755555555555556 0.872727272727273 0.918383838383838 2 1
1 1 1 1 0.85 0.932203389830508 0.731707317073171 0.930549813972716 1 1
1 1 1 1 0.82 0.88135593220339 0.731707317073171 0.905746176105829 2 1
1 1 1 1 0.83 0.843137254901961 0.816326530612245 0.897959183673469 1 1
1 1 1 1 0.82 0.882352941176471 0.755102040816326 0.923569427771108 2 1
1 1 1 1 0.87 0.927272727272727 0.8 0.954747474747475 1 1
1 1 1 1 0.86 0.909090909090909 0.8 0.938989898989899 2 1
0.916666666666667 0.923076923076923 0.909090909090909 0.979020979020979 0.78 0.849056603773585 0.702127659574468 0.88277800080289 1 1
1 1 1 1 0.73 0.811320754716981 0.638297872340426 0.862304295463669 2 1
0.916666666666667 1 0.8 0.992857142857143 0.77 0.843137254901961 0.693877551020408 0.882753101240496 1 1
0.916666666666667 1 0.8 0.992857142857143 0.82 0.686274509803922 0.959183673469388 0.904761904761905 2 1
0.875 0.916666666666667 0.833333333333333 0.986111111111111 0.84 0.877551020408163 0.803921568627451 0.905962384953982 1 1
0.916666666666667 0.916666666666667 0.916666666666667 0.993055555555556 0.82 0.857142857142857 0.784313725490196 0.919167667066827 2 1
0.875 0.625 1 1 0.73 0.469387755102041 0.980392156862745 0.915966386554622 1 1
1 1 1 1 0.72 0.448979591836735 0.980392156862745 0.85234093637455 2 1
0.958333333333333 1 0.857142857142857 1 0.66 0.897435897435897 0.508196721311475 0.865910046237915 1 1
0.958333333333333 1 0.857142857142857 1 0.7 0.948717948717949 0.540983606557377 0.871374527112232 2 1
1 1 1 1 0.81 0.816326530612245 0.803921568627451 0.90516206482593 1 1
1 1 1 1 0.86 0.938775510204082 0.784313725490196 0.915166066426571 2 1
0.875 0.777777777777778 0.933333333333333 0.985185185185185 0.79 0.638297872340426 0.924528301886792 0.882376555600161 1 1
0.958333333333333 0.888888888888889 1 0.992592592592593 0.68 0.361702127659574 0.962264150943396 0.881975110397431 2 1
0.875 0.916666666666667 0.833333333333333 0.979166666666667 0.72 0.816326530612245 0.627450980392157 0.851140456182473 1 1
0.916666666666667 0.916666666666667 0.916666666666667 0.986111111111111 0.72 0.755102040816326 0.686274509803922 0.817927170868347 2 1
0.916666666666667 0.916666666666667 0.916666666666667 0.993055555555556 0.81 0.826086956521739 0.796296296296296 0.89573268921095 1 1
0.958333333333333 1 0.916666666666667 1 0.86 0.869565217391304 0.851851851851852 0.905797101449275 2 1
0.916666666666667 1 0.846153846153846 0.944055944055944 0.77 0.777777777777778 0.760869565217391 0.85024154589372 1 1
0.958333333333333 1 0.923076923076923 0.979020979020979 0.73 0.703703703703704 0.760869565217391 0.832125603864734 2 1
0.916666666666667 0.916666666666667 0.916666666666667 0.9375 0.78 0.58974358974359 0.901639344262295 0.804539722572509 1 1
0.875 0.833333333333333 0.916666666666667 0.986111111111111 0.79 0.615384615384615 0.901639344262295 0.854981084489281 2 1
0.833333333333333 1 0.636363636363636 0.944055944055944 0.67 0.955555555555556 0.436363636363636 0.887272727272727 1 1
0.958333333333333 1 0.909090909090909 0.993006993006993 0.84 0.911111111111111 0.781818181818182 0.928484848484848 2 1
0.958333333333333 1 0.923076923076923 0.993006993006993 0.78 0.804347826086957 0.759259259259259 0.868760064412238 1 1
1 1 1 1 0.78 0.695652173913043 0.851851851851852 0.874798711755233 2 1
0.958333333333333 1 0.933333333333333 1 0.81 0.796296296296296 0.826086956521739 0.8743961352657 1 1
1 1 1 1 0.77 0.685185185185185 0.869565217391304 0.851449275362319 2 1
1 1 1 1 0.86 0.862068965517241 0.857142857142857 0.917487684729064 1 1
1 1 1 1 0.83 0.879310344827586 0.761904761904762 0.886699507389163 2 1
0.916666666666667 0.9 0.928571428571429 0.985714285714286 0.81 0.68 0.94 0.8384 1 1
0.958333333333333 1 0.928571428571429 1 0.76 0.58 0.94 0.8852 2 1
0.916666666666667 0.818181818181818 1 0.958041958041958 0.81 0.613636363636364 0.964285714285714 0.906655844155844 1 1
1 1 1 1 0.86 0.727272727272727 0.964285714285714 0.926948051948052 2 1
1 1 1 1 0.79 0.60377358490566 1 0.902047370533922 1 1
1 1 1 1 0.73 0.490566037735849 1 0.895624247290245 2 1
1 1 1 1 0.76 0.795918367346939 0.725490196078431 0.834733893557423 1 1
1 1 1 1 0.78 0.775510204081633 0.784313725490196 0.866346538615446 2 1
1 1 1 1 0.83 0.807692307692308 0.854166666666667 0.917067307692308 1 1
1 1 1 1 0.83 0.865384615384615 0.791666666666667 0.904246794871795 2 1
0.958333333333333 1 0.916666666666667 1 0.84 0.843137254901961 0.836734693877551 0.89155662264906 1 1
1 1 1 1 0.82 0.823529411764706 0.816326530612245 0.915566226490596 2 1
0.958333333333333 1 0.909090909090909 0.986013986013986 0.74 0.867924528301887 0.595744680851064 0.864712966680048 1 1
1 1 1 1 0.81 0.886792452830189 0.723404255319149 0.903653151344841 2 1
0.916666666666667 0.8 1 0.985714285714286 0.7 0.490909090909091 0.955555555555556 0.848888888888889 1 1
0.958333333333333 1 0.928571428571429 0.985714285714286 0.75 0.636363636363636 0.888888888888889 0.90020202020202 2 1
0.875 1 0.727272727272727 0.993006993006993 0.81 0.787234042553192 0.830188679245283 0.918506623845845 1 1
1 1 1 1 0.75 0.957446808510638 0.566037735849057 0.904054596547571 2 1
0.958333333333333 1 0.916666666666667 0.993055555555556 0.83 0.803571428571429 0.863636363636364 0.902597402597403 1 1
0.958333333333333 1 0.916666666666667 0.993055555555556 0.83 0.785714285714286 0.886363636363636 0.935876623376623 2 1
1 1 1 1 0.77 0.6 0.977777777777778 0.911919191919192 1 1
1 1 1 1 0.69 0.490909090909091 0.933333333333333 0.894545454545455 2 1
0.791666666666667 0.916666666666667 0.666666666666667 0.916666666666667 0.64 0.903846153846154 0.354166666666667 0.769230769230769 1 1
0.958333333333333 0.916666666666667 1 0.993055555555556 0.88 0.942307692307692 0.8125 0.936298076923077 2 1
0.958333333333333 0.833333333333333 1 0.925925925925926 0.76 0.549019607843137 0.979591836734694 0.881552621048419 1 1
1 1 1 1 0.83 0.823529411764706 0.836734693877551 0.913965586234494 2 1
0.958333333333333 1 0.9 0.992857142857143 0.87 0.86 0.88 0.9516 1 1
0.958333333333333 1 0.9 1 0.8 0.78 0.82 0.9112 2 1
0.916666666666667 0.777777777777778 1 0.925925925925926 0.77 0.611111111111111 0.956521739130435 0.884057971014493 1 1
1 1 1 1 0.88 0.833333333333333 0.934782608695652 0.958937198067633 2 1
0.875 0.833333333333333 0.916666666666667 0.986111111111111 0.8 0.788461538461538 0.8125 0.895032051282051 1 1
1 1 1 1 0.81 0.846153846153846 0.770833333333333 0.904246794871795 2 1
0.625 1 0 0.822222222222222 0.5 1 0.0196078431372549 0.93797519007603 1 1
0.875 0.933333333333333 0.777777777777778 0.985185185185185 0.75 0.918367346938776 0.588235294117647 0.883953581432573 2 1
0.875 1 0.666666666666667 0.985185185185185 0.61 0.84 0.38 0.7604 1 1
0.958333333333333 1 0.888888888888889 1 0.62 0.96 0.28 0.818 2 1
0.958333333333333 1 0.9 0.971428571428571 0.8 0.92 0.68 0.8976 1 1
0.958333333333333 1 0.9 1 0.81 0.84 0.78 0.8824 2 1
0.916666666666667 1 0.818181818181818 0.937062937062937 0.71 0.773584905660377 0.638297872340426 0.778402248093135 1 1
0.958333333333333 1 0.909090909090909 1 0.63 0.867924528301887 0.361702127659574 0.754716981132076 2 1
0.875 0.8 0.928571428571429 0.985714285714286 0.84 0.821428571428571 0.863636363636364 0.908685064935065 1 1
0.916666666666667 0.8 1 1 0.77 0.607142857142857 0.977272727272727 0.9375 2 1
0.916666666666667 0.75 1 0.953125 0.81 0.685185185185185 0.956521739130435 0.908615136876006 1 1
1 1 1 1 0.87 0.833333333333333 0.91304347826087 0.93317230273752 2 1
0.875 0.8 0.928571428571429 0.971428571428571 0.88 0.807692307692308 0.958333333333333 0.941907051282051 1 2
0.958333333333333 0.9 1 0.992857142857143 0.78 0.615384615384615 0.958333333333333 0.931089743589744 2 2
0.833333333333333 0.928571428571429 0.7 0.964285714285714 0.78 0.905660377358491 0.638297872340426 0.901645925331192 1 2
0.958333333333333 1 0.9 1 0.75 0.905660377358491 0.574468085106383 0.896025692492975 2 2
0.916666666666667 1 0.777777777777778 0.985185185185185 0.86 0.931034482758621 0.761904761904762 0.93431855500821 1 2
0.958333333333333 1 0.888888888888889 1 0.83 0.948275862068966 0.666666666666667 0.928571428571429 2 2
0.916666666666667 0.923076923076923 0.909090909090909 0.93006993006993 0.84 0.785714285714286 0.879310344827586 0.908045977011494 1 2
1 1 1 1 0.86 0.761904761904762 0.931034482758621 0.951559934318555 2 2
1 1 1 1 0.88 0.875 0.886363636363636 0.927353896103896 1 2
1 1 1 1 0.85 0.839285714285714 0.863636363636364 0.92775974025974 2 2
0.958333333333333 0.909090909090909 1 1 0.79 0.745098039215686 0.836734693877551 0.867947178871549 1 2
1 1 1 1 0.75 0.725490196078431 0.775510204081633 0.865146058423369 2 2
0.958333333333333 0.888888888888889 1 1 0.83 0.666666666666667 0.980769230769231 0.836939102564103 1 2
0.958333333333333 0.888888888888889 1 1 0.78 0.5625 0.980769230769231 0.934294871794872 2 2
0.833333333333333 1 0.5 0.984375 0.7 0.946428571428571 0.386363636363636 0.91112012987013 1 2
0.916666666666667 0.9375 0.875 0.9921875 0.89 0.946428571428571 0.818181818181818 0.939935064935065 2 2
1 1 1 1 0.89 0.761904761904762 0.982758620689655 0.935960591133005 1 2
1 1 1 1 0.85 0.642857142857143 1 0.92200328407225 2 2
0.958333333333333 1 0.923076923076923 0.993006993006993 0.89 0.88 0.9 0.9372 1 2
0.916666666666667 0.909090909090909 0.923076923076923 0.979020979020979 0.8 0.82 0.78 0.8992 2 2
0.916666666666667 1 0.846153846153846 0.993006993006993 0.85 0.853658536585366 0.847457627118644 0.908226539892518 1 2
1 1 1 1 0.81 0.829268292682927 0.796610169491525 0.906986357999173 2 2
0.916666666666667 0.833333333333333 1 0.930555555555556 0.79 0.693877551020408 0.882352941176471 0.863545418167267 1 2
0.916666666666667 0.833333333333333 1 0.972222222222222 0.78 0.693877551020408 0.862745098039216 0.851540616246499 2 2
0.958333333333333 1 0.923076923076923 1 0.84 0.788461538461538 0.895833333333333 0.927083333333333 1 2
1 1 1 1 0.78 0.788461538461538 0.770833333333333 0.915865384615385 2 2
0.916666666666667 0.916666666666667 0.916666666666667 0.951388888888889 0.85 0.901960784313726 0.795918367346939 0.95438175270108 1 2
0.958333333333333 1 0.916666666666667 1 0.84 0.823529411764706 0.857142857142857 0.901960784313726 2 2
1 1 1 1 0.82 0.7 0.94 0.9124 1 2
1 1 1 1 0.79 0.64 0.94 0.936 2 2
0.916666666666667 0.928571428571429 0.9 0.992857142857143 0.88 0.854166666666667 0.903846153846154 0.936698717948718 1 2
0.958333333333333 1 0.9 1 0.86 0.9375 0.788461538461538 0.958333333333333 2 2
0.958333333333333 1 0.909090909090909 1 0.83 0.9 0.76 0.926 1 2
1 1 1 1 0.84 0.84 0.84 0.9116 2 2
1 1 1 1 0.84 0.733333333333333 0.927272727272727 0.934141414141414 1 2
1 1 1 1 0.78 0.555555555555556 0.963636363636364 0.914343434343434 2 2
0.958333333333333 1 0.888888888888889 1 0.82 0.795454545454545 0.839285714285714 0.898133116883117 1 2
1 1 1 1 0.82 0.727272727272727 0.892857142857143 0.866477272727273 2 2
0.916666666666667 1 0.777777777777778 0.992592592592593 0.83 0.948275862068966 0.666666666666667 0.894499178981938 1 2
0.916666666666667 0.933333333333333 0.888888888888889 0.992592592592593 0.84 0.948275862068966 0.69047619047619 0.910098522167488 2 2
0.958333333333333 1 0.916666666666667 0.930555555555556 0.8 0.761904761904762 0.827586206896552 0.891215106732348 1 2
0.958333333333333 1 0.916666666666667 0.993055555555556 0.79 0.785714285714286 0.793103448275862 0.880952380952381 2 2
1 1 1 1 0.82 0.84 0.8 0.9244 1 2
1 1 1 1 0.84 0.86 0.82 0.924 2 2
0.958333333333333 1 0.909090909090909 1 0.86 0.839285714285714 0.886363636363636 0.939935064935065 1 2
1 1 1 1 0.84 0.821428571428571 0.863636363636364 0.912337662337662 2 2
0.958333333333333 0.9 1 0.985714285714286 0.84 0.847826086956522 0.833333333333333 0.91304347826087 1 2
1 1 1 1 0.8 0.739130434782609 0.851851851851852 0.882447665056361 2 2
0.875 0.846153846153846 0.909090909090909 0.972027972027972 0.83 0.830508474576271 0.829268292682927 0.927656056221579 1 2
0.916666666666667 0.923076923076923 0.909090909090909 0.979020979020979 0.83 0.830508474576271 0.829268292682927 0.911947085572551 2 2
0.958333333333333 0.9 1 0.978571428571429 0.86 0.872340425531915 0.849056603773585 0.909674829385789 1 2
1 1 1 1 0.84 0.872340425531915 0.811320754716981 0.927739863508631 2 2
0.833333333333333 1 0.6 0.914285714285714 0.61 0.9375 0.307692307692308 0.862580128205128 1 2
0.958333333333333 1 0.9 0.992857142857143 0.8 0.895833333333333 0.711538461538462 0.890224358974359 2 2
0.875 0.846153846153846 0.909090909090909 0.986013986013986 0.81 0.87037037037037 0.739130434782609 0.930756843800322 1 2
1 1 1 1 0.76 0.796296296296296 0.717391304347826 0.881239935587762 2 2
1 1 1 1 0.87 0.884615384615385 0.854166666666667 0.932291666666667 1 2
1 1 1 1 0.85 0.807692307692308 0.895833333333333 0.912259615384615 2 2
1 1 1 1 0.81 0.923076923076923 0.6875 0.906650641025641 1 2
1 1 1 1 0.8 1 0.583333333333333 0.923076923076923 2 2
0.958333333333333 0.909090909090909 1 1 0.79 0.775510204081633 0.803921568627451 0.898759503801521 1 2
1 1 1 1 0.84 0.877551020408163 0.803921568627451 0.885954381752701 2 2
1 1 1 1 0.82 0.714285714285714 0.92156862745098 0.912765106042417 1 2
1 1 1 1 0.76 0.63265306122449 0.882352941176471 0.88875550220088 2 2
1 1 1 1 0.85 0.810344827586207 0.904761904761905 0.893267651888342 1 2
0.916666666666667 0.666666666666667 1 1 0.78 0.672413793103448 0.928571428571429 0.925697865353038 2 2
0.916666666666667 0.916666666666667 0.916666666666667 0.958333333333333 0.77 0.807017543859649 0.720930232558139 0.848633210934313 1 2
0.958333333333333 1 0.916666666666667 0.979166666666667 0.82 0.824561403508772 0.813953488372093 0.895552835577315 2 2
0.958333333333333 0.923076923076923 1 0.986013986013986 0.82 0.813953488372093 0.824561403508772 0.915952672378621 1 2
1 1 1 1 0.85 0.86046511627907 0.842105263157895 0.924928600571195 2 2
0.958333333333333 1 0.928571428571429 1 0.89 0.859649122807018 0.930232558139535 0.971032231742146 1 2
0.958333333333333 1 0.928571428571429 1 0.85 0.807017543859649 0.906976744186046 0.944512443900449 2 2
0.875 0.916666666666667 0.833333333333333 0.972222222222222 0.78 0.759259259259259 0.804347826086957 0.873993558776167 1 2
0.958333333333333 1 0.916666666666667 1 0.84 0.851851851851852 0.826086956521739 0.89170692431562 2 2
1 1 1 1 0.75 0.583333333333333 1 0.947916666666667 1 2
0.958333333333333 0.857142857142857 1 1 0.84 0.733333333333333 1 0.987916666666667 2 2
0.958333333333333 0.888888888888889 1 1 0.83 0.609756097560976 0.983050847457627 0.856965688300951 1 2
0.958333333333333 0.888888888888889 1 1 0.78 0.585365853658537 0.915254237288136 0.836709384042993 2 2
1 1 1 1 0.82 0.843137254901961 0.795918367346939 0.909563825530212 1 2
1 1 1 1 0.76 0.764705882352941 0.755102040816326 0.841936774709884 2 2
1 1 1 1 0.74 0.5 0.944444444444444 0.8329307568438 1 2
1 1 1 1 0.77 0.58695652173913 0.925925925925926 0.877616747181965 2 2
0.958333333333333 1 0.916666666666667 0.993055555555556 0.8 0.795454545454545 0.803571428571429 0.873376623376623 1 2
0.916666666666667 1 0.833333333333333 1 0.79 0.840909090909091 0.75 0.894886363636364 2 2
0.916666666666667 0.9 0.928571428571429 0.985714285714286 0.82 0.76 0.88 0.8964 1 2
0.916666666666667 0.8 1 0.985714285714286 0.81 0.7 0.92 0.9296 2 2
0.958333333333333 1 0.916666666666667 0.986111111111111 0.84 0.882352941176471 0.795918367346939 0.890756302521008 1 2
0.916666666666667 0.916666666666667 0.916666666666667 0.993055555555556 0.77 0.745098039215686 0.795918367346939 0.858343337334934 2 2
1 1 1 1 0.81 0.721311475409836 0.948717948717949 0.905422446406053 1 2
1 1 1 1 0.79 0.688524590163934 0.948717948717949 0.89281210592686 2 2
1 1 1 1 0.71 0.5625 0.846153846153846 0.806490384615385 1 2
1 1 1 1 0.73 0.708333333333333 0.75 0.817708333333333 2 2
0.958333333333333 1 0.928571428571429 1 0.89 0.825 0.933333333333333 0.94375 1 2
0.958333333333333 0.9 1 1 0.89 0.825 0.933333333333333 0.92375 2 2
0.958333333333333 1 0.875 1 0.86 0.933333333333333 0.8 0.956363636363636 1 2
1 1 1 1 0.85 0.866666666666667 0.836363636363636 0.937373737373737 2 2
0.916666666666667 0.875 0.9375 0.9765625 0.63 0.425531914893617 0.811320754716981 0.559614612605379 1 2
0.958333333333333 1 0.9375 0.9609375 0.55 0.0638297872340425 0.981132075471698 0.682456844640707 2 2
0.958333333333333 1 0.9 1 0.78 0.804347826086957 0.759259259259259 0.897342995169082 1 2
1 1 1 1 0.78 0.847826086956522 0.722222222222222 0.880434782608696 2 2
0.916666666666667 1 0.777777777777778 1 0.81 0.795918367346939 0.823529411764706 0.889955982392957 1 2
0.958333333333333 1 0.888888888888889 1 0.85 0.775510204081633 0.92156862745098 0.920768307322929 2 2
0.666666666666667 1 0 0.75 0.46 0.901960784313726 0 0.91796718687475 1 2
0.666666666666667 1 0 0.96875 0.51 1 0 0.906362545018007 2 2
1 1 1 1 0.73 0.617021276595745 0.830188679245283 0.81453231633882 1 2
1 1 1 1 0.76 0.659574468085106 0.849056603773585 0.800481734243276 2 2
1 1 1 1 0.84 0.833333333333333 0.84375 0.91796875 1 2
1 1 1 1 0.82 0.861111111111111 0.796875 0.908420138888889 2 2
0.958333333333333 1 0.923076923076923 0.993006993006993 0.78 0.625 0.923076923076923 0.912660256410256 1 2
1 1 1 1 0.8 0.604166666666667 0.980769230769231 0.877003205128205 2 2
0.916666666666667 1 0.818181818181818 0.881118881118881 0.81 0.787234042553192 0.830188679245283 0.890004014452027 1 2
0.958333333333333 1 0.909090909090909 0.986013986013986 0.84 0.872340425531915 0.811320754716981 0.949819349658772 2 2
0.875 0.923076923076923 0.818181818181818 0.923076923076923 0.78 0.904761904761905 0.689655172413793 0.913793103448276 1 2
0.916666666666667 0.923076923076923 0.909090909090909 0.986013986013986 0.79 0.80952380952381 0.775862068965517 0.857142857142857 2 2
0.833333333333333 0.5 1 1 0.83 0.681818181818182 0.946428571428571 0.92086038961039 1 2
1 1 1 1 0.81 0.704545454545455 0.892857142857143 0.906655844155844 2 2
0.958333333333333 0.888888888888889 1 0.955555555555555 0.76 0.64 0.88 0.8788 1 2
1 1 1 1 0.74 0.68 0.8 0.8552 2 2
0.958333333333333 0.909090909090909 1 0.965034965034965 0.91 0.844444444444444 0.963636363636364 0.951111111111111 1 2
0.958333333333333 0.909090909090909 1 1 0.86 0.777777777777778 0.927272727272727 0.957979797979798 2 2
1 1 1 1 0.83 0.915254237288136 0.707317073170732 0.925589086399339 1 2
1 1 1 1 0.81 0.88135593220339 0.707317073170732 0.906572964034725 2 2
1 1 1 1 0.82 0.823529411764706 0.816326530612245 0.90516206482593 1 2
1 1 1 1 0.82 0.901960784313726 0.73469387755102 0.923969587835134 2 2
1 1 1 1 0.86 0.927272727272727 0.777777777777778 0.958383838383838 1 2
1 1 1 1 0.87 0.909090909090909 0.822222222222222 0.945858585858586 2 2
0.916666666666667 0.923076923076923 0.909090909090909 0.979020979020979 0.81 0.886792452830189 0.723404255319149 0.893215576073866 1 2
1 1 1 1 0.74 0.792452830188679 0.680851063829787 0.86109995985548 2 2
0.916666666666667 1 0.8 0.992857142857143 0.77 0.862745098039216 0.673469387755102 0.873149259703882 1 2
0.958333333333333 1 0.9 0.992857142857143 0.83 0.725490196078431 0.938775510204082 0.899959983993597 2 2
0.916666666666667 0.916666666666667 0.916666666666667 0.979166666666667 0.85 0.857142857142857 0.843137254901961 0.907162865146058 1 2
0.916666666666667 0.916666666666667 0.916666666666667 0.993055555555556 0.82 0.877551020408163 0.764705882352941 0.917567026810724 2 2
0.875 0.625 1 1 0.76 0.530612244897959 0.980392156862745 0.935174069627851 1 2
1 1 1 1 0.74 0.510204081632653 0.96078431372549 0.863545418167267 2 2
0.958333333333333 1 0.857142857142857 1 0.65 0.871794871794872 0.508196721311475 0.854981084489281 1 2
0.958333333333333 1 0.857142857142857 1 0.71 0.948717948717949 0.557377049180328 0.864649012189996 2 2
1 1 1 1 0.8 0.816326530612245 0.784313725490196 0.902761104441777 1 2
1 1 1 1 0.84 0.897959183673469 0.784313725490196 0.914365746298519 2 2
0.875 0.777777777777778 0.933333333333333 0.985185185185185 0.75 0.553191489361702 0.924528301886792 0.865917302288238 1 2
0.958333333333333 0.888888888888889 1 0.992592592592593 0.64 0.276595744680851 0.962264150943396 0.863910076274588 2 2
0.916666666666667 0.916666666666667 0.916666666666667 0.958333333333333 0.78 0.795918367346939 0.764705882352941 0.869947979191677 1 2
0.916666666666667 0.916666666666667 0.916666666666667 0.986111111111111 0.77 0.755102040816326 0.784313725490196 0.833533413365346 2 2
0.958333333333333 1 0.916666666666667 0.993055555555556 0.84 0.847826086956522 0.833333333333333 0.916264090177134 1 2
0.958333333333333 1 0.916666666666667 1 0.85 0.91304347826087 0.796296296296296 0.922705314009662 2 2
0.916666666666667 1 0.846153846153846 0.951048951048951 0.77 0.759259259259259 0.782608695652174 0.847423510466989 1 2
0.958333333333333 1 0.923076923076923 0.979020979020979 0.68 0.611111111111111 0.760869565217391 0.816425120772947 2 2
0.916666666666667 0.916666666666667 0.916666666666667 0.9375 0.77 0.58974358974359 0.885245901639344 0.804960067255149 1 2
0.875 0.833333333333333 0.916666666666667 0.986111111111111 0.76 0.564102564102564 0.885245901639344 0.854140395124002 2 2
0.875 1 0.727272727272727 0.951048951048951 0.72 0.911111111111111 0.563636363636364 0.902626262626263 1 2
0.958333333333333 1 0.909090909090909 0.993006993006993 0.85 0.866666666666667 0.836363636363636 0.920808080808081 2 2
0.958333333333333 1 0.923076923076923 1 0.79 0.826086956521739 0.759259259259259 0.874798711755233 1 2
1 1 1 1 0.79 0.717391304347826 0.851851851851852 0.881642512077295 2 2
1 1 1 1 0.75 0.703703703703704 0.804347826086957 0.842995169082126 1 2
1 1 1 1 0.79 0.703703703703704 0.891304347826087 0.847020933977456 2 2
1 1 1 1 0.87 0.879310344827586 0.857142857142857 0.915845648604269 1 2
1 1 1 1 0.81 0.862068965517241 0.738095238095238 0.888752052545156 2 2
0.916666666666667 0.9 0.928571428571429 0.992857142857143 0.78 0.66 0.9 0.84 1 2
0.958333333333333 1 0.928571428571429 1 0.76 0.58 0.94 0.892 2 2
0.916666666666667 0.818181818181818 1 0.958041958041958 0.83 0.636363636363636 0.982142857142857 0.927353896103896 1 2
1 1 1 1 0.87 0.75 0.964285714285714 0.934659090909091 2 2
1 1 1 1 0.76 0.584905660377358 0.957446808510638 0.898032918506624 1 2
1 1 1 1 0.74 0.509433962264151 1 0.896025692492975 2 2
1 1 1 1 0.74 0.73469387755102 0.745098039215686 0.838335334133653 1 2
1 1 1 1 0.75 0.693877551020408 0.803921568627451 0.860744297719088 2 2
1 1 1 1 0.84 0.826923076923077 0.854166666666667 0.924278846153846 1 2
1 1 1 1 0.85 0.903846153846154 0.791666666666667 0.920272435897436 2 2
1 1 1 1 0.83 0.862745098039216 0.795918367346939 0.883153261304522 1 2
1 1 1 1 0.82 0.843137254901961 0.795918367346939 0.912364945978391 2 2
0.958333333333333 1 0.909090909090909 0.958041958041958 0.79 0.905660377358491 0.659574468085106 0.890405459654757 1 2
0.958333333333333 1 0.909090909090909 1 0.8 0.905660377358491 0.680851063829787 0.909273384183059 2 2
0.916666666666667 0.8 1 0.985714285714286 0.69 0.490909090909091 0.933333333333333 0.85010101010101 1 2
0.958333333333333 1 0.928571428571429 0.992857142857143 0.76 0.654545454545455 0.888888888888889 0.908686868686869 2 2
0.916666666666667 1 0.818181818181818 1 0.85 0.851063829787234 0.849056603773585 0.921316740264954 1 2
1 1 1 1 0.76 0.957446808510638 0.584905660377358 0.899237254114813 2 2
0.958333333333333 1 0.916666666666667 0.993055555555556 0.81 0.696428571428571 0.954545454545455 0.872159090909091 1 2
0.958333333333333 1 0.916666666666667 0.993055555555556 0.79 0.660714285714286 0.954545454545455 0.922077922077922 2 2
1 1 1 1 0.78 0.636363636363636 0.955555555555556 0.91959595959596 1 2
1 1 1 1 0.72 0.545454545454545 0.933333333333333 0.906666666666667 2 2
0.791666666666667 0.916666666666667 0.666666666666667 0.916666666666667 0.62 0.865384615384615 0.354166666666667 0.75400641025641 1 2
0.958333333333333 0.916666666666667 1 0.993055555555556 0.86 0.903846153846154 0.8125 0.927884615384615 2 2
0.958333333333333 0.833333333333333 1 0.916666666666667 0.72 0.470588235294118 0.979591836734694 0.881152460984394 1 2
1 1 1 1 0.83 0.784313725490196 0.877551020408163 0.919167667066827 2 2
0.916666666666667 1 0.8 0.992857142857143 0.88 0.86 0.9 0.9484 1 2
0.958333333333333 1 0.9 1 0.79 0.76 0.82 0.9068 2 2
0.958333333333333 0.888888888888889 1 0.925925925925926 0.78 0.666666666666667 0.91304347826087 0.881642512077295 1 2
1 1 1 1 0.87 0.833333333333333 0.91304347826087 0.946859903381642 2 2
0.916666666666667 0.833333333333333 1 0.986111111111111 0.8 0.769230769230769 0.833333333333333 0.883413461538462 1 2
1 1 1 1 0.77 0.788461538461538 0.75 0.895833333333333 2 2
0.625 1 0 0.807407407407407 0.49 1 0 0.939575830332133 1 2
0.875 0.933333333333333 0.777777777777778 0.985185185185185 0.73 0.938775510204082 0.529411764705882 0.887154861944778 2 2
0.875 1 0.666666666666667 0.985185185185185 0.64 0.9 0.38 0.7528 1 2
0.958333333333333 1 0.888888888888889 1 0.61 0.96 0.26 0.8128 2 2
0.958333333333333 1 0.9 0.964285714285714 0.7 0.72 0.68 0.8228 1 2
0.958333333333333 1 0.9 0.992857142857143 0.74 0.68 0.8 0.8316 2 2
0.875 1 0.727272727272727 0.937062937062937 0.69 0.792452830188679 0.574468085106383 0.798474508229627 1 2
0.958333333333333 1 0.909090909090909 1 0.66 0.867924528301887 0.425531914893617 0.764351665997591 2 2
0.875 0.8 0.928571428571429 0.985714285714286 0.86 0.821428571428571 0.909090909090909 0.898538961038961 1 2
0.916666666666667 0.8 1 1 0.78 0.625 0.977272727272727 0.935064935064935 2 2
0.916666666666667 0.75 1 0.9765625 0.8 0.666666666666667 0.956521739130435 0.908212560386473 1 2
1 1 1 1 0.89 0.87037037037037 0.91304347826087 0.932769726247987 2 2
0.833333333333333 0.7 0.928571428571429 0.964285714285714 0.86 0.769230769230769 0.958333333333333 0.944310897435897 1 3
0.958333333333333 0.9 1 0.992857142857143 0.77 0.615384615384615 0.9375 0.930288461538462 2 3
0.833333333333333 0.928571428571429 0.7 0.964285714285714 0.75 0.886792452830189 0.595744680851064 0.888398233641108 1 3
0.958333333333333 1 0.9 0.992857142857143 0.79 0.962264150943396 0.595744680851064 0.899237254114813 2 3
0.916666666666667 1 0.777777777777778 0.955555555555555 0.9 0.948275862068966 0.833333333333333 0.935139573070608 1 3
0.958333333333333 1 0.888888888888889 1 0.81 0.896551724137931 0.69047619047619 0.921182266009852 2 3
0.875 0.923076923076923 0.818181818181818 0.93006993006993 0.82 0.857142857142857 0.793103448275862 0.907224958949097 1 3
1 1 1 1 0.88 0.785714285714286 0.948275862068966 0.938423645320197 2 3
1 1 1 1 0.83 0.785714285714286 0.886363636363636 0.921672077922078 1 3
1 1 1 1 0.84 0.821428571428571 0.863636363636364 0.924512987012987 2 3
1 1 1 1 0.76 0.705882352941177 0.816326530612245 0.870348139255702 1 3
1 1 1 1 0.77 0.725490196078431 0.816326530612245 0.880752300920368 2 3
0.958333333333333 0.888888888888889 1 1 0.82 0.625 1 0.830929487179487 1 3
0.958333333333333 0.888888888888889 1 1 0.79 0.583333333333333 0.980769230769231 0.92588141025641 2 3
0.791666666666667 1 0.375 0.96875 0.68 0.964285714285714 0.318181818181818 0.901785714285714 1 3
0.875 0.9375 0.75 0.984375 0.85 0.964285714285714 0.704545454545455 0.936688311688312 2 3
1 1 1 1 0.88 0.761904761904762 0.96551724137931 0.93431855500821 1 3
1 1 1 1 0.85 0.642857142857143 1 0.914203612479475 2 3
0.916666666666667 0.909090909090909 0.923076923076923 0.993006993006993 0.88 0.86 0.9 0.9404 1 3
0.916666666666667 0.909090909090909 0.923076923076923 0.979020979020979 0.8 0.8 0.8 0.8976 2 3
0.916666666666667 1 0.846153846153846 0.986013986013986 0.83 0.804878048780488 0.847457627118644 0.893757751136833 1 3
0.958333333333333 1 0.923076923076923 1 0.8 0.829268292682927 0.779661016949153 0.904919388176933 2 3
0.916666666666667 0.833333333333333 1 0.9375 0.79 0.714285714285714 0.862745098039216 0.868347338935574 1 3
0.916666666666667 0.833333333333333 1 0.986111111111111 0.75 0.63265306122449 0.862745098039216 0.857943177270908 2 3
0.916666666666667 1 0.846153846153846 1 0.87 0.826923076923077 0.916666666666667 0.947516025641026 1 3
0.958333333333333 1 0.923076923076923 1 0.78 0.788461538461538 0.770833333333333 0.91025641025641 2 3
0.916666666666667 0.916666666666667 0.916666666666667 0.979166666666667 0.84 0.803921568627451 0.877551020408163 0.923569427771108 1 3
0.958333333333333 1 0.916666666666667 1 0.8 0.725490196078431 0.877551020408163 0.879151660664266 2 3
1 1 1 1 0.8 0.66 0.94 0.9092 1 3
1 1 1 1 0.8 0.64 0.96 0.9316 2 3
0.916666666666667 0.928571428571429 0.9 0.985714285714286 0.84 0.75 0.923076923076923 0.924679487179487 1 3
0.958333333333333 1 0.9 0.992857142857143 0.84 0.916666666666667 0.769230769230769 0.941105769230769 2 3
0.958333333333333 1 0.909090909090909 1 0.8 0.72 0.88 0.8576 1 3
1 1 1 1 0.75 0.64 0.86 0.8492 2 3
0.958333333333333 1 0.928571428571429 1 0.83 0.733333333333333 0.909090909090909 0.926868686868687 1 3
1 1 1 1 0.76 0.511111111111111 0.963636363636364 0.901010101010101 2 3
0.875 1 0.666666666666667 1 0.81 0.772727272727273 0.839285714285714 0.896103896103896 1 3
1 1 1 1 0.81 0.704545454545455 0.892857142857143 0.844967532467532 2 3
0.916666666666667 1 0.777777777777778 0.985185185185185 0.82 0.913793103448276 0.69047619047619 0.894499178981938 1 3
0.958333333333333 1 0.888888888888889 0.992592592592593 0.83 0.948275862068966 0.666666666666667 0.912151067323481 2 3
0.916666666666667 0.916666666666667 0.916666666666667 0.9375 0.82 0.738095238095238 0.879310344827586 0.873973727422003 1 3
0.958333333333333 1 0.916666666666667 0.993055555555556 0.76 0.69047619047619 0.810344827586207 0.830049261083744 2 3
1 1 1 1 0.82 0.86 0.78 0.9048 1 3
1 1 1 1 0.83 0.84 0.82 0.9028 2 3
0.958333333333333 1 0.909090909090909 1 0.86 0.839285714285714 0.886363636363636 0.929383116883117 1 3
1 1 1 1 0.83 0.821428571428571 0.840909090909091 0.903409090909091 2 3
1 1 1 1 0.85 0.847826086956522 0.851851851851852 0.917471819645733 1 3
1 1 1 1 0.8 0.695652173913043 0.888888888888889 0.871578099838969 2 3
0.875 0.846153846153846 0.909090909090909 0.979020979020979 0.82 0.813559322033898 0.829268292682927 0.923935510541546 1 3
0.958333333333333 1 0.909090909090909 0.979020979020979 0.8 0.796610169491525 0.804878048780488 0.909466721785862 2 3
0.958333333333333 0.9 1 0.985714285714286 0.83 0.808510638297872 0.849056603773585 0.909273384183059 1 3
0.958333333333333 1 0.928571428571429 1 0.83 0.829787234042553 0.830188679245283 0.921316740264954 2 3
0.833333333333333 1 0.6 0.921428571428571 0.59 0.916666666666667 0.288461538461538 0.866586538461538 1 3
0.958333333333333 1 0.9 0.992857142857143 0.81 0.916666666666667 0.711538461538462 0.889423076923077 2 3
0.875 0.846153846153846 0.909090909090909 0.986013986013986 0.81 0.87037037037037 0.739130434782609 0.923913043478261 1 3
1 1 1 1 0.75 0.777777777777778 0.717391304347826 0.882447665056361 2 3
1 1 1 1 0.87 0.884615384615385 0.854166666666667 0.933092948717949 1 3
0.958333333333333 0.909090909090909 1 1 0.84 0.788461538461538 0.895833333333333 0.908653846153846 2 3
1 1 1 1 0.81 0.884615384615385 0.729166666666667 0.903445512820513 1 3
1 1 1 1 0.79 0.903846153846154 0.666666666666667 0.909054487179487 2 3
0.958333333333333 0.909090909090909 1 1 0.82 0.816326530612245 0.823529411764706 0.893957583033213 1 3
1 1 1 1 0.83 0.857142857142857 0.803921568627451 0.87875150060024 2 3
1 1 1 1 0.81 0.693877551020408 0.92156862745098 0.909163665466186 1 3
1 1 1 1 0.77 0.653061224489796 0.882352941176471 0.884353741496599 2 3
1 1 1 1 0.79 0.672413793103448 0.952380952380952 0.866174055829228 1 3
1 1 1 1 0.76 0.620689655172414 0.952380952380952 0.910098522167488 2 3
0.875 0.833333333333333 0.916666666666667 0.9375 0.79 0.807017543859649 0.767441860465116 0.86046511627907 1 3
0.958333333333333 1 0.916666666666667 0.972222222222222 0.86 0.894736842105263 0.813953488372093 0.900448796409629 2 3
0.958333333333333 0.923076923076923 1 0.993006993006993 0.77 0.674418604651163 0.842105263157895 0.881272949816401 1 3
1 1 1 1 0.83 0.813953488372093 0.842105263157895 0.912280701754386 2 3
0.875 0.9 0.857142857142857 0.971428571428571 0.85 0.754385964912281 0.976744186046512 0.962464300285598 1 3
0.958333333333333 1 0.928571428571429 1 0.85 0.807017543859649 0.906976744186046 0.933496532027744 2 3
0.916666666666667 0.916666666666667 0.916666666666667 0.979166666666667 0.77 0.759259259259259 0.782608695652174 0.849436392914654 1 3
1 1 1 1 0.81 0.777777777777778 0.847826086956522 0.859500805152979 2 3
1 1 1 1 0.76 0.6 1 0.95625 1 3
0.958333333333333 0.857142857142857 1 1 0.83 0.716666666666667 1 0.988333333333333 2 3
0.958333333333333 0.888888888888889 1 1 0.84 0.658536585365854 0.966101694915254 0.864406779661017 1 3
1 1 1 1 0.78 0.560975609756098 0.932203389830508 0.820587019429516 2 3
1 1 1 1 0.8 0.823529411764706 0.775510204081633 0.9015606242497 1 3
1 1 1 1 0.77 0.784313725490196 0.755102040816326 0.847939175670268 2 3
1 1 1 1 0.78 0.543478260869565 0.981481481481482 0.849033816425121 1 3
1 1 1 1 0.78 0.58695652173913 0.944444444444444 0.87962962962963 2 3
0.958333333333333 1 0.916666666666667 1 0.73 0.818181818181818 0.660714285714286 0.872970779220779 1 3
0.916666666666667 1 0.833333333333333 1 0.76 0.818181818181818 0.714285714285714 0.902597402597403 2 3
0.916666666666667 0.9 0.928571428571429 0.992857142857143 0.81 0.74 0.88 0.8904 1 3
0.916666666666667 0.8 1 0.985714285714286 0.81 0.72 0.9 0.9384 2 3
0.916666666666667 1 0.833333333333333 0.979166666666667 0.82 0.901960784313726 0.73469387755102 0.877551020408163 1 3
0.916666666666667 0.916666666666667 0.916666666666667 0.986111111111111 0.73 0.647058823529412 0.816326530612245 0.840736294517807 2 3
1 1 1 1 0.78 0.672131147540984 0.948717948717949 0.904161412358134 1 3
1 1 1 1 0.73 0.590163934426229 0.948717948717949 0.903320722992854 2 3
1 1 1 1 0.69 0.541666666666667 0.826923076923077 0.800480769230769 1 3
1 1 1 1 0.77 0.75 0.788461538461538 0.827724358974359 2 3
0.958333333333333 1 0.928571428571429 1 0.91 0.875 0.933333333333333 0.943333333333333 1 3
0.958333333333333 0.9 1 1 0.88 0.8 0.933333333333333 0.924166666666667 2 3
0.958333333333333 1 0.875 1 0.84 0.911111111111111 0.781818181818182 0.957171717171717 1 3
1 1 1 1 0.85 0.888888888888889 0.818181818181818 0.940606060606061 2 3
0.916666666666667 0.875 0.9375 0.953125 0.8 0.574468085106383 1 0.912484945804898 1 3
0.958333333333333 1 0.9375 0.96875 0.81 0.638297872340426 0.962264150943396 0.913287836210357 2 3
0.958333333333333 1 0.9 1 0.78 0.804347826086957 0.759259259259259 0.892914653784219 1 3
1 1 1 1 0.75 0.869565217391304 0.648148148148148 0.886876006441224 2 3
0.916666666666667 1 0.777777777777778 1 0.77 0.816326530612245 0.725490196078431 0.887154861944778 1 3
0.958333333333333 1 0.888888888888889 1 0.85 0.795918367346939 0.901960784313726 0.926370548219288 2 3
0.666666666666667 1 0 0.7421875 0.51 1 0 0.9343737494998 1 3
0.666666666666667 1 0 0.9609375 0.51 1 0 0.935174069627851 2 3
0.958333333333333 0.909090909090909 1 0.993006993006993 0.7 0.404255319148936 0.962264150943396 0.803693295865114 1 3
1 1 1 1 0.73 0.638297872340426 0.811320754716981 0.766358892011241 2 3
1 1 1 1 0.83 0.833333333333333 0.828125 0.922743055555556 1 3
1 1 1 1 0.82 0.861111111111111 0.796875 0.901041666666667 2 3
0.958333333333333 1 0.923076923076923 0.986013986013986 0.81 0.666666666666667 0.942307692307692 0.926682692307692 1 3
1 1 1 1 0.82 0.625 1 0.887820512820513 2 3
0.916666666666667 1 0.818181818181818 0.888111888111888 0.81 0.723404255319149 0.886792452830189 0.896427137695704 1 3
0.958333333333333 1 0.909090909090909 0.993006993006993 0.82 0.872340425531915 0.773584905660377 0.926535527900442 2 3
0.875 0.923076923076923 0.818181818181818 0.874125874125874 0.8 0.80952380952381 0.793103448275862 0.873563218390805 1 3
0.916666666666667 0.923076923076923 0.909090909090909 0.986013986013986 0.75 0.642857142857143 0.827586206896552 0.861658456486043 2 3
0.875 0.625 1 0.9921875 0.83 0.659090909090909 0.964285714285714 0.909902597402597 1 3
1 1 1 1 0.83 0.704545454545455 0.928571428571429 0.910714285714286 2 3
0.958333333333333 0.888888888888889 1 0.962962962962963 0.71 0.46 0.96 0.8424 1 3
0.958333333333333 0.888888888888889 1 1 0.74 0.58 0.9 0.862 2 3
0.916666666666667 0.909090909090909 0.923076923076923 0.951048951048951 0.86 0.733333333333333 0.963636363636364 0.924444444444444 1 3
0.958333333333333 0.909090909090909 1 0.993006993006993 0.84 0.711111111111111 0.945454545454545 0.931717171717172 2 3
1 1 1 1 0.86 0.915254237288136 0.780487804878049 0.934683753617197 1 3
1 1 1 1 0.83 0.847457627118644 0.804878048780488 0.906159570070277 2 3
1 1 1 1 0.81 0.823529411764706 0.795918367346939 0.895558223289316 1 3
1 1 1 1 0.8 0.882352941176471 0.714285714285714 0.928771508603441 2 3
1 1 1 1 0.88 0.927272727272727 0.822222222222222 0.952727272727273 1 3
1 1 1 1 0.87 0.890909090909091 0.844444444444444 0.943838383838384 2 3
0.875 0.923076923076923 0.818181818181818 0.986013986013986 0.8 0.905660377358491 0.680851063829787 0.88358089120835 1 3
1 1 1 1 0.73 0.849056603773585 0.595744680851064 0.867121637896427 2 3
0.916666666666667 1 0.8 0.985714285714286 0.79 0.882352941176471 0.693877551020408 0.881952781112445 1 3
0.916666666666667 1 0.8 0.992857142857143 0.8 0.647058823529412 0.959183673469388 0.907563025210084 2 3
0.875 0.916666666666667 0.833333333333333 0.972222222222222 0.82 0.877551020408163 0.764705882352941 0.897959183673469 1 3
0.916666666666667 0.916666666666667 0.916666666666667 0.993055555555556 0.82 0.857142857142857 0.784313725490196 0.903961584633854 2 3
0.875 0.625 1 1 0.69 0.387755102040816 0.980392156862745 0.915966386554622 1 3
1 1 1 1 0.7 0.428571428571429 0.96078431372549 0.855142056822729 2 3
0.958333333333333 1 0.857142857142857 1 0.66 0.923076923076923 0.491803278688525 0.880622110130307 1 3
0.958333333333333 1 0.857142857142857 1 0.71 0.948717948717949 0.557377049180328 0.878940731399748 2 3
1 1 1 1 0.8 0.836734693877551 0.764705882352941 0.903561424569828 1 3
1 1 1 1 0.85 0.918367346938776 0.784313725490196 0.915966386554622 2 3
0.875 0.777777777777778 0.933333333333333 0.985185185185185 0.81 0.595744680851064 1 0.873544761140104 1 3
0.958333333333333 0.888888888888889 1 0.992592592592593 0.68 0.340425531914894 0.981132075471698 0.897230028101164 2 3
0.875 0.916666666666667 0.833333333333333 0.958333333333333 0.78 0.795918367346939 0.764705882352941 0.875950380152061 1 3
0.916666666666667 0.916666666666667 0.916666666666667 0.986111111111111 0.77 0.755102040816326 0.784313725490196 0.858343337334934 2 3
0.916666666666667 0.916666666666667 0.916666666666667 0.993055555555556 0.77 0.760869565217391 0.777777777777778 0.880434782608696 1 3
0.958333333333333 1 0.916666666666667 0.993055555555556 0.82 0.804347826086957 0.833333333333333 0.902173913043478 2 3
0.916666666666667 1 0.846153846153846 0.951048951048951 0.78 0.796296296296296 0.760869565217391 0.853462157809984 1 3
0.958333333333333 1 0.923076923076923 0.979020979020979 0.7 0.62962962962963 0.782608695652174 0.827697262479871 2 3
0.875 0.833333333333333 0.916666666666667 0.902777777777778 0.77 0.564102564102564 0.901639344262295 0.790248003362757 1 3
0.875 0.833333333333333 0.916666666666667 0.986111111111111 0.78 0.512820512820513 0.950819672131147 0.881042454812947 2 3
0.875 1 0.727272727272727 0.951048951048951 0.68 0.933333333333333 0.472727272727273 0.881212121212121 1 3
0.958333333333333 1 0.909090909090909 1 0.85 0.888888888888889 0.818181818181818 0.935757575757576 2 3
0.958333333333333 1 0.923076923076923 1 0.8 0.826086956521739 0.777777777777778 0.877214170692432 1 3
1 1 1 1 0.8 0.717391304347826 0.87037037037037 0.891304347826087 2 3
0.958333333333333 1 0.933333333333333 1 0.73 0.648148148148148 0.826086956521739 0.85024154589372 1 3
1 1 1 1 0.76 0.62962962962963 0.91304347826087 0.833333333333333 2 3
1 1 1 1 0.85 0.862068965517241 0.833333333333333 0.915845648604269 1 3
0.958333333333333 1 0.9 1 0.83 0.896551724137931 0.738095238095238 0.893267651888342 2 3
0.916666666666667 0.8 1 1 0.79 0.6 0.98 0.8356 1 3
0.958333333333333 1 0.928571428571429 1 0.74 0.54 0.94 0.89 2 3
0.916666666666667 0.818181818181818 1 0.958041958041958 0.82 0.636363636363636 0.964285714285714 0.911525974025974 1 3
1 1 1 1 0.86 0.75 0.946428571428571 0.92288961038961 2 3
1 1 1 1 0.81 0.679245283018868 0.957446808510638 0.895222802087515 1 3
1 1 1 1 0.75 0.528301886792453 1 0.894821356884785 2 3
1 1 1 1 0.77 0.714285714285714 0.823529411764706 0.836734693877551 1 3
1 1 1 1 0.8 0.73469387755102 0.862745098039216 0.854741896758703 2 3
1 1 1 1 0.83 0.846153846153846 0.8125 0.907051282051282 1 3
1 1 1 1 0.8 0.846153846153846 0.75 0.889423076923077 2 3
0.958333333333333 1 0.916666666666667 1 0.82 0.862745098039216 0.775510204081633 0.888355342136855 1 3
1 1 1 1 0.81 0.843137254901961 0.775510204081633 0.922769107643057 2 3
0.916666666666667 0.923076923076923 0.909090909090909 0.986013986013986 0.79 0.830188679245283 0.74468085106383 0.881172219991971 1 3
0.958333333333333 1 0.909090909090909 1 0.82 0.886792452830189 0.74468085106383 0.900441589723003 2 3
0.958333333333333 0.9 1 0.985714285714286 0.71 0.527272727272727 0.933333333333333 0.841616161616162 1 3
0.958333333333333 1 0.928571428571429 1 0.76 0.672727272727273 0.866666666666667 0.899393939393939 2 3
0.916666666666667 1 0.818181818181818 1 0.84 0.808510638297872 0.867924528301887 0.90766760337214 1 3
1 1 1 1 0.74 0.978723404255319 0.528301886792453 0.895222802087515 2 3
0.958333333333333 1 0.916666666666667 0.958333333333333 0.83 0.821428571428571 0.840909090909091 0.894886363636364 1 3
0.958333333333333 1 0.916666666666667 0.986111111111111 0.83 0.803571428571429 0.863636363636364 0.929788961038961 2 3
1 1 1 1 0.76 0.6 0.955555555555556 0.908282828282828 1 3
1 1 1 1 0.7 0.509090909090909 0.933333333333333 0.901414141414141 2 3
0.791666666666667 0.916666666666667 0.666666666666667 0.909722222222222 0.62 0.903846153846154 0.3125 0.764423076923077 1 3
0.958333333333333 0.916666666666667 1 0.993055555555556 0.9 0.923076923076923 0.875 0.931490384615385 2 3
0.958333333333333 0.833333333333333 1 0.916666666666667 0.74 0.529411764705882 0.959183673469388 0.877551020408163 1 3
1 1 1 1 0.81 0.803921568627451 0.816326530612245 0.912364945978391 2 3
0.958333333333333 1 0.9 0.992857142857143 0.88 0.84 0.92 0.9568 1 3
0.958333333333333 1 0.9 0.992857142857143 0.83 0.78 0.88 0.9172 2 3
0.916666666666667 0.777777777777778 1 0.925925925925926 0.78 0.62962962962963 0.956521739130435 0.890096618357488 1 3
1 1 1 1 0.86 0.814814814814815 0.91304347826087 0.953703703703704 2 3
0.875 0.833333333333333 0.916666666666667 0.986111111111111 0.82 0.807692307692308 0.833333333333333 0.899038461538462 1 3
1 1 1 1 0.81 0.826923076923077 0.791666666666667 0.895032051282051 2 3
0.625 1 0 0.844444444444444 0.65 0.979591836734694 0.333333333333333 0.839935974389756 1 3
0.875 0.933333333333333 0.777777777777778 0.985185185185185 0.63 0.857142857142857 0.411764705882353 0.736294517807123 2 3
0.875 1 0.666666666666667 0.992592592592593 0.61 0.84 0.38 0.7596 1 3
0.958333333333333 1 0.888888888888889 1 0.61 0.96 0.26 0.8188 2 3
0.958333333333333 1 0.9 0.992857142857143 0.78 0.88 0.68 0.8868 1 3
0.958333333333333 1 0.9 1 0.82 0.84 0.8 0.8836 2 3
0.916666666666667 1 0.818181818181818 0.937062937062937 0.71 0.773584905660377 0.638297872340426 0.771979124849458 1 3
0.958333333333333 1 0.909090909090909 1 0.64 0.886792452830189 0.361702127659574 0.752709755118426 2 3
0.875 0.8 0.928571428571429 0.985714285714286 0.84 0.803571428571429 0.886363636363636 0.903003246753247 1 3
0.916666666666667 0.8 1 1 0.8 0.642857142857143 1 0.9375 2 3
0.958333333333333 0.875 1 0.984375 0.81 0.685185185185185 0.956521739130435 0.925523349436393 1 3
1 1 1 1 0.91 0.907407407407407 0.91304347826087 0.946457326892109 2 3
