0.9125 0.864864864864865 0.953488372093023 0.960402262727844 0.85 0.769230769230769 0.9375 0.933092948717949 1 1
0.975 0.972972972972973 0.976744186046512 0.999371464487744 0.88 0.884615384615385 0.875 0.958333333333333 2 1
0.825 0.777777777777778 0.863636363636364 0.898989898989899 0.87 0.87037037037037 0.869565217391304 0.940821256038647 1 1
0.9125 0.861111111111111 0.954545454545455 0.982954545454545 0.85 0.851851851851852 0.847826086956522 0.956119162640902 2 1
0.925 0.953488372093023 0.891891891891892 0.975487115021999 0.85 0.863636363636364 0.839285714285714 0.942775974025974 1 1
1 1 1 1 0.89 0.954545454545455 0.839285714285714 0.960633116883117 2 1
0.875 0.888888888888889 0.863636363636364 0.964015151515151 0.86 0.863636363636364 0.857142857142857 0.905032467532468 1 1
0.9625 0.972222222222222 0.954545454545455 0.996843434343434 0.85 0.818181818181818 0.875 0.920048701298701 2 1
0.925 0.891891891891892 0.953488372093023 0.96291640477687 0.83 0.795918367346939 0.862745098039216 0.912765106042417 1 1
0.9625 0.945945945945946 0.976744186046512 0.983029541169076 0.87 0.816326530612245 0.92156862745098 0.9343737494998 2 1
0.8875 0.978723404255319 0.757575757575758 0.963894261766602 0.8 0.857142857142857 0.727272727272727 0.90625 1 1
0.975 1 0.939393939393939 0.996131528046422 0.82 0.946428571428571 0.659090909090909 0.945211038961039 2 1
0.9 0.918918918918919 0.883720930232558 0.976115650534255 0.8 0.755555555555556 0.836363636363636 0.878383838383838 1 1
0.9875 0.972972972972973 1 0.996228786926461 0.83 0.733333333333333 0.909090909090909 0.922424242424242 2 1
0.8875 0.930232558139535 0.837837837837838 0.95223130106851 0.84 0.796296296296296 0.891304347826087 0.888486312399356 1 1
0.9625 0.976744186046512 0.945945945945946 0.998114393463231 0.78 0.685185185185185 0.891304347826087 0.904589371980676 2 1
0.85 0.886363636363636 0.805555555555556 0.933712121212121 0.83 0.849056603773585 0.808510638297872 0.919710959454034 1 1
0.925 0.954545454545455 0.888888888888889 0.994318181818182 0.86 0.905660377358491 0.808510638297872 0.942994781212364 2 1
0.85 0.923076923076923 0.780487804878049 0.936210131332083 0.85 0.82 0.88 0.8884 1 1
0.95 0.974358974358974 0.926829268292683 0.989368355222014 0.86 0.84 0.88 0.9432 2 1
0.8875 0.92 0.833333333333333 0.981333333333333 0.84 0.840909090909091 0.839285714285714 0.891233766233766 1 1
0.9875 0.98 1 0.995333333333333 0.85 0.863636363636364 0.839285714285714 0.89163961038961 2 1
0.8625 0.842105263157895 0.880952380952381 0.947368421052632 0.82 0.72 0.92 0.9012 1 1
0.8875 0.868421052631579 0.904761904761905 0.974937343358396 0.85 0.74 0.96 0.93 2 1
0.9125 0.930232558139535 0.891891891891892 0.976744186046512 0.85 0.933333333333333 0.781818181818182 0.938181818181818 1 1
0.9375 0.976744186046512 0.891891891891892 0.989943431803897 0.82 0.888888888888889 0.763636363636364 0.943434343434343 2 1
0.9375 0.952380952380952 0.921052631578947 0.994987468671679 0.84 0.745454545454545 0.955555555555556 0.938989898989899 1 1
0.975 1 0.947368421052632 0.996240601503759 0.86 0.781818181818182 0.955555555555556 0.953131313131313 2 1
0.825 0.85 0.8 0.956875 0.93 0.946428571428571 0.909090909090909 0.956168831168831 1 1
0.9375 0.95 0.925 0.99125 0.91 0.892857142857143 0.931818181818182 0.94724025974026 2 1
0.9125 0.933333333333333 0.885714285714286 0.977777777777778 0.81 0.666666666666667 0.942307692307692 0.916266025641026 1 1
0.9875 1 0.971428571428571 0.983492063492064 0.84 0.708333333333333 0.961538461538462 0.966346153846154 2 1
0.8875 0.864864864864865 0.906976744186046 0.973601508485229 0.85 0.846153846153846 0.854166666666667 0.945913461538462 1 1
0.95 0.945945945945946 0.953488372093023 0.991829038340666 0.87 0.826923076923077 0.916666666666667 0.955929487179487 2 1
0.9125 0.861111111111111 0.954545454545455 0.962752525252525 0.87 0.909090909090909 0.822222222222222 0.949090909090909 1 1
0.975 0.972222222222222 0.977272727272727 0.993686868686869 0.9 0.927272727272727 0.866666666666667 0.96969696969697 2 1
0.8375 0.888888888888889 0.771428571428571 0.914285714285714 0.82 0.843137254901961 0.795918367346939 0.918367346938776 1 1
0.9375 0.933333333333333 0.942857142857143 0.982857142857143 0.81 0.843137254901961 0.775510204081633 0.909963985594238 2 1
0.85 0.888888888888889 0.8 0.942222222222222 0.85 0.888888888888889 0.804347826086957 0.950080515297907 1 1
0.925 0.911111111111111 0.942857142857143 0.991746031746032 0.86 0.851851851851852 0.869565217391304 0.947665056360709 2 1
0.8125 0.736842105263158 0.880952380952381 0.922305764411028 0.77 0.604166666666667 0.923076923076923 0.917067307692308 1 1
0.9375 0.921052631578947 0.952380952380952 0.981829573934837 0.78 0.791666666666667 0.769230769230769 0.888621794871795 2 1
0.925 0.928571428571429 0.921052631578947 0.965538847117794 0.86 0.82 0.9 0.9236 1 1
0.925 0.904761904761905 0.947368421052632 0.979323308270677 0.89 0.86 0.92 0.9628 2 1
0.85 0.866666666666667 0.828571428571429 0.946031746031746 0.82 0.862745098039216 0.775510204081633 0.90796318527411 1 1
0.9625 0.955555555555556 0.971428571428571 0.991746031746032 0.84 0.882352941176471 0.795918367346939 0.955182072829132 2 1
0.8375 0.92 0.7 0.939333333333333 0.85 0.888888888888889 0.804347826086957 0.913848631239936 1 1
0.9375 0.94 0.933333333333333 0.983333333333333 0.85 0.944444444444444 0.739130434782609 0.948067632850242 2 1
0.9375 0.970588235294118 0.91304347826087 0.955242966751918 0.8 0.744186046511628 0.842105263157895 0.83108935128519 1 1
0.9625 0.970588235294118 0.956521739130435 0.990409207161125 0.81 0.651162790697674 0.929824561403509 0.880456956344349 2 1
0.9375 0.930232558139535 0.945945945945946 0.984915147705845 0.8 0.75 0.833333333333333 0.867916666666667 1 1
0.9625 0.953488372093023 0.972972972972973 0.997485857950974 0.79 0.775 0.8 0.892083333333333 2 1
0.95 0.945945945945946 0.953488372093023 0.976115650534255 0.83 0.846153846153846 0.8125 0.91025641025641 1 1
1 1 1 1 0.84 0.865384615384615 0.8125 0.918669871794872 2 1
0.8625 0.815789473684211 0.904761904761905 0.93922305764411 0.83 0.790697674418605 0.859649122807018 0.915952672378621 1 1
0.9125 0.921052631578947 0.904761904761905 0.978070175438597 0.87 0.837209302325581 0.894736842105263 0.929824561403509 2 1
0.9 0.902439024390244 0.897435897435897 0.963101938711695 0.84 0.781818181818182 0.911111111111111 0.935757575757576 1 1
0.925 0.926829268292683 0.923076923076923 0.989993746091307 0.88 0.836363636363636 0.933333333333333 0.943434343434343 2 1
0.8125 0.833333333333333 0.789473684210526 0.895363408521303 0.82 0.826923076923077 0.8125 0.911057692307692 1 1
0.9375 0.928571428571429 0.947368421052632 0.985588972431078 0.8 0.807692307692308 0.791666666666667 0.909054487179487 2 1
0.875 0.888888888888889 0.857142857142857 0.908571428571429 0.87 0.933333333333333 0.818181818181818 0.949090909090909 1 1
0.95 0.955555555555556 0.942857142857143 0.991746031746032 0.9 0.888888888888889 0.909090909090909 0.963232323232323 2 1
0.95 0.975 0.925 0.976875 0.91 0.86046511627907 0.947368421052632 0.944104447164423 1 1
0.95 0.975 0.925 0.989375 0.94 0.883720930232558 0.982456140350877 0.977560179518564 2 1
0.9 0.84375 0.9375 0.985026041666667 0.89 0.822222222222222 0.945454545454545 0.955151515151515 1 1
0.9625 0.96875 0.958333333333333 0.994140625 0.87 0.888888888888889 0.854545454545454 0.963232323232323 2 1
0.9 0.897435897435897 0.902439024390244 0.954971857410882 0.79 0.730769230769231 0.854166666666667 0.901442307692308 1 1
0.975 1 0.951219512195122 0.997498436522827 0.85 0.846153846153846 0.854166666666667 0.94551282051282 2 1
0.8875 0.823529411764706 0.934782608695652 0.965473145780051 0.85 0.877551020408163 0.823529411764706 0.936374549819928 1 1
0.95 0.911764705882353 0.978260869565217 0.976342710997442 0.86 0.857142857142857 0.862745098039216 0.938375350140056 2 1
0.95 0.9375 0.958333333333333 0.966796875 0.77 0.634615384615385 0.916666666666667 0.905849358974359 1 1
0.95 0.90625 0.979166666666667 0.994791666666667 0.81 0.653846153846154 0.979166666666667 0.919871794871795 2 1
0.8875 0.952380952380952 0.815789473684211 0.957393483709273 0.9 0.903846153846154 0.895833333333333 0.943108974358974 1 1
0.95 0.976190476190476 0.921052631578947 0.993107769423559 0.89 0.942307692307692 0.833333333333333 0.965144230769231 2 1
0.9125 0.931818181818182 0.888888888888889 0.956439393939394 0.85 0.784313725490196 0.918367346938776 0.92436974789916 1 1
0.9375 0.954545454545455 0.916666666666667 0.985479797979798 0.87 0.803921568627451 0.938775510204082 0.930372148859544 2 1
0.9125 0.885714285714286 0.933333333333333 0.975873015873016 0.88 0.86046511627907 0.894736842105263 0.955528355773154 1 1
0.9625 0.942857142857143 0.977777777777778 0.990476190476191 0.91 0.86046511627907 0.947368421052632 0.964912280701754 2 1
0.8375 0.727272727272727 0.914893617021277 0.890393294648614 0.86 0.925 0.816666666666667 0.924166666666667 1 1
0.9375 0.878787878787879 0.978723404255319 0.979368149580916 0.87 0.9 0.85 0.918333333333333 2 1
0.925 0.952380952380952 0.894736842105263 0.979323308270677 0.81 0.886363636363636 0.75 0.921266233766234 1 1
0.9625 0.976190476190476 0.947368421052632 0.993734335839599 0.78 0.886363636363636 0.696428571428571 0.912337662337662 2 1
0.9125 0.875 0.95 0.958125 0.87 0.782608695652174 0.944444444444444 0.971014492753623 1 1
0.9375 0.925 0.95 0.969375 0.94 0.956521739130435 0.925925925925926 0.977858293075684 2 1
0.9375 0.948717948717949 0.926829268292683 0.989993746091307 0.87 0.883720930232558 0.859649122807018 0.940024479804162 1 1
0.9875 1 0.975609756097561 1 0.85 0.837209302325581 0.859649122807018 0.946960424316605 2 1
0.9625 0.931034482758621 0.980392156862745 0.987829614604463 0.75 0.612244897959184 0.882352941176471 0.871148459383754 1 1
0.9625 0.931034482758621 0.980392156862745 0.995943204868154 0.8 0.673469387755102 0.92156862745098 0.923969587835134 2 1
0.875 0.880952380952381 0.868421052631579 0.947368421052632 0.81 0.902439024390244 0.745762711864407 0.926415874328235 1 1
0.9625 0.928571428571429 1 0.991228070175439 0.86 0.926829268292683 0.813559322033898 0.95163290615957 2 1
0.925 0.918918918918919 0.930232558139535 0.977372721558768 0.83 0.76 0.9 0.9104 1 1
0.9625 0.972972972972973 0.953488372093023 0.993714644877436 0.85 0.84 0.86 0.9368 2 1
0.95 0.957446808510638 0.939393939393939 0.989684074790458 0.84 0.892857142857143 0.772727272727273 0.944399350649351 1 1
0.975 1 0.939393939393939 0.999355254674404 0.82 0.875 0.75 0.925730519480519 2 1
0.9125 0.875 0.95 0.964375 0.83 0.84 0.82 0.9104 1 1
0.9375 0.9 0.975 0.9975 0.87 0.88 0.86 0.9432 2 1
0.825 0.840909090909091 0.805555555555556 0.914772727272727 0.84 0.962962962962963 0.695652173913043 0.950080515297907 1 1
0.9375 0.931818181818182 0.944444444444444 0.984217171717172 0.94 0.944444444444444 0.934782608695652 0.978260869565217 2 1
0.875 0.878048780487805 0.871794871794872 0.939962476547842 0.83 0.877551020408163 0.784313725490196 0.931172468987595 1 1
0.975 0.951219512195122 1 0.995622263914947 0.86 0.795918367346939 0.92156862745098 0.9343737494998 2 1
0.925 0.975609756097561 0.871794871794872 0.978736710444028 0.9 0.92 0.88 0.98 1 1
0.95 0.975609756097561 0.923076923076923 0.996873045653533 0.94 0.94 0.94 0.9716 2 1
0.9 0.888888888888889 0.909090909090909 0.974116161616162 0.85 0.795454545454545 0.892857142857143 0.914366883116883 1 1
0.9125 0.888888888888889 0.931818181818182 0.983585858585859 0.88 0.795454545454545 0.946428571428571 0.931006493506493 2 1
0.9125 0.921052631578947 0.904761904761905 0.979323308270677 0.89 0.782608695652174 0.981481481481482 0.973832528180354 1 1
0.9625 0.973684210526316 0.952380952380952 0.993107769423559 0.92 0.847826086956522 0.981481481481482 0.975845410628019 2 1
0.8625 0.757575757575758 0.936170212765957 0.918762088974855 0.81 0.6875 0.923076923076923 0.893028846153846 1 1
0.95 0.96969696969697 0.936170212765957 0.980657640232108 0.85 0.770833333333333 0.923076923076923 0.921875 2 1
0.7625 0.75 0.775 0.875625 0.88 0.857142857142857 0.901960784313726 0.922769107643057 1 1
0.8875 0.85 0.925 0.961875 0.85 0.816326530612245 0.882352941176471 0.932372949179672 2 1
0.9 0.861111111111111 0.931818181818182 0.972853535353535 0.88 0.853658536585366 0.898305084745763 0.944605208763952 1 1
0.925 0.861111111111111 0.977272727272727 0.985479797979798 0.88 0.804878048780488 0.932203389830508 0.959487391484084 2 1
0.875 0.894736842105263 0.857142857142857 0.949874686716792 0.83 0.804347826086957 0.851851851851852 0.932769726247987 1 1
0.95 0.947368421052632 0.952380952380952 0.991854636591479 0.88 0.869565217391304 0.888888888888889 0.939210950080515 2 1
0.875 0.833333333333333 0.909090909090909 0.940025252525252 0.9 0.865384615384615 0.9375 0.938701923076923 1 1
0.95 0.944444444444444 0.954545454545455 0.971590909090909 0.87 0.826923076923077 0.916666666666667 0.933092948717949 2 1
0.8875 0.886363636363636 0.888888888888889 0.965277777777778 0.88 0.875 0.884615384615385 0.948717948717949 1 1
0.95 0.954545454545455 0.944444444444444 0.989267676767677 0.89 0.854166666666667 0.923076923076923 0.963942307692308 2 1
0.9125 0.875 0.9375 0.983723958333333 0.89 0.836734693877551 0.941176470588235 0.938775510204082 1 1
0.975 1 0.958333333333333 0.991536458333333 0.84 0.795918367346939 0.882352941176471 0.938775510204082 2 1
0.8875 0.885714285714286 0.888888888888889 0.963174603174603 0.83 0.782608695652174 0.87037037037037 0.938808373590982 1 1
0.925 0.885714285714286 0.955555555555556 0.987301587301587 0.82 0.760869565217391 0.87037037037037 0.943639291465378 2 1
0.9125 0.921052631578947 0.904761904761905 0.973057644110276 0.88 0.808510638297872 0.943396226415094 0.947410678442393 1 1
0.9375 0.973684210526316 0.904761904761905 0.978070175438596 0.9 0.808510638297872 0.981132075471698 0.970694500200723 2 1
0.8625 0.837209302325581 0.891891891891892 0.903205531112508 0.86 0.822222222222222 0.890909090909091 0.91030303030303 1 1
0.9125 0.930232558139535 0.891891891891892 0.983029541169076 0.82 0.911111111111111 0.745454545454545 0.893333333333333 2 1
0.9 0.926829268292683 0.871794871794872 0.948092557848655 0.86 0.896551724137931 0.80952380952381 0.923234811165846 1 1
0.975 0.975609756097561 0.974358974358974 0.99437148217636 0.86 0.913793103448276 0.785714285714286 0.933497536945813 2 1
0.875 0.853658536585366 0.897435897435897 0.955597248280175 0.88 0.833333333333333 0.923076923076923 0.91426282051282 1 1
0.925 0.926829268292683 0.923076923076923 0.969981238273921 0.89 0.854166666666667 0.923076923076923 0.957532051282051 2 1
0.9 0.888888888888889 0.909090909090909 0.96780303030303 0.79 0.711538461538462 0.875 0.919471153846154 1 1
0.9375 0.888888888888889 0.977272727272727 0.994318181818182 0.89 0.884615384615385 0.895833333333333 0.915064102564103 2 1
0.875 0.857142857142857 0.894736842105263 0.971804511278195 0.86 0.857142857142857 0.862745098039216 0.945578231292517 1 1
0.925 0.928571428571429 0.921052631578947 0.986215538847118 0.87 0.938775510204082 0.803921568627451 0.965186074429772 2 1
0.85 0.871794871794872 0.829268292682927 0.935584740462789 0.83 0.867924528301887 0.787234042553192 0.936170212765957 1 1
0.9 0.923076923076923 0.878048780487805 0.949968730456535 0.85 0.867924528301887 0.829787234042553 0.942994781212364 2 1
0.7875 0.851063829787234 0.696969696969697 0.900709219858156 0.8 0.934782608695652 0.685185185185185 0.939210950080515 1 1
0.925 0.957446808510638 0.878787878787879 0.975499677627337 0.77 0.91304347826087 0.648148148148148 0.919484702093398 2 1
0.8875 0.85 0.925 0.953125 0.84 0.830188679245283 0.851063829787234 0.880369329586511 1 1
0.9375 0.925 0.95 0.97625 0.83 0.773584905660377 0.893617021276596 0.920513849859494 2 1
0.9375 0.952380952380952 0.921052631578947 0.983709273182957 0.93 0.945454545454545 0.911111111111111 0.987070707070707 1 1
0.975 0.976190476190476 0.973684210526316 0.994987468671679 0.96 0.963636363636364 0.955555555555556 0.988686868686869 2 1
0.825 0.904761904761905 0.736842105263158 0.920426065162907 0.82 0.92156862745098 0.714285714285714 0.923569427771108 1 1
0.9625 0.976190476190476 0.947368421052632 0.986842105263158 0.84 0.92156862745098 0.755102040816326 0.950380152060824 2 1
0.8875 0.880952380952381 0.894736842105263 0.947994987468672 0.82 0.755555555555556 0.872727272727273 0.902222222222222 1 1
0.9375 0.928571428571429 0.947368421052632 0.986842105263158 0.84 0.755555555555556 0.909090909090909 0.928888888888889 2 1
0.8875 0.878048780487805 0.897435897435897 0.969981238273921 0.74 0.704918032786885 0.794871794871795 0.862547288776797 1 1
0.9875 1 0.974358974358974 0.998749218261413 0.87 0.885245901639344 0.846153846153846 0.945355191256831 2 1
0.9 0.928571428571429 0.868421052631579 0.978070175438597 0.91 0.875 0.942307692307692 0.956730769230769 1 1
0.975 0.976190476190476 0.973684210526316 0.991854636591479 0.89 0.833333333333333 0.942307692307692 0.935096153846154 2 1
0.8875 0.885714285714286 0.888888888888889 0.953650793650794 0.83 0.816666666666667 0.85 0.897083333333333 1 1
0.975 0.971428571428571 0.977777777777778 0.995555555555556 0.84 0.85 0.825 0.927916666666667 2 1
0.9 0.885714285714286 0.911111111111111 0.960634920634921 0.74 0.736842105263158 0.744186046511628 0.836393308853529 1 1
0.9875 0.971428571428571 1 0.998730158730159 0.8 0.736842105263158 0.883720930232558 0.91921664626683 2 1
0.8625 0.9 0.825 0.9425 0.81 0.901960784313726 0.714285714285714 0.933173269307723 1 1
0.95 0.95 0.95 0.98625 0.85 0.92156862745098 0.775510204081633 0.919167667066827 2 1
0.85 0.883720930232558 0.810810810810811 0.944688874921433 0.92 0.9375 0.903846153846154 0.94911858974359 1 1
0.95 0.930232558139535 0.972972972972973 0.988057825267128 0.91 0.916666666666667 0.903846153846154 0.958333333333333 2 1
0.8625 0.8 0.911111111111111 0.948571428571429 0.78 0.724137931034483 0.857142857142857 0.896551724137931 1 1
0.9125 0.914285714285714 0.911111111111111 0.964444444444444 0.8 0.775862068965517 0.833333333333333 0.916666666666667 2 1
0.925 0.933333333333333 0.914285714285714 0.98031746031746 0.84 0.695652173913043 0.962962962962963 0.914251207729469 1 1
0.975 0.955555555555556 1 0.994285714285714 0.86 0.826086956521739 0.888888888888889 0.940418679549114 2 1
0.875 0.926829268292683 0.82051282051282 0.939962476547842 0.87 0.849056603773585 0.893617021276596 0.972300281011642 1 1
0.9375 0.975609756097561 0.897435897435897 0.98874296435272 0.9 0.905660377358491 0.893617021276596 0.965074267362505 2 1
0.875 0.880952380952381 0.868421052631579 0.950501253132832 0.8 0.787234042553192 0.811320754716981 0.878362103572862 1 1
0.95 0.976190476190476 0.921052631578947 0.991228070175439 0.84 0.829787234042553 0.849056603773585 0.940987555198715 2 1
0.8625 0.933333333333333 0.771428571428571 0.949206349206349 0.91 0.938775510204082 0.882352941176471 0.968787515006002 1 1
0.925 0.933333333333333 0.914285714285714 0.991111111111111 0.92 0.918367346938776 0.92156862745098 0.95718287314926 2 1
0.875 0.878048780487805 0.871794871794872 0.92245153220763 0.83 0.849056603773585 0.808510638297872 0.925732637494982 1 1
0.9125 0.902439024390244 0.923076923076923 0.981238273921201 0.85 0.867924528301887 0.829787234042553 0.912886391007627 2 1
0.8625 0.85 0.875 0.961875 0.86 0.769230769230769 0.958333333333333 0.916666666666667 1 1
0.8875 0.9 0.875 0.965 0.85 0.769230769230769 0.9375 0.935096153846154 2 1
0.9375 1 0.84375 0.959635416666667 0.81 0.865384615384615 0.75 0.915464743589744 1 1
0.9625 1 0.90625 0.986979166666667 0.83 0.846153846153846 0.8125 0.93349358974359 2 1
0.8875 0.857142857142857 0.921052631578947 0.932330827067669 0.83 0.804878048780488 0.847457627118644 0.910706903679206 1 1
0.9625 0.952380952380952 0.973684210526316 0.99749373433584 0.81 0.75609756097561 0.847457627118644 0.884249689954527 2 1
0.9125 0.9 0.925 0.949375 0.81 0.74 0.88 0.9156 1 1
0.9625 0.975 0.95 0.989375 0.85 0.8 0.9 0.9232 2 1
0.9125 0.942307692307692 0.857142857142857 0.978708791208791 0.77 0.897959183673469 0.647058823529412 0.900760304121649 1 1
0.9625 0.961538461538462 0.964285714285714 0.993131868131868 0.86 0.897959183673469 0.823529411764706 0.948779511804722 2 1
0.8875 0.852941176470588 0.91304347826087 0.955242966751918 0.86 0.784313725490196 0.938775510204082 0.914765906362545 1 1
0.9625 0.970588235294118 0.956521739130435 0.996803069053708 0.86 0.803921568627451 0.918367346938776 0.925570228091236 2 1
0.9125 0.925 0.9 0.95375 0.87 0.863636363636364 0.875 0.945211038961039 1 1
0.95 0.925 0.975 0.998125 0.86 0.863636363636364 0.857142857142857 0.951704545454545 2 1
0.8875 0.894736842105263 0.880952380952381 0.946115288220551 0.9 0.918367346938776 0.882352941176471 0.964785914365746 1 1
0.9625 0.973684210526316 0.952380952380952 0.974310776942356 0.88 0.918367346938776 0.843137254901961 0.958783513405362 2 1
0.8625 0.837837837837838 0.883720930232558 0.936517913262099 0.87 0.833333333333333 0.903846153846154 0.935496794871795 1 1
0.95 0.945945945945946 0.953488372093023 0.978001257071024 0.87 0.833333333333333 0.903846153846154 0.955528846153846 2 1
0.8875 0.893617021276596 0.878787878787879 0.9464861379755 0.91 0.963636363636364 0.844444444444444 0.973737373737374 1 1
0.95 0.936170212765957 0.96969696969697 0.99290780141844 0.87 0.963636363636364 0.755555555555556 0.981010101010101 2 1
0.825 0.794871794871795 0.853658536585366 0.910569105691057 0.87 0.770833333333333 0.961538461538462 0.95713141025641 1 1
0.95 0.948717948717949 0.951219512195122 0.983114446529081 0.87 0.854166666666667 0.884615384615385 0.930689102564103 2 1
0.85 0.805555555555556 0.886363636363636 0.916666666666667 0.9 0.933333333333333 0.872727272727273 0.976969696969697 1 1
0.925 0.916666666666667 0.931818181818182 0.986111111111111 0.93 0.977777777777778 0.890909090909091 0.976969696969697 2 1
0.925 0.90625 0.9375 0.977213541666667 0.85 0.735849056603774 0.978723404255319 0.903653151344841 1 1
0.95 0.9375 0.958333333333333 0.992838541666667 0.82 0.735849056603774 0.914893617021277 0.943396226415094 2 1
0.8625 0.842105263157895 0.880952380952381 0.909774436090226 0.89 0.807692307692308 0.979166666666667 0.958733974358974 1 1
0.9 0.921052631578947 0.880952380952381 0.974937343358396 0.9 0.826923076923077 0.979166666666667 0.959535256410256 2 1
0.8875 0.871794871794872 0.902439024390244 0.958098811757348 0.86 0.9 0.82 0.9524 1 1
0.9375 0.897435897435897 0.975609756097561 0.98686679174484 0.9 0.9 0.9 0.936 2 1
0.925 0.891891891891892 0.953488372093023 0.960402262727844 0.85 0.769230769230769 0.9375 0.930288461538462 1 2
0.975 0.972972972972973 0.976744186046512 0.999371464487744 0.89 0.884615384615385 0.895833333333333 0.959535256410256 2 2
0.825 0.777777777777778 0.863636363636364 0.904671717171717 0.86 0.851851851851852 0.869565217391304 0.941626409017713 1 2
0.9125 0.861111111111111 0.954545454545455 0.983585858585859 0.86 0.851851851851852 0.869565217391304 0.956924315619968 2 2
0.925 0.953488372093023 0.891891891891892 0.974858579509742 0.85 0.863636363636364 0.839285714285714 0.943993506493507 1 2
1 1 1 1 0.89 0.954545454545455 0.839285714285714 0.961444805194805 2 2
0.9 0.888888888888889 0.909090909090909 0.965277777777778 0.86 0.840909090909091 0.875 0.911525974025974 1 2
0.9625 0.972222222222222 0.954545454545455 0.996212121212121 0.85 0.818181818181818 0.875 0.919642857142857 2 2
0.925 0.891891891891892 0.953488372093023 0.963544940289126 0.82 0.775510204081633 0.862745098039216 0.899559823929572 1 2
0.9625 0.945945945945946 0.976744186046512 0.983029541169076 0.87 0.816326530612245 0.92156862745098 0.932372949179672 2 2
0.8875 0.978723404255319 0.757575757575758 0.965828497743391 0.78 0.875 0.659090909090909 0.887581168831169 1 2
0.975 1 0.939393939393939 0.991618310767247 0.82 0.910714285714286 0.704545454545455 0.926136363636364 2 2
0.9 0.918918918918919 0.883720930232558 0.974230043997486 0.79 0.733333333333333 0.836363636363636 0.879191919191919 1 2
0.9875 0.972972972972973 1 0.996228786926461 0.82 0.733333333333333 0.890909090909091 0.918383838383838 2 2
0.8875 0.930232558139535 0.837837837837838 0.958516656191075 0.81 0.759259259259259 0.869565217391304 0.88365539452496 1 2
0.9625 0.976744186046512 0.945945945945946 0.998114393463231 0.78 0.685185185185185 0.891304347826087 0.905394524959742 2 2
0.8625 0.909090909090909 0.805555555555556 0.939393939393939 0.84 0.924528301886792 0.74468085106383 0.93014853472501 1 2
0.9375 0.954545454545455 0.916666666666667 0.994318181818182 0.85 0.886792452830189 0.808510638297872 0.945804897631473 2 2
0.8625 0.923076923076923 0.804878048780488 0.936210131332083 0.84 0.82 0.86 0.8844 1 2
0.95 0.974358974358974 0.926829268292683 0.989368355222014 0.85 0.8 0.9 0.9464 2 2
0.9125 0.94 0.866666666666667 0.982666666666667 0.8 0.772727272727273 0.821428571428571 0.857954545454545 1 2
0.975 0.98 0.966666666666667 0.994666666666667 0.82 0.795454545454545 0.839285714285714 0.888392857142857 2 2
0.875 0.842105263157895 0.904761904761905 0.942982456140351 0.83 0.72 0.94 0.8908 1 2
0.875 0.842105263157895 0.904761904761905 0.975563909774436 0.85 0.74 0.96 0.9264 2 2
0.9 0.906976744186046 0.891891891891892 0.978001257071024 0.85 0.933333333333333 0.781818181818182 0.949090909090909 1 2
0.9375 0.976744186046512 0.891891891891892 0.989943431803897 0.83 0.911111111111111 0.763636363636364 0.95030303030303 2 2
0.975 1 0.947368421052632 0.996867167919799 0.86 0.763636363636364 0.977777777777778 0.933737373737374 1 2
0.975 1 0.947368421052632 0.99749373433584 0.83 0.690909090909091 1 0.938181818181818 2 2
0.8375 0.875 0.8 0.955625 0.91 0.928571428571429 0.886363636363636 0.956980519480519 1 2
0.9375 0.95 0.925 0.990625 0.89 0.857142857142857 0.931818181818182 0.948051948051948 2 2
0.95 1 0.885714285714286 0.980952380952381 0.82 0.6875 0.942307692307692 0.905448717948718 1 2
0.9875 1 0.971428571428571 0.985396825396825 0.82 0.666666666666667 0.961538461538462 0.966746794871795 2 2
0.875 0.864864864864865 0.883720930232558 0.969830295411691 0.86 0.865384615384615 0.854166666666667 0.945913461538462 1 2
0.9625 0.972972972972973 0.953488372093023 0.991829038340666 0.87 0.807692307692308 0.9375 0.956330128205128 2 2
0.8875 0.833333333333333 0.931818181818182 0.958333333333333 0.85 0.854545454545454 0.844444444444444 0.944242424242424 1 2
0.975 0.972222222222222 0.977272727272727 0.993055555555556 0.91 0.927272727272727 0.888888888888889 0.959191919191919 2 2
0.8375 0.888888888888889 0.771428571428571 0.918730158730159 0.83 0.862745098039216 0.795918367346939 0.923169267707083 1 2
0.9375 0.933333333333333 0.942857142857143 0.984126984126984 0.82 0.882352941176471 0.755102040816326 0.904361744697879 2 2
0.85 0.911111111111111 0.771428571428571 0.941587301587302 0.87 0.907407407407407 0.826086956521739 0.944847020933977 1 2
0.925 0.911111111111111 0.942857142857143 0.993015873015873 0.84 0.851851851851852 0.826086956521739 0.936392914653784 2 2
0.8125 0.736842105263158 0.880952380952381 0.923558897243108 0.78 0.604166666666667 0.942307692307692 0.913060897435897 1 2
0.9375 0.921052631578947 0.952380952380952 0.982456140350877 0.77 0.770833333333333 0.769230769230769 0.893028846153846 2 2
0.925 0.928571428571429 0.921052631578947 0.963032581453634 0.82 0.82 0.82 0.92 1 2
0.9375 0.928571428571429 0.947368421052632 0.973057644110276 0.86 0.86 0.86 0.9548 2 2
0.8625 0.866666666666667 0.857142857142857 0.948571428571429 0.82 0.862745098039216 0.775510204081633 0.907563025210084 1 2
0.9625 0.955555555555556 0.971428571428571 0.991111111111111 0.84 0.882352941176471 0.795918367346939 0.952781112444978 2 2
0.85 0.92 0.733333333333333 0.935333333333333 0.86 0.888888888888889 0.826086956521739 0.908212560386473 1 2
0.9375 0.94 0.933333333333333 0.981333333333333 0.86 0.944444444444444 0.760869565217391 0.944041867954911 2 2
0.9125 0.911764705882353 0.91304347826087 0.953964194373402 0.8 0.720930232558139 0.859649122807018 0.827009383924929 1 2
0.9625 0.970588235294118 0.956521739130435 0.991048593350384 0.8 0.651162790697674 0.912280701754386 0.878008975928192 2 2
0.925 0.906976744186046 0.945945945945946 0.984915147705845 0.82 0.8 0.833333333333333 0.880416666666667 1 2
0.9625 0.953488372093023 0.972972972972973 0.997485857950974 0.8 0.775 0.816666666666667 0.90125 2 2
0.9625 0.972972972972973 0.953488372093023 0.974858579509742 0.81 0.846153846153846 0.770833333333333 0.901442307692308 1 2
1 1 1 1 0.81 0.846153846153846 0.770833333333333 0.919070512820513 2 2
0.8625 0.815789473684211 0.904761904761905 0.93734335839599 0.82 0.790697674418605 0.842105263157895 0.922480620155039 1 2
0.9125 0.921052631578947 0.904761904761905 0.976190476190476 0.87 0.837209302325581 0.894736842105263 0.931864545083639 2 2
0.9125 0.902439024390244 0.923076923076923 0.963101938711695 0.85 0.8 0.911111111111111 0.935353535353535 1 2
0.925 0.926829268292683 0.923076923076923 0.989993746091307 0.89 0.872727272727273 0.911111111111111 0.947474747474747 2 2
0.8 0.833333333333333 0.763157894736842 0.895989974937343 0.84 0.846153846153846 0.833333333333333 0.937099358974359 1 2
0.9125 0.904761904761905 0.921052631578947 0.984335839598998 0.83 0.846153846153846 0.8125 0.924679487179487 2 2
0.875 0.888888888888889 0.857142857142857 0.91047619047619 0.85 0.911111111111111 0.8 0.945050505050505 1 2
0.95 0.955555555555556 0.942857142857143 0.991111111111111 0.91 0.888888888888889 0.927272727272727 0.962020202020202 2 2
0.95 0.975 0.925 0.976875 0.91 0.86046511627907 0.947368421052632 0.953896368829049 1 2
0.95 0.975 0.925 0.989375 0.94 0.883720930232558 0.982456140350877 0.976744186046512 2 2
0.925 0.90625 0.9375 0.978515625 0.85 0.822222222222222 0.872727272727273 0.948282828282828 1 2
0.95 0.9375 0.958333333333333 0.994140625 0.85 0.866666666666667 0.836363636363636 0.967272727272727 2 2
0.9125 0.923076923076923 0.902439024390244 0.954346466541589 0.76 0.653846153846154 0.875 0.871394230769231 1 2
0.975 1 0.951219512195122 0.997498436522827 0.81 0.788461538461538 0.833333333333333 0.922676282051282 2 2
0.9 0.852941176470588 0.934782608695652 0.968030690537084 0.88 0.897959183673469 0.862745098039216 0.941576630652261 1 2
0.95 0.911764705882353 0.978260869565217 0.976342710997442 0.87 0.857142857142857 0.882352941176471 0.939575830332133 2 2
0.9625 0.9375 0.979166666666667 0.969401041666667 0.79 0.653846153846154 0.9375 0.914663461538461 1 2
0.975 0.96875 0.979166666666667 0.993489583333333 0.81 0.653846153846154 0.979166666666667 0.923477564102564 2 2
0.8875 0.952380952380952 0.815789473684211 0.956766917293233 0.9 0.923076923076923 0.875 0.942307692307692 1 2
0.95 0.976190476190476 0.921052631578947 0.993734335839599 0.9 0.961538461538462 0.833333333333333 0.968349358974359 2 2
0.8875 0.886363636363636 0.888888888888889 0.953914141414141 0.87 0.823529411764706 0.918367346938776 0.92156862745098 1 2
0.9375 0.954545454545455 0.916666666666667 0.985479797979798 0.87 0.823529411764706 0.918367346938776 0.925970388155262 2 2
0.9 0.885714285714286 0.911111111111111 0.975873015873016 0.88 0.86046511627907 0.894736842105263 0.949408404732762 1 2
0.9625 0.942857142857143 0.977777777777778 0.990476190476191 0.9 0.837209302325581 0.947368421052632 0.958384332925337 2 2
0.8375 0.727272727272727 0.914893617021277 0.889103803997421 0.86 0.9 0.833333333333333 0.91875 1 2
0.9125 0.848484848484849 0.957446808510638 0.978078658929723 0.88 0.9 0.866666666666667 0.914166666666667 2 2
0.925 0.952380952380952 0.894736842105263 0.979323308270677 0.83 0.886363636363636 0.785714285714286 0.918831168831169 1 2
0.9625 0.976190476190476 0.947368421052632 0.993107769423559 0.78 0.863636363636364 0.714285714285714 0.91112012987013 2 2
0.925 0.9 0.95 0.9575 0.88 0.826086956521739 0.925925925925926 0.968196457326892 1 2
0.925 0.9 0.95 0.970625 0.95 0.934782608695652 0.962962962962963 0.973832528180354 2 2
0.925 0.948717948717949 0.902439024390244 0.989993746091307 0.88 0.883720930232558 0.87719298245614 0.938800489596083 1 2
1 1 1 1 0.87 0.837209302325581 0.894736842105263 0.944104447164423 2 2
0.9625 0.931034482758621 0.980392156862745 0.991886409736308 0.74 0.591836734693878 0.882352941176471 0.882753101240496 1 2
0.9625 0.931034482758621 0.980392156862745 0.997971602434077 0.78 0.653061224489796 0.901960784313726 0.914765906362545 2 2
0.8875 0.857142857142857 0.921052631578947 0.950501253132832 0.85 0.902439024390244 0.813559322033898 0.930549813972716 1 2
0.975 0.976190476190476 0.973684210526316 0.994987468671679 0.84 0.926829268292683 0.779661016949153 0.954526663910707 2 2
0.9375 0.945945945945946 0.930232558139535 0.977372721558768 0.82 0.74 0.9 0.9192 1 2
0.9625 0.972972972972973 0.953488372093023 0.993714644877436 0.85 0.82 0.88 0.932 2 2
0.9625 0.978723404255319 0.939393939393939 0.989684074790458 0.84 0.892857142857143 0.772727272727273 0.939123376623377 1 2
0.975 1 0.939393939393939 0.999355254674404 0.83 0.892857142857143 0.75 0.932224025974026 2 2
0.925 0.9 0.95 0.963125 0.82 0.82 0.82 0.9052 1 2
0.9375 0.9 0.975 0.9975 0.87 0.86 0.88 0.9408 2 2
0.8125 0.840909090909091 0.777777777777778 0.916666666666667 0.82 0.962962962962963 0.652173913043478 0.942834138486312 1 2
0.925 0.931818181818182 0.916666666666667 0.986111111111111 0.92 0.925925925925926 0.91304347826087 0.97866344605475 2 2
0.8875 0.878048780487805 0.897435897435897 0.940587867417136 0.82 0.877551020408163 0.764705882352941 0.933173269307723 1 2
0.975 0.951219512195122 1 0.99624765478424 0.87 0.795918367346939 0.941176470588235 0.936774709883954 2 2
0.95 0.975609756097561 0.923076923076923 0.978736710444028 0.9 0.94 0.86 0.9668 1 2
0.95 0.975609756097561 0.923076923076923 0.996873045653533 0.94 0.96 0.92 0.9852 2 2
0.9 0.888888888888889 0.909090909090909 0.972853535353535 0.86 0.795454545454545 0.910714285714286 0.909902597402597 1 2
0.9125 0.888888888888889 0.931818181818182 0.984848484848485 0.9 0.840909090909091 0.946428571428571 0.92775974025974 2 2
0.9125 0.921052631578947 0.904761904761905 0.979323308270677 0.89 0.782608695652174 0.981481481481482 0.976650563607085 1 2
0.9625 0.973684210526316 0.952380952380952 0.992481203007519 0.92 0.847826086956522 0.981481481481482 0.97866344605475 2 2
0.8625 0.757575757575758 0.936170212765957 0.919406834300451 0.83 0.729166666666667 0.923076923076923 0.895432692307692 1 2
0.95 0.939393939393939 0.957446808510638 0.983236621534494 0.82 0.770833333333333 0.865384615384615 0.903846153846154 2 2
0.7625 0.775 0.75 0.8675 0.87 0.816326530612245 0.92156862745098 0.943577430972389 1 2
0.8875 0.85 0.925 0.96125 0.85 0.857142857142857 0.843137254901961 0.942777110844338 2 2
0.9 0.861111111111111 0.931818181818182 0.971590909090909 0.87 0.829268292682927 0.898305084745763 0.948739148408433 1 2
0.925 0.861111111111111 0.977272727272727 0.986742424242424 0.87 0.780487804878049 0.932203389830508 0.957420421661844 2 2
0.8875 0.894736842105263 0.880952380952381 0.947994987468672 0.83 0.760869565217391 0.888888888888889 0.924315619967794 1 2
0.95 0.947368421052632 0.952380952380952 0.993107769423559 0.87 0.869565217391304 0.87037037037037 0.923913043478261 2 2
0.875 0.833333333333333 0.909090909090909 0.936868686868687 0.89 0.826923076923077 0.958333333333333 0.93349358974359 1 2
0.95 0.944444444444444 0.954545454545455 0.971590909090909 0.86 0.788461538461538 0.9375 0.933092948717949 2 2
0.8875 0.886363636363636 0.888888888888889 0.965277777777778 0.87 0.875 0.865384615384615 0.945913461538462 1 2
0.95 0.954545454545455 0.944444444444444 0.987373737373737 0.88 0.875 0.884615384615385 0.959935897435897 2 2
0.9125 0.875 0.9375 0.981119791666667 0.88 0.816326530612245 0.941176470588235 0.942376950780312 1 2
0.975 1 0.958333333333333 0.993489583333333 0.86 0.836734693877551 0.882352941176471 0.948779511804722 2 2
0.8875 0.885714285714286 0.888888888888889 0.963174603174603 0.89 0.869565217391304 0.907407407407407 0.944847020933977 1 2
0.9125 0.857142857142857 0.955555555555556 0.986666666666667 0.87 0.804347826086957 0.925925925925926 0.955314009661836 2 2
0.9125 0.921052631578947 0.904761904761905 0.973057644110276 0.89 0.829787234042553 0.943396226415094 0.947812123645122 1 2
0.9375 0.973684210526316 0.904761904761905 0.978696741854637 0.9 0.808510638297872 0.981132075471698 0.967482938578884 2 2
0.8625 0.837209302325581 0.891891891891892 0.895663104965431 0.86 0.822222222222222 0.890909090909091 0.899393939393939 1 2
0.9125 0.930232558139535 0.891891891891892 0.983029541169076 0.8 0.866666666666667 0.745454545454545 0.904646464646465 2 2
0.9 0.926829268292683 0.871794871794872 0.947467166979362 0.86 0.896551724137931 0.80952380952381 0.916256157635468 1 2
0.975 0.975609756097561 0.974358974358974 0.994996873045654 0.85 0.896551724137931 0.785714285714286 0.929392446633826 2 2
0.8625 0.853658536585366 0.871794871794872 0.951844903064415 0.87 0.8125 0.923076923076923 0.928285256410256 1 2
0.925 0.926829268292683 0.923076923076923 0.971232020012508 0.9 0.854166666666667 0.942307692307692 0.961538461538462 2 2
0.9125 0.916666666666667 0.909090909090909 0.965277777777778 0.8 0.730769230769231 0.875 0.921875 1 2
0.9375 0.888888888888889 0.977272727272727 0.994318181818182 0.88 0.865384615384615 0.895833333333333 0.918669871794872 2 2
0.8875 0.880952380952381 0.894736842105263 0.971804511278195 0.88 0.897959183673469 0.862745098039216 0.946378551420568 1 2
0.925 0.928571428571429 0.921052631578947 0.986842105263158 0.86 0.938775510204082 0.784313725490196 0.965586234493798 2 2
0.85 0.871794871794872 0.829268292682927 0.935584740462789 0.85 0.886792452830189 0.808510638297872 0.939381774387796 1 2
0.9 0.923076923076923 0.878048780487805 0.958098811757348 0.82 0.849056603773585 0.787234042553192 0.941389000401445 2 2
0.7875 0.851063829787234 0.696969696969697 0.89813023855577 0.79 0.956521739130435 0.648148148148148 0.939210950080515 1 2
0.925 0.957446808510638 0.878787878787879 0.975499677627337 0.76 0.91304347826087 0.62962962962963 0.925523349436393 2 2
0.8875 0.85 0.925 0.9525 0.85 0.849056603773585 0.851063829787234 0.879164993978322 1 2
0.9375 0.925 0.95 0.97625 0.84 0.792452830188679 0.893617021276596 0.918506623845845 2 2
0.9375 0.952380952380952 0.921052631578947 0.983709273182957 0.92 0.909090909090909 0.933333333333333 0.980606060606061 1 2
0.975 0.976190476190476 0.973684210526316 0.994987468671679 0.95 0.945454545454545 0.955555555555556 0.987474747474748 2 2
0.825 0.904761904761905 0.736842105263158 0.920426065162907 0.82 0.941176470588235 0.693877551020408 0.930372148859544 1 2
0.9625 0.976190476190476 0.947368421052632 0.986215538847118 0.78 0.96078431372549 0.591836734693878 0.903961584633854 2 2
0.8875 0.880952380952381 0.894736842105263 0.946741854636591 0.79 0.644444444444444 0.909090909090909 0.895353535353535 1 2
0.9375 0.928571428571429 0.947368421052632 0.986842105263158 0.64 0.666666666666667 0.618181818181818 0.755151515151515 2 2
0.875 0.878048780487805 0.871794871794872 0.969355847404628 0.77 0.737704918032787 0.82051282051282 0.865910046237915 1 2
0.975 0.975609756097561 0.974358974358974 0.998749218261413 0.87 0.852459016393443 0.897435897435897 0.943673812526272 2 2
0.9125 0.928571428571429 0.894736842105263 0.979323308270677 0.92 0.895833333333333 0.942307692307692 0.949919871794872 1 2
0.9625 0.976190476190476 0.947368421052632 0.991228070175439 0.87 0.8125 0.923076923076923 0.922275641025641 2 2
0.875 0.885714285714286 0.866666666666667 0.942857142857143 0.84 0.816666666666667 0.875 0.902083333333333 1 2
0.975 0.971428571428571 0.977777777777778 0.994920634920635 0.85 0.833333333333333 0.875 0.928333333333333 2 2
0.8875 0.857142857142857 0.911111111111111 0.961269841269841 0.77 0.736842105263158 0.813953488372093 0.842513259893921 1 2
0.975 0.942857142857143 1 0.998095238095238 0.8 0.754385964912281 0.86046511627907 0.922480620155039 2 2
0.875 0.875 0.875 0.94375 0.86 0.901960784313726 0.816326530612245 0.935574229691877 1 2
0.9375 0.925 0.95 0.984375 0.86 0.941176470588235 0.775510204081633 0.933173269307723 2 2
0.85 0.883720930232558 0.810810810810811 0.944060339409177 0.91 0.9375 0.884615384615385 0.94911858974359 1 2
0.9375 0.930232558139535 0.945945945945946 0.988686360779384 0.91 0.916666666666667 0.903846153846154 0.959134615384615 2 2
0.8875 0.885714285714286 0.888888888888889 0.943492063492063 0.79 0.793103448275862 0.785714285714286 0.897783251231527 1 2
0.9 0.885714285714286 0.911111111111111 0.968253968253968 0.81 0.810344827586207 0.80952380952381 0.931855500821018 2 2
0.9125 0.911111111111111 0.914285714285714 0.976507936507937 0.86 0.717391304347826 0.981481481481482 0.92109500805153 1 2
0.9625 0.955555555555556 0.971428571428571 0.994920634920635 0.84 0.804347826086957 0.87037037037037 0.936392914653784 2 2
0.8625 0.902439024390244 0.82051282051282 0.940587867417136 0.85 0.754716981132076 0.957446808510638 0.957045363307908 1 2
0.95 0.975609756097561 0.923076923076923 0.989993746091307 0.81 0.811320754716981 0.808510638297872 0.926134082697712 2 2
0.875 0.880952380952381 0.868421052631579 0.949248120300752 0.8 0.765957446808511 0.830188679245283 0.873143315937374 1 2
0.95 0.976190476190476 0.921052631578947 0.990601503759398 0.83 0.808510638297872 0.849056603773585 0.939381774387796 2 2
0.8625 0.933333333333333 0.771428571428571 0.944126984126984 0.88 0.897959183673469 0.862745098039216 0.958783513405362 1 2
0.925 0.933333333333333 0.914285714285714 0.992380952380952 0.91 0.918367346938776 0.901960784313726 0.951180472188876 2 2
0.8625 0.853658536585366 0.871794871794872 0.923076923076923 0.82 0.830188679245283 0.808510638297872 0.93095142513047 1 2
0.925 0.926829268292683 0.923076923076923 0.981238273921201 0.81 0.849056603773585 0.765957446808511 0.880770774789241 2 2
0.8625 0.85 0.875 0.9625 0.88 0.807692307692308 0.958333333333333 0.909855769230769 1 2
0.9 0.925 0.875 0.965625 0.86 0.788461538461538 0.9375 0.92988782051282 2 2
0.925 1 0.8125 0.958984375 0.82 0.903846153846154 0.729166666666667 0.91786858974359 1 2
0.9625 1 0.90625 0.986979166666667 0.83 0.846153846153846 0.8125 0.933092948717949 2 2
0.875 0.857142857142857 0.894736842105263 0.93546365914787 0.81 0.780487804878049 0.830508474576271 0.895824720959074 1 2
0.975 0.976190476190476 0.973684210526316 0.99749373433584 0.8 0.75609756097561 0.830508474576271 0.856965688300951 2 2
0.925 0.925 0.925 0.95375 0.8 0.76 0.84 0.9092 1 2
0.9625 0.975 0.95 0.98875 0.84 0.78 0.9 0.9132 2 2
0.8875 0.942307692307692 0.785714285714286 0.978021978021978 0.78 0.918367346938776 0.647058823529412 0.900360144057623 1 2
0.975 0.961538461538462 1 0.994505494505495 0.86 0.877551020408163 0.843137254901961 0.948379351740696 2 2
0.8875 0.852941176470588 0.91304347826087 0.952046035805627 0.85 0.784313725490196 0.918367346938776 0.908363345338135 1 2
0.9625 0.970588235294118 0.956521739130435 0.997442455242967 0.86 0.803921568627451 0.918367346938776 0.929571828731493 2 2
0.9125 0.925 0.9 0.95375 0.87 0.863636363636364 0.875 0.933441558441558 1 2
0.95 0.925 0.975 0.998125 0.85 0.863636363636364 0.839285714285714 0.963068181818182 2 2
0.8875 0.894736842105263 0.880952380952381 0.957393483709273 0.87 0.857142857142857 0.882352941176471 0.965586234493798 1 2
0.9625 0.973684210526316 0.952380952380952 0.974937343358396 0.9 0.897959183673469 0.901960784313726 0.95718287314926 2 2
0.85 0.810810810810811 0.883720930232558 0.936517913262099 0.88 0.833333333333333 0.923076923076923 0.940705128205128 1 2
0.95 0.945945945945946 0.953488372093023 0.98051539912005 0.86 0.833333333333333 0.884615384615385 0.953525641025641 2 2
0.875 0.893617021276596 0.848484848484849 0.940038684719536 0.89 0.963636363636364 0.8 0.968080808080808 1 2
0.95 0.936170212765957 0.96969696969697 0.99290780141844 0.87 0.963636363636364 0.755555555555556 0.976565656565657 2 2
0.85 0.846153846153846 0.853658536585366 0.909943714821764 0.89 0.8125 0.961538461538462 0.954326923076923 1 2
0.95 0.948717948717949 0.951219512195122 0.983114446529081 0.85 0.833333333333333 0.865384615384615 0.930288461538462 2 2
0.85 0.805555555555556 0.886363636363636 0.912878787878788 0.89 0.933333333333333 0.854545454545454 0.975353535353535 1 2
0.9375 0.944444444444444 0.931818181818182 0.986111111111111 0.92 0.977777777777778 0.872727272727273 0.976565656565657 2 2
0.925 0.90625 0.9375 0.98046875 0.84 0.716981132075472 0.978723404255319 0.903251706142112 1 2
0.95 0.9375 0.958333333333333 0.991536458333333 0.84 0.773584905660377 0.914893617021277 0.946206342834203 2 2
0.8625 0.868421052631579 0.857142857142857 0.913533834586466 0.87 0.788461538461538 0.958333333333333 0.96113782051282 1 2
0.9 0.921052631578947 0.880952380952381 0.972431077694236 0.89 0.807692307692308 0.979166666666667 0.958733974358974 2 2
0.875 0.846153846153846 0.902439024390244 0.961225766103815 0.89 0.9 0.88 0.9392 1 2
0.95 0.923076923076923 0.975609756097561 0.98686679174484 0.91 0.92 0.9 0.9356 2 2
0.925 0.891891891891892 0.953488372093023 0.968573224387178 0.88 0.826923076923077 0.9375 0.94551282051282 1 3
0.9875 0.972972972972973 1 0.998742928975487 0.87 0.865384615384615 0.875 0.951923076923077 2 3
0.8375 0.777777777777778 0.886363636363636 0.896464646464647 0.86 0.87037037037037 0.847826086956522 0.92914653784219 1 3
0.9 0.833333333333333 0.954545454545455 0.982954545454545 0.85 0.833333333333333 0.869565217391304 0.957326892109501 2 3
0.9125 0.930232558139535 0.891891891891892 0.976115650534255 0.85 0.840909090909091 0.857142857142857 0.936688311688312 1 3
1 1 1 1 0.87 0.954545454545455 0.803571428571429 0.952922077922078 2 3
0.8875 0.888888888888889 0.886363636363636 0.969065656565657 0.67 0.409090909090909 0.875 0.773133116883117 1 3
0.9625 0.972222222222222 0.954545454545455 0.994318181818182 0.7 0.409090909090909 0.928571428571429 0.764813311688312 2 3
0.925 0.891891891891892 0.953488372093023 0.96291640477687 0.82 0.775510204081633 0.862745098039216 0.909563825530212 1 3
0.9625 0.945945945945946 0.976744186046512 0.984915147705845 0.88 0.816326530612245 0.941176470588235 0.931172468987595 2 3
0.8875 0.978723404255319 0.757575757575758 0.969052224371373 0.78 0.875 0.659090909090909 0.885146103896104 1 3
0.975 1 0.939393939393939 0.990973565441651 0.81 0.875 0.727272727272727 0.911525974025974 2 3
0.9 0.918918918918919 0.883720930232558 0.972972972972973 0.82 0.777777777777778 0.854545454545454 0.882828282828283 1 3
0.975 0.972972972972973 0.976744186046512 0.996857322438718 0.83 0.755555555555556 0.890909090909091 0.923636363636364 2 3
0.8875 0.930232558139535 0.837837837837838 0.95223130106851 0.83 0.777777777777778 0.891304347826087 0.898953301127214 1 3
0.9625 0.976744186046512 0.945945945945946 0.998114393463231 0.79 0.685185185185185 0.91304347826087 0.91304347826087 2 3
0.825 0.840909090909091 0.805555555555556 0.933712121212121 0.84 0.830188679245283 0.851063829787234 0.940184664793256 1 3
0.925 0.954545454545455 0.888888888888889 0.991792929292929 0.87 0.924528301886792 0.808510638297872 0.940987555198715 2 3
0.8625 0.923076923076923 0.804878048780488 0.940587867417136 0.83 0.8 0.86 0.878 1 3
0.95 0.974358974358974 0.926829268292683 0.989368355222014 0.89 0.84 0.94 0.9444 2 3
0.9 0.94 0.833333333333333 0.979333333333333 0.81 0.772727272727273 0.839285714285714 0.877029220779221 1 3
0.9875 0.98 1 0.994666666666667 0.8 0.727272727272727 0.857142857142857 0.875811688311688 2 3
0.8625 0.815789473684211 0.904761904761905 0.946115288220551 0.82 0.72 0.92 0.8748 1 3
0.875 0.842105263157895 0.904761904761905 0.975563909774436 0.84 0.74 0.94 0.916 2 3
0.9 0.906976744186046 0.891891891891892 0.974858579509742 0.85 0.911111111111111 0.8 0.944242424242424 1 3
0.9375 0.976744186046512 0.891891891891892 0.990571967316153 0.84 0.911111111111111 0.781818181818182 0.936969696969697 2 3
0.95 0.976190476190476 0.921052631578947 0.995614035087719 0.86 0.763636363636364 0.977777777777778 0.938585858585859 1 3
0.975 1 0.947368421052632 0.99749373433584 0.85 0.745454545454545 0.977777777777778 0.96 2 3
0.85 0.825 0.875 0.95125 0.9 0.892857142857143 0.909090909090909 0.940746753246753 1 3
0.95 0.95 0.95 0.98875 0.88 0.857142857142857 0.909090909090909 0.937905844155844 2 3
0.95 1 0.885714285714286 0.984126984126984 0.81 0.666666666666667 0.942307692307692 0.905448717948718 1 3
0.9875 1 0.971428571428571 0.983492063492064 0.82 0.666666666666667 0.961538461538462 0.963541666666667 2 3
0.9 0.864864864864865 0.930232558139535 0.975487115021999 0.83 0.807692307692308 0.854166666666667 0.943509615384615 1 3
0.9625 0.972972972972973 0.953488372093023 0.992457573852923 0.87 0.807692307692308 0.9375 0.958733974358974 2 3
0.9 0.833333333333333 0.954545454545455 0.956439393939394 0.85 0.854545454545454 0.844444444444444 0.946666666666667 1 3
0.975 0.972222222222222 0.977272727272727 0.993055555555556 0.9 0.927272727272727 0.866666666666667 0.962424242424242 2 3
0.8375 0.888888888888889 0.771428571428571 0.914285714285714 0.85 0.882352941176471 0.816326530612245 0.92436974789916 1 3
0.925 0.933333333333333 0.914285714285714 0.982222222222222 0.82 0.823529411764706 0.816326530612245 0.921968787515006 2 3
0.8375 0.888888888888889 0.771428571428571 0.939047619047619 0.88 0.888888888888889 0.869565217391304 0.942431561996779 1 3
0.925 0.911111111111111 0.942857142857143 0.991111111111111 0.84 0.87037037037037 0.804347826086957 0.936795491143317 2 3
0.8 0.736842105263158 0.857142857142857 0.920426065162907 0.77 0.604166666666667 0.923076923076923 0.90625 1 3
0.9375 0.921052631578947 0.952380952380952 0.983709273182957 0.77 0.75 0.788461538461538 0.877804487179487 2 3
0.9375 0.928571428571429 0.947368421052632 0.964912280701754 0.84 0.8 0.88 0.9148 1 3
0.9375 0.928571428571429 0.947368421052632 0.971804511278195 0.86 0.86 0.86 0.9584 2 3
0.875 0.866666666666667 0.885714285714286 0.947936507936508 0.81 0.843137254901961 0.775510204081633 0.90516206482593 1 3
0.9625 0.955555555555556 0.971428571428571 0.988571428571429 0.85 0.882352941176471 0.816326530612245 0.951980792316927 2 3
0.85 0.92 0.733333333333333 0.940666666666667 0.83 0.851851851851852 0.804347826086957 0.901771336553945 1 3
0.9375 0.94 0.933333333333333 0.986 0.83 0.925925925925926 0.717391304347826 0.933977455716586 2 3
0.9375 0.970588235294118 0.91304347826087 0.955882352941176 0.79 0.720930232558139 0.842105263157895 0.824969400244798 1 3
0.9625 0.970588235294118 0.956521739130435 0.990409207161125 0.84 0.697674418604651 0.947368421052632 0.873113015095879 2 3
0.95 0.953488372093023 0.945945945945946 0.988057825267128 0.81 0.775 0.833333333333333 0.8675 1 3
0.9625 0.953488372093023 0.972972972972973 0.997485857950974 0.82 0.775 0.85 0.880416666666667 2 3
0.9625 0.972972972972973 0.953488372093023 0.974230043997486 0.76 0.769230769230769 0.75 0.806089743589744 1 3
1 1 1 1 0.66 0.903846153846154 0.395833333333333 0.746394230769231 2 3
0.85 0.789473684210526 0.904761904761905 0.944235588972431 0.84 0.790697674418605 0.87719298245614 0.90452876376989 1 3
0.925 0.921052631578947 0.928571428571429 0.980576441102757 0.87 0.837209302325581 0.894736842105263 0.9359445124439 2 3
0.9125 0.926829268292683 0.897435897435897 0.963727329580988 0.83 0.763636363636364 0.911111111111111 0.934141414141414 1 3
0.9375 0.951219512195122 0.923076923076923 0.989368355222014 0.9 0.854545454545454 0.955555555555556 0.941414141414141 2 3
0.8 0.80952380952381 0.789473684210526 0.892230576441103 0.82 0.846153846153846 0.791666666666667 0.931490384615385 1 3
0.925 0.928571428571429 0.921052631578947 0.982456140350877 0.84 0.846153846153846 0.833333333333333 0.930689102564103 2 3
0.8625 0.888888888888889 0.828571428571429 0.91047619047619 0.88 0.933333333333333 0.836363636363636 0.952323232323232 1 3
0.95 0.955555555555556 0.942857142857143 0.991746031746032 0.9 0.888888888888889 0.909090909090909 0.962828282828283 2 3
0.95 0.975 0.925 0.975625 0.75 0.418604651162791 1 0.833537331701346 1 3
0.95 0.975 0.925 0.9875 0.76 0.488372093023256 0.964912280701754 0.844553243574051 2 3
0.9 0.84375 0.9375 0.977213541666667 0.85 0.822222222222222 0.872727272727273 0.946666666666667 1 3
0.95 0.9375 0.958333333333333 0.994791666666667 0.86 0.866666666666667 0.854545454545454 0.962424242424242 2 3
0.9 0.897435897435897 0.902439024390244 0.952470293933709 0.78 0.711538461538462 0.854166666666667 0.891426282051282 1 3
0.95 0.974358974358974 0.926829268292683 0.996873045653533 0.83 0.807692307692308 0.854166666666667 0.929086538461538 2 3
0.9 0.823529411764706 0.956521739130435 0.966112531969309 0.88 0.897959183673469 0.862745098039216 0.941176470588235 1 3
0.95 0.911764705882353 0.978260869565217 0.975703324808184 0.86 0.836734693877551 0.882352941176471 0.945978391356543 2 3
0.9375 0.9375 0.9375 0.970052083333333 0.79 0.653846153846154 0.9375 0.901041666666667 1 3
0.9625 0.9375 0.979166666666667 0.9921875 0.82 0.673076923076923 0.979166666666667 0.91386217948718 2 3
0.9 0.952380952380952 0.842105263157895 0.957393483709273 0.9 0.942307692307692 0.854166666666667 0.938701923076923 1 3
0.9625 1 0.921052631578947 0.990601503759398 0.89 0.923076923076923 0.854166666666667 0.962339743589744 2 3
0.8875 0.886363636363636 0.888888888888889 0.957070707070707 0.87 0.823529411764706 0.918367346938776 0.925170068027211 1 3
0.95 0.954545454545455 0.944444444444444 0.986742424242424 0.87 0.803921568627451 0.938775510204082 0.929171668667467 2 3
0.925 0.914285714285714 0.933333333333333 0.977777777777778 0.89 0.86046511627907 0.912280701754386 0.954304365565075 1 3
0.95 0.914285714285714 0.977777777777778 0.990476190476191 0.87 0.790697674418605 0.929824561403509 0.947776417788658 2 3
0.825 0.696969696969697 0.914893617021277 0.887169568020632 0.87 0.9 0.85 0.927916666666667 1 3
0.925 0.878787878787879 0.957446808510638 0.977433913604126 0.88 0.925 0.85 0.925833333333333 2 3
0.925 0.952380952380952 0.894736842105263 0.978070175438597 0.8 0.886363636363636 0.732142857142857 0.919642857142857 1 3
0.95 0.952380952380952 0.947368421052632 0.992481203007519 0.77 0.863636363636364 0.696428571428571 0.913555194805195 2 3
0.9125 0.875 0.95 0.960625 0.87 0.782608695652174 0.944444444444444 0.966183574879227 1 3
0.9375 0.925 0.95 0.97125 0.93 0.934782608695652 0.925925925925926 0.975442834138486 2 3
0.9125 0.923076923076923 0.902439024390244 0.983739837398374 0.87 0.86046511627907 0.87719298245614 0.946144430844553 1 3
0.9875 1 0.975609756097561 0.999374609130707 0.86 0.906976744186046 0.824561403508772 0.944512443900449 2 3
0.9625 0.931034482758621 0.980392156862745 0.98580121703854 0.74 0.591836734693878 0.882352941176471 0.871148459383754 1 3
0.975 0.96551724137931 0.980392156862745 0.99526707234618 0.8 0.693877551020408 0.901960784313726 0.909563825530212 2 3
0.8875 0.880952380952381 0.894736842105263 0.952380952380952 0.86 0.926829268292683 0.813559322033898 0.927656056221579 1 3
0.9625 0.976190476190476 0.947368421052632 0.993734335839599 0.83 0.926829268292683 0.76271186440678 0.952046300124018 2 3
0.9375 0.945945945945946 0.930232558139535 0.978001257071024 0.85 0.8 0.9 0.9216 1 3
0.9625 0.972972972972973 0.953488372093023 0.992457573852923 0.85 0.84 0.86 0.9384 2 3
0.9375 0.957446808510638 0.909090909090909 0.989684074790458 0.83 0.875 0.772727272727273 0.94724025974026 1 3
0.975 0.978723404255319 0.96969696969697 0.999355254674404 0.82 0.892857142857143 0.727272727272727 0.913961038961039 2 3
0.9125 0.875 0.95 0.964375 0.8 0.8 0.8 0.8916 1 3
0.9375 0.9 0.975 0.9975 0.86 0.88 0.84 0.9312 2 3
0.8375 0.840909090909091 0.833333333333333 0.907828282828283 0.83 0.944444444444444 0.695652173913043 0.957729468599034 1 3
0.95 0.931818181818182 0.972222222222222 0.983585858585859 0.94 0.944444444444444 0.934782608695652 0.983494363929147 2 3
0.9 0.878048780487805 0.923076923076923 0.940587867417136 0.85 0.877551020408163 0.823529411764706 0.936774709883954 1 3
0.975 0.951219512195122 1 0.995622263914947 0.86 0.795918367346939 0.92156862745098 0.929971988795518 2 3
0.925 0.926829268292683 0.923076923076923 0.979987492182614 0.82 0.72 0.92 0.9108 1 3
0.95 0.975609756097561 0.923076923076923 0.996873045653533 0.86 0.96 0.76 0.9772 2 3
0.9 0.888888888888889 0.909090909090909 0.971590909090909 0.84 0.75 0.910714285714286 0.899350649350649 1 3
0.925 0.888888888888889 0.954545454545455 0.983585858585859 0.91 0.863636363636364 0.946428571428571 0.941152597402597 2 3
0.925 0.947368421052632 0.904761904761905 0.977443609022556 0.9 0.782608695652174 1 0.969404186795491 1 3
0.95 0.973684210526316 0.928571428571429 0.992481203007519 0.9 0.804347826086957 0.981481481481482 0.981078904991948 2 3
0.8375 0.696969696969697 0.936170212765957 0.915538362346873 0.83 0.729166666666667 0.923076923076923 0.899839743589744 1 3
0.9375 0.909090909090909 0.957446808510638 0.980012894906512 0.85 0.770833333333333 0.923076923076923 0.911858974358974 2 3
0.7625 0.8 0.725 0.87375 0.84 0.795918367346939 0.882352941176471 0.925170068027211 1 3
0.8875 0.85 0.925 0.95375 0.83 0.816326530612245 0.843137254901961 0.945578231292517 2 3
0.8875 0.833333333333333 0.931818181818182 0.963383838383838 0.87 0.829268292682927 0.898305084745763 0.936750723439438 1 3
0.9125 0.833333333333333 0.977272727272727 0.977272727272727 0.85 0.75609756097561 0.915254237288136 0.954940057875155 2 3
0.8875 0.894736842105263 0.880952380952381 0.947994987468672 0.84 0.782608695652174 0.888888888888889 0.918679549114332 1 3
0.9375 0.921052631578947 0.952380952380952 0.992481203007519 0.88 0.869565217391304 0.888888888888889 0.927133655394525 2 3
0.875 0.833333333333333 0.909090909090909 0.938131313131313 0.87 0.846153846153846 0.895833333333333 0.933092948717949 1 3
0.95 0.944444444444444 0.954545454545455 0.971590909090909 0.86 0.807692307692308 0.916666666666667 0.923477564102564 2 3
0.85 0.818181818181818 0.888888888888889 0.96780303030303 0.87 0.833333333333333 0.903846153846154 0.952724358974359 1 3
0.9625 0.977272727272727 0.944444444444444 0.989267676767677 0.9 0.854166666666667 0.942307692307692 0.96113782051282 2 3
0.925 0.90625 0.9375 0.979166666666667 0.88 0.836734693877551 0.92156862745098 0.951580632252901 1 3
0.975 1 0.958333333333333 0.991536458333333 0.86 0.816326530612245 0.901960784313726 0.949979991996799 2 3
0.8875 0.885714285714286 0.888888888888889 0.964444444444444 0.86 0.826086956521739 0.888888888888889 0.942834138486312 1 3
0.925 0.885714285714286 0.955555555555556 0.987301587301587 0.87 0.804347826086957 0.925925925925926 0.945652173913043 2 3
0.925 0.921052631578947 0.928571428571429 0.968671679197995 0.87 0.765957446808511 0.962264150943396 0.943797671617824 1 3
0.9375 0.973684210526316 0.904761904761905 0.975563909774436 0.9 0.808510638297872 0.981132075471698 0.962665596146126 2 3
0.8625 0.837209302325581 0.891891891891892 0.903205531112508 0.84 0.8 0.872727272727273 0.903030303030303 1 3
0.9125 0.930232558139535 0.891891891891892 0.985543683218102 0.79 0.822222222222222 0.763636363636364 0.892121212121212 2 3
0.8875 0.902439024390244 0.871794871794872 0.949968730456535 0.85 0.879310344827586 0.80952380952381 0.90927750410509 1 3
0.9625 0.975609756097561 0.948717948717949 0.991869918699187 0.86 0.913793103448276 0.785714285714286 0.929802955665025 2 3
0.875 0.853658536585366 0.897435897435897 0.953095684803002 0.88 0.833333333333333 0.923076923076923 0.919871794871795 1 3
0.925 0.926829268292683 0.923076923076923 0.971857410881801 0.89 0.854166666666667 0.923076923076923 0.958733974358974 2 3
0.8875 0.861111111111111 0.909090909090909 0.970328282828283 0.82 0.75 0.895833333333333 0.917467948717949 1 3
0.95 0.888888888888889 1 0.993055555555556 0.89 0.865384615384615 0.916666666666667 0.918669871794872 2 3
0.8875 0.880952380952381 0.894736842105263 0.961152882205514 0.87 0.877551020408163 0.862745098039216 0.942777110844338 1 3
0.9125 0.928571428571429 0.894736842105263 0.986215538847118 0.88 0.938775510204082 0.823529411764706 0.964785914365746 2 3
0.85 0.871794871794872 0.829268292682927 0.929956222639149 0.8 0.773584905660377 0.829787234042553 0.904456041750301 1 3
0.9125 0.923076923076923 0.902439024390244 0.959974984365228 0.82 0.830188679245283 0.808510638297872 0.924528301886792 2 3
0.8125 0.872340425531915 0.727272727272727 0.902643455834945 0.82 0.891304347826087 0.759259259259259 0.9170692431562 1 3
0.9125 0.936170212765957 0.878787878787879 0.975499677627337 0.66 0.934782608695652 0.425925925925926 0.857487922705314 2 3
0.9 0.875 0.925 0.955625 0.85 0.830188679245283 0.872340425531915 0.881573665194701 1 3
0.9375 0.925 0.95 0.976875 0.82 0.754716981132076 0.893617021276596 0.924929747089522 2 3
0.95 0.976190476190476 0.921052631578947 0.981829573934837 0.93 0.927272727272727 0.933333333333333 0.976161616161616 1 3
0.975 0.976190476190476 0.973684210526316 0.994360902255639 0.96 0.963636363636364 0.955555555555556 0.986262626262626 2 3
0.825 0.880952380952381 0.763157894736842 0.919799498746867 0.81 0.941176470588235 0.673469387755102 0.919967987194878 1 3
0.9625 0.976190476190476 0.947368421052632 0.986842105263158 0.85 0.941176470588235 0.755102040816326 0.945578231292517 2 3
0.9 0.904761904761905 0.894736842105263 0.946741854636591 0.81 0.733333333333333 0.872727272727273 0.893333333333333 1 3
0.9375 0.928571428571429 0.947368421052632 0.979949874686717 0.83 0.755555555555556 0.890909090909091 0.92040404040404 2 3
0.9125 0.878048780487805 0.948717948717949 0.961225766103815 0.77 0.655737704918033 0.948717948717949 0.841109709962169 1 3
0.975 0.975609756097561 0.974358974358974 0.998749218261413 0.87 0.868852459016393 0.871794871794872 0.949558638083228 2 3
0.9 0.928571428571429 0.868421052631579 0.977443609022556 0.86 0.791666666666667 0.923076923076923 0.941105769230769 1 3
0.9625 0.976190476190476 0.947368421052632 0.993734335839599 0.84 0.833333333333333 0.846153846153846 0.913862179487179 2 3
0.875 0.885714285714286 0.866666666666667 0.947301587301587 0.84 0.833333333333333 0.85 0.899166666666667 1 3
0.975 0.971428571428571 0.977777777777778 0.993650793650794 0.85 0.833333333333333 0.875 0.929583333333333 2 3
0.9 0.885714285714286 0.911111111111111 0.951746031746032 0.76 0.736842105263158 0.790697674418605 0.841697266421869 1 3
0.9625 0.942857142857143 0.977777777777778 0.997460317460317 0.79 0.719298245614035 0.883720930232558 0.909832721338229 2 3
0.875 0.9 0.85 0.9475 0.82 0.882352941176471 0.755102040816326 0.931572629051621 1 3
0.9375 0.925 0.95 0.984375 0.82 0.901960784313726 0.73469387755102 0.922769107643057 2 3
0.8625 0.883720930232558 0.837837837837838 0.94343180389692 0.9 0.916666666666667 0.884615384615385 0.950721153846154 1 3
0.9375 0.930232558139535 0.945945945945946 0.988057825267128 0.91 0.916666666666667 0.903846153846154 0.957932692307692 2 3
0.8625 0.8 0.911111111111111 0.928253968253968 0.77 0.706896551724138 0.857142857142857 0.886288998357964 1 3
0.9125 0.914285714285714 0.911111111111111 0.965079365079365 0.82 0.793103448275862 0.857142857142857 0.917487684729064 2 3
0.925 0.933333333333333 0.914285714285714 0.975238095238095 0.88 0.760869565217391 0.981481481481482 0.918679549114332 1 3
0.9625 0.955555555555556 0.971428571428571 0.994920634920635 0.86 0.847826086956522 0.87037037037037 0.943639291465378 2 3
0.8625 0.902439024390244 0.82051282051282 0.936210131332083 0.75 0.622641509433962 0.893617021276596 0.845845042151746 1 3
0.9375 0.975609756097561 0.897435897435897 0.989368355222014 0.69 0.867924528301887 0.48936170212766 0.857486953030911 2 3
0.875 0.880952380952381 0.868421052631579 0.950501253132832 0.79 0.765957446808511 0.811320754716981 0.86150140505821 1 3
0.95 0.976190476190476 0.921052631578947 0.991228070175439 0.83 0.851063829787234 0.811320754716981 0.926134082697712 2 3
0.85 0.933333333333333 0.742857142857143 0.942222222222222 0.9 0.938775510204082 0.862745098039216 0.963985594237695 1 3
0.925 0.933333333333333 0.914285714285714 0.989206349206349 0.88 0.897959183673469 0.862745098039216 0.945578231292517 2 3
0.875 0.878048780487805 0.871794871794872 0.923076923076923 0.82 0.830188679245283 0.808510638297872 0.925331192292252 1 3
0.9125 0.902439024390244 0.923076923076923 0.981238273921201 0.86 0.905660377358491 0.808510638297872 0.918908069048575 2 3
0.8875 0.9 0.875 0.961875 0.86 0.788461538461538 0.9375 0.901842948717949 1 3
0.9 0.9 0.9 0.966875 0.87 0.788461538461538 0.958333333333333 0.92948717948718 2 3
0.925 0.958333333333333 0.875 0.95703125 0.83 0.903846153846154 0.75 0.91786858974359 1 3
0.9625 1 0.90625 0.985026041666667 0.83 0.865384615384615 0.791666666666667 0.947516025641026 2 3
0.875 0.833333333333333 0.921052631578947 0.93859649122807 0.85 0.75609756097561 0.915254237288136 0.890450599421248 1 3
0.9875 0.976190476190476 1 0.99874686716792 0.79 0.780487804878049 0.796610169491525 0.867713931376602 2 3
0.9 0.875 0.925 0.955625 0.83 0.78 0.88 0.9028 1 3
0.95 0.95 0.95 0.99 0.84 0.78 0.9 0.9172 2 3
0.9 0.942307692307692 0.821428571428571 0.974587912087912 0.79 0.897959183673469 0.686274509803922 0.897959183673469 1 3
0.9625 0.961538461538462 0.964285714285714 0.995192307692308 0.84 0.857142857142857 0.823529411764706 0.934773909563826 2 3
0.875 0.852941176470588 0.891304347826087 0.94693094629156 0.85 0.803921568627451 0.897959183673469 0.903561424569828 1 3
0.9625 0.970588235294118 0.956521739130435 0.997442455242967 0.83 0.764705882352941 0.897959183673469 0.922368947579032 2 3
0.9 0.9 0.9 0.955625 0.86 0.840909090909091 0.875 0.943181818181818 1 3
0.95 0.925 0.975 0.9975 0.84 0.818181818181818 0.857142857142857 0.942775974025974 2 3
0.8875 0.894736842105263 0.880952380952381 0.951754385964912 0.88 0.857142857142857 0.901960784313726 0.966786714685874 1 3
0.9625 0.973684210526316 0.952380952380952 0.974937343358396 0.88 0.877551020408163 0.882352941176471 0.957583033213285 2 3
0.85 0.837837837837838 0.86046511627907 0.938403519798869 0.87 0.833333333333333 0.903846153846154 0.929086538461538 1 3
0.95 0.945945945945946 0.953488372093023 0.985543683218102 0.89 0.854166666666667 0.923076923076923 0.948717948717949 2 3
0.8875 0.893617021276596 0.878787878787879 0.934880722114765 0.91 0.981818181818182 0.822222222222222 0.974545454545455 1 3
0.9625 0.957446808510638 0.96969696969697 0.992263056092843 0.89 0.981818181818182 0.777777777777778 0.977777777777778 2 3
0.8375 0.846153846153846 0.829268292682927 0.91119449656035 0.88 0.8125 0.942307692307692 0.955929487179487 1 3
0.9375 0.923076923076923 0.951219512195122 0.983739837398374 0.86 0.833333333333333 0.884615384615385 0.929086538461538 2 3
0.8625 0.833333333333333 0.886363636363636 0.919191919191919 0.89 0.955555555555556 0.836363636363636 0.976161616161616 1 3
0.9125 0.888888888888889 0.931818181818182 0.983585858585859 0.91 0.977777777777778 0.854545454545454 0.97979797979798 2 3
0.9125 0.90625 0.916666666666667 0.977213541666667 0.86 0.754716981132076 0.978723404255319 0.903251706142112 1 3
0.95 0.9375 0.958333333333333 0.992838541666667 0.82 0.754716981132076 0.893617021276596 0.938980329185066 2 3
0.85 0.868421052631579 0.833333333333333 0.908521303258145 0.89 0.807692307692308 0.979166666666667 0.958333333333333 1 3
0.9 0.921052631578947 0.880952380952381 0.966165413533835 0.91 0.846153846153846 0.979166666666667 0.959535256410256 2 3
0.8875 0.871794871794872 0.902439024390244 0.959349593495935 0.86 0.86 0.86 0.9456 1 3
0.9375 0.897435897435897 0.975609756097561 0.987492182614134 0.87 0.88 0.86 0.9392 2 3
