0.876543209876543 0.823529411764706 0.914893617021277 0.956821026282854 0.87 0.92 0.82 0.934 1
0.89041095890411 0.864864864864865 0.916666666666667 0.958708708708709 0.82 0.770833333333333 0.865384615384615 0.922676282051282 1
0.846153846153846 0.766666666666667 0.914285714285714 0.943809523809524 0.87 0.912280701754386 0.813953488372093 0.918400652794778 1
0.897435897435897 0.911111111111111 0.878787878787879 0.973063973063973 0.91 0.9375 0.884615384615385 0.963942307692308 1
0.863013698630137 0.837837837837838 0.888888888888889 0.933183183183183 0.89 0.906976744186046 0.87719298245614 0.945736434108527 1
0.917647058823529 0.941176470588235 0.882352941176471 0.961361014994233 0.86 0.933333333333333 0.8 0.945050505050505 1
1 1 1 1 0.85 0.924528301886792 0.765957446808511 0.894419911682055 1
0.898876404494382 0.906976744186046 0.891304347826087 0.956521739130435 0.81 0.787234042553192 0.830188679245283 0.919710959454035 1
0.882352941176471 0.838709677419355 0.918918918918919 0.938099389712293 0.87 0.847826086956522 0.888888888888889 0.943236714975845 1
0.87012987012987 0.911111111111111 0.8125 0.957638888888889 0.85 0.893617021276596 0.811320754716981 0.914492171818547 1
0.857142857142857 0.814814814814815 0.883720930232558 0.956072351421189 0.9 0.862745098039216 0.938775510204082 0.955582232893157 1
0.802816901408451 0.810810810810811 0.794117647058823 0.907790143084261 0.77 0.719298245614035 0.837209302325581 0.879640962872297 1
0.903614457831325 0.9 0.906976744186046 0.951744186046512 0.83 0.826086956521739 0.833333333333333 0.916666666666667 1
0.876712328767123 0.84375 0.902439024390244 0.942835365853659 0.84 0.82 0.86 0.932 1
0.846153846153846 0.883720930232558 0.8 0.934883720930233 0.86 0.846153846153846 0.875 0.934294871794872 1
0.91025641025641 0.914893617021277 0.903225806451613 0.978037062457104 0.85 0.945945945945946 0.793650793650794 0.951951951951952 1
0.846153846153846 0.829268292682927 0.864864864864865 0.941990771259064 0.78 0.8 0.763636363636364 0.874747474747475 1
0.876543209876543 0.914893617021277 0.823529411764706 0.959949937421777 0.86 0.836734693877551 0.882352941176471 0.910364145658263 1
0.86046511627907 0.857142857142857 0.862745098039216 0.951260504201681 0.83 0.729166666666667 0.923076923076923 0.922275641025641 1
0.905405405405405 0.921052631578947 0.888888888888889 0.976608187134503 0.87 0.893617021276596 0.849056603773585 0.922922521075873 1
0.882352941176471 0.882352941176471 0.882352941176471 0.910899653979239 0.86 0.875 0.846153846153846 0.962740384615385 1
0.9 0.909090909090909 0.888888888888889 0.958333333333333 0.81 0.846153846153846 0.770833333333333 0.905448717948718 1
0.898550724637681 0.888888888888889 0.909090909090909 0.956228956228956 0.84 0.907407407407407 0.760869565217391 0.933977455716586 1
0.848101265822785 0.866666666666667 0.823529411764706 0.947712418300654 0.86 0.884615384615385 0.833333333333333 0.912259615384615 1
0.89873417721519 0.904761904761905 0.891891891891892 0.960746460746461 0.83 0.833333333333333 0.826086956521739 0.904186795491143 1
0.943661971830986 0.952380952380952 0.931034482758621 0.971264367816092 0.79 0.893617021276596 0.69811320754717 0.92934564431955 1
0.893333333333333 0.852941176470588 0.926829268292683 0.960545193687231 0.86 0.918367346938776 0.803921568627451 0.925970388155262 1
0.897435897435897 0.891891891891892 0.902439024390244 0.967699406723797 0.81 0.813953488372093 0.807017543859649 0.89718482252142 1
0.833333333333333 0.805555555555556 0.861111111111111 0.904320987654321 0.87 0.82258064516129 0.947368421052632 0.918081494057725 1
0.914634146341463 0.923076923076923 0.906976744186046 0.97793679189028 0.84 0.74468085106383 0.924528301886792 0.889602569249297 1
0.904761904761905 0.930232558139535 0.878048780487805 0.968803176403857 0.85 0.816326530612245 0.882352941176471 0.942376950780312 1
0.786666666666667 0.840909090909091 0.709677419354839 0.868768328445748 0.81 0.761904761904762 0.844827586206897 0.858374384236453 1
0.869565217391304 0.870967741935484 0.868421052631579 0.940577249575552 0.81 0.795918367346939 0.823529411764706 0.901960784313726 1
0.797752808988764 0.795918367346939 0.8 0.896938775510204 0.79 0.87037037037037 0.695652173913043 0.881239935587762 1
0.903614457831325 0.871794871794872 0.931818181818182 0.952214452214452 0.84 0.907407407407407 0.760869565217391 0.95048309178744 1
0.858974358974359 0.837837837837838 0.878048780487805 0.936058009228741 0.79 0.733333333333333 0.836363636363636 0.902222222222222 1
0.927710843373494 0.925 0.930232558139535 0.972093023255814 0.79 0.823529411764706 0.755102040816326 0.882352941176471 1
0.857142857142857 0.861111111111111 0.853658536585366 0.928861788617886 0.87 0.961538461538462 0.770833333333333 0.951923076923077 1
0.907894736842105 0.914285714285714 0.902439024390244 0.937979094076655 0.85 0.789473684210526 0.930232558139535 0.939616483068135 1
0.925925925925926 0.941176470588235 0.914893617021277 0.954317897371715 0.93 0.945454545454545 0.911111111111111 0.971313131313131 1
0.938271604938272 0.926829268292683 0.95 0.982926829268293 0.8 0.86 0.74 0.8792 1
0.82051282051282 0.804878048780488 0.837837837837838 0.912986156888596 0.85 0.92 0.78 0.9604 1
0.884615384615385 0.846153846153846 0.923076923076923 0.958579881656805 0.85 0.796296296296296 0.91304347826087 0.921900161030596 1
0.811594202898551 0.78125 0.837837837837838 0.924831081081081 0.79 0.693877551020408 0.882352941176471 0.910764305722289 1
0.901234567901235 0.914285714285714 0.891304347826087 0.970186335403727 0.82 0.866666666666667 0.781818181818182 0.911515151515152 1
0.895522388059702 0.918918918918919 0.866666666666667 0.982882882882883 0.89 0.826923076923077 0.958333333333333 0.947115384615385 1
0.938271604938272 0.923076923076923 0.952380952380952 0.962759462759463 0.88 0.897959183673469 0.862745098039216 0.955982392957183 1
0.8875 0.852941176470588 0.91304347826087 0.93925831202046 0.81 0.78 0.84 0.9176 1
0.896103896103896 0.885714285714286 0.904761904761905 0.963265306122449 0.76 0.702127659574468 0.811320754716981 0.826174227217985 1
0.838235294117647 0.857142857142857 0.818181818181818 0.92987012987013 0.83 0.842105263157895 0.813953488372093 0.912688698490412 1
0.8375 0.875 0.8 0.9375 0.85 0.849056603773585 0.851063829787234 0.918908069048575 1
0.875 0.878048780487805 0.871794871794872 0.959349593495935 0.84 0.854838709677419 0.815789473684211 0.931239388794567 1
0.92 0.931818181818182 0.903225806451613 0.968475073313783 0.79 0.735849056603774 0.851063829787234 0.908470493777599 1
0.863636363636364 0.870967741935484 0.857142857142857 0.941935483870968 0.86 0.892857142857143 0.818181818181818 0.912743506493507 1
0.830985915492958 0.787878787878788 0.868421052631579 0.920255183413078 0.83 0.869565217391304 0.796296296296296 0.907407407407407 1
0.8125 0.789473684210526 0.833333333333333 0.934210526315789 0.82 0.75 0.884615384615385 0.907051282051282 1
0.884057971014493 0.918918918918919 0.84375 0.961148648648649 0.9 0.86 0.94 0.9524 1
0.876543209876543 0.930232558139535 0.815789473684211 0.941860465116279 0.78 0.716981132075472 0.851063829787234 0.872340425531915 1
0.89041095890411 0.9 0.878787878787879 0.975757575757576 0.82 0.780487804878049 0.847457627118644 0.906159570070277 1
0.890243902439024 0.868421052631579 0.909090909090909 0.937200956937799 0.83 0.833333333333333 0.826923076923077 0.919871794871795 1
0.871794871794872 0.848484848484849 0.888888888888889 0.952188552188552 0.84 0.763636363636364 0.933333333333333 0.916767676767677 1
0.914285714285714 0.875 0.947368421052632 0.971217105263158 0.8 0.826923076923077 0.770833333333333 0.909855769230769 1
0.891891891891892 0.909090909090909 0.878048780487805 0.968218773096822 0.88 0.807692307692308 0.958333333333333 0.955528846153846 1
0.814285714285714 0.875 0.733333333333333 0.905833333333333 0.81 0.823529411764706 0.795918367346939 0.89155662264906 1
0.921052631578947 0.926829268292683 0.914285714285714 0.974912891986063 0.87 0.862745098039216 0.877551020408163 0.930372148859544 1
0.876712328767123 0.793103448275862 0.931818181818182 0.967868338557994 0.86 0.811320754716981 0.914893617021277 0.922521075873143 1
0.894736842105263 0.897435897435897 0.891891891891892 0.968121968121968 0.82 0.818181818181818 0.822222222222222 0.916363636363636 1
0.909090909090909 0.9 0.918918918918919 0.976351351351351 0.81 0.842105263157895 0.790322580645161 0.918081494057725 1
0.905405405405405 0.878787878787879 0.926829268292683 0.977087952697709 0.76 0.75 0.770833333333333 0.850160256410256 1
0.873417721518987 0.883720930232558 0.861111111111111 0.924418604651163 0.86 0.867924528301887 0.851063829787234 0.926535527900442 1
0.901234567901235 0.885714285714286 0.91304347826087 0.959006211180124 0.88 0.909090909090909 0.844444444444444 0.948282828282828 1
0.871794871794872 0.857142857142857 0.883720930232558 0.960132890365448 0.83 0.777777777777778 0.872727272727273 0.903030303030303 1
0.961038961038961 0.972222222222222 0.951219512195122 0.989837398373984 0.83 0.78 0.88 0.91 1
0.945205479452055 0.9375 0.951219512195122 0.982469512195122 0.87 0.897959183673469 0.843137254901961 0.937174869947979 1
0.91304347826087 0.90625 0.918918918918919 0.944256756756757 0.84 0.822222222222222 0.854545454545454 0.898585858585859 1
0.895522388059702 0.882352941176471 0.909090909090909 0.974153297682709 0.8 0.754716981132076 0.851063829787234 0.881172219991971 1
0.91044776119403 0.914285714285714 0.90625 0.958035714285714 0.81 0.787234042553192 0.830188679245283 0.914492171818547 1
0.844155844155844 0.78125 0.888888888888889 0.925694444444444 0.84 0.775510204081633 0.901960784313726 0.910764305722289 1
0.893333333333333 0.925 0.857142857142857 0.952142857142857 0.94 0.951219512195122 0.932203389830508 0.963207937164117 1
0.902777777777778 0.918918918918919 0.885714285714286 0.954440154440155 0.84 0.78 0.9 0.9216 1
0.861111111111111 0.823529411764706 0.894736842105263 0.953560371517028 0.89 0.936170212765957 0.849056603773585 0.944199116820554 1
0.88 0.909090909090909 0.838709677419355 0.940615835777126 0.79 0.733333333333333 0.875 0.889583333333333 1
0.915492957746479 0.944444444444444 0.885714285714286 0.982539682539682 0.85 0.818181818181818 0.888888888888889 0.949090909090909 1
0.833333333333333 0.837837837837838 0.829787234042553 0.928694652098907 0.82 0.849056603773585 0.787234042553192 0.908470493777599 1
0.879518072289157 0.86046511627907 0.9 0.930813953488372 0.84 0.918367346938776 0.764705882352941 0.951980792316927 1
0.861111111111111 0.875 0.84375 0.95703125 0.85 0.826086956521739 0.87037037037037 0.935185185185185 1
0.90625 0.9 0.911764705882353 0.975490196078431 0.79 0.781818181818182 0.8 0.884444444444444 1
0.905405405405405 0.916666666666667 0.894736842105263 0.975877192982456 0.86 0.830188679245283 0.893617021276596 0.95383380168607 1
0.922077922077922 0.942857142857143 0.904761904761905 0.964625850340136 0.84 0.8 0.88 0.9164 1
0.928571428571429 0.945945945945946 0.909090909090909 0.962325962325962 0.84 0.854545454545454 0.822222222222222 0.922020202020202 1
0.863013698630137 0.885714285714286 0.842105263157895 0.938345864661654 0.8 0.75 0.846153846153846 0.880608974358974 1
0.925925925925926 0.888888888888889 0.955555555555556 0.969135802469136 0.85 0.897959183673469 0.803921568627451 0.913165266106443 1
0.860759493670886 0.846153846153846 0.875 0.948076923076923 0.81 0.851851851851852 0.760869565217391 0.91304347826087 1
0.888888888888889 0.894736842105263 0.882352941176471 0.931114551083591 0.89 0.805555555555556 0.9375 0.930555555555556 1
0.816901408450704 0.815789473684211 0.818181818181818 0.91786283891547 0.77 0.863636363636364 0.696428571428571 0.905438311688312 1
0.863013698630137 0.818181818181818 0.9 0.95530303030303 0.85 0.745454545454545 0.977777777777778 0.926060606060606 1
0.888888888888889 0.903225806451613 0.875 0.97883064516129 0.85 0.791666666666667 0.903846153846154 0.912259615384615 1
0.926470588235294 0.928571428571429 0.925 0.978571428571429 0.82 0.692307692307692 0.958333333333333 0.923076923076923 1
0.973333333333333 0.944444444444444 1 0.990740740740741 0.83 0.788461538461538 0.875 0.923076923076923 1
0.876543209876543 0.868421052631579 0.883720930232558 0.969400244798042 0.88 0.843137254901961 0.918367346938776 0.954781912765106 1
0.876543209876543 0.823529411764706 0.914893617021277 0.956195244055069 0.85 0.92 0.78 0.9392 2
0.89041095890411 0.864864864864865 0.916666666666667 0.963213213213213 0.84 0.770833333333333 0.903846153846154 0.920673076923077 2
0.846153846153846 0.766666666666667 0.914285714285714 0.942857142857143 0.86 0.894736842105263 0.813953488372093 0.918400652794778 2
0.897435897435897 0.911111111111111 0.878787878787879 0.973737373737374 0.91 0.895833333333333 0.923076923076923 0.963541666666667 2
0.849315068493151 0.837837837837838 0.861111111111111 0.931681681681682 0.86 0.883720930232558 0.842105263157895 0.939208486332109 2
0.929411764705882 0.96078431372549 0.882352941176471 0.960207612456747 0.85 0.933333333333333 0.781818181818182 0.945050505050505 2
1 1 1 1 0.85 0.905660377358491 0.787234042553192 0.846447209955841 2
0.887640449438202 0.883720930232558 0.891304347826087 0.954499494438827 0.8 0.74468085106383 0.849056603773585 0.90606182256122 2
0.867647058823529 0.838709677419355 0.891891891891892 0.936355710549259 0.86 0.826086956521739 0.888888888888889 0.940821256038647 2
0.87012987012987 0.911111111111111 0.8125 0.959027777777778 0.83 0.872340425531915 0.792452830188679 0.912886391007627 2
0.871428571428571 0.851851851851852 0.883720930232558 0.960378983634798 0.89 0.823529411764706 0.959183673469388 0.955982392957183 2
0.802816901408451 0.810810810810811 0.794117647058823 0.906200317965024 0.75 0.701754385964912 0.813953488372093 0.884128926968584 2
0.903614457831325 0.9 0.906976744186046 0.951744186046512 0.83 0.826086956521739 0.833333333333333 0.911433172302737 2
0.863013698630137 0.8125 0.902439024390244 0.94969512195122 0.86 0.86 0.86 0.9452 2
0.846153846153846 0.883720930232558 0.8 0.92890365448505 0.86 0.846153846153846 0.875 0.925480769230769 2
0.923076923076923 0.936170212765957 0.903225806451613 0.979409746053535 0.79 0.810810810810811 0.777777777777778 0.921921921921922 2
0.833333333333333 0.804878048780488 0.864864864864865 0.935398813447594 0.83 0.866666666666667 0.8 0.887676767676768 2
0.876543209876543 0.914893617021277 0.823529411764706 0.959324155193993 0.84 0.816326530612245 0.862745098039216 0.910764305722289 2
0.86046511627907 0.857142857142857 0.862745098039216 0.951820728291316 0.84 0.75 0.923076923076923 0.917067307692308 2
0.905405405405405 0.921052631578947 0.888888888888889 0.976608187134503 0.87 0.893617021276596 0.849056603773585 0.917703733440385 2
0.882352941176471 0.882352941176471 0.882352941176471 0.910034602076125 0.87 0.895833333333333 0.846153846153846 0.963141025641026 2
0.9 0.909090909090909 0.888888888888889 0.95770202020202 0.81 0.846153846153846 0.770833333333333 0.899439102564103 2
0.884057971014493 0.861111111111111 0.909090909090909 0.957070707070707 0.86 0.962962962962963 0.739130434782609 0.942834138486312 2
0.848101265822785 0.866666666666667 0.823529411764706 0.947058823529412 0.86 0.903846153846154 0.8125 0.917067307692308 2
0.886075949367089 0.904761904761905 0.864864864864865 0.962676962676963 0.79 0.814814814814815 0.760869565217391 0.903381642512077 2
0.943661971830986 0.952380952380952 0.931034482758621 0.971264367816092 0.85 0.893617021276596 0.811320754716981 0.95262946607788 2
0.88 0.852941176470588 0.902439024390244 0.959827833572453 0.84 0.918367346938776 0.764705882352941 0.924769907963185 2
0.884615384615385 0.864864864864865 0.902439024390244 0.967699406723797 0.81 0.813953488372093 0.807017543859649 0.902896776825785 2
0.833333333333333 0.805555555555556 0.861111111111111 0.905092592592593 0.88 0.82258064516129 0.973684210526316 0.924448217317487 2
0.914634146341463 0.923076923076923 0.906976744186046 0.979129397734049 0.85 0.765957446808511 0.924528301886792 0.887595343235648 2
0.880952380952381 0.883720930232558 0.878048780487805 0.96483267158253 0.84 0.816326530612245 0.862745098039216 0.942376950780312 2
0.76 0.818181818181818 0.67741935483871 0.871700879765396 0.82 0.80952380952381 0.827586206896552 0.88423645320197 2
0.869565217391304 0.870967741935484 0.868421052631579 0.940577249575552 0.81 0.795918367346939 0.823529411764706 0.895558223289316 2
0.898876404494382 0.918367346938776 0.875 0.962755102040816 0.84 0.907407407407407 0.760869565217391 0.902576489533011 2
0.903614457831325 0.846153846153846 0.954545454545455 0.952214452214452 0.84 0.907407407407407 0.760869565217391 0.951288244766506 2
0.858974358974359 0.837837837837838 0.878048780487805 0.937376400791035 0.8 0.733333333333333 0.854545454545454 0.898585858585859 2
0.927710843373494 0.925 0.930232558139535 0.973255813953488 0.78 0.803921568627451 0.755102040816326 0.879551820728291 2
0.857142857142857 0.861111111111111 0.853658536585366 0.928184281842818 0.87 0.942307692307692 0.791666666666667 0.939102564102564 2
0.907894736842105 0.885714285714286 0.926829268292683 0.942857142857143 0.87 0.824561403508772 0.930232558139535 0.933088535291718 2
0.925925925925926 0.941176470588235 0.914893617021277 0.954317897371715 0.92 0.945454545454545 0.888888888888889 0.967676767676768 2
0.938271604938272 0.926829268292683 0.95 0.982317073170732 0.78 0.86 0.7 0.8816 2
0.82051282051282 0.804878048780488 0.837837837837838 0.912986156888596 0.89 0.96 0.82 0.9656 2
0.897435897435897 0.871794871794872 0.923076923076923 0.958579881656805 0.85 0.759259259259259 0.956521739130435 0.918276972624799 2
0.797101449275362 0.78125 0.810810810810811 0.92652027027027 0.8 0.714285714285714 0.882352941176471 0.913965586234494 2
0.91358024691358 0.914285714285714 0.91304347826087 0.969565217391304 0.84 0.888888888888889 0.8 0.911111111111111 2
0.895522388059702 0.918918918918919 0.866666666666667 0.979279279279279 0.89 0.846153846153846 0.9375 0.941105769230769 2
0.950617283950617 0.948717948717949 0.952380952380952 0.962148962148962 0.89 0.897959183673469 0.882352941176471 0.954781912765106 2
0.875 0.823529411764706 0.91304347826087 0.939897698209719 0.82 0.8 0.84 0.92 2
0.896103896103896 0.885714285714286 0.904761904761905 0.961904761904762 0.76 0.702127659574468 0.811320754716981 0.823364110798876 2
0.852941176470588 0.857142857142857 0.848484848484849 0.930735930735931 0.83 0.824561403508772 0.837209302325581 0.910648714810282 2
0.8375 0.875 0.8 0.938125 0.85 0.849056603773585 0.851063829787234 0.90806904857487 2
0.875 0.878048780487805 0.871794871794872 0.959974984365228 0.83 0.854838709677419 0.789473684210526 0.935483870967742 2
0.92 0.931818181818182 0.903225806451613 0.967741935483871 0.78 0.69811320754717 0.872340425531915 0.902850260939382 2
0.893939393939394 0.903225806451613 0.885714285714286 0.943778801843318 0.85 0.875 0.818181818181818 0.92086038961039 2
0.830985915492958 0.787878787878788 0.868421052631579 0.921850079744817 0.83 0.847826086956522 0.814814814814815 0.90780998389694 2
0.825 0.789473684210526 0.857142857142857 0.934210526315789 0.86 0.833333333333333 0.884615384615385 0.918269230769231 2
0.884057971014493 0.918918918918919 0.84375 0.960304054054054 0.89 0.86 0.92 0.9508 2
0.876543209876543 0.930232558139535 0.815789473684211 0.942472460220318 0.78 0.716981132075472 0.851063829787234 0.875150541951024 2
0.89041095890411 0.9 0.878787878787879 0.974242424242424 0.82 0.780487804878049 0.847457627118644 0.906986357999173 2
0.865853658536585 0.894736842105263 0.840909090909091 0.943181818181818 0.8 0.6875 0.903846153846154 0.857772435897436 2
0.871794871794872 0.848484848484849 0.888888888888889 0.952861952861953 0.82 0.727272727272727 0.933333333333333 0.913939393939394 2
0.914285714285714 0.875 0.947368421052632 0.96875 0.84 0.846153846153846 0.833333333333333 0.901842948717949 2
0.891891891891892 0.909090909090909 0.878048780487805 0.9660014781966 0.87 0.788461538461538 0.958333333333333 0.952323717948718 2
0.814285714285714 0.875 0.733333333333333 0.904166666666667 0.82 0.843137254901961 0.795918367346939 0.887154861944778 2
0.934210526315789 0.926829268292683 0.942857142857143 0.974912891986063 0.87 0.862745098039216 0.877551020408163 0.926370548219288 2
0.876712328767123 0.827586206896552 0.909090909090909 0.96551724137931 0.85 0.773584905660377 0.936170212765957 0.923323966278603 2
0.894736842105263 0.897435897435897 0.891891891891892 0.968121968121968 0.84 0.854545454545454 0.822222222222222 0.903030303030303 2
0.909090909090909 0.9 0.918918918918919 0.976351351351351 0.83 0.868421052631579 0.806451612903226 0.921477079796265 2
0.905405405405405 0.878787878787879 0.926829268292683 0.97930524759793 0.76 0.75 0.770833333333333 0.83573717948718 2
0.873417721518987 0.883720930232558 0.861111111111111 0.925710594315245 0.87 0.886792452830189 0.851063829787234 0.928944199116821 2
0.901234567901235 0.885714285714286 0.91304347826087 0.960248447204969 0.88 0.890909090909091 0.866666666666667 0.952323232323232 2
0.858974358974359 0.857142857142857 0.86046511627907 0.960797342192691 0.83 0.777777777777778 0.872727272727273 0.905050505050505 2
0.961038961038961 0.972222222222222 0.951219512195122 0.989159891598916 0.84 0.78 0.9 0.9068 2
0.945205479452055 0.9375 0.951219512195122 0.983231707317073 0.86 0.897959183673469 0.823529411764706 0.941176470588235 2
0.91304347826087 0.90625 0.918918918918919 0.943412162162162 0.85 0.844444444444444 0.854545454545454 0.898585858585859 2
0.91044776119403 0.941176470588235 0.878787878787879 0.976827094474153 0.83 0.811320754716981 0.851063829787234 0.881573665194701 2
0.91044776119403 0.914285714285714 0.90625 0.958035714285714 0.81 0.787234042553192 0.830188679245283 0.914492171818547 2
0.844155844155844 0.78125 0.888888888888889 0.927083333333333 0.85 0.795918367346939 0.901960784313726 0.90516206482593 2
0.88 0.9 0.857142857142857 0.951428571428571 0.93 0.951219512195122 0.915254237288136 0.968168664737495 2
0.902777777777778 0.891891891891892 0.914285714285714 0.955212355212355 0.84 0.8 0.88 0.9192 2
0.861111111111111 0.823529411764706 0.894736842105263 0.945820433436533 0.9 0.957446808510638 0.849056603773585 0.95262946607788 2
0.88 0.909090909090909 0.838709677419355 0.93841642228739 0.79 0.75 0.85 0.893333333333333 2
0.915492957746479 0.944444444444444 0.885714285714286 0.981746031746032 0.86 0.836363636363636 0.888888888888889 0.947070707070707 2
0.821428571428571 0.810810810810811 0.829787234042553 0.9252443933295 0.85 0.867924528301887 0.829787234042553 0.925331192292252 2
0.891566265060241 0.883720930232558 0.9 0.931395348837209 0.82 0.897959183673469 0.745098039215686 0.948379351740696 2
0.861111111111111 0.875 0.84375 0.95703125 0.82 0.804347826086957 0.833333333333333 0.933574879227053 2
0.921875 0.933333333333333 0.911764705882353 0.97843137254902 0.8 0.8 0.8 0.895757575757576 2
0.905405405405405 0.916666666666667 0.894736842105263 0.975877192982456 0.85 0.792452830188679 0.914893617021277 0.940987555198715 2
0.909090909090909 0.914285714285714 0.904761904761905 0.966666666666667 0.84 0.8 0.88 0.912 2
0.928571428571429 0.945945945945946 0.909090909090909 0.960687960687961 0.85 0.872727272727273 0.822222222222222 0.918787878787879 2
0.863013698630137 0.885714285714286 0.842105263157895 0.939097744360902 0.81 0.770833333333333 0.846153846153846 0.887820512820513 2
0.925925925925926 0.888888888888889 0.955555555555556 0.969135802469136 0.84 0.897959183673469 0.784313725490196 0.921168467386955 2
0.860759493670886 0.846153846153846 0.875 0.948076923076923 0.86 0.87037037037037 0.847826086956522 0.923913043478261 2
0.875 0.868421052631579 0.882352941176471 0.928792569659443 0.88 0.805555555555556 0.921875 0.932291666666667 2
0.816901408450704 0.815789473684211 0.818181818181818 0.91786283891547 0.8 0.840909090909091 0.767857142857143 0.898538961038961 2
0.863013698630137 0.818181818181818 0.9 0.95530303030303 0.88 0.8 0.977777777777778 0.925252525252525 2
0.888888888888889 0.903225806451613 0.875 0.97883064516129 0.85 0.791666666666667 0.903846153846154 0.910657051282051 2
0.926470588235294 0.928571428571429 0.925 0.978571428571429 0.82 0.692307692307692 0.958333333333333 0.928685897435897 2
0.96 0.944444444444444 0.974358974358974 0.998575498575499 0.83 0.807692307692308 0.854166666666667 0.897435897435897 2
0.876543209876543 0.868421052631579 0.883720930232558 0.971848225214198 0.89 0.843137254901961 0.938775510204082 0.955982392957183 2
0.888888888888889 0.852941176470588 0.914893617021277 0.958072590738423 0.85 0.92 0.78 0.934 3
0.904109589041096 0.891891891891892 0.916666666666667 0.96021021021021 0.81 0.75 0.865384615384615 0.918269230769231 3
0.846153846153846 0.766666666666667 0.914285714285714 0.943809523809524 0.87 0.87719298245614 0.86046511627907 0.918400652794778 3
0.91025641025641 0.911111111111111 0.909090909090909 0.971717171717172 0.9 0.916666666666667 0.884615384615385 0.958733974358974 3
0.876712328767123 0.837837837837838 0.916666666666667 0.930930930930931 0.9 0.906976744186046 0.894736842105263 0.936760505915953 3
0.917647058823529 0.941176470588235 0.882352941176471 0.961361014994233 0.84 0.911111111111111 0.781818181818182 0.947070707070707 3
1 1 1 1 0.81 0.905660377358491 0.702127659574468 0.803894018466479 3
0.898876404494382 0.906976744186046 0.891304347826087 0.957532861476239 0.82 0.659574468085106 0.962264150943396 0.902047370533922 3
0.882352941176471 0.838709677419355 0.918918918918919 0.940714908456844 0.86 0.869565217391304 0.851851851851852 0.946859903381642 3
0.87012987012987 0.911111111111111 0.8125 0.956944444444444 0.86 0.914893617021277 0.811320754716981 0.921316740264954 3
0.857142857142857 0.814814814814815 0.883720930232558 0.958656330749354 0.89 0.823529411764706 0.959183673469388 0.949179671868748 3
0.802816901408451 0.810810810810811 0.794117647058823 0.910174880763116 0.8 0.754385964912281 0.86046511627907 0.869441044471644 3
0.903614457831325 0.9 0.906976744186046 0.951744186046512 0.82 0.782608695652174 0.851851851851852 0.905797101449275 3
0.863013698630137 0.8125 0.902439024390244 0.942835365853659 0.84 0.84 0.84 0.9392 3
0.846153846153846 0.883720930232558 0.8 0.928239202657807 0.87 0.865384615384615 0.875 0.926282051282051 3
0.923076923076923 0.936170212765957 0.903225806451613 0.982155113246397 0.83 0.945945945945946 0.761904761904762 0.945087945087945 3
0.846153846153846 0.829268292682927 0.864864864864865 0.934739617666447 0.77 0.777777777777778 0.763636363636364 0.864646464646465 3
0.876543209876543 0.914893617021277 0.823529411764706 0.963704630788486 0.83 0.816326530612245 0.843137254901961 0.910764305722289 3
0.86046511627907 0.857142857142857 0.862745098039216 0.950140056022409 0.82 0.6875 0.942307692307692 0.89863782051282 3
0.918918918918919 0.947368421052632 0.888888888888889 0.975877192982456 0.87 0.893617021276596 0.849056603773585 0.908470493777599 3
0.867647058823529 0.882352941176471 0.852941176470588 0.90916955017301 0.86 0.895833333333333 0.826923076923077 0.967548076923077 3
0.8875 0.909090909090909 0.861111111111111 0.95959595959596 0.81 0.846153846153846 0.770833333333333 0.90224358974359 3
0.884057971014493 0.861111111111111 0.909090909090909 0.954545454545455 0.84 0.925925925925926 0.739130434782609 0.935990338164251 3
0.848101265822785 0.866666666666667 0.823529411764706 0.94640522875817 0.84 0.865384615384615 0.8125 0.917067307692308 3
0.89873417721519 0.904761904761905 0.891891891891892 0.962033462033462 0.83 0.833333333333333 0.826086956521739 0.901368760064412 3
0.929577464788732 0.952380952380952 0.896551724137931 0.9688013136289 0.82 0.914893617021277 0.735849056603774 0.934162986752308 3
0.866666666666667 0.823529411764706 0.902439024390244 0.956958393113343 0.84 0.877551020408163 0.803921568627451 0.916366546618647 3
0.897435897435897 0.891891891891892 0.902439024390244 0.968358602504944 0.79 0.813953488372093 0.771929824561403 0.89922480620155 3
0.833333333333333 0.805555555555556 0.861111111111111 0.903549382716049 0.86 0.806451612903226 0.947368421052632 0.921477079796265 3
0.914634146341463 0.923076923076923 0.906976744186046 0.976744186046512 0.85 0.74468085106383 0.943396226415094 0.878362103572862 3
0.904761904761905 0.930232558139535 0.878048780487805 0.96483267158253 0.85 0.836734693877551 0.862745098039216 0.94077631052421 3
0.773333333333333 0.840909090909091 0.67741935483871 0.868035190615836 0.81 0.761904761904762 0.844827586206897 0.871100164203612 3
0.869565217391304 0.870967741935484 0.868421052631579 0.938879456706282 0.81 0.795918367346939 0.823529411764706 0.897559023609444 3
0.898876404494382 0.918367346938776 0.875 0.962244897959184 0.82 0.814814814814815 0.826086956521739 0.855475040257649 3
0.891566265060241 0.871794871794872 0.909090909090909 0.951048951048951 0.84 0.907407407407407 0.760869565217391 0.951690821256039 3
0.833333333333333 0.837837837837838 0.829268292682927 0.935398813447594 0.81 0.733333333333333 0.872727272727273 0.904646464646465 3
0.927710843373494 0.925 0.930232558139535 0.974418604651163 0.77 0.784313725490196 0.755102040816326 0.871548619447779 3
0.844155844155844 0.861111111111111 0.829268292682927 0.934959349593496 0.54 0.134615384615385 0.979166666666667 0.81650641025641 3
0.907894736842105 0.914285714285714 0.902439024390244 0.94006968641115 0.83 0.771929824561403 0.906976744186046 0.931048551611587 3
0.925925925925926 0.941176470588235 0.914893617021277 0.95369211514393 0.91 0.890909090909091 0.933333333333333 0.970909090909091 3
0.938271604938272 0.926829268292683 0.95 0.984146341463415 0.78 0.82 0.74 0.8808 3
0.807692307692308 0.780487804878049 0.837837837837838 0.916941331575478 0.87 0.96 0.78 0.9684 3
0.884615384615385 0.846153846153846 0.923076923076923 0.959894806048652 0.87 0.796296296296296 0.956521739130435 0.919484702093398 3
0.797101449275362 0.78125 0.810810810810811 0.919763513513513 0.8 0.714285714285714 0.882352941176471 0.913165266106443 3
0.91358024691358 0.914285714285714 0.91304347826087 0.972049689440994 0.79 0.777777777777778 0.8 0.878787878787879 3
0.895522388059702 0.891891891891892 0.9 0.975675675675676 0.91 0.884615384615385 0.9375 0.948717948717949 3
0.950617283950617 0.948717948717949 0.952380952380952 0.961538461538461 0.89 0.877551020408163 0.901960784313726 0.942376950780312 3
0.8875 0.852941176470588 0.91304347826087 0.937979539641944 0.8 0.76 0.84 0.9084 3
0.883116883116883 0.857142857142857 0.904761904761905 0.958503401360544 0.76 0.553191489361702 0.943396226415094 0.741469289441991 3
0.838235294117647 0.857142857142857 0.818181818181818 0.925541125541126 0.81 0.807017543859649 0.813953488372093 0.893920848633211 3
0.8375 0.875 0.8 0.9375 0.84 0.830188679245283 0.851063829787234 0.901645925331192 3
0.8625 0.878048780487805 0.846153846153846 0.956848030018762 0.84 0.854838709677419 0.815789473684211 0.93251273344652 3
0.92 0.931818181818182 0.903225806451613 0.967741935483871 0.79 0.716981132075472 0.872340425531915 0.902448815736652 3
0.848484848484849 0.870967741935484 0.828571428571429 0.938248847926267 0.85 0.875 0.818181818181818 0.923701298701299 3
0.845070422535211 0.818181818181818 0.868421052631579 0.921052631578947 0.8 0.760869565217391 0.833333333333333 0.892512077294686 3
0.8125 0.789473684210526 0.833333333333333 0.932330827067669 0.85 0.8125 0.884615384615385 0.917467948717949 3
0.884057971014493 0.918918918918919 0.84375 0.961148648648649 0.89 0.84 0.94 0.95 3
0.876543209876543 0.930232558139535 0.815789473684211 0.940024479804162 0.76 0.679245283018868 0.851063829787234 0.869530309112806 3
0.89041095890411 0.9 0.878787878787879 0.975757575757576 0.81 0.780487804878049 0.830508474576271 0.902852418354692 3
0.890243902439024 0.868421052631579 0.909090909090909 0.936602870813397 0.82 0.770833333333333 0.865384615384615 0.909855769230769 3
0.871794871794872 0.848484848484849 0.888888888888889 0.955555555555556 0.81 0.727272727272727 0.911111111111111 0.909494949494949 3
0.914285714285714 0.875 0.947368421052632 0.971217105263158 0.81 0.826923076923077 0.791666666666667 0.900641025641026 3
0.905405405405405 0.909090909090909 0.902439024390244 0.968218773096822 0.89 0.826923076923077 0.958333333333333 0.953125 3
0.8 0.85 0.733333333333333 0.906666666666667 0.54 0.431372549019608 0.653061224489796 0.480192076830732 3
0.894736842105263 0.902439024390244 0.885714285714286 0.974912891986063 0.88 0.862745098039216 0.897959183673469 0.923969587835134 3
0.863013698630137 0.793103448275862 0.909090909090909 0.961598746081505 0.88 0.830188679245283 0.936170212765957 0.918908069048575 3
0.894736842105263 0.897435897435897 0.891891891891892 0.97020097020097 0.81 0.8 0.822222222222222 0.894141414141414 3
0.909090909090909 0.9 0.918918918918919 0.976351351351351 0.84 0.868421052631579 0.82258064516129 0.921901528013582 3
0.905405405405405 0.878787878787879 0.926829268292683 0.981522542498152 0.76 0.730769230769231 0.791666666666667 0.838541666666667 3
0.848101265822785 0.883720930232558 0.805555555555556 0.922480620155039 0.86 0.867924528301887 0.851063829787234 0.925732637494982 3
0.91358024691358 0.885714285714286 0.934782608695652 0.962732919254658 0.88 0.909090909090909 0.844444444444444 0.947070707070707 3
0.871794871794872 0.857142857142857 0.883720930232558 0.958803986710963 0.85 0.755555555555556 0.927272727272727 0.884848484848485 3
0.961038961038961 0.972222222222222 0.951219512195122 0.990514905149051 0.65 0.34 0.96 0.752 3
0.945205479452055 0.9375 0.951219512195122 0.986280487804878 0.85 0.857142857142857 0.843137254901961 0.935974389755902 3
0.91304347826087 0.90625 0.918918918918919 0.946790540540541 0.84 0.822222222222222 0.854545454545454 0.901414141414141 3
0.895522388059702 0.911764705882353 0.878787878787879 0.967914438502674 0.82 0.773584905660377 0.872340425531915 0.886792452830189 3
0.91044776119403 0.914285714285714 0.90625 0.955357142857143 0.83 0.808510638297872 0.849056603773585 0.914090726615817 3
0.857142857142857 0.78125 0.911111111111111 0.928472222222222 0.85 0.795918367346939 0.901960784313726 0.903961584633854 3
0.88 0.9 0.857142857142857 0.949285714285714 0.92 0.951219512195122 0.898305084745763 0.965688300950806 3
0.888888888888889 0.891891891891892 0.885714285714286 0.952123552123552 0.82 0.76 0.88 0.9092 3
0.861111111111111 0.823529411764706 0.894736842105263 0.945046439628483 0.91 0.957446808510638 0.867924528301887 0.95343235648334 3
0.88 0.909090909090909 0.838709677419355 0.943548387096774 0.8 0.75 0.875 0.888333333333333 3
0.915492957746479 0.944444444444444 0.885714285714286 0.979365079365079 0.88 0.890909090909091 0.866666666666667 0.96 3
0.833333333333333 0.837837837837838 0.829787234042553 0.935595169637723 0.85 0.811320754716981 0.893617021276596 0.887996788438378 3
0.879518072289157 0.86046511627907 0.9 0.930232558139535 0.84 0.918367346938776 0.764705882352941 0.945178071228491 3
0.875 0.875 0.875 0.9609375 0.83 0.826086956521739 0.833333333333333 0.927133655394525 3
0.90625 0.9 0.911764705882353 0.979411764705882 0.79 0.781818181818182 0.8 0.888080808080808 3
0.905405405405405 0.916666666666667 0.894736842105263 0.975877192982456 0.87 0.811320754716981 0.936170212765957 0.957045363307908 3
0.922077922077922 0.942857142857143 0.904761904761905 0.961904761904762 0.82 0.76 0.88 0.9144 3
0.928571428571429 0.945945945945946 0.909090909090909 0.963144963144963 0.79 0.763636363636364 0.822222222222222 0.909494949494949 3
0.89041095890411 0.914285714285714 0.868421052631579 0.941353383458647 0.82 0.75 0.884615384615385 0.879407051282051 3
0.925925925925926 0.888888888888889 0.955555555555556 0.969753086419753 0.85 0.897959183673469 0.803921568627451 0.920368147258904 3
0.860759493670886 0.846153846153846 0.875 0.950641025641026 0.76 0.740740740740741 0.782608695652174 0.864734299516908 3
0.875 0.868421052631579 0.882352941176471 0.931888544891641 0.87 0.777777777777778 0.921875 0.923611111111111 3
0.788732394366197 0.789473684210526 0.787878787878788 0.916267942583732 0.77 0.863636363636364 0.696428571428571 0.896915584415584 3
0.863013698630137 0.818181818181818 0.9 0.956060606060606 0.87 0.781818181818182 0.977777777777778 0.93010101010101 3
0.888888888888889 0.903225806451613 0.875 0.981854838709677 0.84 0.770833333333333 0.903846153846154 0.907451923076923 3
0.926470588235294 0.928571428571429 0.925 0.979464285714286 0.8 0.653846153846154 0.958333333333333 0.923477564102564 3
0.96 0.944444444444444 0.974358974358974 0.991452991452991 0.83 0.75 0.916666666666667 0.920272435897436 3
0.876543209876543 0.868421052631579 0.883720930232558 0.967564259485924 0.9 0.843137254901961 0.959183673469388 0.962384953981593 3
