0.909090909090909 0.895522388059702 0.921052631578947 0.962686567164179 0.88 0.851063829787234 0.905660377358491 0.95262946607788 1
0.827814569536424 0.841463414634146 0.811594202898551 0.920820077765995 0.85 0.901960784313726 0.795918367346939 0.917567026810724 1
0.834355828220859 0.813333333333333 0.852272727272727 0.926515151515152 0.84 0.844444444444444 0.836363636363636 0.913939393939394 1
0.920529801324503 0.931506849315068 0.91025641025641 0.965753424657534 0.86 0.816326530612245 0.901960784313726 0.914765906362545 1
0.919254658385093 0.941176470588235 0.894736842105263 0.981733746130031 0.86 0.727272727272727 0.964285714285714 0.95698051948052 1
0.887417218543046 0.884057971014493 0.890243902439024 0.947154471544715 0.85 0.886792452830189 0.808510638297872 0.924528301886792 1
0.887417218543046 0.875 0.89873417721519 0.931434599156118 0.81 0.857142857142857 0.75 0.913149350649351 1
0.905660377358491 0.901234567901235 0.91025641025641 0.975466919911364 0.84 0.851851851851852 0.826086956521739 0.91304347826087 1
0.83030303030303 0.8 0.855555555555556 0.931851851851852 0.86 0.833333333333333 0.879310344827586 0.92487684729064 1
0.840764331210191 0.826666666666667 0.853658536585366 0.924390243902439 0.84 0.781818181818182 0.911111111111111 0.924040404040404 1
0.927152317880795 0.932432432432432 0.922077922077922 0.982976482976483 0.92 0.964285714285714 0.863636363636364 0.975243506493506 1
0.874213836477987 0.870588235294118 0.878378378378378 0.947694753577107 0.88 0.857142857142857 0.901960784313726 0.949579831932773 1
0.821192052980132 0.8625 0.774647887323944 0.918133802816901 0.86 0.830188679245283 0.893617021276596 0.92934564431955 1
0.867549668874172 0.905882352941176 0.818181818181818 0.951336898395722 0.79 0.773584905660377 0.808510638297872 0.896828582898434 1
0.782312925170068 0.814814814814815 0.742424242424242 0.875046763935653 0.85 0.872340425531915 0.830188679245283 0.934564431955038 1
0.853146853146853 0.849315068493151 0.857142857142857 0.950880626223092 0.88 0.911111111111111 0.854545454545454 0.942626262626263 1
0.895424836601307 0.881578947368421 0.909090909090909 0.961551606288448 0.86 0.853658536585366 0.864406779661017 0.932203389830508 1
0.897435897435897 0.898550724637681 0.896551724137931 0.955688822255539 0.86 0.818181818181818 0.892857142857143 0.936688311688312 1
0.873333333333333 0.887640449438202 0.852459016393443 0.943267636765519 0.75 0.84 0.66 0.876 1
0.873417721518987 0.851351351351351 0.892857142857143 0.94015444015444 0.8 0.729166666666667 0.865384615384615 0.893429487179487 1
0.849056603773585 0.8625 0.835443037974684 0.943987341772152 0.9 0.901960784313726 0.897959183673469 0.958783513405362 1
0.87248322147651 0.849315068493151 0.894736842105263 0.951694304253785 0.9 0.884615384615385 0.916666666666667 0.961538461538462 1
0.882352941176471 0.855263157894737 0.909090909090909 0.950615174299385 0.83 0.87037037037037 0.782608695652174 0.896537842190016 1
0.897590361445783 0.934782608695652 0.851351351351351 0.956227967097532 0.9 0.875 0.931818181818182 0.949675324675325 1
0.89873417721519 0.894736842105263 0.902439024390244 0.960365853658537 0.84 0.851063829787234 0.830188679245283 0.934162986752308 1
0.85 0.797297297297297 0.895348837209302 0.912633563796355 0.86 0.862745098039216 0.857142857142857 0.937575030012005 1
0.819277108433735 0.821428571428571 0.817073170731707 0.912166085946574 0.87 0.92156862745098 0.816326530612245 0.933573429371749 1
0.883561643835616 0.89041095890411 0.876712328767123 0.940326515293676 0.85 0.854166666666667 0.846153846153846 0.920272435897436 1
0.91025641025641 0.919540229885057 0.898550724637681 0.97567882725304 0.83 0.895833333333333 0.769230769230769 0.939903846153846 1
0.808641975308642 0.8 0.817073170731707 0.90609756097561 0.68 0.604166666666667 0.75 0.756410256410256 1
0.874213836477987 0.886075949367089 0.8625 0.947943037974684 0.81 0.722222222222222 0.91304347826087 0.889291465378422 1
0.87012987012987 0.888888888888889 0.849315068493151 0.942330458312193 0.89 0.888888888888889 0.890909090909091 0.957575757575758 1
0.888198757763975 0.880952380952381 0.896103896103896 0.960265924551639 0.84 0.871794871794872 0.819672131147541 0.950399327448508 1
0.839160839160839 0.837837837837838 0.840579710144927 0.923815119467293 0.85 0.808510638297872 0.886792452830189 0.901244480128462 1
0.878980891719745 0.865671641791045 0.888888888888889 0.953399668325041 0.8 0.74 0.86 0.9124 1
0.843971631205674 0.84 0.848484848484849 0.935959595959596 0.9 0.942307692307692 0.854166666666667 0.957932692307692 1
0.869281045751634 0.894736842105263 0.844155844155844 0.935235816814764 0.82 0.903846153846154 0.729166666666667 0.94551282051282 1
0.862068965517241 0.84375 0.876543209876543 0.936342592592593 0.86 0.851851851851852 0.869565217391304 0.922302737520129 1
0.873333333333333 0.847222222222222 0.897435897435897 0.943019943019943 0.84 0.895833333333333 0.788461538461538 0.92988782051282 1
0.863309352517986 0.866666666666667 0.859375 0.9525 0.85 0.924528301886792 0.765957446808511 0.932958651144119 1
0.897260273972603 0.907894736842105 0.885714285714286 0.943045112781955 0.88 0.87037037037037 0.891304347826087 0.953301127214171 1
0.863636363636364 0.886363636363636 0.833333333333333 0.923553719008264 0.83 0.88 0.78 0.9368 1
0.895833333333333 0.91566265060241 0.868852459016393 0.971360853249062 0.87 0.902439024390244 0.847457627118644 0.933030177759405 1
0.839416058394161 0.864864864864865 0.80952380952381 0.954954954954955 0.89 0.94 0.84 0.9604 1
0.876623376623377 0.881578947368421 0.871794871794872 0.944331983805668 0.89 0.891304347826087 0.888888888888889 0.942028985507246 1
0.852760736196319 0.844155844155844 0.86046511627907 0.932195711265479 0.88 0.8 0.933333333333333 0.911666666666667 1
0.946308724832215 0.947368421052632 0.945205479452055 0.978190338860851 0.87 0.8 0.94 0.9688 1
0.886792452830189 0.895348837209302 0.876712328767123 0.947913348200064 0.8 0.909090909090909 0.714285714285714 0.923295454545455 1
0.885714285714286 0.878787878787879 0.891891891891892 0.926085176085176 0.91 0.882352941176471 0.938775510204082 0.965186074429772 1
0.850931677018634 0.828947368421053 0.870588235294118 0.947368421052632 0.83 0.807692307692308 0.854166666666667 0.927083333333333 1
0.901960784313726 0.896103896103896 0.907894736842105 0.964114832535885 0.89 0.854166666666667 0.923076923076923 0.947516025641026 1
0.865771812080537 0.891891891891892 0.84 0.947207207207207 0.87 0.843137254901961 0.897959183673469 0.938375350140056 1
0.865384615384615 0.851351351351351 0.878048780487805 0.936552406064601 0.86 0.903846153846154 0.8125 0.932692307692308 1
0.894736842105263 0.9 0.888888888888889 0.974479166666667 0.85 0.813953488372093 0.87719298245614 0.946144430844553 1
0.878378378378378 0.871794871794872 0.885714285714286 0.954945054945055 0.88 0.87037037037037 0.891304347826087 0.947665056360709 1
0.878378378378378 0.842857142857143 0.91025641025641 0.933699633699634 0.79 0.857142857142857 0.725490196078431 0.900360144057623 1
0.865771812080537 0.890243902439024 0.835820895522388 0.942664725154714 0.84 0.943396226415094 0.723404255319149 0.949417904456042 1
0.88125 0.855072463768116 0.901098901098901 0.953655040611562 0.86 0.836363636363636 0.888888888888889 0.946262626262626 1
0.803921568627451 0.782051282051282 0.826666666666667 0.916752136752137 0.8 0.754716981132076 0.851063829787234 0.901645925331192 1
0.940789473684211 0.935897435897436 0.945945945945946 0.988565488565489 0.83 0.891304347826087 0.777777777777778 0.924718196457327 1
0.88961038961039 0.906666666666667 0.873417721518987 0.950210970464135 0.8 0.725490196078431 0.877551020408163 0.89515806322529 1
0.898089171974522 0.873239436619718 0.918604651162791 0.950704225352113 0.88 0.890909090909091 0.866666666666667 0.947070707070707 1
0.891025641025641 0.878378378378378 0.902439024390244 0.956493078444298 0.79 0.695652173913043 0.87037037037037 0.886070853462158 1
0.925170068027211 0.916666666666667 0.933333333333333 0.964444444444444 0.87 0.86 0.88 0.9448 1
0.902097902097902 0.90625 0.89873417721519 0.974287974683544 0.89 0.821428571428571 0.977272727272727 0.959821428571429 1
0.852112676056338 0.857142857142857 0.846153846153846 0.92967032967033 0.87 0.980769230769231 0.75 0.967147435897436 1
0.934306569343066 0.933333333333333 0.935064935064935 0.979220779220779 0.79 0.728813559322034 0.878048780487805 0.904919388176933 1
0.864516129032258 0.875 0.855421686746988 0.941097724230254 0.85 0.866666666666667 0.836363636363636 0.953939393939394 1
0.877551020408163 0.871428571428571 0.883116883116883 0.93469387755102 0.83 0.755555555555556 0.890909090909091 0.898989898989899 1
0.842424242424242 0.839506172839506 0.845238095238095 0.926219870664315 0.86 0.82 0.9 0.912 1
0.853333333333333 0.835616438356164 0.87012987012987 0.938978829389788 0.81 0.779661016949153 0.853658536585366 0.894997933030178 1
0.845161290322581 0.872340425531915 0.80327868852459 0.942448552493896 0.88 0.927272727272727 0.822222222222222 0.95030303030303 1
0.873333333333333 0.892857142857143 0.848484848484849 0.954184704184704 0.9 0.884615384615385 0.916666666666667 0.963942307692308 1
0.841463414634146 0.8125 0.869047619047619 0.908928571428571 0.92 0.916666666666667 0.923076923076923 0.977163461538462 1
0.89375 0.891566265060241 0.896103896103896 0.963542481614771 0.78 0.80952380952381 0.758620689655172 0.892857142857143 1
0.845070422535211 0.838235294117647 0.851351351351351 0.917925278219396 0.85 0.838709677419355 0.868421052631579 0.921052631578947 1
0.831081081081081 0.851851851851852 0.805970149253731 0.920950801547816 0.81 0.8125 0.807692307692308 0.903846153846154 1
0.887417218543046 0.897435897435897 0.876712328767123 0.943624868282403 0.92 0.88 0.96 0.9408 1
0.860759493670886 0.855263157894737 0.865853658536585 0.932284980744544 0.82 0.787234042553192 0.849056603773585 0.927338418305901 1
0.881118881118881 0.884615384615385 0.876923076923077 0.960552268244576 0.86 0.925925925925926 0.782608695652174 0.94524959742351 1
0.87248322147651 0.835820895522388 0.902439024390244 0.949763378230797 0.81 0.732142857142857 0.909090909090909 0.924107142857143 1
0.803680981595092 0.773333333333333 0.829545454545455 0.910151515151515 0.83 0.849056603773585 0.808510638297872 0.93014853472501 1
0.916129032258065 0.925925925925926 0.905405405405405 0.974474474474474 0.91 0.875 0.954545454545455 0.919237012987013 1
0.871428571428571 0.857142857142857 0.883116883116883 0.96413110698825 0.88 0.888888888888889 0.872727272727273 0.923636363636364 1
0.888888888888889 0.861538461538462 0.911392405063291 0.954430379746835 0.9 0.847826086956522 0.944444444444444 0.950885668276973 1
0.856209150326797 0.844155844155844 0.868421052631579 0.960184552289815 0.93 0.916666666666667 0.942307692307692 0.979567307692308 1
0.857142857142857 0.850746268656716 0.863013698630137 0.955223880597015 0.9 0.88 0.92 0.9536 1
0.806896551724138 0.802816901408451 0.810810810810811 0.918728587742672 0.87 0.849056603773585 0.893617021276596 0.938980329185066 1
0.828947368421053 0.826666666666667 0.831168831168831 0.929350649350649 0.85 0.888888888888889 0.804347826086957 0.921900161030596 1
0.884615384615385 0.896103896103896 0.873417721518987 0.961532138747329 0.81 0.789473684210526 0.837209302325581 0.905752753977968 1
0.83448275862069 0.821917808219178 0.847222222222222 0.922374429223744 0.89 0.854166666666667 0.923076923076923 0.965544871794872 1
0.865030674846626 0.858974358974359 0.870588235294118 0.932579185520362 0.83 0.875 0.788461538461538 0.927083333333333 1
0.863636363636364 0.847222222222222 0.878048780487805 0.951727642276423 0.8 0.8 0.8 0.92 1
0.829787234042553 0.797101449275362 0.861111111111111 0.898752012882448 0.81 0.842105263157895 0.767441860465116 0.90656874745002 1
0.869281045751634 0.894117647058824 0.838235294117647 0.947923875432526 0.88 0.932203389830508 0.804878048780488 0.947498966515089 1
0.846153846153846 0.82051282051282 0.876923076923077 0.930177514792899 0.87 0.923076923076923 0.8125 0.945913461538462 1
0.870503597122302 0.897435897435897 0.836065573770492 0.952501050861707 0.8 0.854545454545454 0.733333333333333 0.875959595959596 1
0.874172185430464 0.883720930232558 0.861538461538462 0.954561717352415 0.81 0.833333333333333 0.782608695652174 0.927938808373591 1
0.881578947368421 0.883116883116883 0.88 0.944242424242424 0.85 0.86 0.84 0.9292 1
0.902439024390244 0.897727272727273 0.907894736842105 0.954994019138756 0.82 0.867924528301887 0.765957446808511 0.927338418305901 1
0.909090909090909 0.91044776119403 0.907894736842105 0.958562450903378 0.88 0.851063829787234 0.905660377358491 0.942191890806905 2
0.821192052980132 0.829268292682927 0.811594202898551 0.920996818663839 0.84 0.901960784313726 0.775510204081633 0.919567827130852 2
0.840490797546012 0.826666666666667 0.852272727272727 0.926818181818182 0.83 0.844444444444444 0.818181818181818 0.914747474747475 2
0.907284768211921 0.917808219178082 0.897435897435897 0.966631541974008 0.85 0.816326530612245 0.882352941176471 0.915566226490596 2
0.919254658385093 0.941176470588235 0.894736842105263 0.981733746130031 0.87 0.75 0.964285714285714 0.956574675324675 2
0.887417218543046 0.884057971014493 0.890243902439024 0.94644750795334 0.83 0.867924528301887 0.787234042553192 0.926936973103171 2
0.880794701986755 0.875 0.886075949367089 0.931434599156118 0.81 0.857142857142857 0.75 0.91599025974026 2
0.893081761006289 0.888888888888889 0.897435897435897 0.975466919911364 0.85 0.851851851851852 0.847826086956522 0.91304347826087 2
0.824242424242424 0.786666666666667 0.855555555555556 0.931407407407407 0.91 0.857142857142857 0.948275862068966 0.931444991789819 2
0.834394904458599 0.813333333333333 0.853658536585366 0.924390243902439 0.86 0.8 0.933333333333333 0.924444444444444 2
0.920529801324503 0.932432432432432 0.909090909090909 0.982449982449982 0.9 0.928571428571429 0.863636363636364 0.971590909090909 2
0.874213836477987 0.870588235294118 0.878378378378378 0.947535771065183 0.88 0.857142857142857 0.901960784313726 0.945178071228491 2
0.827814569536424 0.875 0.774647887323944 0.919894366197183 0.87 0.849056603773585 0.893617021276596 0.926535527900442 2
0.867549668874172 0.905882352941176 0.818181818181818 0.950802139037433 0.8 0.773584905660377 0.829787234042553 0.901645925331192 2
0.857142857142857 0.851851851851852 0.863636363636364 0.932098765432099 0.88 0.829787234042553 0.924528301886792 0.940184664793256 2
0.853146853146853 0.849315068493151 0.857142857142857 0.950293542074364 0.89 0.911111111111111 0.872727272727273 0.941818181818182 2
0.882352941176471 0.881578947368421 0.883116883116883 0.961380724538619 0.86 0.878048780487805 0.847457627118644 0.935510541546093 2
0.891025641025641 0.898550724637681 0.885057471264368 0.954855905380643 0.86 0.818181818181818 0.892857142857143 0.941964285714286 2
0.873333333333333 0.887640449438202 0.852459016393443 0.943451832750046 0.77 0.86 0.68 0.89 2
0.873417721518987 0.851351351351351 0.892857142857143 0.939993564993565 0.82 0.770833333333333 0.865384615384615 0.896233974358974 2
0.849056603773585 0.8625 0.835443037974684 0.944303797468354 0.91 0.92156862745098 0.897959183673469 0.96078431372549 2
0.906040268456376 0.904109589041096 0.907894736842105 0.953857245854362 0.89 0.865384615384615 0.916666666666667 0.959535256410256 2
0.875816993464052 0.842105263157895 0.909090909090909 0.950615174299385 0.8 0.87037037037037 0.717391304347826 0.903381642512077 2
0.903614457831325 0.934782608695652 0.864864864864865 0.956521739130435 0.9 0.875 0.931818181818182 0.95211038961039 2
0.89873417721519 0.894736842105263 0.902439024390244 0.961328626444159 0.85 0.872340425531915 0.830188679245283 0.9313528703332 2
0.85 0.797297297297297 0.895348837209302 0.912319296040226 0.84 0.843137254901961 0.836734693877551 0.936374549819928 2
0.819277108433735 0.821428571428571 0.817073170731707 0.912891986062718 0.87 0.882352941176471 0.857142857142857 0.929571828731493 2
0.876712328767123 0.89041095890411 0.863013698630137 0.939763557890786 0.84 0.854166666666667 0.826923076923077 0.926682692307692 2
0.923076923076923 0.942528735632184 0.898550724637681 0.977844411127769 0.81 0.875 0.75 0.946714743589744 2
0.851851851851852 0.85 0.853658536585366 0.935060975609756 0.8 0.8125 0.788461538461538 0.887820512820513 2
0.874213836477987 0.886075949367089 0.8625 0.947626582278481 0.81 0.722222222222222 0.91304347826087 0.886876006441224 2
0.87012987012987 0.888888888888889 0.849315068493151 0.942499577202774 0.89 0.888888888888889 0.890909090909091 0.957575757575758 2
0.881987577639752 0.880952380952381 0.883116883116883 0.959802102659245 0.87 0.897435897435897 0.852459016393443 0.957965531736024 2
0.846153846153846 0.851351351351351 0.840579710144927 0.925577751664708 0.86 0.829787234042553 0.886792452830189 0.902850260939382 2
0.878980891719745 0.865671641791045 0.888888888888889 0.953565505804312 0.81 0.74 0.88 0.9168 2
0.843971631205674 0.84 0.848484848484849 0.934949494949495 0.9 0.942307692307692 0.854166666666667 0.95713141025641 2
0.862745098039216 0.881578947368421 0.844155844155844 0.934723171565277 0.86 0.961538461538462 0.75 0.947516025641026 2
0.862068965517241 0.84375 0.876543209876543 0.939429012345679 0.85 0.851851851851852 0.847826086956522 0.92914653784219 2
0.873333333333333 0.847222222222222 0.897435897435897 0.943554131054131 0.83 0.895833333333333 0.769230769230769 0.928685897435897 2
0.863309352517986 0.853333333333333 0.875 0.95375 0.83 0.886792452830189 0.765957446808511 0.922922521075873 2
0.897260273972603 0.907894736842105 0.885714285714286 0.941541353383459 0.86 0.87037037037037 0.847826086956522 0.949677938808374 2
0.857142857142857 0.886363636363636 0.818181818181818 0.924070247933884 0.83 0.92 0.74 0.9328 2
0.902777777777778 0.927710843373494 0.868852459016393 0.971755875962868 0.88 0.902439024390244 0.864406779661017 0.927242662257131 2
0.846715328467153 0.878378378378378 0.80952380952381 0.956885456885457 0.89 0.92 0.86 0.9608 2
0.876623376623377 0.868421052631579 0.884615384615385 0.943994601889339 0.88 0.891304347826087 0.87037037037037 0.935990338164251 2
0.846625766871166 0.844155844155844 0.848837209302326 0.931591664149804 0.86 0.8 0.9 0.914583333333333 2
0.946308724832215 0.947368421052632 0.945205479452055 0.978550829127613 0.88 0.82 0.94 0.9752 2
0.886792452830189 0.895348837209302 0.876712328767123 0.948072634597005 0.8 0.909090909090909 0.714285714285714 0.915584415584416 2
0.885714285714286 0.878787878787879 0.891891891891892 0.92997542997543 0.89 0.882352941176471 0.897959183673469 0.952781112444978 2
0.857142857142857 0.828947368421053 0.882352941176471 0.947213622291022 0.84 0.846153846153846 0.833333333333333 0.92588141025641 2
0.901960784313726 0.896103896103896 0.907894736842105 0.964285714285714 0.9 0.875 0.923076923076923 0.951522435897436 2
0.859060402684564 0.891891891891892 0.826666666666667 0.946306306306306 0.88 0.843137254901961 0.918367346938776 0.9343737494998 2
0.865384615384615 0.851351351351351 0.878048780487805 0.936058009228741 0.85 0.884615384615385 0.8125 0.92988782051282 2
0.888157894736842 0.8875 0.888888888888889 0.974131944444445 0.85 0.837209302325581 0.859649122807018 0.936352509179927 2
0.878378378378378 0.871794871794872 0.885714285714286 0.953296703296703 0.89 0.87037037037037 0.91304347826087 0.943236714975845 2
0.878378378378378 0.842857142857143 0.91025641025641 0.934432234432234 0.82 0.857142857142857 0.784313725490196 0.910764305722289 2
0.865771812080537 0.890243902439024 0.835820895522388 0.943210775391336 0.83 0.962264150943396 0.680851063829787 0.951826575672421 2
0.8875 0.869565217391304 0.901098901098901 0.953814301640389 0.85 0.818181818181818 0.888888888888889 0.947070707070707 2
0.803921568627451 0.782051282051282 0.826666666666667 0.918803418803419 0.79 0.735849056603774 0.851063829787234 0.90646326776395 2
0.940789473684211 0.935897435897436 0.945945945945946 0.987525987525988 0.84 0.891304347826087 0.796296296296296 0.927938808373591 2
0.896103896103896 0.92 0.873417721518987 0.952742616033755 0.8 0.764705882352941 0.836734693877551 0.899159663865546 2
0.89171974522293 0.873239436619718 0.906976744186046 0.951031772027514 0.86 0.872727272727273 0.844444444444444 0.945454545454545 2
0.891025641025641 0.878378378378378 0.902439024390244 0.957481872116018 0.79 0.717391304347826 0.851851851851852 0.883252818035427 2
0.925170068027211 0.916666666666667 0.933333333333333 0.964074074074074 0.88 0.88 0.88 0.9472 2
0.902097902097902 0.90625 0.89873417721519 0.974090189873418 0.87 0.803571428571429 0.954545454545455 0.957792207792208 2
0.845070422535211 0.844155844155844 0.846153846153846 0.929270729270729 0.88 0.961538461538462 0.791666666666667 0.959535256410256 2
0.934306569343066 0.933333333333333 0.935064935064935 0.979004329004329 0.78 0.728813559322034 0.853658536585366 0.904505994212485 2
0.87741935483871 0.888888888888889 0.867469879518072 0.943273092369478 0.88 0.911111111111111 0.854545454545454 0.966464646464646 2
0.877551020408163 0.871428571428571 0.883116883116883 0.936363636363636 0.85 0.755555555555556 0.927272727272727 0.901818181818182 2
0.83030303030303 0.827160493827161 0.833333333333333 0.927395649617872 0.84 0.8 0.88 0.9156 2
0.846666666666667 0.835616438356164 0.857142857142857 0.939690446539762 0.82 0.779661016949153 0.878048780487805 0.89665150888797 2
0.845161290322581 0.872340425531915 0.80327868852459 0.94227415416812 0.89 0.927272727272727 0.844444444444444 0.955555555555556 2
0.873333333333333 0.892857142857143 0.848484848484849 0.953823953823954 0.87 0.865384615384615 0.875 0.96073717948718 2
0.841463414634146 0.8125 0.869047619047619 0.907589285714286 0.91 0.916666666666667 0.903846153846154 0.982371794871795 2
0.89375 0.891566265060241 0.896103896103896 0.964011891722735 0.8 0.833333333333333 0.775862068965517 0.900246305418719 2
0.845070422535211 0.838235294117647 0.851351351351351 0.920111287758347 0.85 0.82258064516129 0.894736842105263 0.924448217317487 2
0.837837837837838 0.864197530864197 0.805970149253731 0.922424912474664 0.81 0.8125 0.807692307692308 0.908653846153846 2
0.880794701986755 0.884615384615385 0.876712328767123 0.943976115208992 0.92 0.88 0.96 0.9412 2
0.860759493670886 0.855263157894737 0.865853658536585 0.933408215661104 0.82 0.787234042553192 0.849056603773585 0.927739863508631 2
0.881118881118881 0.884615384615385 0.876923076923077 0.959960552268245 0.85 0.907407407407407 0.782608695652174 0.944847020933977 2
0.87248322147651 0.835820895522388 0.902439024390244 0.950127411721878 0.82 0.732142857142857 0.931818181818182 0.924512987012987 2
0.803680981595092 0.773333333333333 0.829545454545455 0.91 0.83 0.849056603773585 0.808510638297872 0.9313528703332 2
0.916129032258065 0.925925925925926 0.905405405405405 0.974140807474141 0.92 0.892857142857143 0.954545454545455 0.920454545454546 2
0.864285714285714 0.841269841269841 0.883116883116883 0.963718820861678 0.88 0.888888888888889 0.872727272727273 0.923636363636364 2
0.888888888888889 0.861538461538462 0.911392405063291 0.954235637779942 0.9 0.847826086956522 0.944444444444444 0.947665056360709 2
0.856209150326797 0.844155844155844 0.868421052631579 0.961722488038278 0.92 0.916666666666667 0.923076923076923 0.980769230769231 2
0.857142857142857 0.850746268656716 0.863013698630137 0.956246166428133 0.9 0.88 0.92 0.9532 2
0.806896551724138 0.802816901408451 0.810810810810811 0.918538256566426 0.88 0.849056603773585 0.914893617021277 0.934965877157768 2
0.835526315789474 0.826666666666667 0.844155844155844 0.927445887445887 0.84 0.851851851851852 0.826086956521739 0.922302737520129 2
0.884615384615385 0.896103896103896 0.873417721518987 0.960216998191682 0.81 0.789473684210526 0.837209302325581 0.896368829049368 2
0.827586206896552 0.808219178082192 0.847222222222222 0.92351598173516 0.88 0.833333333333333 0.923076923076923 0.962339743589744 2
0.865030674846626 0.858974358974359 0.870588235294118 0.933634992458522 0.82 0.875 0.769230769230769 0.927884615384615 2
0.87012987012987 0.847222222222222 0.890243902439024 0.951727642276423 0.82 0.818181818181818 0.822222222222222 0.920808080808081 2
0.836879432624113 0.811594202898551 0.861111111111111 0.899355877616747 0.82 0.859649122807018 0.767441860465116 0.907384740922073 2
0.875816993464052 0.894117647058824 0.852941176470588 0.949307958477509 0.86 0.932203389830508 0.75609756097561 0.933856965688301 2
0.853146853146853 0.82051282051282 0.892307692307692 0.930769230769231 0.88 0.942307692307692 0.8125 0.94511217948718 2
0.877697841726619 0.897435897435897 0.852459016393443 0.955863808322825 0.82 0.854545454545454 0.777777777777778 0.88 2
0.880794701986755 0.895348837209302 0.861538461538462 0.95474060822898 0.81 0.814814814814815 0.804347826086957 0.92109500805153 2
0.881578947368421 0.883116883116883 0.88 0.944415584415584 0.86 0.88 0.84 0.9356 2
0.902439024390244 0.897727272727273 0.907894736842105 0.955442583732057 0.82 0.867924528301887 0.765957446808511 0.931754315535929 2
0.909090909090909 0.895522388059702 0.921052631578947 0.958758837391987 0.86 0.829787234042553 0.886792452830189 0.938177438779607 3
0.814569536423841 0.829268292682927 0.797101449275362 0.92011311417462 0.87 0.901960784313726 0.836734693877551 0.920368147258903 3
0.840490797546012 0.813333333333333 0.863636363636364 0.928030303030303 0.85 0.822222222222222 0.872727272727273 0.916363636363636 3
0.920529801324503 0.917808219178082 0.923076923076923 0.966631541974008 0.86 0.816326530612245 0.901960784313726 0.916766706682673 3
0.919254658385093 0.941176470588235 0.894736842105263 0.981733746130031 0.87 0.75 0.964285714285714 0.95413961038961 3
0.880794701986755 0.869565217391304 0.890243902439024 0.947331212442559 0.84 0.867924528301887 0.808510638297872 0.924126856684063 3
0.874172185430464 0.847222222222222 0.89873417721519 0.928621659634318 0.82 0.857142857142857 0.772727272727273 0.912743506493506 3
0.905660377358491 0.901234567901235 0.91025641025641 0.975308641975309 0.87 0.851851851851852 0.891304347826087 0.915861513687601 3
0.83030303030303 0.8 0.855555555555556 0.931555555555556 0.88 0.80952380952381 0.931034482758621 0.924055829228243 3
0.834394904458599 0.826666666666667 0.841463414634146 0.923739837398374 0.86 0.8 0.933333333333333 0.922828282828283 3
0.920529801324503 0.918918918918919 0.922077922077922 0.982274482274482 0.89 0.928571428571429 0.840909090909091 0.965909090909091 3
0.874213836477987 0.870588235294118 0.878378378378378 0.948966613672496 0.88 0.857142857142857 0.901960784313726 0.928371348539416 3
0.814569536423841 0.85 0.774647887323944 0.920070422535211 0.85 0.811320754716981 0.893617021276596 0.92934564431955 3
0.867549668874172 0.905882352941176 0.818181818181818 0.951336898395722 0.82 0.811320754716981 0.829787234042553 0.903251706142112 3
0.850340136054422 0.851851851851852 0.848484848484849 0.933595211372989 0.87 0.808510638297872 0.924528301886792 0.937775993576877 3
0.853146853146853 0.849315068493151 0.857142857142857 0.950684931506849 0.85 0.866666666666667 0.836363636363636 0.936969696969697 3
0.895424836601307 0.881578947368421 0.909090909090909 0.962747778537252 0.87 0.878048780487805 0.864406779661017 0.932203389830508 3
0.897435897435897 0.898550724637681 0.896551724137931 0.956854905880393 0.85 0.795454545454545 0.892857142857143 0.942775974025974 3
0.873333333333333 0.887640449438202 0.852459016393443 0.942530852827408 0.75 0.84 0.66 0.8848 3
0.873417721518987 0.851351351351351 0.892857142857143 0.941441441441441 0.82 0.791666666666667 0.846153846153846 0.887419871794872 3
0.849056603773585 0.8625 0.835443037974684 0.943196202531646 0.89 0.882352941176471 0.897959183673469 0.956782713085234 3
0.89261744966443 0.89041095890411 0.894736842105263 0.953136265320836 0.88 0.865384615384615 0.895833333333333 0.957532051282051 3
0.875816993464052 0.842105263157895 0.909090909090909 0.952153110047847 0.81 0.87037037037037 0.739130434782609 0.894122383252818 3
0.885542168674699 0.923913043478261 0.837837837837838 0.95593419506463 0.9 0.875 0.931818181818182 0.961444805194805 3
0.905063291139241 0.894736842105263 0.914634146341463 0.961007702182285 0.82 0.829787234042553 0.811320754716981 0.9313528703332 3
0.85 0.797297297297297 0.895348837209302 0.912005028284098 0.86 0.843137254901961 0.877551020408163 0.9343737494998 3
0.819277108433735 0.821428571428571 0.817073170731707 0.913472706155633 0.86 0.882352941176471 0.836734693877551 0.933573429371749 3
0.876712328767123 0.89041095890411 0.863013698630137 0.940514167761306 0.82 0.791666666666667 0.846153846153846 0.912259615384615 3
0.91025641025641 0.919540229885057 0.898550724637681 0.974012993503248 0.81 0.854166666666667 0.769230769230769 0.930689102564103 3
0.864197530864197 0.875 0.853658536585366 0.933536585365854 0.79 0.770833333333333 0.807692307692308 0.879807692307692 3
0.867924528301887 0.873417721518987 0.8625 0.94620253164557 0.82 0.740740740740741 0.91304347826087 0.89170692431562 3
0.87012987012987 0.888888888888889 0.849315068493151 0.941653982749873 0.91 0.911111111111111 0.909090909090909 0.958787878787879 3
0.888198757763975 0.880952380952381 0.896103896103896 0.962121212121212 0.85 0.871794871794872 0.836065573770492 0.94661622530475 3
0.839160839160839 0.837837837837838 0.840579710144927 0.924794359576968 0.84 0.787234042553192 0.886792452830189 0.892814130871136 3
0.878980891719745 0.865671641791045 0.888888888888889 0.954394693200663 0.82 0.76 0.88 0.9072 3
0.843971631205674 0.84 0.848484848484849 0.935959595959596 0.89 0.942307692307692 0.833333333333333 0.955128205128205 3
0.869281045751634 0.868421052631579 0.87012987012987 0.934894053315106 0.82 0.884615384615385 0.75 0.939102564102564 3
0.862068965517241 0.84375 0.876543209876543 0.936921296296296 0.86 0.851851851851852 0.869565217391304 0.931159420289855 3
0.866666666666667 0.833333333333333 0.897435897435897 0.943019943019943 0.86 0.9375 0.788461538461538 0.933092948717949 3
0.856115107913669 0.853333333333333 0.859375 0.952708333333333 0.77 0.69811320754717 0.851063829787234 0.908871938980329 3
0.897260273972603 0.907894736842105 0.885714285714286 0.941917293233083 0.86 0.87037037037037 0.847826086956522 0.942431561996779 3
0.850649350649351 0.875 0.818181818181818 0.923553719008264 0.84 0.92 0.76 0.934 3
0.895833333333333 0.91566265060241 0.868852459016393 0.971360853249062 0.86 0.878048780487805 0.847457627118644 0.930549813972716 3
0.854014598540146 0.878378378378378 0.825396825396825 0.957528957528958 0.91 0.92 0.9 0.958 3
0.87012987012987 0.868421052631579 0.871794871794872 0.943825910931174 0.87 0.869565217391304 0.87037037037037 0.935185185185185 3
0.840490797546012 0.831168831168831 0.848837209302326 0.931289640591966 0.87 0.8 0.916666666666667 0.912916666666667 3
0.946308724832215 0.947368421052632 0.945205479452055 0.978911319394376 0.89 0.82 0.96 0.9676 3
0.886792452830189 0.895348837209302 0.876712328767123 0.947754061803122 0.8 0.886363636363636 0.732142857142857 0.911931818181818 3
0.885714285714286 0.863636363636364 0.905405405405405 0.928951678951679 0.9 0.882352941176471 0.918367346938776 0.956782713085234 3
0.850931677018634 0.828947368421053 0.870588235294118 0.946284829721362 0.86 0.846153846153846 0.875 0.935096153846154 3
0.908496732026144 0.896103896103896 0.921052631578947 0.964456596035543 0.9 0.875 0.923076923076923 0.949519230769231 3
0.845637583892617 0.864864864864865 0.826666666666667 0.945045045045045 0.88 0.843137254901961 0.918367346938776 0.930772308923569 3
0.865384615384615 0.851351351351351 0.878048780487805 0.936058009228741 0.87 0.846153846153846 0.895833333333333 0.933894230769231 3
0.901315789473684 0.9125 0.888888888888889 0.975 0.86 0.837209302325581 0.87719298245614 0.934720522235822 3
0.891891891891892 0.897435897435897 0.885714285714286 0.955860805860806 0.89 0.87037037037037 0.91304347826087 0.948067632850242 3
0.871621621621622 0.842857142857143 0.897435897435897 0.932417582417582 0.8 0.857142857142857 0.745098039215686 0.894357743097239 3
0.865771812080537 0.890243902439024 0.835820895522388 0.942664725154714 0.85 0.962264150943396 0.723404255319149 0.952228020875151 3
0.88125 0.869565217391304 0.89010989010989 0.953655040611562 0.85 0.8 0.911111111111111 0.944242424242424 3
0.816993464052288 0.794871794871795 0.84 0.917606837606838 0.79 0.754716981132076 0.829787234042553 0.902047370533922 3
0.940789473684211 0.935897435897436 0.945945945945946 0.986313236313236 0.83 0.891304347826087 0.777777777777778 0.927133655394525 3
0.88961038961039 0.906666666666667 0.873417721518987 0.951223628691983 0.79 0.745098039215686 0.836734693877551 0.897959183673469 3
0.885350318471338 0.873239436619718 0.895348837209302 0.950540452014412 0.86 0.872727272727273 0.844444444444444 0.940606060606061 3
0.891025641025641 0.878378378378378 0.902439024390244 0.957976268951879 0.8 0.739130434782609 0.851851851851852 0.881239935587762 3
0.925170068027211 0.916666666666667 0.933333333333333 0.963148148148148 0.86 0.84 0.88 0.9356 3
0.902097902097902 0.90625 0.89873417721519 0.974485759493671 0.87 0.803571428571429 0.954545454545455 0.956574675324675 3
0.845070422535211 0.844155844155844 0.846153846153846 0.928871128871129 0.89 0.961538461538462 0.8125 0.96474358974359 3
0.941605839416058 0.95 0.935064935064935 0.978787878787879 0.78 0.728813559322034 0.853658536585366 0.899958660603555 3
0.858064516129032 0.861111111111111 0.855421686746988 0.940261044176707 0.86 0.866666666666667 0.854545454545454 0.957575757575758 3
0.877551020408163 0.871428571428571 0.883116883116883 0.937291280148423 0.82 0.755555555555556 0.872727272727273 0.901818181818182 3
0.83030303030303 0.827160493827161 0.833333333333333 0.925338036449148 0.85 0.8 0.9 0.9164 3
0.853333333333333 0.835616438356164 0.87012987012987 0.939156733677282 0.79 0.745762711864407 0.853658536585366 0.897891690781315 3
0.851612903225806 0.893617021276596 0.786885245901639 0.942448552493896 0.87 0.909090909090909 0.822222222222222 0.947474747474747 3
0.866666666666667 0.880952380952381 0.848484848484849 0.954545454545455 0.88 0.865384615384615 0.895833333333333 0.964342948717949 3
0.835365853658537 0.8 0.869047619047619 0.908482142857143 0.92 0.916666666666667 0.923076923076923 0.974358974358974 3
0.89375 0.891566265060241 0.896103896103896 0.961508371146925 0.8 0.785714285714286 0.810344827586207 0.887110016420361 3
0.845070422535211 0.838235294117647 0.851351351351351 0.918720190779014 0.83 0.806451612903226 0.868421052631579 0.923174872665535 3
0.844594594594595 0.876543209876543 0.805970149253731 0.922977704072231 0.8 0.791666666666667 0.807692307692308 0.904246794871795 3
0.887417218543046 0.897435897435897 0.876712328767123 0.944327362135581 0.92 0.88 0.96 0.9404 3
0.867088607594937 0.855263157894737 0.878048780487805 0.932926829268293 0.81 0.787234042553192 0.830188679245283 0.914492171818547 3
0.881118881118881 0.884615384615385 0.876923076923077 0.960355029585799 0.84 0.888888888888889 0.782608695652174 0.945652173913043 3
0.879194630872483 0.850746268656716 0.902439024390244 0.9506734619585 0.81 0.75 0.886363636363636 0.924107142857143 3
0.803680981595092 0.773333333333333 0.829545454545455 0.910151515151515 0.84 0.849056603773585 0.829787234042553 0.93014853472501 3
0.916129032258065 0.925925925925926 0.905405405405405 0.97364030697364 0.92 0.892857142857143 0.954545454545455 0.920454545454545 3
0.871428571428571 0.857142857142857 0.883116883116883 0.964543393114822 0.88 0.911111111111111 0.854545454545454 0.928888888888889 3
0.888888888888889 0.861538461538462 0.911392405063291 0.953261927945472 0.89 0.804347826086957 0.962962962962963 0.948872785829308 3
0.856209150326797 0.844155844155844 0.868421052631579 0.961551606288448 0.92 0.916666666666667 0.923076923076923 0.982371794871795 3
0.857142857142857 0.850746268656716 0.863013698630137 0.952974851768554 0.91 0.9 0.92 0.9556 3
0.806896551724138 0.802816901408451 0.810810810810811 0.917205938332699 0.87 0.849056603773585 0.893617021276596 0.938980329185066 3
0.815789473684211 0.8 0.831168831168831 0.926406926406926 0.85 0.851851851851852 0.847826086956522 0.925925925925926 3
0.878205128205128 0.883116883116883 0.873417721518987 0.960381390761138 0.81 0.789473684210526 0.837209302325581 0.90656874745002 3
0.83448275862069 0.835616438356164 0.833333333333333 0.919330289193303 0.88 0.833333333333333 0.923076923076923 0.962339743589744 3
0.858895705521472 0.846153846153846 0.870588235294118 0.933182503770739 0.84 0.895833333333333 0.788461538461538 0.922275641025641 3
0.863636363636364 0.833333333333333 0.890243902439024 0.952066395663957 0.81 0.8 0.822222222222222 0.915555555555556 3
0.829787234042553 0.797101449275362 0.861111111111111 0.899154589371981 0.82 0.859649122807018 0.767441860465116 0.897592819257446 3
0.875816993464052 0.905882352941176 0.838235294117647 0.946885813148789 0.85 0.932203389830508 0.731707317073171 0.945431996692848 3
0.846153846153846 0.82051282051282 0.876923076923077 0.929783037475345 0.88 0.923076923076923 0.833333333333333 0.943509615384615 3
0.877697841726619 0.897435897435897 0.852459016393443 0.955233291298865 0.8 0.836363636363636 0.755555555555556 0.874747474747475 3
0.854304635761589 0.872093023255814 0.830769230769231 0.952951699463327 0.81 0.796296296296296 0.826086956521739 0.917471819645733 3
0.888157894736842 0.883116883116883 0.893333333333333 0.945627705627706 0.83 0.84 0.82 0.9348 3
0.902439024390244 0.897727272727273 0.907894736842105 0.953947368421053 0.84 0.886792452830189 0.787234042553192 0.933360096346849 3
