0.843501326259947 0.820224719101124 0.864321608040201 0.912596691321777 0.83 0.826923076923077 0.833333333333333 0.948317307692308 1
0.841823056300268 0.845744680851064 0.837837837837838 0.925848188614146 0.91 0.928571428571429 0.886363636363636 0.946834415584416 1
0.87598944591029 0.877005347593583 0.875 0.938224153297683 0.86 0.844444444444444 0.872727272727273 0.94020202020202 1
0.871866295264624 0.857142857142857 0.887005649717514 0.935090333395418 0.85 0.824561403508772 0.883720930232558 0.917176662586699 1
0.855614973262032 0.826815642458101 0.882051282051282 0.932674401948145 0.89 0.869565217391304 0.907407407407407 0.946457326892109 1
0.861111111111111 0.876923076923077 0.842424242424242 0.945858585858586 0.85 0.826086956521739 0.87037037037037 0.931964573268921 1
0.824468085106383 0.82010582010582 0.828877005347594 0.92108762696998 0.89 0.877551020408163 0.901960784313726 0.961184473789516 1
0.863760217983651 0.875 0.852459016393443 0.935673556664291 0.86 0.851063829787234 0.867924528301887 0.932557205941389 1
0.872093023255814 0.875706214689266 0.868263473053892 0.94441625224128 0.86 0.865384615384615 0.854166666666667 0.923878205128205 1
0.84366576819407 0.855670103092783 0.830508474576271 0.921224299609762 0.88 0.846153846153846 0.916666666666667 0.954326923076923 1
0.887399463806971 0.886486486486487 0.888297872340426 0.960149511213341 0.88 0.829787234042553 0.924528301886792 0.912886391007627 1
0.870026525198939 0.88780487804878 0.848837209302326 0.934656834940442 0.88 0.895833333333333 0.865384615384615 0.940304487179487 1
0.894736842105263 0.885714285714286 0.903225806451613 0.95705069124424 0.88 0.833333333333333 0.923076923076923 0.94150641025641 1
0.88515406162465 0.88135593220339 0.888888888888889 0.954331450094162 0.81 0.849056603773585 0.765957446808511 0.918105178643115 1
0.876010781671159 0.88659793814433 0.864406779661017 0.947696429611509 0.87 0.869565217391304 0.87037037037037 0.961352657004831 1
0.866492146596859 0.855670103092783 0.877659574468085 0.942503838561088 0.9 0.974358974358974 0.852459016393443 0.961748633879781 1
0.867208672086721 0.879581151832461 0.853932584269663 0.945055591505383 0.87 0.875 0.865384615384615 0.935897435897436 1
0.873056994818653 0.88 0.865591397849462 0.94252688172043 0.84 0.770833333333333 0.903846153846154 0.937900641025641 1
0.884507042253521 0.876470588235294 0.891891891891892 0.939141494435612 0.86 0.782608695652174 0.925925925925926 0.93317230273752 1
0.894459102902375 0.916230366492147 0.872340425531915 0.96789016375181 0.87 0.808510638297872 0.924528301886792 0.928944199116821 1
0.861460957178841 0.846153846153846 0.876237623762376 0.933714140644834 0.84 0.842105263157895 0.837209302325581 0.908608731130151 1
0.842245989304813 0.828729281767956 0.854922279792746 0.929436349583488 0.91 0.884615384615385 0.9375 0.970753205128205 1
0.85974025974026 0.844559585492228 0.875 0.930240716753022 0.82 0.84 0.8 0.9104 1
0.837465564738292 0.816568047337278 0.855670103092783 0.918044287195754 0.84 0.851063829787234 0.830188679245283 0.889201124046568 1
0.910526315789474 0.908602150537634 0.912371134020619 0.963196984813214 0.86 0.777777777777778 0.956521739130435 0.933977455716586 1
0.853994490358127 0.857894736842105 0.84971098265896 0.927623973227867 0.86 0.894736842105263 0.838709677419355 0.920203735144312 1
0.85792349726776 0.862244897959184 0.852941176470588 0.934003601440576 0.85 0.867924528301887 0.829787234042553 0.959454034524287 1
0.881443298969072 0.884422110552764 0.878306878306878 0.954109170189572 0.9 0.91304347826087 0.888888888888889 0.960950080515298 1
0.890052356020942 0.903061224489796 0.876344086021505 0.958909370199693 0.82 0.803921568627451 0.836734693877551 0.908763505402161 1
0.898630136986301 0.89010989010989 0.907103825136612 0.957785384014892 0.88 0.886363636363636 0.875 0.943181818181818 1
0.881578947368421 0.896551724137931 0.864406779661017 0.952408783501712 0.9 0.928571428571429 0.863636363636364 0.975243506493507 1
0.89196675900277 0.885714285714286 0.897849462365591 0.958371735791091 0.83 0.867924528301887 0.787234042553192 0.916097952629466 1
0.87335092348285 0.883597883597884 0.863157894736842 0.953745474798106 0.9 0.936170212765957 0.867924528301887 0.973906061822561 1
0.853260869565217 0.844919786096257 0.861878453038674 0.933760746890419 0.87 0.890909090909091 0.844444444444444 0.948282828282828 1
0.875 0.868852459016393 0.88135593220339 0.937143033558705 0.85 0.914893617021277 0.792452830188679 0.95303091128061 1
0.82967032967033 0.847715736040609 0.808383233532934 0.916532417398705 0.82 0.865384615384615 0.770833333333333 0.915865384615385 1
0.853333333333333 0.864321608040201 0.840909090909091 0.925708085883965 0.9 0.934782608695652 0.87037037037037 0.950885668276973 1
0.882666666666667 0.86046511627907 0.901477832512315 0.952743727803872 0.82 0.830188679245283 0.808510638297872 0.880369329586511 1
0.865168539325843 0.849397590361446 0.878947368421053 0.934464172479391 0.86 0.98 0.74 0.9572 1
0.850785340314136 0.841269841269841 0.860103626943005 0.917043616525482 0.76 0.78 0.74 0.8684 1
0.848238482384824 0.865671641791045 0.827380952380952 0.922293295427624 0.88 0.962264150943396 0.787234042553192 0.957848253713368 1
0.879581151832461 0.894009216589862 0.860606060606061 0.943331936880324 0.79 0.86 0.72 0.9148 1
0.850267379679144 0.853535353535353 0.846590909090909 0.922549357208448 0.87 0.88 0.86 0.9276 1
0.879487179487179 0.873684210526316 0.885 0.936289473684211 0.83 0.833333333333333 0.826086956521739 0.933574879227053 1
0.887052341597796 0.867469879518072 0.903553299492386 0.960797504739771 0.81 0.796296296296296 0.826086956521739 0.922705314009662 1
0.897637795275591 0.899497487437186 0.895604395604396 0.963277928102049 0.86 0.879310344827586 0.833333333333333 0.954433497536946 1
0.856741573033708 0.854838709677419 0.858823529411765 0.925332068311195 0.87 0.906976744186046 0.842105263157895 0.944104447164423 1
0.848 0.849462365591398 0.846560846560847 0.93431757410252 0.85 0.897959183673469 0.803921568627451 0.913965586234494 1
0.857142857142857 0.852459016393443 0.861702127659574 0.941896291128938 0.82 0.846153846153846 0.80327868852459 0.912147961328289 1
0.851458885941645 0.862068965517241 0.839080459770115 0.934403487911217 0.9 0.924528301886792 0.872340425531915 0.967884383781614 1
0.877005347593583 0.859649122807018 0.891625615763547 0.951026992769279 0.9 0.882352941176471 0.918367346938776 0.939975990396158 1
0.844961240310077 0.833333333333333 0.857142857142857 0.919459141681364 0.86 0.882352941176471 0.836734693877551 0.943977591036415 1
0.849872773536896 0.855769230769231 0.843243243243243 0.94527027027027 0.93 0.945454545454545 0.911111111111111 0.958383838383838 1
0.872881355932203 0.835443037974684 0.903061224489796 0.947623353138724 0.84 0.884615384615385 0.791666666666667 0.930288461538462 1
0.903846153846154 0.901234567901235 0.905940594059406 0.961465591003545 0.85 0.777777777777778 0.934782608695652 0.937600644122383 1
0.876640419947507 0.888888888888889 0.863387978142076 0.943202516973009 0.91 0.914893617021277 0.905660377358491 0.961461260537937 1
0.875675675675676 0.875647668393782 0.875706214689266 0.958900500570826 0.75 0.743589743589744 0.754098360655738 0.865489701555275 1
0.870026525198939 0.871794871794872 0.868131868131868 0.951873767258383 0.85 0.849056603773585 0.851063829787234 0.944199116820554 1
0.864229765013055 0.858585858585859 0.87027027027027 0.947037947037947 0.87 0.896551724137931 0.833333333333333 0.948275862068966 1
0.875621890547264 0.880733944954128 0.869565217391304 0.948668727562824 0.82 0.829787234042553 0.811320754716981 0.900441589723003 1
0.896358543417367 0.873493975903614 0.916230366492147 0.943102251939696 0.9 0.901960784313726 0.897959183673469 0.961584633853541 1
0.88 0.875598086124402 0.884816753926702 0.958616197800546 0.9 0.916666666666667 0.884615384615385 0.950721153846154 1
0.853333333333333 0.854838709677419 0.851851851851852 0.915002560163851 0.86 0.897959183673469 0.823529411764706 0.956782713085234 1
0.875 0.870967741935484 0.879120879120879 0.949574618929458 0.84 0.91304347826087 0.777777777777778 0.953301127214171 1
0.853403141361257 0.871428571428571 0.831395348837209 0.931395348837209 0.83 0.74468085106383 0.905660377358491 0.901244480128462 1
0.818696883852691 0.826086956521739 0.810650887573965 0.916259325958323 0.87 0.780487804878049 0.932203389830508 0.939644481190575 1
0.886685552407932 0.893939393939394 0.87741935483871 0.952297165200391 0.89 0.885245901639344 0.897435897435897 0.968053804119378 1
0.871052631578947 0.846560846560847 0.895287958115183 0.943184021718053 0.84 0.862745098039216 0.816326530612245 0.927170868347339 1
0.893564356435644 0.888888888888889 0.898477157360406 0.942960837686064 0.91 0.933333333333333 0.890909090909091 0.966868686868687 1
0.863517060367454 0.856410256410256 0.870967741935484 0.936669423766198 0.87 0.92 0.82 0.9504 1
0.888297872340426 0.873626373626374 0.902061855670103 0.952985159170726 0.84 0.924528301886792 0.74468085106383 0.933761541549578 1
0.876640419947507 0.878172588832487 0.875 0.944438313838005 0.82 0.938775510204082 0.705882352941177 0.949579831932773 1
0.848717948717949 0.842639593908629 0.854922279792746 0.942610662528603 0.83 0.759259259259259 0.91304347826087 0.908615136876006 1
0.876606683804627 0.864321608040201 0.889473684210526 0.946786564400952 0.91 0.928571428571429 0.886363636363636 0.962662337662338 1
0.867924528301887 0.858695652173913 0.877005347593583 0.929812834224599 0.86 0.886363636363636 0.839285714285714 0.943181818181818 1
0.883783783783784 0.876344086021505 0.891304347826087 0.956141888733053 0.94 0.979591836734694 0.901960784313726 0.971188475390156 1
0.870558375634518 0.876777251184834 0.863387978142076 0.945225701188719 0.87 0.897959183673469 0.843137254901961 0.970388155262105 1
0.906593406593407 0.886904761904762 0.923469387755102 0.966593780369291 0.85 0.826923076923077 0.875 0.933092948717949 1
0.875 0.870466321243523 0.879781420765027 0.934992496956312 0.92 0.843137254901961 1 0.965986394557823 1
0.856770833333333 0.866666666666667 0.846560846560847 0.933984533984534 0.89 0.9 0.88 0.9652 1
0.887978142076503 0.890710382513661 0.885245901639344 0.946698916061991 0.85 0.844444444444444 0.854545454545454 0.940606060606061 1
0.859375 0.862068965517241 0.856353591160221 0.934681435919767 0.89 0.901960784313726 0.877551020408163 0.942777110844338 1
0.866840731070496 0.850574712643678 0.880382775119617 0.932904361216521 0.9 0.91304347826087 0.888888888888889 0.975040257648953 1
0.859116022099447 0.840236686390533 0.875647668393782 0.945856455222737 0.85 0.86 0.84 0.9124 1
0.890339425587467 0.904306220095694 0.873563218390805 0.950173238739482 0.87 0.895833333333333 0.846153846153846 0.941907051282051 1
0.906091370558376 0.898989898989899 0.913265306122449 0.962894248608534 0.86 0.857142857142857 0.863636363636364 0.948863636363636 1
0.857881136950904 0.84375 0.871794871794872 0.925641025641026 0.87 0.927272727272727 0.8 0.911919191919192 1
0.860892388451444 0.887254901960784 0.830508474576271 0.95142350725601 0.87 0.808510638297872 0.924528301886792 0.942994781212364 1
0.869806094182826 0.871657754010695 0.867816091954023 0.94013153850882 0.9 0.892857142857143 0.909090909090909 0.961850649350649 1
0.874680306905371 0.853260869565217 0.893719806763285 0.945258349086326 0.83 0.87037037037037 0.782608695652174 0.927938808373591 1
0.892670157068063 0.873684210526316 0.911458333333333 0.950191885964912 0.94 0.951219512195122 0.932203389830508 0.969822240595287 1
0.896067415730337 0.890243902439024 0.901041666666667 0.956713668699187 0.87 0.86 0.88 0.9524 1
0.864229765013055 0.855670103092783 0.873015873015873 0.942808051055474 0.88 0.865384615384615 0.895833333333333 0.957532051282051 1
0.875318066157761 0.855614973262032 0.893203883495146 0.930039977155911 0.84 0.893617021276596 0.792452830188679 0.940586109995986 1
0.878531073446328 0.875675675675676 0.881656804733728 0.949432272509196 0.86 0.822222222222222 0.890909090909091 0.955959595959596 1
0.836842105263158 0.819587628865979 0.854838709677419 0.921571887817315 0.82 0.928571428571429 0.741379310344828 0.925287356321839 1
0.86027397260274 0.865284974093264 0.854651162790698 0.941016989998795 0.8 0.733333333333333 0.854545454545454 0.89010101010101 1
0.856763925729443 0.823170731707317 0.882629107981221 0.945408221687851 0.82 0.760869565217391 0.87037037037037 0.921900161030596 1
0.875634517766497 0.854922279792746 0.895522388059702 0.93189492949759 0.82 0.74468085106383 0.886792452830189 0.875150541951024 1
0.85254691689008 0.855614973262032 0.849462365591398 0.932723822666897 0.86 0.872727272727273 0.844444444444444 0.948282828282828 1
0.848806366047745 0.831460674157303 0.864321608040201 0.912624922364632 0.86 0.865384615384615 0.854166666666667 0.948717948717949 2
0.844504021447721 0.845744680851064 0.843243243243243 0.925503162737205 0.93 0.928571428571429 0.931818181818182 0.948863636363636 2
0.87598944591029 0.882352941176471 0.869791666666667 0.938502673796791 0.85 0.822222222222222 0.872727272727273 0.94020202020202 2
0.863509749303621 0.851648351648352 0.875706214689266 0.934841994164028 0.84 0.807017543859649 0.883720930232558 0.919624643002856 2
0.855614973262032 0.826815642458101 0.882051282051282 0.932932244664088 0.89 0.869565217391304 0.907407407407407 0.948872785829308 2
0.861111111111111 0.876923076923077 0.842424242424242 0.946169386169386 0.84 0.782608695652174 0.888888888888889 0.927938808373591 2
0.827127659574468 0.825396825396825 0.828877005347594 0.921483745013157 0.91 0.897959183673469 0.92156862745098 0.965586234493798 2
0.861035422343324 0.875 0.846994535519126 0.935614160133048 0.84 0.808510638297872 0.867924528301887 0.936170212765957 2
0.875 0.875706214689266 0.874251497005988 0.944450082885077 0.83 0.865384615384615 0.791666666666667 0.925480769230769 2
0.84366576819407 0.855670103092783 0.830508474576271 0.921602888927719 0.87 0.826923076923077 0.916666666666667 0.94150641025641 2
0.89544235924933 0.891891891891892 0.898936170212766 0.960379528464635 0.86 0.829787234042553 0.886792452830189 0.90806904857487 2
0.870026525198939 0.88780487804878 0.848837209302326 0.934685195689166 0.88 0.895833333333333 0.865384615384615 0.933092948717949 2
0.894736842105263 0.885714285714286 0.903225806451613 0.957357910906298 0.89 0.833333333333333 0.942307692307692 0.937900641025641 2
0.879551820728291 0.88135593220339 0.877777777777778 0.953797865662272 0.81 0.849056603773585 0.765957446808511 0.915295062224006 2
0.876010781671159 0.88659793814433 0.864406779661017 0.947754674121964 0.89 0.891304347826087 0.888888888888889 0.963365539452496 2
0.871727748691099 0.860824742268041 0.882978723404255 0.942805439789428 0.89 0.948717948717949 0.852459016393443 0.958806221101303 2
0.867208672086721 0.879581151832461 0.853932584269663 0.944673216071534 0.87 0.875 0.865384615384615 0.929086538461538 2
0.873056994818653 0.88 0.865591397849462 0.94239247311828 0.85 0.791666666666667 0.903846153846154 0.935897435897436 2
0.884507042253521 0.876470588235294 0.891891891891892 0.938918918918919 0.85 0.782608695652174 0.907407407407407 0.933574879227053 2
0.886543535620053 0.905759162303665 0.867021276595745 0.96663696112287 0.87 0.808510638297872 0.924528301886792 0.921718185467684 2
0.861460957178841 0.846153846153846 0.876237623762376 0.933460269103834 0.82 0.824561403508772 0.813953488372093 0.912688698490412 2
0.844919786096257 0.828729281767956 0.860103626943005 0.929035582400595 0.86 0.807692307692308 0.916666666666667 0.964342948717949 2
0.854545454545454 0.839378238341969 0.869791666666667 0.930348661485319 0.78 0.7 0.86 0.8848 2
0.834710743801653 0.816568047337278 0.850515463917526 0.91880680778381 0.83 0.808510638297872 0.849056603773585 0.889602569249297 2
0.907894736842105 0.908602150537634 0.907216494845361 0.963307837268595 0.87 0.796296296296296 0.956521739130435 0.937600644122383 2
0.856749311294766 0.857894736842105 0.855491329479769 0.92728932156982 0.85 0.894736842105263 0.82258064516129 0.919354838709677 2
0.855191256830601 0.857142857142857 0.852941176470588 0.933673469387755 0.85 0.867924528301887 0.829787234042553 0.959454034524287 2
0.881443298969072 0.884422110552764 0.878306878306878 0.954215522054718 0.9 0.934782608695652 0.87037037037037 0.962157809983897 2
0.884816753926702 0.892857142857143 0.876344086021505 0.959265964450296 0.82 0.823529411764706 0.816326530612245 0.912765106042417 2
0.901369863013699 0.895604395604396 0.907103825136612 0.957695310154327 0.89 0.909090909090909 0.875 0.940746753246753 2
0.886842105263158 0.901477832512315 0.870056497175141 0.952854081433859 0.88 0.910714285714286 0.840909090909091 0.974431818181818 2
0.894736842105263 0.891428571428571 0.897849462365591 0.958187403993856 0.84 0.867924528301887 0.808510638297872 0.915295062224006 2
0.87598944591029 0.888888888888889 0.863157894736842 0.953411306042885 0.89 0.914893617021277 0.867924528301887 0.970293054997993 2
0.861413043478261 0.855614973262032 0.867403314917127 0.93423346234526 0.86 0.890909090909091 0.822222222222222 0.941818181818182 2
0.877777777777778 0.87431693989071 0.88135593220339 0.937420888518416 0.87 0.914893617021277 0.830188679245283 0.951826575672421 2
0.826923076923077 0.842639593908629 0.808383233532934 0.91680598194474 0.82 0.865384615384615 0.770833333333333 0.913060897435897 2
0.858666666666667 0.869346733668342 0.846590909090909 0.925051393330288 0.88 0.91304347826087 0.851851851851852 0.951288244766506 2
0.888 0.866279069767442 0.9064039408867 0.953030129453546 0.8 0.811320754716981 0.787234042553192 0.872340425531915 2
0.865168539325843 0.849397590361446 0.878947368421053 0.934559289790742 0.84 0.94 0.74 0.95 2
0.853403141361257 0.841269841269841 0.865284974093264 0.917235518271788 0.73 0.74 0.72 0.8648 2
0.845528455284553 0.865671641791045 0.821428571428571 0.92211561241412 0.87 0.943396226415094 0.787234042553192 0.958651144118828 2
0.879581151832461 0.889400921658986 0.866666666666667 0.943192291579388 0.8 0.86 0.74 0.9192 2
0.852941176470588 0.853535353535353 0.852272727272727 0.922463269054178 0.87 0.86 0.88 0.9248 2
0.879487179487179 0.873684210526316 0.885 0.9365 0.85 0.87037037037037 0.826086956521739 0.938003220611916 2
0.889807162534435 0.873493975903614 0.903553299492386 0.960797504739771 0.8 0.777777777777778 0.826086956521739 0.924718196457327 2
0.900262467191601 0.904522613065327 0.895604395604396 0.963415981003921 0.86 0.879310344827586 0.833333333333333 0.950738916256158 2
0.856741573033708 0.854838709677419 0.858823529411765 0.92539531941809 0.89 0.906976744186046 0.87719298245614 0.943696450428397 2
0.853333333333333 0.854838709677419 0.851851851851852 0.934203789042499 0.84 0.897959183673469 0.784313725490196 0.907162865146058 2
0.8544474393531 0.846994535519126 0.861702127659574 0.941954423904197 0.82 0.846153846153846 0.80327868852459 0.917612442202606 2
0.856763925729443 0.862068965517241 0.850574712643678 0.934714908555574 0.89 0.905660377358491 0.872340425531915 0.963067041348856 2
0.877005347593583 0.859649122807018 0.891625615763547 0.951459107538962 0.89 0.862745098039216 0.918367346938776 0.941576630652261 2
0.844961240310077 0.833333333333333 0.857142857142857 0.919058307947197 0.87 0.882352941176471 0.857142857142857 0.93797519007603 2
0.854961832061069 0.860576923076923 0.848648648648649 0.945452182952183 0.94 0.945454545454545 0.933333333333333 0.961616161616162 2
0.870056497175141 0.829113924050633 0.903061224489796 0.947720227331439 0.83 0.884615384615385 0.770833333333333 0.934695512820513 2
0.903846153846154 0.901234567901235 0.905940594059406 0.961526708226378 0.85 0.777777777777778 0.934782608695652 0.941626409017713 2
0.876640419947507 0.888888888888889 0.863387978142076 0.942954131478722 0.92 0.893617021276596 0.943396226415094 0.959454034524287 2
0.875675675675676 0.875647668393782 0.875706214689266 0.959017593161793 0.75 0.743589743589744 0.754098360655738 0.868011769651114 2
0.870026525198939 0.866666666666667 0.873626373626374 0.952183713722175 0.86 0.849056603773585 0.872340425531915 0.944600562023284 2
0.864229765013055 0.858585858585859 0.87027027027027 0.947010647010647 0.87 0.879310344827586 0.857142857142857 0.945402298850575 2
0.878109452736318 0.885321100917431 0.869565217391304 0.94899282010371 0.82 0.829787234042553 0.811320754716981 0.898835808912083 2
0.893557422969188 0.867469879518072 0.916230366492147 0.943701507601085 0.91 0.901960784313726 0.918367346938776 0.966786714685874 2
0.88 0.875598086124402 0.884816753926702 0.95836569052331 0.91 0.9375 0.884615384615385 0.951522435897436 2
0.848 0.844086021505376 0.851851851851852 0.914888775103829 0.87 0.897959183673469 0.843137254901961 0.942777110844338 2
0.875 0.865591397849462 0.884615384615385 0.9496336996337 0.85 0.934782608695652 0.777777777777778 0.955314009661836 2
0.858638743455497 0.876190476190476 0.837209302325581 0.931893687707641 0.85 0.787234042553192 0.905660377358491 0.903251706142112 2
0.818696883852691 0.820652173913043 0.816568047337278 0.91709544635966 0.88 0.780487804878049 0.949152542372881 0.943778420835056 2
0.886685552407932 0.893939393939394 0.87741935483871 0.952688172043011 0.88 0.885245901639344 0.871794871794872 0.96427070197562 2
0.873684210526316 0.851851851851852 0.895287958115183 0.943322529709964 0.87 0.901960784313726 0.836734693877551 0.932773109243697 2
0.893564356435644 0.888888888888889 0.898477157360406 0.942764658279997 0.9 0.911111111111111 0.890909090909091 0.964848484848485 2
0.860892388451444 0.851282051282051 0.870967741935484 0.936255858836504 0.86 0.9 0.82 0.95 2
0.888297872340426 0.868131868131868 0.907216494845361 0.952815226011102 0.84 0.886792452830189 0.787234042553192 0.935768767563228 2
0.876640419947507 0.878172588832487 0.875 0.944438313838005 0.82 0.938775510204082 0.705882352941177 0.953581432573029 2
0.848717948717949 0.842639593908629 0.854922279792746 0.942558060019463 0.83 0.777777777777778 0.891304347826087 0.904991948470209 2
0.876606683804627 0.864321608040201 0.889473684210526 0.946839460460196 0.88 0.803571428571429 0.977272727272727 0.952516233766234 2
0.865229110512129 0.853260869565217 0.877005347593583 0.93004533829342 0.87 0.886363636363636 0.857142857142857 0.943587662337662 2
0.889189189189189 0.881720430107527 0.896739130434783 0.956346423562412 0.94 0.979591836734694 0.901960784313726 0.972388955582233 2
0.870558375634518 0.876777251184834 0.863387978142076 0.945329293243208 0.87 0.897959183673469 0.843137254901961 0.97078831532613 2
0.903846153846154 0.880952380952381 0.923469387755102 0.966836734693878 0.87 0.865384615384615 0.875 0.935897435897436 2
0.875 0.870466321243523 0.879781420765027 0.935303944052776 0.93 0.862745098039216 1 0.961584633853541 2
0.861979166666667 0.871794871794872 0.851851851851852 0.933957400624067 0.89 0.9 0.88 0.9652 2
0.885245901639344 0.890710382513661 0.879781420765027 0.947206545432829 0.86 0.866666666666667 0.854545454545454 0.943838383838384 2
0.859375 0.862068965517241 0.856353591160221 0.935307405492203 0.87 0.901960784313726 0.836734693877551 0.945978391356543 2
0.864229765013055 0.850574712643678 0.875598086124402 0.933426827256228 0.89 0.891304347826087 0.888888888888889 0.975845410628019 2
0.853591160220994 0.834319526627219 0.870466321243523 0.945887114081614 0.84 0.84 0.84 0.918 2
0.887728459530026 0.899521531100478 0.873563218390805 0.950558213716108 0.85 0.854166666666667 0.846153846153846 0.939503205128205 2
0.906091370558376 0.898989898989899 0.913265306122449 0.962430426716141 0.68 0.464285714285714 0.954545454545455 0.870535714285714 2
0.855297157622739 0.84375 0.866666666666667 0.926175213675214 0.87 0.927272727272727 0.8 0.911111111111111 2
0.860892388451444 0.887254901960784 0.830508474576271 0.95134042317492 0.86 0.787234042553192 0.924528301886792 0.938177438779607 2
0.875346260387812 0.877005347593583 0.873563218390805 0.940776937734341 0.9 0.892857142857143 0.909090909090909 0.961444805194805 2
0.877237851662404 0.858695652173913 0.893719806763285 0.945153329132535 0.82 0.851851851851852 0.782608695652174 0.927938808373591 2
0.892670157068063 0.873684210526316 0.911458333333333 0.950109649122807 0.92 0.902439024390244 0.932203389830508 0.96486151302191 2
0.896067415730337 0.890243902439024 0.901041666666667 0.956523119918699 0.88 0.88 0.88 0.9464 2
0.866840731070496 0.860824742268041 0.873015873015873 0.943162602956417 0.87 0.865384615384615 0.875 0.955528846153846 2
0.877862595419847 0.855614973262032 0.898058252427185 0.929962099579461 0.83 0.893617021276596 0.773584905660377 0.944600562023284 2
0.88135593220339 0.881081081081081 0.881656804733728 0.949528226451303 0.86 0.822222222222222 0.890909090909091 0.951111111111111 2
0.842105263157895 0.829896907216495 0.854838709677419 0.92129475667886 0.81 0.904761904761905 0.741379310344828 0.930213464696223 2
0.865753424657534 0.870466321243523 0.86046511627907 0.941860465116279 0.79 0.733333333333333 0.836363636363636 0.87959595959596 2
0.859416445623342 0.823170731707317 0.887323943661972 0.945694492156189 0.83 0.782608695652174 0.87037037037037 0.920692431561997 2
0.875634517766497 0.854922279792746 0.895522388059702 0.93248781996752 0.8 0.723404255319149 0.867924528301887 0.88358089120835 2
0.85254691689008 0.855614973262032 0.849462365591398 0.932465068138692 0.87 0.872727272727273 0.866666666666667 0.951111111111111 2
0.846153846153846 0.825842696629214 0.864321608040201 0.913246005307436 0.85 0.846153846153846 0.854166666666667 0.945913461538462 3
0.844504021447721 0.851063829787234 0.837837837837838 0.926566992524439 0.88 0.892857142857143 0.863636363636364 0.940340909090909 3
0.878627968337731 0.882352941176471 0.875 0.938307709447415 0.83 0.777777777777778 0.872727272727273 0.93010101010101 3
0.863509749303621 0.862637362637363 0.864406779661017 0.935959520705283 0.85 0.824561403508772 0.883720930232558 0.909832721338229 3
0.855614973262032 0.826815642458101 0.882051282051282 0.932502506804183 0.91 0.891304347826087 0.925925925925926 0.948872785829308 3
0.861111111111111 0.876923076923077 0.842424242424242 0.944584304584305 0.84 0.804347826086957 0.87037037037037 0.927938808373591 3
0.821808510638298 0.825396825396825 0.818181818181818 0.921144215261862 0.89 0.877551020408163 0.901960784313726 0.963585434173669 3
0.866485013623978 0.880434782608696 0.852459016393443 0.935138987883108 0.85 0.829787234042553 0.867924528301887 0.928542753914091 3
0.875 0.875706214689266 0.874251497005988 0.943502824858757 0.83 0.846153846153846 0.8125 0.91786858974359 3
0.840970350404313 0.850515463917526 0.830508474576271 0.921661133438173 0.87 0.807692307692308 0.9375 0.951923076923077 3
0.884718498659517 0.886486486486487 0.882978723404255 0.959775733179989 0.85 0.829787234042553 0.867924528301887 0.908871938980329 3
0.875331564986737 0.88780487804878 0.86046511627907 0.934826999432785 0.88 0.895833333333333 0.865384615384615 0.931891025641026 3
0.894736842105263 0.885714285714286 0.903225806451613 0.957450076804916 0.89 0.854166666666667 0.923076923076923 0.947516025641026 3
0.879551820728291 0.88135593220339 0.877777777777778 0.952291274325173 0.82 0.849056603773585 0.787234042553192 0.90806904857487 3
0.878706199460916 0.88659793814433 0.870056497175141 0.947871163142874 0.87 0.847826086956522 0.888888888888889 0.960144927536232 3
0.869109947643979 0.860824742268041 0.877659574468085 0.942860276376398 0.88 0.923076923076923 0.852459016393443 0.957124842370744 3
0.869918699186992 0.879581151832461 0.859550561797753 0.94520265897994 0.88 0.895833333333333 0.865384615384615 0.928285256410256 3
0.870466321243523 0.88 0.860215053763441 0.9425 0.83 0.729166666666667 0.923076923076923 0.937900641025641 3
0.890140845070423 0.882352941176471 0.897297297297297 0.938600953895072 0.84 0.760869565217391 0.907407407407407 0.933977455716586 3
0.889182058047493 0.905759162303665 0.872340425531915 0.966804054806728 0.88 0.808510638297872 0.943396226415094 0.915696507426736 3
0.856423173803526 0.835897435897436 0.876237623762376 0.935338918507235 0.82 0.824561403508772 0.813953488372093 0.908200734394125 3
0.842245989304813 0.823204419889503 0.860103626943005 0.9287493201271 0.88 0.846153846153846 0.916666666666667 0.958333333333333 3
0.851948051948052 0.839378238341969 0.864583333333333 0.930240716753022 0.8 0.78 0.82 0.8932 3
0.840220385674931 0.822485207100592 0.855670103092783 0.916122735313853 0.83 0.829787234042553 0.830188679245283 0.889201124046568 3
0.902631578947368 0.908602150537634 0.896907216494845 0.962725861877841 0.87 0.796296296296296 0.956521739130435 0.935587761674718 3
0.848484848484849 0.852631578947368 0.84393063583815 0.927897779129906 0.86 0.921052631578947 0.82258064516129 0.921052631578947 3
0.85792349726776 0.862244897959184 0.852941176470588 0.935174069627851 0.85 0.849056603773585 0.851063829787234 0.955439582496989 3
0.878865979381443 0.884422110552764 0.873015873015873 0.954321873919864 0.88 0.891304347826087 0.87037037037037 0.955314009661836 3
0.884816753926702 0.892857142857143 0.876344086021505 0.959485407066052 0.83 0.823529411764706 0.836734693877551 0.905562224889956 3
0.901369863013699 0.895604395604396 0.907103825136612 0.957515162433195 0.89 0.909090909090909 0.875 0.946022727272727 3
0.878947368421053 0.891625615763547 0.864406779661017 0.951434694275138 0.89 0.928571428571429 0.840909090909091 0.964691558441558 3
0.89196675900277 0.88 0.903225806451613 0.958033794162826 0.84 0.849056603773585 0.829787234042553 0.901645925331192 3
0.878627968337731 0.894179894179894 0.863157894736842 0.954497354497355 0.89 0.936170212765957 0.849056603773585 0.970293054997993 3
0.842391304347826 0.839572192513369 0.845303867403315 0.933642568026708 0.84 0.872727272727273 0.8 0.943030303030303 3
0.883333333333333 0.885245901639344 0.88135593220339 0.937606125158223 0.85 0.893617021276596 0.811320754716981 0.946607788036933 3
0.82967032967033 0.847715736040609 0.808383233532934 0.917201130733457 0.81 0.807692307692308 0.8125 0.908653846153846 3
0.856 0.864321608040201 0.846590909090909 0.92456601187757 0.88 0.91304347826087 0.851851851851852 0.949275362318841 3
0.882666666666667 0.86046511627907 0.901477832512315 0.952629167144003 0.79 0.792452830188679 0.787234042553192 0.873544761140104 3
0.865168539325843 0.843373493975904 0.884210526315789 0.933893468611287 0.81 0.86 0.76 0.9396 3
0.853403141361257 0.846560846560847 0.860103626943005 0.916988787455109 0.74 0.76 0.72 0.866 3
0.853658536585366 0.875621890547264 0.827380952380952 0.921641791044776 0.83 0.886792452830189 0.765957446808511 0.939783219590526 3
0.87696335078534 0.894009216589862 0.854545454545454 0.943192291579388 0.8 0.86 0.74 0.906 3
0.8475935828877 0.853535353535353 0.840909090909091 0.921946740128558 0.86 0.84 0.88 0.9252 3
0.876923076923077 0.873684210526316 0.88 0.936 0.86 0.851851851851852 0.869565217391304 0.938003220611916 3
0.889807162534435 0.873493975903614 0.903553299492386 0.960583450553483 0.8 0.759259259259259 0.847826086956522 0.923913043478261 3
0.902887139107612 0.904522613065327 0.901098901098901 0.963167485780551 0.86 0.879310344827586 0.833333333333333 0.956486042692939 3
0.851123595505618 0.844086021505376 0.858823529411765 0.925363693864643 0.86 0.906976744186046 0.824561403508772 0.942472460220318 3
0.848 0.849462365591398 0.846560846560847 0.934061557717472 0.83 0.877551020408163 0.784313725490196 0.913565426170468 3
0.857142857142857 0.846994535519126 0.867021276595745 0.941983490291826 0.82 0.82051282051282 0.819672131147541 0.91130727196301 3
0.851458885941645 0.862068965517241 0.839080459770115 0.934290244040541 0.88 0.886792452830189 0.872340425531915 0.963067041348856 3
0.868983957219251 0.847953216374269 0.886699507389163 0.951401492236338 0.88 0.843137254901961 0.918367346938776 0.93797519007603 3
0.844961240310077 0.833333333333333 0.857142857142857 0.918470418470418 0.82 0.862745098039216 0.775510204081633 0.933173269307723 3
0.852417302798982 0.850961538461538 0.854054054054054 0.943918918918919 0.89 0.909090909090909 0.866666666666667 0.961212121212121 3
0.878531073446328 0.841772151898734 0.908163265306122 0.947042107982433 0.85 0.884615384615385 0.8125 0.929086538461538 3
0.903846153846154 0.901234567901235 0.905940594059406 0.961129446277961 0.81 0.703703703703704 0.934782608695652 0.942431561996779 3
0.876640419947507 0.888888888888889 0.863387978142076 0.943837279902854 0.92 0.872340425531915 0.962264150943396 0.958249698916098 3
0.883783783783784 0.880829015544041 0.887005649717514 0.959310324639208 0.79 0.82051282051282 0.770491803278688 0.873055905842791 3
0.872679045092838 0.871794871794872 0.873626373626374 0.951084812623274 0.86 0.849056603773585 0.872340425531915 0.941389000401445 3
0.859007832898172 0.848484848484849 0.87027027027027 0.946519246519247 0.86 0.862068965517241 0.857142857142857 0.944991789819376 3
0.885572139303483 0.894495412844037 0.875 0.947696449940168 0.78 0.74468085106383 0.811320754716981 0.887996788438378 3
0.893557422969188 0.867469879518072 0.916230366492147 0.943985365545953 0.92 0.901960784313726 0.938775510204082 0.964385754301721 3
0.8825 0.880382775119617 0.884816753926702 0.956712342493549 0.91 0.916666666666667 0.903846153846154 0.952323717948718 3
0.848 0.860215053763441 0.835978835978836 0.915173237753883 0.88 0.897959183673469 0.862745098039216 0.944777911164466 3
0.880434782608696 0.876344086021505 0.884615384615385 0.950254047028241 0.85 0.934782608695652 0.777777777777778 0.96256038647343 3
0.848167539267016 0.866666666666667 0.825581395348837 0.931589147286822 0.85 0.787234042553192 0.905660377358491 0.897631473303894 3
0.815864022662889 0.831521739130435 0.798816568047337 0.915873424234628 0.89 0.804878048780488 0.949152542372881 0.93633732947499 3
0.886685552407932 0.893939393939394 0.87741935483871 0.951026392961877 0.87 0.852459016393443 0.897435897435897 0.96469104665826 3
0.871052631578947 0.846560846560847 0.895287958115183 0.941882046594088 0.87 0.901960784313726 0.836734693877551 0.927571028411365 3
0.888613861386139 0.884057971014493 0.893401015228426 0.942445866745138 0.92 0.933333333333333 0.909090909090909 0.964040404040404 3
0.868766404199475 0.861538461538462 0.876344086021505 0.937275985663082 0.88 0.88 0.88 0.9472 3
0.88563829787234 0.873626373626374 0.896907216494845 0.952418715305313 0.85 0.905660377358491 0.787234042553192 0.932557205941389 3
0.874015748031496 0.873096446700508 0.875 0.944107261090267 0.82 0.938775510204082 0.705882352941177 0.943977591036415 3
0.851282051282051 0.842639593908629 0.860103626943005 0.942689566292312 0.82 0.759259259259259 0.891304347826087 0.901771336553945 3
0.876606683804627 0.869346733668342 0.884210526315789 0.94601957154192 0.91 0.946428571428571 0.863636363636364 0.960227272727273 3
0.865229110512129 0.853260869565217 0.877005347593583 0.930103464310625 0.86 0.886363636363636 0.839285714285714 0.940340909090909 3
0.891891891891892 0.887096774193548 0.896739130434783 0.955732819074334 0.95 0.979591836734694 0.92156862745098 0.971588635454182 3
0.870558375634518 0.876777251184834 0.863387978142076 0.944811332970761 0.89 0.938775510204082 0.843137254901961 0.97078831532613 3
0.909340659340659 0.886904761904762 0.928571428571429 0.96641156462585 0.87 0.865384615384615 0.875 0.935496794871795 3
0.877659574468085 0.875647668393782 0.879781420765027 0.934567796370226 0.92 0.843137254901961 1 0.961984793917567 3
0.859375 0.866666666666667 0.851851851851852 0.934391534391534 0.89 0.9 0.88 0.9592 3
0.879781420765027 0.885245901639344 0.87431693989071 0.946549613305862 0.86 0.866666666666667 0.854545454545454 0.949090909090909 3
0.859375 0.87192118226601 0.845303867403315 0.934871948398334 0.89 0.92156862745098 0.857142857142857 0.939975990396158 3
0.864229765013055 0.844827586206897 0.880382775119617 0.931776934499258 0.89 0.891304347826087 0.888888888888889 0.976247987117552 3
0.870165745856354 0.857988165680473 0.880829015544041 0.946255020388141 0.84 0.84 0.84 0.91 3
0.890339425587467 0.904306220095694 0.873563218390805 0.949705769125007 0.85 0.833333333333333 0.865384615384615 0.937099358974359 3
0.908629441624365 0.898989898989899 0.918367346938776 0.964543393114822 0.87 0.857142857142857 0.886363636363636 0.948863636363636 3
0.857881136950904 0.838541666666667 0.876923076923077 0.925721153846154 0.86 0.927272727272727 0.777777777777778 0.908686868686869 3
0.860892388451444 0.887254901960784 0.830508474576271 0.950371108895536 0.87 0.808510638297872 0.924528301886792 0.938980329185066 3
0.867036011080332 0.866310160427808 0.867816091954023 0.939424672690393 0.86 0.839285714285714 0.886363636363636 0.954545454545455 3
0.879795396419437 0.864130434782609 0.893719806763285 0.945599663936148 0.83 0.87037037037037 0.782608695652174 0.930756843800322 3
0.890052356020942 0.868421052631579 0.911458333333333 0.950959429824561 0.92 0.902439024390244 0.932203389830508 0.957833815626292 3
0.893258426966292 0.890243902439024 0.895833333333333 0.956808943089431 0.87 0.86 0.88 0.9472 3
0.861618798955614 0.850515463917526 0.873015873015873 0.943080783286969 0.92 0.903846153846154 0.9375 0.95713141025641 3
0.880407124681934 0.86096256684492 0.898058252427185 0.930195732308811 0.83 0.851063829787234 0.811320754716981 0.938578883982336 3
0.875706214689266 0.875675675675676 0.875739644970414 0.949176395330242 0.86 0.822222222222222 0.890909090909091 0.953131313131313 3
0.844736842105263 0.829896907216495 0.860215053763441 0.921987584524997 0.81 0.904761904761905 0.741379310344828 0.92487684729064 3
0.857534246575342 0.860103626943005 0.854651162790698 0.939631280877214 0.79 0.733333333333333 0.836363636363636 0.873939393939394 3
0.856763925729443 0.823170731707317 0.882629107981221 0.944950188938509 0.82 0.760869565217391 0.87037037037037 0.912238325281803 3
0.862944162436548 0.844559585492228 0.880597014925373 0.930992704869435 0.8 0.702127659574468 0.886792452830189 0.872340425531915 3
0.855227882037534 0.86096256684492 0.849462365591398 0.933701339773446 0.87 0.872727272727273 0.866666666666667 0.950707070707071 3
