0.883333333333333 0.866666666666667 0.9 0.955555555555556 0.86 0.836363636363636 0.888888888888889 0.930505050505051 1
0.903225806451613 0.892857142857143 0.911764705882353 0.947478991596639 0.8 0.775510204081633 0.823529411764706 0.861544617847139 1
1 1 1 1 0.89 0.872340425531915 0.905660377358491 0.909273384183059 1
1 1 1 1 0.93 0.92156862745098 0.938775510204082 0.93937575030012 1
1 1 1 1 0.82 0.709090909090909 0.955555555555556 0.865656565656566 1
0.873015873015873 0.944444444444444 0.777777777777778 0.890946502057613 0.85 0.796296296296296 0.91304347826087 0.941626409017713 1
0.847457627118644 0.838709677419355 0.857142857142857 0.930875576036866 0.84 0.813953488372093 0.859649122807018 0.893512851897185 1
0.865671641791045 0.864864864864865 0.866666666666667 0.938738738738739 0.82 0.92 0.72 0.9308 1
0.929824561403509 0.875 0.96969696969697 0.954545454545455 0.85 0.865384615384615 0.833333333333333 0.927083333333333 1
0.901408450704225 0.875 0.923076923076923 0.962339743589744 0.85 0.764705882352941 0.938775510204082 0.923969587835134 1
0.942307692307692 0.961538461538462 0.923076923076923 0.943786982248521 0.86 0.866666666666667 0.854545454545454 0.941414141414141 1
0.883333333333333 0.914285714285714 0.84 0.956571428571429 0.77 0.7 0.84 0.8944 1
1 1 1 1 0.85 0.826923076923077 0.875 0.865184294871795 1
0.915254237288136 0.90625 0.925925925925926 0.971064814814815 0.86 0.928571428571429 0.772727272727273 0.942775974025974 1
0.909090909090909 0.935483870967742 0.885714285714286 0.986175115207373 0.9 0.916666666666667 0.884615384615385 0.949519230769231 1
0.916666666666667 0.884615384615385 0.941176470588235 0.947963800904977 0.81 0.76 0.86 0.8996 1
0.879310344827586 0.875 0.884615384615385 0.933894230769231 0.85 0.807692307692308 0.895833333333333 0.942708333333333 1
0.825396825396825 0.897435897435897 0.708333333333333 0.918803418803419 0.84 0.894736842105263 0.806451612903226 0.926146010186757 1
0.9375 0.9375 0.9375 0.9775390625 0.8 0.847826086956522 0.759259259259259 0.88365539452496 1
0.895522388059702 0.891891891891892 0.9 0.965765765765766 0.89 0.96 0.82 0.9636 1
0.880597014925373 0.833333333333333 0.906976744186046 0.953488372093023 0.73 0.56 0.9 0.8828 1
0.950819672131147 0.941176470588235 0.962962962962963 0.989106753812636 0.88 0.957446808510638 0.811320754716981 0.968687274187073 1
0.872727272727273 0.857142857142857 0.888888888888889 0.943121693121693 0.86 0.897959183673469 0.823529411764706 0.935974389755902 1
0.904761904761905 0.944444444444444 0.851851851851852 0.954732510288066 0.83 0.884615384615385 0.770833333333333 0.921073717948718 1
0.938775510204082 0.916666666666667 0.96 0.983333333333333 0.88 0.890909090909091 0.866666666666667 0.959191919191919 1
0.936507936507937 0.9375 0.935483870967742 0.98991935483871 0.82 0.814814814814815 0.826086956521739 0.902173913043478 1
0.864406779661017 0.896551724137931 0.833333333333333 0.962068965517241 0.83 0.842105263157895 0.813953488372093 0.920032639738882 1
0.816666666666667 0.84375 0.785714285714286 0.918526785714286 0.88 0.923076923076923 0.833333333333333 0.959134615384615 1
0.847457627118644 0.777777777777778 0.90625 0.909722222222222 0.87 0.784313725490196 0.959183673469388 0.959983993597439 1
0.919354838709677 0.903225806451613 0.935483870967742 0.984391259105099 0.84 0.790697674418605 0.87719298245614 0.934720522235822 1
0.964285714285714 0.964285714285714 0.964285714285714 0.985969387755102 0.8 0.813559322033898 0.780487804878049 0.894171145101281 1
0.850746268656716 0.878787878787879 0.823529411764706 0.943850267379679 0.85 0.833333333333333 0.865384615384615 0.938301282051282 1
0.892307692307692 0.944444444444444 0.827586206896552 0.931992337164751 0.84 0.84 0.84 0.9132 1
0.890909090909091 0.939393939393939 0.818181818181818 0.955922865013774 0.82 0.934782608695652 0.722222222222222 0.927536231884058 1
0.929824561403509 0.916666666666667 0.939393939393939 0.991161616161616 0.86 0.74 0.98 0.9552 1
0.869565217391304 0.891891891891892 0.84375 0.933277027027027 0.83 0.909090909090909 0.733333333333333 0.931717171717172 1
0.787878787878788 0.741935483870968 0.828571428571429 0.891244239631336 0.86 0.795918367346939 0.92156862745098 0.937174869947979 1
0.875 0.862068965517241 0.885714285714286 0.967487684729064 0.84 0.765957446808511 0.905660377358491 0.924528301886792 1
0.852941176470588 0.857142857142857 0.848484848484849 0.958441558441558 0.84 0.854166666666667 0.826923076923077 0.935096153846154 1
0.932203389830508 0.933333333333333 0.931034482758621 0.989655172413793 0.82 0.8125 0.826923076923077 0.891426282051282 1
0.892307692307692 0.896551724137931 0.888888888888889 0.96264367816092 0.84 0.827586206896552 0.857142857142857 0.928981937602627 1
0.939393939393939 0.925925925925926 0.948717948717949 0.994301994301994 0.8 0.775862068965517 0.833333333333333 0.901888341543514 1
0.892307692307692 0.911764705882353 0.870967741935484 0.978178368121442 0.79 0.764705882352941 0.816326530612245 0.873549419767907 1
0.833333333333333 0.828571428571429 0.838709677419355 0.945622119815668 0.84 0.823529411764706 0.857142857142857 0.908763505402161 1
0.953846153846154 0.96969696969697 0.9375 0.979166666666667 0.87 0.826923076923077 0.916666666666667 0.923477564102564 1
0.947368421052632 0.916666666666667 0.96969696969697 0.968434343434343 0.81 0.740740740740741 0.891304347826087 0.89573268921095 1
0.888888888888889 0.892857142857143 0.885714285714286 0.972448979591837 0.84 0.761904761904762 0.896551724137931 0.903530377668309 1
0.894736842105263 0.935483870967742 0.846153846153846 0.962779156327543 0.82 0.854545454545454 0.777777777777778 0.936565656565656 1
0.907692307692308 0.9 0.914285714285714 0.971428571428571 0.86 0.914893617021277 0.811320754716981 0.947009233239663 1
0.936507936507937 0.875 0.974358974358974 0.991452991452991 0.86 0.755102040816326 0.96078431372549 0.903161264505802 1
0.866666666666667 0.782608695652174 0.918918918918919 0.936545240893067 0.78 0.796296296296296 0.760869565217391 0.908212560386473 1
0.907407407407407 0.88 0.931034482758621 0.942068965517241 0.81 0.781818181818182 0.844444444444444 0.905858585858586 1
0.951612903225806 0.96969696969697 0.931034482758621 0.992685475444096 0.81 0.833333333333333 0.788461538461538 0.885416666666667 1
0.805970149253731 0.823529411764706 0.787878787878788 0.913547237076649 0.81 0.887096774193548 0.684210526315789 0.865025466893039 1
0.918032786885246 0.942857142857143 0.884615384615385 0.975824175824176 0.82 0.767857142857143 0.886363636363636 0.902191558441558 1
1 1 1 1 0.78 0.803571428571429 0.75 0.783685064935065 1
0.890909090909091 0.888888888888889 0.892857142857143 0.951058201058201 0.84 0.909090909090909 0.785714285714286 0.931006493506494 1
0.904761904761905 0.9 0.909090909090909 0.973737373737374 0.78 0.73469387755102 0.823529411764706 0.9015606242497 1
0.945454545454545 0.96551724137931 0.923076923076923 0.978779840848806 0.9 0.843137254901961 0.959183673469388 0.952781112444978 1
0.903225806451613 0.909090909090909 0.896551724137931 0.959247648902821 0.84 0.933333333333333 0.7 0.9175 1
0.88135593220339 0.90625 0.851851851851852 0.93287037037037 0.9 0.888888888888889 0.909090909090909 0.971717171717172 1
0.926470588235294 0.909090909090909 0.942857142857143 0.986147186147186 0.84 0.851063829787234 0.830188679245283 0.917302288237656 1
0.870967741935484 0.846153846153846 0.888888888888889 0.951923076923077 0.79 0.641509433962264 0.957446808510638 0.910477719791248 1
0.894736842105263 0.892857142857143 0.896551724137931 0.964285714285714 0.89 0.884615384615385 0.895833333333333 0.928285256410256 1
0.844827586206897 0.84 0.848484848484849 0.962424242424242 0.82 0.76 0.88 0.9164 1
0.839285714285714 0.833333333333333 0.846153846153846 0.951282051282051 0.86 0.886792452830189 0.829787234042553 0.915295062224006 1
0.875 0.948717948717949 0.76 0.928205128205128 0.84 0.92156862745098 0.755102040816326 0.915166066426571 1
0.95 0.894736842105263 0.975609756097561 0.983311938382542 0.86 0.851851851851852 0.869565217391304 0.938405797101449 1
0.90625 0.914285714285714 0.896551724137931 0.98128078817734 0.83 0.851851851851852 0.804347826086957 0.917471819645733 1
0.883333333333333 0.866666666666667 0.9 0.94 0.79 0.744186046511628 0.824561403508772 0.918400652794778 1
0.896551724137931 0.833333333333333 0.941176470588235 0.977941176470588 0.81 0.788461538461538 0.833333333333333 0.914663461538462 1
0.916666666666667 0.911764705882353 0.923076923076923 0.958144796380091 0.85 0.846153846153846 0.854166666666667 0.925480769230769 1
0.841269841269841 0.793103448275862 0.882352941176471 0.930020283975659 0.87 0.862745098039216 0.877551020408163 0.91796718687475 1
0.868852459016393 0.888888888888889 0.852941176470588 0.930283224400871 0.85 0.755555555555556 0.927272727272727 0.947070707070707 1
0.815384615384615 0.774193548387097 0.852941176470588 0.896584440227704 0.87 0.869565217391304 0.87037037037037 0.947262479871176 1
0.952380952380952 0.966666666666667 0.939393939393939 0.990909090909091 0.83 0.791666666666667 0.865384615384615 0.923477564102564 1
0.884615384615385 0.807692307692308 0.961538461538462 0.921597633136095 0.8 0.909090909090909 0.714285714285714 0.912743506493506 1
0.924528301886792 0.933333333333333 0.91304347826087 0.989855072463768 0.77 0.888888888888889 0.630434782608696 0.828099838969404 1
0.907407407407407 0.923076923076923 0.892857142857143 0.967032967032967 0.83 0.837209302325581 0.824561403508772 0.913096695226438 1
0.967213114754098 0.962962962962963 0.970588235294118 0.995642701525054 0.87 0.854166666666667 0.884615384615385 0.950721153846154 1
0.910714285714286 0.892857142857143 0.928571428571429 0.983418367346939 0.87 0.767441860465116 0.947368421052632 0.931864545083639 1
0.87719298245614 0.875 0.88 0.96125 0.85 0.884615384615385 0.8125 0.928685897435897 1
0.827586206896552 0.821428571428571 0.833333333333333 0.923809523809524 0.86 0.847826086956522 0.87037037037037 0.936392914653784 1
0.920634920634921 0.948717948717949 0.875 0.963675213675214 0.85 0.847457627118644 0.853658536585366 0.905746176105829 1
0.894736842105263 0.892857142857143 0.896551724137931 0.944581280788177 0.88 0.839285714285714 0.931818181818182 0.934253246753247 1
0.939393939393939 0.9 0.972222222222222 0.952777777777778 0.8 0.68 0.92 0.8612 1
0.925373134328358 0.941176470588235 0.909090909090909 0.978609625668449 0.79 0.735849056603774 0.851063829787234 0.874749096748294 1
0.87719298245614 0.866666666666667 0.888888888888889 0.95679012345679 0.88 0.869565217391304 0.888888888888889 0.948872785829308 1
1 1 1 1 0.88 0.796296296296296 0.978260869565217 0.914452495974235 1
0.918032786885246 0.935483870967742 0.9 0.980645161290323 0.88 0.833333333333333 0.934782608695652 0.949677938808374 1
0.883333333333333 0.862068965517241 0.903225806451613 0.979977753058954 0.87 0.80952380952381 0.913793103448276 0.92200328407225 1
0.949152542372881 0.941176470588235 0.96 0.981176470588235 0.78 0.814814814814815 0.739130434782609 0.878824476650564 1
0.7 0.724137931034483 0.67741935483871 0.865406006674082 0.87 0.872340425531915 0.867924528301887 0.947009233239663 1
0.863636363636364 0.785714285714286 0.921052631578947 0.93703007518797 0.81 0.833333333333333 0.788461538461538 0.897836538461538 1
0.873015873015873 0.862068965517241 0.882352941176471 0.949290060851927 0.87 0.867924528301887 0.872340425531915 0.899237254114813 1
0.875 0.851851851851852 0.896551724137931 0.968071519795658 0.82 0.875 0.783333333333333 0.91875 1
0.929824561403509 0.970588235294118 0.869565217391304 0.974424552429668 0.83 0.829268292682927 0.830508474576271 0.905746176105829 1
0.9 0.826086956521739 0.945945945945946 0.963572267920094 0.84 0.839285714285714 0.840909090909091 0.939529220779221 1
0.857142857142857 0.88 0.833333333333333 0.946666666666667 0.74 0.673469387755102 0.803921568627451 0.857543017206883 1
1 1 1 1 0.82 0.843137254901961 0.795918367346939 0.860344137655062 1
0.883333333333333 0.866666666666667 0.9 0.953333333333333 0.88 0.890909090909091 0.866666666666667 0.936969696969697 2
0.903225806451613 0.892857142857143 0.911764705882353 0.947478991596639 0.77 0.714285714285714 0.823529411764706 0.848739495798319 2
1 1 1 1 0.89 0.872340425531915 0.905660377358491 0.902047370533922 2
1 1 1 1 0.9 0.901960784313726 0.897959183673469 0.926770708283313 2
1 1 1 1 0.82 0.709090909090909 0.955555555555556 0.875555555555556 2
0.857142857142857 0.944444444444444 0.740740740740741 0.890946502057613 0.86 0.796296296296296 0.934782608695652 0.935185185185185 2
0.847457627118644 0.838709677419355 0.857142857142857 0.930875576036866 0.84 0.813953488372093 0.859649122807018 0.896776825785394 2
0.865671641791045 0.864864864864865 0.866666666666667 0.937837837837838 0.84 0.92 0.76 0.9264 2
0.929824561403509 0.875 0.96969696969697 0.953282828282828 0.84 0.865384615384615 0.8125 0.919871794871795 2
0.915492957746479 0.875 0.948717948717949 0.961538461538462 0.85 0.803921568627451 0.897959183673469 0.933573429371749 2
0.942307692307692 0.961538461538462 0.923076923076923 0.945266272189349 0.87 0.888888888888889 0.854545454545454 0.943434343434343 2
0.883333333333333 0.914285714285714 0.84 0.957714285714286 0.77 0.7 0.84 0.8928 2
1 1 1 1 0.86 0.884615384615385 0.833333333333333 0.854567307692308 2
0.932203389830508 0.9375 0.925925925925926 0.96875 0.83 0.892857142857143 0.75 0.935876623376623 2
0.924242424242424 0.935483870967742 0.914285714285714 0.986175115207373 0.88 0.916666666666667 0.846153846153846 0.948717948717949 2
0.9 0.846153846153846 0.941176470588235 0.949095022624434 0.84 0.82 0.86 0.9 2
0.879310344827586 0.875 0.884615384615385 0.935096153846154 0.84 0.788461538461538 0.895833333333333 0.94551282051282 2
0.825396825396825 0.897435897435897 0.708333333333333 0.915598290598291 0.84 0.868421052631579 0.82258064516129 0.91893039049236 2
0.9375 0.9375 0.9375 0.9794921875 0.8 0.847826086956522 0.759259259259259 0.885265700483092 2
0.895522388059702 0.891891891891892 0.9 0.965765765765766 0.88 0.94 0.82 0.956 2
0.865671641791045 0.791666666666667 0.906976744186046 0.954457364341085 0.72 0.56 0.88 0.882 2
0.950819672131147 0.941176470588235 0.962962962962963 0.989106753812636 0.88 0.936170212765957 0.830188679245283 0.963869931754316 2
0.854545454545454 0.857142857142857 0.851851851851852 0.936507936507937 0.84 0.857142857142857 0.823529411764706 0.929171668667467 2
0.904761904761905 0.944444444444444 0.851851851851852 0.954732510288066 0.83 0.865384615384615 0.791666666666667 0.932291666666667 2
0.938775510204082 0.916666666666667 0.96 0.986666666666667 0.89 0.890909090909091 0.888888888888889 0.960808080808081 2
0.952380952380952 0.9375 0.967741935483871 0.98991935483871 0.83 0.814814814814815 0.847826086956522 0.900563607085346 2
0.88135593220339 0.931034482758621 0.833333333333333 0.960919540229885 0.82 0.859649122807018 0.767441860465116 0.918808649530804 2
0.816666666666667 0.84375 0.785714285714286 0.915178571428571 0.88 0.903846153846154 0.854166666666667 0.95713141025641 2
0.864406779661017 0.777777777777778 0.9375 0.912037037037037 0.86 0.764705882352941 0.959183673469388 0.959183673469388 2
0.919354838709677 0.903225806451613 0.935483870967742 0.982310093652445 0.82 0.767441860465116 0.859649122807018 0.931456548347613 2
0.964285714285714 0.964285714285714 0.964285714285714 0.985969387755102 0.82 0.813559322033898 0.829268292682927 0.899958660603555 2
0.850746268656716 0.878787878787879 0.823529411764706 0.944741532976827 0.85 0.833333333333333 0.865384615384615 0.940705128205128 2
0.907692307692308 0.944444444444444 0.862068965517241 0.931034482758621 0.86 0.86 0.86 0.9328 2
0.890909090909091 0.939393939393939 0.818181818181818 0.955922865013774 0.81 0.91304347826087 0.722222222222222 0.916666666666667 2
0.947368421052632 0.916666666666667 0.96969696969697 0.992424242424242 0.73 0.52 0.94 0.8472 2
0.869565217391304 0.891891891891892 0.84375 0.931587837837838 0.85 0.890909090909091 0.8 0.907070707070707 2
0.787878787878788 0.741935483870968 0.828571428571429 0.890322580645161 0.86 0.795918367346939 0.92156862745098 0.937174869947979 2
0.890625 0.862068965517241 0.914285714285714 0.968472906403941 0.85 0.765957446808511 0.924528301886792 0.919309514251305 2
0.867647058823529 0.857142857142857 0.878787878787879 0.959307359307359 0.82 0.833333333333333 0.807692307692308 0.922676282051282 2
0.932203389830508 0.933333333333333 0.931034482758621 0.990804597701149 0.78 0.75 0.807692307692308 0.881410256410256 2
0.892307692307692 0.896551724137931 0.888888888888889 0.961685823754789 0.87 0.862068965517241 0.880952380952381 0.93431855500821 2
0.954545454545455 0.962962962962963 0.948717948717949 0.994301994301994 0.8 0.775862068965517 0.833333333333333 0.900656814449918 2
0.892307692307692 0.911764705882353 0.870967741935484 0.979127134724858 0.8 0.764705882352941 0.836734693877551 0.8687474989996 2
0.833333333333333 0.828571428571429 0.838709677419355 0.948387096774194 0.84 0.843137254901961 0.836734693877551 0.904761904761905 2
0.938461538461538 0.96969696969697 0.90625 0.977272727272727 0.84 0.826923076923077 0.854166666666667 0.922275641025641 2
0.947368421052632 0.916666666666667 0.96969696969697 0.968434343434343 0.78 0.703703703703704 0.869565217391304 0.882447665056361 2
0.888888888888889 0.892857142857143 0.885714285714286 0.971428571428571 0.83 0.80952380952381 0.844827586206897 0.905582922824302 2
0.894736842105263 0.935483870967742 0.846153846153846 0.961538461538462 0.85 0.872727272727273 0.822222222222222 0.938181818181818 2
0.907692307692308 0.9 0.914285714285714 0.97047619047619 0.85 0.914893617021277 0.792452830188679 0.944600562023284 2
0.936507936507937 0.875 0.974358974358974 0.991452991452991 0.86 0.755102040816326 0.96078431372549 0.89515806322529 2
0.883333333333333 0.826086956521739 0.918918918918919 0.937720329024677 0.78 0.796296296296296 0.760869565217391 0.89975845410628 2
0.907407407407407 0.88 0.931034482758621 0.935172413793103 0.55 0.2 0.977777777777778 0.746666666666667 2
0.935483870967742 0.96969696969697 0.896551724137931 0.992685475444096 0.81 0.833333333333333 0.788461538461538 0.907451923076923 2
0.805970149253731 0.823529411764706 0.787878787878788 0.913547237076649 0.82 0.870967741935484 0.736842105263158 0.865025466893039 2
0.918032786885246 0.942857142857143 0.884615384615385 0.971428571428571 0.82 0.767857142857143 0.886363636363636 0.905032467532468 2
1 1 1 1 0.79 0.803571428571429 0.772727272727273 0.783887987012987 2
0.890909090909091 0.888888888888889 0.892857142857143 0.951058201058201 0.85 0.909090909090909 0.803571428571429 0.936688311688312 2
0.904761904761905 0.9 0.909090909090909 0.973737373737374 0.8 0.775510204081633 0.823529411764706 0.911164465786314 2
0.945454545454545 0.96551724137931 0.923076923076923 0.984084880636605 0.87 0.784313725490196 0.959183673469388 0.957583033213285 2
0.887096774193548 0.878787878787879 0.896551724137931 0.956112852664577 0.84 0.9 0.75 0.887916666666667 2
0.88135593220339 0.90625 0.851851851851852 0.934027777777778 0.89 0.844444444444444 0.927272727272727 0.96969696969697 2
0.926470588235294 0.909090909090909 0.942857142857143 0.987012987012987 0.84 0.872340425531915 0.811320754716981 0.911682055399438 2
0.870967741935484 0.846153846153846 0.888888888888889 0.947649572649573 0.8 0.660377358490566 0.957446808510638 0.916900843034926 2
0.894736842105263 0.892857142857143 0.896551724137931 0.967980295566502 0.89 0.903846153846154 0.875 0.927884615384615 2
0.844827586206897 0.84 0.848484848484849 0.962424242424242 0.83 0.76 0.9 0.9136 2
0.839285714285714 0.833333333333333 0.846153846153846 0.952564102564103 0.85 0.867924528301887 0.829787234042553 0.915295062224006 2
0.875 0.948717948717949 0.76 0.929230769230769 0.84 0.92156862745098 0.755102040816326 0.908763505402161 2
0.966666666666667 0.947368421052632 0.975609756097561 0.984595635430038 0.85 0.833333333333333 0.869565217391304 0.938405797101449 2
0.90625 0.914285714285714 0.896551724137931 0.978325123152709 0.82 0.851851851851852 0.782608695652174 0.925925925925926 2
0.866666666666667 0.866666666666667 0.866666666666667 0.941111111111111 0.81 0.767441860465116 0.842105263157895 0.911464708282334 2
0.896551724137931 0.833333333333333 0.941176470588235 0.980392156862745 0.84 0.826923076923077 0.854166666666667 0.923477564102564 2
0.933333333333333 0.941176470588235 0.923076923076923 0.960407239819005 0.86 0.865384615384615 0.854166666666667 0.923477564102564 2
0.841269841269841 0.793103448275862 0.882352941176471 0.930020283975659 0.85 0.823529411764706 0.877551020408163 0.913565426170468 2
0.868852459016393 0.888888888888889 0.852941176470588 0.931372549019608 0.88 0.822222222222222 0.927272727272727 0.950707070707071 2
0.815384615384615 0.774193548387097 0.852941176470588 0.895635673624288 0.88 0.869565217391304 0.888888888888889 0.947665056360709 2
0.952380952380952 0.966666666666667 0.939393939393939 0.98989898989899 0.82 0.791666666666667 0.846153846153846 0.921474358974359 2
0.884615384615385 0.807692307692308 0.961538461538462 0.927514792899408 0.81 0.931818181818182 0.714285714285714 0.915178571428571 2
0.905660377358491 0.933333333333333 0.869565217391304 0.985507246376812 0.76 0.87037037037037 0.630434782608696 0.856280193236715 2
0.907407407407407 0.923076923076923 0.892857142857143 0.96978021978022 0.84 0.86046511627907 0.824561403508772 0.927784577723378 2
0.967213114754098 0.962962962962963 0.970588235294118 0.997821350762527 0.87 0.854166666666667 0.884615384615385 0.939903846153846 2
0.892857142857143 0.892857142857143 0.892857142857143 0.980867346938776 0.84 0.744186046511628 0.912280701754386 0.930232558139535 2
0.87719298245614 0.875 0.88 0.95875 0.62 0.288461538461538 0.979166666666667 0.783253205128205 2
0.862068965517241 0.857142857142857 0.866666666666667 0.932142857142857 0.85 0.847826086956522 0.851851851851852 0.930756843800322 2
0.920634920634921 0.948717948717949 0.875 0.963675213675214 0.84 0.864406779661017 0.804878048780488 0.902852418354692 2
0.894736842105263 0.892857142857143 0.896551724137931 0.948275862068966 0.84 0.803571428571429 0.886363636363636 0.926948051948052 2
0.939393939393939 0.9 0.972222222222222 0.950925925925926 0.78 0.62 0.94 0.8624 2
0.925373134328358 0.941176470588235 0.909090909090909 0.977718360071301 0.76 0.660377358490566 0.872340425531915 0.856684062625452 2
0.87719298245614 0.866666666666667 0.888888888888889 0.95679012345679 0.85 0.826086956521739 0.87037037037037 0.942028985507246 2
1 1 1 1 0.9 0.851851851851852 0.956521739130435 0.935185185185185 2
0.918032786885246 0.935483870967742 0.9 0.978494623655914 0.88 0.833333333333333 0.934782608695652 0.949275362318841 2
0.883333333333333 0.862068965517241 0.903225806451613 0.982202447163515 0.87 0.761904761904762 0.948275862068966 0.916666666666667 2
0.949152542372881 0.941176470588235 0.96 0.98 0.8 0.833333333333333 0.760869565217391 0.872785829307568 2
0.733333333333333 0.724137931034483 0.741935483870968 0.864293659621802 0.85 0.829787234042553 0.867924528301887 0.934564431955038 2
0.863636363636364 0.785714285714286 0.921052631578947 0.93703007518797 0.77 0.75 0.788461538461538 0.888221153846154 2
0.873015873015873 0.862068965517241 0.882352941176471 0.946247464503043 0.86 0.849056603773585 0.872340425531915 0.900040144520273 2
0.875 0.851851851851852 0.896551724137931 0.969348659003831 0.62 0.05 1 0.602291666666667 2
0.929824561403509 0.970588235294118 0.869565217391304 0.974424552429668 0.84 0.829268292682927 0.847457627118644 0.914014055394791 2
0.9 0.826086956521739 0.945945945945946 0.962397179788484 0.84 0.821428571428571 0.863636363636364 0.944399350649351 2
0.877551020408163 0.92 0.833333333333333 0.946666666666667 0.79 0.693877551020408 0.882352941176471 0.85594237695078 2
1 1 1 1 0.81 0.843137254901961 0.775510204081633 0.867146858743497 2
0.883333333333333 0.866666666666667 0.9 0.957777777777778 0.87 0.872727272727273 0.866666666666667 0.925656565656566 3
0.903225806451613 0.892857142857143 0.911764705882353 0.951680672268908 0.79 0.775510204081633 0.803921568627451 0.861144457783113 3
1 1 1 1 0.89 0.872340425531915 0.905660377358491 0.901244480128462 3
1 1 1 1 0.91 0.901960784313726 0.918367346938776 0.910164065626251 3
1 1 1 1 0.84 0.745454545454545 0.955555555555556 0.857777777777778 3
0.857142857142857 0.944444444444444 0.740740740740741 0.889917695473251 0.86 0.777777777777778 0.956521739130435 0.930354267310789 3
0.830508474576271 0.806451612903226 0.857142857142857 0.928571428571429 0.85 0.837209302325581 0.859649122807018 0.89188086495308 3
0.850746268656716 0.837837837837838 0.866666666666667 0.936036036036036 0.86 0.92 0.8 0.9272 3
0.912280701754386 0.875 0.939393939393939 0.955808080808081 0.81 0.826923076923077 0.791666666666667 0.920673076923077 3
0.901408450704225 0.875 0.923076923076923 0.959935897435897 0.85 0.803921568627451 0.897959183673469 0.935974389755902 3
0.942307692307692 0.961538461538462 0.923076923076923 0.943786982248521 0.85 0.844444444444444 0.854545454545454 0.934545454545455 3
0.883333333333333 0.914285714285714 0.84 0.96 0.78 0.7 0.86 0.8904 3
1 1 1 1 0.86 0.865384615384615 0.854166666666667 0.875400641025641 3
0.915254237288136 0.90625 0.925925925925926 0.972222222222222 0.85 0.910714285714286 0.772727272727273 0.935876623376623 3
0.909090909090909 0.935483870967742 0.885714285714286 0.985253456221198 0.88 0.895833333333333 0.865384615384615 0.946314102564103 3
0.916666666666667 0.884615384615385 0.941176470588235 0.950226244343891 0.82 0.78 0.86 0.8888 3
0.879310344827586 0.875 0.884615384615385 0.932692307692308 0.85 0.807692307692308 0.895833333333333 0.940304487179487 3
0.825396825396825 0.897435897435897 0.708333333333333 0.923076923076923 0.85 0.868421052631579 0.838709677419355 0.91893039049236 3
0.921875 0.90625 0.9375 0.9765625 0.8 0.847826086956522 0.759259259259259 0.87962962962963 3
0.91044776119403 0.918918918918919 0.9 0.966666666666667 0.9 0.96 0.84 0.9624 3
0.895522388059702 0.875 0.906976744186046 0.952519379844961 0.75 0.58 0.92 0.8832 3
0.950819672131147 0.941176470588235 0.962962962962963 0.9880174291939 0.9 0.936170212765957 0.867924528301887 0.956242472902449 3
0.854545454545454 0.857142857142857 0.851851851851852 0.936507936507937 0.86 0.857142857142857 0.862745098039216 0.923569427771108 3
0.904761904761905 0.944444444444444 0.851851851851852 0.951646090534979 0.81 0.826923076923077 0.791666666666667 0.921073717948718 3
0.938775510204082 0.916666666666667 0.96 0.986666666666667 0.9 0.909090909090909 0.888888888888889 0.961616161616162 3
0.920634920634921 0.9375 0.903225806451613 0.988911290322581 0.81 0.796296296296296 0.826086956521739 0.895330112721417 3
0.88135593220339 0.931034482758621 0.833333333333333 0.957471264367816 0.79 0.754385964912281 0.837209302325581 0.901264789881681 3
0.85 0.84375 0.857142857142857 0.9140625 0.89 0.903846153846154 0.875 0.956730769230769 3
0.847457627118644 0.777777777777778 0.90625 0.909722222222222 0.84 0.725490196078431 0.959183673469388 0.955182072829132 3
0.919354838709677 0.903225806451613 0.935483870967742 0.984391259105099 0.83 0.790697674418605 0.859649122807018 0.928192574459404 3
0.964285714285714 0.964285714285714 0.964285714285714 0.985969387755102 0.67 0.491525423728814 0.926829268292683 0.810252170318313 3
0.850746268656716 0.878787878787879 0.823529411764706 0.943850267379679 0.86 0.833333333333333 0.884615384615385 0.935096153846154 3
0.892307692307692 0.944444444444444 0.827586206896552 0.931034482758621 0.83 0.8 0.86 0.9196 3
0.890909090909091 0.939393939393939 0.818181818181818 0.960055096418733 0.73 0.652173913043478 0.796296296296296 0.829710144927536 3
0.912280701754386 0.875 0.939393939393939 0.983585858585859 0.83 0.72 0.94 0.9372 3
0.869565217391304 0.891891891891892 0.84375 0.932432432432432 0.82 0.890909090909091 0.733333333333333 0.913131313131313 3
0.803030303030303 0.741935483870968 0.857142857142857 0.894009216589862 0.86 0.775510204081633 0.941176470588235 0.933173269307723 3
0.890625 0.862068965517241 0.914285714285714 0.967487684729064 0.86 0.787234042553192 0.924528301886792 0.917302288237656 3
0.852941176470588 0.857142857142857 0.848484848484849 0.959307359307359 0.85 0.895833333333333 0.807692307692308 0.925080128205128 3
0.932203389830508 0.933333333333333 0.931034482758621 0.989655172413793 0.81 0.791666666666667 0.826923076923077 0.875400641025641 3
0.892307692307692 0.896551724137931 0.888888888888889 0.961685823754789 0.84 0.810344827586207 0.880952380952381 0.934729064039409 3
0.939393939393939 0.925925925925926 0.948717948717949 0.994301994301994 0.8 0.775862068965517 0.833333333333333 0.903530377668309 3
0.892307692307692 0.911764705882353 0.870967741935484 0.980075901328273 0.79 0.764705882352941 0.816326530612245 0.8687474989996 3
0.833333333333333 0.828571428571429 0.838709677419355 0.944700460829493 0.84 0.823529411764706 0.857142857142857 0.900360144057623 3
0.938461538461538 0.96969696969697 0.90625 0.977272727272727 0.84 0.826923076923077 0.854166666666667 0.921875 3
0.929824561403509 0.916666666666667 0.939393939393939 0.970959595959596 0.77 0.722222222222222 0.826086956521739 0.882045088566828 3
0.888888888888889 0.892857142857143 0.885714285714286 0.971428571428571 0.87 0.80952380952381 0.913793103448276 0.910509031198686 3
0.87719298245614 0.903225806451613 0.846153846153846 0.962779156327543 0.81 0.854545454545454 0.755555555555556 0.928888888888889 3
0.907692307692308 0.9 0.914285714285714 0.96952380952381 0.84 0.893617021276596 0.792452830188679 0.949819349658772 3
0.936507936507937 0.875 0.974358974358974 0.990384615384615 0.86 0.755102040816326 0.96078431372549 0.894357743097239 3
0.866666666666667 0.782608695652174 0.918918918918919 0.937720329024677 0.77 0.796296296296296 0.739130434782609 0.894524959742351 3
0.888888888888889 0.84 0.931034482758621 0.935172413793103 0.81 0.763636363636364 0.866666666666667 0.904646464646465 3
0.951612903225806 0.96969696969697 0.931034482758621 0.992685475444096 0.83 0.854166666666667 0.807692307692308 0.89863782051282 3
0.850746268656716 0.852941176470588 0.848484848484849 0.914438502673797 0.81 0.870967741935484 0.710526315789474 0.862903225806452 3
0.918032786885246 0.942857142857143 0.884615384615385 0.97032967032967 0.83 0.767857142857143 0.909090909090909 0.899350649350649 3
1 1 1 1 0.79 0.803571428571429 0.772727272727273 0.793019480519481 3
0.872727272727273 0.851851851851852 0.892857142857143 0.941798941798942 0.83 0.909090909090909 0.767857142857143 0.928977272727273 3
0.904761904761905 0.9 0.909090909090909 0.972727272727273 0.82 0.795918367346939 0.843137254901961 0.903161264505802 3
0.945454545454545 0.96551724137931 0.923076923076923 0.982758620689655 0.87 0.784313725490196 0.959183673469388 0.956782713085234 3
0.887096774193548 0.878787878787879 0.896551724137931 0.952978056426332 0.85 0.9 0.775 0.884583333333333 3
0.88135593220339 0.90625 0.851851851851852 0.929398148148148 0.91 0.888888888888889 0.927272727272727 0.974545454545454 3
0.926470588235294 0.909090909090909 0.942857142857143 0.984415584415584 0.83 0.851063829787234 0.811320754716981 0.915295062224006 3
0.870967741935484 0.846153846153846 0.888888888888889 0.951923076923077 0.75 0.566037735849057 0.957446808510638 0.875150541951024 3
0.894736842105263 0.892857142857143 0.896551724137931 0.963054187192118 0.91 0.923076923076923 0.895833333333333 0.933894230769231 3
0.862068965517241 0.84 0.878787878787879 0.961212121212121 0.81 0.74 0.88 0.916 3
0.857142857142857 0.866666666666667 0.846153846153846 0.951282051282051 0.86 0.849056603773585 0.872340425531915 0.917703733440385 3
0.875 0.948717948717949 0.76 0.93025641025641 0.85 0.92156862745098 0.775510204081633 0.915166066426571 3
0.95 0.894736842105263 0.975609756097561 0.983311938382542 0.85 0.851851851851852 0.847826086956522 0.93719806763285 3
0.90625 0.914285714285714 0.896551724137931 0.976354679802956 0.82 0.833333333333333 0.804347826086957 0.923107890499195 3
0.85 0.866666666666667 0.833333333333333 0.936666666666667 0.82 0.744186046511628 0.87719298245614 0.915952672378621 3
0.896551724137931 0.833333333333333 0.941176470588235 0.979166666666667 0.84 0.826923076923077 0.854166666666667 0.921073717948718 3
0.916666666666667 0.941176470588235 0.884615384615385 0.959276018099548 0.86 0.846153846153846 0.875 0.927083333333333 3
0.857142857142857 0.827586206896552 0.882352941176471 0.930020283975659 0.83 0.803921568627451 0.857142857142857 0.930372148859544 3
0.868852459016393 0.888888888888889 0.852941176470588 0.930283224400871 0.87 0.8 0.927272727272727 0.945858585858586 3
0.8 0.774193548387097 0.823529411764706 0.900379506641366 0.86 0.869565217391304 0.851851851851852 0.947262479871176 3
0.952380952380952 0.966666666666667 0.939393939393939 0.98989898989899 0.83 0.791666666666667 0.865384615384615 0.918269230769231 3
0.884615384615385 0.807692307692308 0.961538461538462 0.921597633136095 0.84 0.909090909090909 0.785714285714286 0.919237012987013 3
1 1 1 1 0.8 0.888888888888889 0.695652173913043 0.792270531400966 3
0.925925925925926 0.923076923076923 0.928571428571429 0.968406593406593 0.86 0.86046511627907 0.859649122807018 0.925336597307222 3
0.967213114754098 0.962962962962963 0.970588235294118 0.994553376906318 0.87 0.833333333333333 0.903846153846154 0.932291666666667 3
0.892857142857143 0.892857142857143 0.892857142857143 0.982142857142857 0.87 0.767441860465116 0.947368421052632 0.931048551611587 3
0.894736842105263 0.90625 0.88 0.96 0.86 0.884615384615385 0.833333333333333 0.930689102564103 3
0.827586206896552 0.821428571428571 0.833333333333333 0.930952380952381 0.87 0.847826086956522 0.888888888888889 0.931561996779388 3
0.920634920634921 0.948717948717949 0.875 0.963675213675214 0.85 0.847457627118644 0.853658536585366 0.897478296816867 3
0.894736842105263 0.892857142857143 0.896551724137931 0.942118226600985 0.83 0.767857142857143 0.909090909090909 0.919237012987013 3
0.954545454545455 0.933333333333333 0.972222222222222 0.948148148148148 0.81 0.66 0.96 0.8532 3
0.925373134328358 0.941176470588235 0.909090909090909 0.975935828877005 0.76 0.679245283018868 0.851063829787234 0.855479727017262 3
0.87719298245614 0.866666666666667 0.888888888888889 0.95679012345679 0.87 0.847826086956522 0.888888888888889 0.948872785829308 3
1 1 1 1 0.87 0.777777777777778 0.978260869565217 0.922101449275362 3
0.934426229508197 0.967741935483871 0.9 0.983870967741935 0.88 0.833333333333333 0.934782608695652 0.952093397745572 3
0.866666666666667 0.862068965517241 0.870967741935484 0.982202447163515 0.84 0.69047619047619 0.948275862068966 0.919950738916256 3
0.949152542372881 0.941176470588235 0.96 0.981176470588235 0.81 0.833333333333333 0.782608695652174 0.871578099838969 3
0.716666666666667 0.724137931034483 0.709677419354839 0.85650723025584 0.84 0.808510638297872 0.867924528301887 0.936170212765957 3
0.863636363636364 0.785714285714286 0.921052631578947 0.93515037593985 0.78 0.791666666666667 0.769230769230769 0.878205128205128 3
0.873015873015873 0.862068965517241 0.882352941176471 0.945233265720081 0.88 0.867924528301887 0.893617021276596 0.900441589723003 3
0.875 0.851851851851852 0.896551724137931 0.968071519795658 0.83 0.85 0.816666666666667 0.883333333333333 3
0.929824561403509 0.970588235294118 0.869565217391304 0.971867007672634 0.84 0.829268292682927 0.847457627118644 0.906986357999173 3
0.9 0.826086956521739 0.945945945945946 0.964747356051704 0.84 0.821428571428571 0.863636363636364 0.943587662337662 3
0.857142857142857 0.88 0.833333333333333 0.936666666666667 0.76 0.673469387755102 0.843137254901961 0.86234493797519 3
1 1 1 1 0.82 0.862745098039216 0.775510204081633 0.840536214485794 3
