0.886363636363636 0.954545454545455 0.818181818181818 0.966942148760331 0.85 0.784313725490196 0.918367346938776 0.914765906362545 1
1 1 1 1 0.87 0.818181818181818 0.933333333333333 0.894949494949495 1
0.888888888888889 0.85 0.92 0.978 0.75 0.684210526315789 0.837209302325581 0.869033047735618 1
0.854166666666667 0.88 0.826086956521739 0.911304347826087 0.78 0.733333333333333 0.818181818181818 0.863434343434343 1
0.833333333333333 0.875 0.791666666666667 0.925347222222222 0.9 0.897435897435897 0.901639344262295 0.94577553593947 1
0.904761904761905 0.85 0.954545454545455 0.956818181818182 0.67 0.636363636363636 0.711111111111111 0.729292929292929 1
1 1 1 1 0.8 0.857142857142857 0.727272727272727 0.837053571428571 1
0.818181818181818 0.863636363636364 0.772727272727273 0.950413223140496 0.87 0.833333333333333 0.91304347826087 0.935587761674718 1
0.909090909090909 0.91304347826087 0.904761904761905 0.9648033126294 0.76 0.770833333333333 0.75 0.842548076923077 1
0.851063829787234 0.888888888888889 0.8 0.948148148148148 0.87 0.882352941176471 0.857142857142857 0.933173269307723 1
0.878048780487805 0.8 0.923076923076923 0.946153846153846 0.84 0.833333333333333 0.846153846153846 0.899839743589744 1
1 1 1 1 0.79 0.775510204081633 0.803921568627451 0.800120048019208 1
0.871794871794872 0.9 0.842105263157895 0.934210526315789 0.88 0.906976744186046 0.859649122807018 0.94124847001224 1
0.888888888888889 0.91304347826087 0.863636363636364 0.956521739130435 0.86 0.803571428571429 0.931818181818182 0.955357142857143 1
1 1 1 1 0.84 0.826923076923077 0.854166666666667 0.875 1
0.86046511627907 0.88 0.833333333333333 0.906666666666667 0.73 0.759259259259259 0.695652173913043 0.844605475040258 1
1 1 1 1 0.82 0.729166666666667 0.903846153846154 0.832732371794872 1
0.91304347826087 0.869565217391304 0.956521739130435 0.960302457466919 0.86 0.8 0.909090909090909 0.924444444444444 1
0.888888888888889 0.925925925925926 0.833333333333333 0.954732510288066 0.84 0.918367346938776 0.764705882352941 0.936374549819928 1
1 1 1 1 0.78 0.767441860465116 0.789473684210526 0.782741738066095 1
0.936170212765957 0.923076923076923 0.952380952380952 0.987179487179487 0.87 0.863636363636364 0.875 0.934253246753247 1
0.884615384615385 0.9 0.863636363636364 0.956060606060606 0.86 0.84 0.88 0.9376 1
1 1 1 1 0.8 0.813953488372093 0.789473684210526 0.811505507955936 1
1 1 1 1 0.83 0.795454545454545 0.857142857142857 0.831574675324675 1
0.933333333333333 0.96 0.9 0.988 0.8 0.877551020408163 0.725490196078431 0.922769107643057 1
0.888888888888889 0.884615384615385 0.894736842105263 0.967611336032389 0.81 0.884615384615385 0.729166666666667 0.907451923076923 1
0.868421052631579 0.888888888888889 0.85 0.95 0.74 0.54 0.94 0.8548 1
1 1 1 1 0.89 0.910714285714286 0.863636363636364 0.912337662337662 1
0.928571428571429 0.882352941176471 0.96 0.971764705882353 0.88 0.807017543859649 0.976744186046512 0.949000407996736 1
0.91304347826087 0.923076923076923 0.9 0.928846153846154 0.83 0.865384615384615 0.791666666666667 0.933894230769231 1
1 1 1 1 0.78 0.63265306122449 0.92156862745098 0.805922368947579 1
0.875 0.916666666666667 0.833333333333333 0.956597222222222 0.81 0.886363636363636 0.75 0.917207792207792 1
0.763157894736842 0.75 0.777777777777778 0.908333333333333 0.8 0.894736842105263 0.674418604651163 0.902488780089759 1
0.92 0.916666666666667 0.923076923076923 0.983974358974359 0.79 0.857142857142857 0.725490196078431 0.895558223289316 1
0.895833333333333 0.88 0.91304347826087 0.942608695652174 0.84 0.82 0.86 0.9276 1
0.904761904761905 0.909090909090909 0.9 0.965909090909091 0.8 0.88 0.72 0.9004 1
1 1 1 1 0.79 0.745098039215686 0.836734693877551 0.791116446578631 1
0.88 0.9 0.85 0.958333333333333 0.8 0.833333333333333 0.760869565217391 0.919887278582931 1
0.92156862745098 0.91304347826087 0.928571428571429 0.972049689440994 0.87 0.869565217391304 0.87037037037037 0.914653784219002 1
0.857142857142857 0.863636363636364 0.851851851851852 0.968013468013468 0.86 0.791666666666667 0.923076923076923 0.922275641025641 1
0.92156862745098 0.96551724137931 0.863636363636364 0.973354231974922 0.84 0.844444444444444 0.836363636363636 0.927676767676768 1
0.891304347826087 0.88 0.904761904761905 0.956190476190476 0.84 0.767441860465116 0.894736842105263 0.898408812729498 1
0.91304347826087 0.866666666666667 0.935483870967742 0.950537634408602 0.79 0.779661016949153 0.804878048780488 0.870194295163291 1
0.979591836734694 1 0.961538461538462 0.994983277591973 0.73 0.509433962264151 0.978723404255319 0.77820152549177 1
1 1 1 1 0.78 0.901960784313726 0.653061224489796 0.826330532212885 1
0.886792452830189 0.884615384615385 0.888888888888889 0.957264957264957 0.8 0.711538461538462 0.895833333333333 0.884615384615385 1
0.92156862745098 0.925925925925926 0.916666666666667 0.970679012345679 0.84 0.905660377358491 0.765957446808511 0.914492171818547 1
0.925 0.9375 0.916666666666667 0.973958333333333 0.69 0.509090909090909 0.911111111111111 0.917575757575758 1
0.893617021276596 0.842105263157895 0.928571428571429 0.971804511278195 0.84 0.775 0.883333333333333 0.885833333333333 1
0.909090909090909 0.956521739130435 0.857142857142857 0.956521739130435 0.86 0.864406779661017 0.853658536585366 0.953286482017363 1
0.938775510204082 0.956521739130435 0.923076923076923 0.971571906354515 0.77 0.729166666666667 0.807692307692308 0.794070512820513 1
1 1 1 1 0.77 0.645833333333333 0.884615384615385 0.826722756410256 1
0.878048780487805 0.8 0.923076923076923 0.958974358974359 0.79 0.679245283018868 0.914893617021277 0.865515857085508 1
0.975 1 0.956521739130435 0.974424552429668 0.78 0.722222222222222 0.847826086956522 0.867552334943639 1
0.92156862745098 0.925925925925926 0.916666666666667 0.955246913580247 0.85 0.84 0.86 0.9028 1
0.94 0.916666666666667 0.961538461538462 0.983974358974359 0.91 0.916666666666667 0.9 0.970833333333333 1
0.936170212765957 0.96 0.909090909090909 0.985454545454545 0.87 0.85 0.9 0.940416666666667 1
0.909090909090909 0.904761904761905 0.91304347826087 0.958592132505176 0.87 0.867924528301887 0.872340425531915 0.939381774387796 1
1 1 1 1 0.81 0.74468085106383 0.867924528301887 0.822159775190687 1
0.959183673469388 0.956521739130435 0.961538461538462 0.988294314381271 0.81 0.765957446808511 0.849056603773585 0.885588117221999 1
0.948717948717949 0.952380952380952 0.944444444444444 0.986772486772487 0.87 0.865384615384615 0.875 0.935096153846154 1
0.893617021276596 0.892857142857143 0.894736842105263 0.986842105263158 0.8 0.87719298245614 0.697674418604651 0.917584659322725 1
0.851063829787234 0.88 0.818181818181818 0.929090909090909 0.8 0.840909090909091 0.767857142857143 0.887987012987013 1
0.96078431372549 0.96 0.961538461538462 0.984615384615385 0.82 0.791666666666667 0.846153846153846 0.914663461538462 1
1 1 1 1 0.73 0.846153846153846 0.604166666666667 0.745592948717949 1
0.875 0.909090909090909 0.833333333333333 0.924242424242424 0.81 0.897959183673469 0.725490196078431 0.906362545018007 1
0.953488372093023 0.95 0.956521739130435 0.98695652173913 0.74 0.818181818181818 0.678571428571429 0.866477272727273 1
0.978260869565217 1 0.954545454545455 0.994318181818182 0.87 0.843137254901961 0.897959183673469 0.944177671068427 1
0.9375 0.966666666666667 0.888888888888889 0.97037037037037 0.82 0.777777777777778 0.869565217391304 0.911835748792271 1
0.886363636363636 0.882352941176471 0.888888888888889 0.982570806100218 0.8 0.716981132075472 0.893617021276596 0.893617021276596 1
0.923076923076923 0.923076923076923 0.923076923076923 0.980769230769231 0.85 0.896551724137931 0.785714285714286 0.924466338259442 1
0.847826086956522 0.833333333333333 0.863636363636364 0.939393939393939 0.82 0.707317073170732 0.898305084745763 0.867713931376602 1
0.951219512195122 0.933333333333333 0.961538461538462 0.992307692307692 0.85 0.74 0.96 0.954 1
1 1 1 1 0.84 0.924528301886792 0.74468085106383 0.844439983942192 1
1 1 1 1 0.87 0.847826086956522 0.888888888888889 0.881038647342995 1
0.914893617021277 0.9 0.925925925925926 0.972222222222222 0.85 0.755555555555556 0.927272727272727 0.906262626262626 1
0.857142857142857 0.85 0.862068965517241 0.944827586206897 0.89 0.843137254901961 0.938775510204082 0.938775510204082 1
0.918367346938776 0.9 0.931034482758621 0.986206896551724 0.82 0.666666666666667 0.979591836734694 0.917567026810724 1
1 1 1 1 0.81 0.755555555555556 0.854545454545454 0.814545454545454 1
0.923076923076923 0.956521739130435 0.875 0.951086956521739 0.88 0.903846153846154 0.854166666666667 0.951923076923077 1
0.795454545454545 0.761904761904762 0.826086956521739 0.915113871635611 0.86 0.760869565217391 0.944444444444444 0.912238325281804 1
0.869565217391304 0.714285714285714 0.9375 0.939732142857143 0.8 0.706896551724138 0.928571428571429 0.88136288998358 1
0.904761904761905 0.909090909090909 0.9 0.981818181818182 0.77 0.777777777777778 0.763636363636364 0.854343434343434 1
1 1 1 1 0.82 0.807692307692308 0.833333333333333 0.82051282051282 1
0.880952380952381 0.882352941176471 0.88 0.955294117647059 0.81 0.69811320754717 0.936170212765957 0.876756322761943 1
0.875 0.892857142857143 0.85 0.957142857142857 0.83 0.887096774193548 0.736842105263158 0.923174872665535 1
0.880952380952381 0.85 0.909090909090909 0.945454545454545 0.84 0.879310344827586 0.785714285714286 0.907635467980296 1
1 1 1 1 0.85 0.795918367346939 0.901960784313726 0.847939175670268 1
0.808510638297872 0.782608695652174 0.833333333333333 0.896739130434783 0.78 0.722222222222222 0.847826086956522 0.873188405797101 1
0.837209302325581 0.818181818181818 0.857142857142857 0.928571428571429 0.92 0.911111111111111 0.927272727272727 0.957171717171717 1
1 1 1 1 0.79 0.673076923076923 0.916666666666667 0.794871794871795 1
0.9375 0.96 0.91304347826087 0.972173913043478 0.81 0.777777777777778 0.847826086956522 0.898953301127214 1
0.916666666666667 0.925925925925926 0.904761904761905 0.984126984126984 0.74 0.780487804878049 0.711864406779661 0.833402232327408 1
0.886363636363636 0.909090909090909 0.863636363636364 0.898760330578512 0.84 0.909090909090909 0.755555555555556 0.943838383838384 1
1 1 1 1 0.77 0.75 0.788461538461538 0.766826923076923 1
1 1 1 1 0.86 0.872340425531915 0.849056603773585 0.875953432356483 1
0.924528301886792 0.923076923076923 0.925925925925926 0.968660968660969 0.8 0.729166666666667 0.865384615384615 0.911858974358974 1
0.857142857142857 0.833333333333333 0.875 0.9375 0.8 0.727272727272727 0.857142857142857 0.895698051948052 1
0.909090909090909 0.925925925925926 0.882352941176471 0.96078431372549 0.79 0.80952380952381 0.775862068965517 0.88136288998358 1
0.930232558139535 0.933333333333333 0.928571428571429 0.961904761904762 0.84 0.8 0.88 0.8812 1
0.863636363636364 0.909090909090909 0.818181818181818 0.958677685950413 0.89 0.823529411764706 0.959183673469388 0.94437775110044 2
1 1 1 1 0.87 0.818181818181818 0.933333333333333 0.891717171717172 2
0.888888888888889 0.85 0.92 0.978 0.76 0.701754385964912 0.837209302325581 0.861281109751122 2
0.854166666666667 0.88 0.826086956521739 0.91304347826087 0.78 0.688888888888889 0.854545454545454 0.854949494949495 2
0.833333333333333 0.875 0.791666666666667 0.921875 0.9 0.897435897435897 0.901639344262295 0.947456914670029 2
0.904761904761905 0.85 0.954545454545455 0.952272727272727 0.7 0.636363636363636 0.777777777777778 0.724444444444444 2
1 1 1 1 0.81 0.875 0.727272727272727 0.840097402597403 2
0.840909090909091 0.863636363636364 0.818181818181818 0.948347107438017 0.89 0.851851851851852 0.934782608695652 0.934380032206119 2
0.931818181818182 0.956521739130435 0.904761904761905 0.9648033126294 0.75 0.75 0.75 0.844150641025641 2
0.851063829787234 0.888888888888889 0.8 0.946296296296296 0.87 0.882352941176471 0.857142857142857 0.933973589435774 2
0.878048780487805 0.8 0.923076923076923 0.946153846153846 0.82 0.8125 0.826923076923077 0.899439102564103 2
1 1 1 1 0.78 0.755102040816326 0.803921568627451 0.811524609843937 2
0.871794871794872 0.9 0.842105263157895 0.934210526315789 0.88 0.906976744186046 0.859649122807018 0.938800489596083 2
0.888888888888889 0.91304347826087 0.863636363636364 0.956521739130435 0.87 0.821428571428571 0.931818181818182 0.955357142857143 2
1 1 1 1 0.87 0.884615384615385 0.854166666666667 0.869591346153846 2
0.86046511627907 0.88 0.833333333333333 0.906666666666667 0.73 0.777777777777778 0.673913043478261 0.845008051529791 2
1 1 1 1 0.83 0.75 0.903846153846154 0.825921474358974 2
0.91304347826087 0.869565217391304 0.956521739130435 0.958412098298677 0.87 0.822222222222222 0.909090909090909 0.911919191919192 2
0.888888888888889 0.925925925925926 0.833333333333333 0.95679012345679 0.86 0.918367346938776 0.803921568627451 0.929971988795518 2
1 1 1 1 0.79 0.767441860465116 0.807017543859649 0.812525499796002 2
0.936170212765957 0.923076923076923 0.952380952380952 0.987179487179487 0.88 0.886363636363636 0.875 0.934659090909091 2
0.884615384615385 0.9 0.863636363636364 0.956060606060606 0.86 0.84 0.88 0.9352 2
1 1 1 1 0.75 0.744186046511628 0.754385964912281 0.746430028559772 2
1 1 1 1 0.85 0.795454545454545 0.892857142857143 0.840503246753247 2
0.955555555555556 0.96 0.95 0.988 0.81 0.877551020408163 0.745098039215686 0.925970388155262 2
0.888888888888889 0.884615384615385 0.894736842105263 0.97165991902834 0.8 0.884615384615385 0.708333333333333 0.896233974358974 2
0.868421052631579 0.888888888888889 0.85 0.958333333333333 0.75 0.54 0.96 0.8536 2
1 1 1 1 0.9 0.928571428571429 0.863636363636364 0.914366883116883 2
0.928571428571429 0.882352941176471 0.96 0.971764705882353 0.86 0.789473684210526 0.953488372093023 0.94328845369237 2
0.91304347826087 0.923076923076923 0.9 0.930769230769231 0.83 0.865384615384615 0.791666666666667 0.935096153846154 2
1 1 1 1 0.76 0.591836734693878 0.92156862745098 0.805922368947579 2
0.875 0.916666666666667 0.833333333333333 0.960069444444444 0.83 0.886363636363636 0.785714285714286 0.914772727272727 2
0.763157894736842 0.75 0.777777777777778 0.911111111111111 0.8 0.894736842105263 0.674418604651163 0.895960832313341 2
0.92 0.916666666666667 0.923076923076923 0.982371794871795 0.77 0.816326530612245 0.725490196078431 0.898359343737495 2
0.895833333333333 0.88 0.91304347826087 0.946086956521739 0.85 0.86 0.84 0.9336 2
0.904761904761905 0.909090909090909 0.9 0.968181818181818 0.8 0.88 0.72 0.9072 2
1 1 1 1 0.79 0.745098039215686 0.836734693877551 0.808323329331733 2
0.88 0.866666666666667 0.9 0.96 0.84 0.907407407407407 0.760869565217391 0.919887278582931 2
0.92156862745098 0.91304347826087 0.928571428571429 0.970496894409938 0.84 0.760869565217391 0.907407407407407 0.876409017713366 2
0.877551020408163 0.863636363636364 0.888888888888889 0.96969696969697 0.86 0.791666666666667 0.923076923076923 0.915464743589744 2
0.92156862745098 0.96551724137931 0.863636363636364 0.976489028213166 0.86 0.866666666666667 0.854545454545454 0.926868686868687 2
0.891304347826087 0.88 0.904761904761905 0.954285714285714 0.83 0.744186046511628 0.894736842105263 0.890656874745002 2
0.91304347826087 0.866666666666667 0.935483870967742 0.950537634408602 0.79 0.76271186440678 0.829268292682927 0.872674658949979 2
0.979591836734694 1 0.961538461538462 0.993311036789298 0.77 0.584905660377358 0.978723404255319 0.81493376154155 2
1 1 1 1 0.76 0.92156862745098 0.591836734693878 0.842737094837935 2
0.886792452830189 0.884615384615385 0.888888888888889 0.958689458689459 0.81 0.730769230769231 0.895833333333333 0.891826923076923 2
0.92156862745098 0.925925925925926 0.916666666666667 0.972222222222222 0.84 0.905660377358491 0.765957446808511 0.916499397832196 2
0.925 0.9375 0.916666666666667 0.9765625 0.72 0.563636363636364 0.911111111111111 0.926464646464646 2
0.893617021276596 0.842105263157895 0.928571428571429 0.971804511278195 0.84 0.775 0.883333333333333 0.872916666666667 2
0.909090909090909 0.956521739130435 0.857142857142857 0.956521739130435 0.87 0.88135593220339 0.853658536585366 0.952873088052914 2
0.938775510204082 0.956521739130435 0.923076923076923 0.971571906354515 0.75 0.708333333333333 0.788461538461538 0.807692307692308 2
1 1 1 1 0.78 0.645833333333333 0.903846153846154 0.812700320512821 2
0.878048780487805 0.8 0.923076923076923 0.956410256410256 0.82 0.735849056603774 0.914893617021277 0.867523083099157 2
0.975 1 0.956521739130435 0.974424552429668 0.79 0.722222222222222 0.869565217391304 0.867149758454106 2
0.92156862745098 0.925925925925926 0.916666666666667 0.958333333333333 0.85 0.84 0.86 0.9048 2
0.94 0.916666666666667 0.961538461538462 0.988782051282051 0.94 0.933333333333333 0.95 0.977916666666667 2
0.936170212765957 0.96 0.909090909090909 0.985454545454545 0.88 0.866666666666667 0.9 0.93625 2
0.931818181818182 0.904761904761905 0.956521739130435 0.966873706004141 0.87 0.867924528301887 0.872340425531915 0.945403452428744 2
1 1 1 1 0.8 0.74468085106383 0.849056603773585 0.836411079887595 2
0.959183673469388 0.956521739130435 0.961538461538462 0.986622073578595 0.81 0.787234042553192 0.830188679245283 0.893617021276596 2
0.948717948717949 0.952380952380952 0.944444444444444 0.992063492063492 0.87 0.826923076923077 0.916666666666667 0.920673076923077 2
0.893617021276596 0.892857142857143 0.894736842105263 0.988721804511278 0.84 0.894736842105263 0.767441860465116 0.920644634842921 2
0.829787234042553 0.84 0.818181818181818 0.927272727272727 0.82 0.75 0.875 0.893262987012987 2
0.941176470588235 0.96 0.923076923076923 0.981538461538462 0.85 0.833333333333333 0.865384615384615 0.921875 2
1 1 1 1 0.77 0.884615384615385 0.645833333333333 0.756009615384615 2
0.875 0.909090909090909 0.833333333333333 0.924242424242424 0.79 0.857142857142857 0.725490196078431 0.903961584633854 2
0.953488372093023 0.95 0.956521739130435 0.98695652173913 0.74 0.795454545454545 0.696428571428571 0.869724025974026 2
0.978260869565217 1 0.954545454545455 0.992424242424242 0.85 0.843137254901961 0.857142857142857 0.934773909563826 2
0.916666666666667 1 0.777777777777778 0.962962962962963 0.83 0.777777777777778 0.891304347826087 0.919484702093398 2
0.909090909090909 0.941176470588235 0.888888888888889 0.986928104575163 0.8 0.716981132075472 0.893617021276596 0.887595343235648 2
0.923076923076923 0.923076923076923 0.923076923076923 0.983727810650888 0.88 0.913793103448276 0.833333333333333 0.932676518883415 2
0.847826086956522 0.833333333333333 0.863636363636364 0.943181818181818 0.82 0.707317073170732 0.898305084745763 0.863166597767673 2
0.951219512195122 0.933333333333333 0.961538461538462 0.992307692307692 0.71 0.44 0.98 0.7992 2
1 1 1 1 0.84 0.905660377358491 0.765957446808511 0.86150140505821 2
1 1 1 1 0.85 0.826086956521739 0.87037037037037 0.890901771336554 2
0.914893617021277 0.9 0.925925925925926 0.972222222222222 0.83 0.711111111111111 0.927272727272727 0.915151515151515 2
0.857142857142857 0.85 0.862068965517241 0.944827586206897 0.89 0.862745098039216 0.918367346938776 0.941176470588235 2
0.938775510204082 0.95 0.931034482758621 0.986206896551724 0.83 0.686274509803922 0.979591836734694 0.92797118847539 2
1 1 1 1 0.85 0.822222222222222 0.872727272727273 0.841616161616162 2
0.897435897435897 0.91304347826087 0.875 0.959239130434783 0.76 0.596153846153846 0.9375 0.871794871794872 2
0.818181818181818 0.80952380952381 0.826086956521739 0.915113871635611 0.85 0.739130434782609 0.944444444444444 0.912640901771336 2
0.869565217391304 0.714285714285714 0.9375 0.9375 0.79 0.689655172413793 0.928571428571429 0.882594417077176 2
0.904761904761905 0.909090909090909 0.9 0.979545454545455 0.8 0.844444444444444 0.763636363636364 0.874343434343434 2
0.954545454545455 0.958333333333333 0.95 0.995833333333333 0.82 0.788461538461538 0.854166666666667 0.91426282051282 2
0.880952380952381 0.882352941176471 0.88 0.955294117647059 0.81 0.69811320754717 0.936170212765957 0.876354877559213 2
0.916666666666667 0.928571428571429 0.9 0.955357142857143 0.82 0.854838709677419 0.763157894736842 0.920203735144312 2
0.904761904761905 0.85 0.954545454545455 0.922727272727273 0.8 0.844827586206897 0.738095238095238 0.91256157635468 2
1 1 1 1 0.87 0.857142857142857 0.882352941176471 0.878151260504202 2
0.787234042553192 0.782608695652174 0.791666666666667 0.911231884057971 0.8 0.759259259259259 0.847826086956522 0.883252818035427 2
0.837209302325581 0.818181818181818 0.857142857142857 0.930735930735931 0.91 0.911111111111111 0.909090909090909 0.956363636363636 2
1 1 1 1 0.78 0.673076923076923 0.895833333333333 0.784455128205128 2
0.916666666666667 0.96 0.869565217391304 0.972173913043478 0.81 0.759259259259259 0.869565217391304 0.914653784219002 2
0.916666666666667 0.925925925925926 0.904761904761905 0.987654320987654 0.74 0.780487804878049 0.711864406779661 0.840016535758578 2
0.886363636363636 0.909090909090909 0.863636363636364 0.900826446280992 0.82 0.909090909090909 0.711111111111111 0.934141414141414 2
1 1 1 1 0.78 0.770833333333333 0.788461538461538 0.779647435897436 2
1 1 1 1 0.86 0.851063829787234 0.867924528301887 0.892412685668406 2
0.924528301886792 0.923076923076923 0.925925925925926 0.965811965811966 0.81 0.729166666666667 0.884615384615385 0.91386217948718 2
0.857142857142857 0.833333333333333 0.875 0.9375 0.82 0.772727272727273 0.857142857142857 0.894480519480519 2
0.909090909090909 0.925925925925926 0.882352941176471 0.962962962962963 0.78 0.833333333333333 0.741379310344828 0.880541871921182 2
0.930232558139535 0.933333333333333 0.928571428571429 0.966666666666667 0.84 0.82 0.86 0.886 2
0.886363636363636 0.954545454545455 0.818181818181818 0.96900826446281 0.85 0.764705882352941 0.938775510204082 0.907563025210084 3
1 1 1 1 0.82 0.763636363636364 0.888888888888889 0.836363636363636 3
0.888888888888889 0.85 0.92 0.978 0.77 0.701754385964912 0.86046511627907 0.86780905752754 3
0.854166666666667 0.88 0.826086956521739 0.914782608695652 0.81 0.711111111111111 0.890909090909091 0.852121212121212 3
0.833333333333333 0.875 0.791666666666667 0.921875 0.89 0.871794871794872 0.901639344262295 0.941572089113073 3
0.880952380952381 0.85 0.909090909090909 0.956818181818182 0.67 0.636363636363636 0.711111111111111 0.726868686868687 3
1 1 1 1 0.8 0.875 0.704545454545455 0.837256493506494 3
0.840909090909091 0.863636363636364 0.818181818181818 0.948347107438017 0.88 0.851851851851852 0.91304347826087 0.937600644122383 3
0.931818181818182 0.956521739130435 0.904761904761905 0.9648033126294 0.75 0.75 0.75 0.844951923076923 3
0.851063829787234 0.888888888888889 0.8 0.946296296296296 0.86 0.862745098039216 0.857142857142857 0.932372949179672 3
0.878048780487805 0.8 0.923076923076923 0.953846153846154 0.83 0.8125 0.846153846153846 0.889823717948718 3
1 1 1 1 0.75 0.73469387755102 0.764705882352941 0.791516606642657 3
0.871794871794872 0.9 0.842105263157895 0.934210526315789 0.88 0.930232558139535 0.842105263157895 0.94124847001224 3
0.888888888888889 0.91304347826087 0.863636363636364 0.956521739130435 0.85 0.803571428571429 0.909090909090909 0.941152597402597 3
1 1 1 1 0.86 0.865384615384615 0.854166666666667 0.861177884615385 3
0.86046511627907 0.88 0.833333333333333 0.908888888888889 0.74 0.777777777777778 0.695652173913043 0.840982286634461 3
1 1 1 1 0.8 0.75 0.846153846153846 0.805288461538462 3
0.91304347826087 0.869565217391304 0.956521739130435 0.960302457466919 0.87 0.822222222222222 0.909090909090909 0.911111111111111 3
0.888888888888889 0.925925925925926 0.833333333333333 0.948559670781893 0.85 0.918367346938776 0.784313725490196 0.928371348539416 3
1 1 1 1 0.8 0.744186046511628 0.842105263157895 0.81374949000408 3
0.936170212765957 0.923076923076923 0.952380952380952 0.990842490842491 0.87 0.863636363636364 0.875 0.925933441558442 3
0.884615384615385 0.9 0.863636363636364 0.95 0.86 0.84 0.88 0.936 3
1 1 1 1 0.82 0.813953488372093 0.824561403508772 0.826805385556916 3
1 1 1 1 0.85 0.818181818181818 0.875 0.844967532467533 3
0.933333333333333 0.96 0.9 0.988 0.81 0.877551020408163 0.745098039215686 0.922769107643057 3
0.888888888888889 0.884615384615385 0.894736842105263 0.967611336032389 0.79 0.865384615384615 0.708333333333333 0.904647435897436 3
0.868421052631579 0.888888888888889 0.85 0.961111111111111 0.74 0.52 0.96 0.8504 3
1 1 1 1 0.88 0.910714285714286 0.840909090909091 0.909496753246753 3
0.928571428571429 0.882352941176471 0.96 0.971764705882353 0.78 0.614035087719298 1 0.901672786617707 3
0.91304347826087 0.923076923076923 0.9 0.926923076923077 0.83 0.865384615384615 0.791666666666667 0.931891025641026 3
1 1 1 1 0.78 0.63265306122449 0.92156862745098 0.809323729491797 3
0.875 0.916666666666667 0.833333333333333 0.961805555555556 0.82 0.886363636363636 0.767857142857143 0.909496753246753 3
0.815789473684211 0.75 0.888888888888889 0.919444444444444 0.8 0.87719298245614 0.697674418604651 0.891064871481028 3
0.92 0.916666666666667 0.923076923076923 0.980769230769231 0.78 0.836734693877551 0.725490196078431 0.893957583033213 3
0.895833333333333 0.88 0.91304347826087 0.940869565217391 0.84 0.84 0.84 0.9324 3
0.904761904761905 0.909090909090909 0.9 0.965909090909091 0.82 0.88 0.76 0.9096 3
1 1 1 1 0.79 0.745098039215686 0.836734693877551 0.812525010004002 3
0.88 0.9 0.85 0.958333333333333 0.83 0.888888888888889 0.760869565217391 0.92914653784219 3
0.92156862745098 0.91304347826087 0.928571428571429 0.970496894409938 0.78 0.608695652173913 0.925925925925926 0.865539452495974 3
0.857142857142857 0.863636363636364 0.851851851851852 0.968013468013468 0.86 0.791666666666667 0.923076923076923 0.912660256410256 3
0.92156862745098 0.96551724137931 0.863636363636364 0.978056426332288 0.84 0.866666666666667 0.818181818181818 0.916767676767677 3
0.891304347826087 0.88 0.904761904761905 0.954285714285714 0.83 0.720930232558139 0.912280701754386 0.876376988984088 3
0.891304347826087 0.866666666666667 0.903225806451613 0.939784946236559 0.75 0.711864406779661 0.804878048780488 0.856138900372055 3
0.979591836734694 1 0.961538461538462 0.996655518394649 0.75 0.547169811320755 0.978723404255319 0.800080289040546 3
1 1 1 1 0.75 0.882352941176471 0.612244897959184 0.787114845938375 3
0.886792452830189 0.884615384615385 0.888888888888889 0.955840455840456 0.81 0.730769230769231 0.895833333333333 0.888221153846154 3
0.901960784313726 0.925925925925926 0.875 0.969135802469136 0.84 0.905660377358491 0.765957446808511 0.913287836210357 3
0.9 0.9375 0.875 0.973958333333333 0.71 0.545454545454545 0.911111111111111 0.922020202020202 3
0.893617021276596 0.842105263157895 0.928571428571429 0.969924812030075 0.85 0.775 0.9 0.880416666666667 3
0.909090909090909 0.956521739130435 0.857142857142857 0.956521739130435 0.9 0.864406779661017 0.951219512195122 0.944605208763952 3
0.918367346938776 0.91304347826087 0.923076923076923 0.969899665551839 0.76 0.729166666666667 0.788461538461538 0.802884615384615 3
1 1 1 1 0.78 0.645833333333333 0.903846153846154 0.806891025641026 3
0.853658536585366 0.733333333333333 0.923076923076923 0.958974358974359 0.8 0.69811320754717 0.914893617021277 0.870333199518266 3
0.95 1 0.91304347826087 0.971867007672634 0.8 0.759259259259259 0.847826086956522 0.87962962962963 3
0.92156862745098 0.925925925925926 0.916666666666667 0.953703703703704 0.84 0.84 0.84 0.902 3
0.94 0.916666666666667 0.961538461538462 0.988782051282051 0.88 0.866666666666667 0.9 0.965 3
0.936170212765957 0.96 0.909090909090909 0.985454545454545 0.85 0.833333333333333 0.875 0.9325 3
0.931818181818182 0.904761904761905 0.956521739130435 0.966873706004141 0.88 0.867924528301887 0.893617021276596 0.945002007226014 3
1 1 1 1 0.79 0.723404255319149 0.849056603773585 0.834403853873946 3
0.938775510204082 0.91304347826087 0.961538461538462 0.986622073578595 0.81 0.787234042553192 0.830188679245283 0.892814130871136 3
0.948717948717949 0.952380952380952 0.944444444444444 0.992063492063492 0.84 0.788461538461538 0.895833333333333 0.905248397435897 3
0.914893617021277 0.892857142857143 0.947368421052632 0.981203007518797 0.84 0.912280701754386 0.744186046511628 0.922888616891065 3
0.829787234042553 0.84 0.818181818181818 0.927272727272727 0.8 0.818181818181818 0.785714285714286 0.874594155844156 3
0.941176470588235 0.96 0.923076923076923 0.983076923076923 0.84 0.8125 0.865384615384615 0.919070512820513 3
1 1 1 1 0.72 0.846153846153846 0.583333333333333 0.71474358974359 3
0.875 0.909090909090909 0.833333333333333 0.924242424242424 0.78 0.857142857142857 0.705882352941177 0.903961584633854 3
0.953488372093023 0.95 0.956521739130435 0.98695652173913 0.72 0.795454545454545 0.660714285714286 0.865665584415584 3
0.978260869565217 1 0.954545454545455 0.990530303030303 0.87 0.823529411764706 0.918367346938776 0.919567827130852 3
0.895833333333333 0.966666666666667 0.777777777777778 0.97037037037037 0.83 0.759259259259259 0.91304347826087 0.916666666666667 3
0.886363636363636 0.882352941176471 0.888888888888889 0.982570806100218 0.81 0.716981132075472 0.914893617021277 0.888398233641108 3
0.903846153846154 0.923076923076923 0.884615384615385 0.980769230769231 0.85 0.879310344827586 0.80952380952381 0.917077175697865 3
0.847826086956522 0.833333333333333 0.863636363636364 0.943181818181818 0.81 0.707317073170732 0.88135593220339 0.874328234807772 3
0.951219512195122 0.933333333333333 0.961538461538462 0.992307692307692 0.84 0.72 0.96 0.9496 3
1 1 1 1 0.86 0.867924528301887 0.851063829787234 0.867121637896427 3
1 1 1 1 0.86 0.826086956521739 0.888888888888889 0.876610305958132 3
0.914893617021277 0.9 0.925925925925926 0.968518518518519 0.83 0.711111111111111 0.927272727272727 0.911111111111111 3
0.857142857142857 0.85 0.862068965517241 0.943103448275862 0.88 0.803921568627451 0.959183673469388 0.928771508603441 3
0.918367346938776 0.9 0.931034482758621 0.987931034482759 0.84 0.686274509803922 1 0.910764305722289 3
1 1 1 1 0.8 0.711111111111111 0.872727272727273 0.808484848484848 3
0.897435897435897 0.91304347826087 0.875 0.951086956521739 0.88 0.903846153846154 0.854166666666667 0.951923076923077 3
0.818181818181818 0.80952380952381 0.826086956521739 0.921325051759834 0.85 0.739130434782609 0.944444444444444 0.906199677938808 3
0.869565217391304 0.714285714285714 0.9375 0.9375 0.79 0.689655172413793 0.928571428571429 0.885878489326765 3
0.904761904761905 0.909090909090909 0.9 0.984090909090909 0.78 0.777777777777778 0.781818181818182 0.864242424242424 3
1 1 1 1 0.83 0.788461538461538 0.875 0.82832532051282 3
0.880952380952381 0.882352941176471 0.88 0.96 0.81 0.69811320754717 0.936170212765957 0.879164993978322 3
0.895833333333333 0.892857142857143 0.9 0.9625 0.84 0.887096774193548 0.763157894736842 0.92741935483871 3
0.880952380952381 0.85 0.909090909090909 0.934090909090909 0.82 0.862068965517241 0.761904761904762 0.915024630541872 3
1 1 1 1 0.83 0.755102040816326 0.901960784313726 0.828531412565026 3
0.787234042553192 0.782608695652174 0.791666666666667 0.907608695652174 0.78 0.722222222222222 0.847826086956522 0.868357487922705 3
0.837209302325581 0.818181818181818 0.857142857142857 0.930735930735931 0.91 0.911111111111111 0.909090909090909 0.954343434343434 3
1 1 1 1 0.74 0.576923076923077 0.916666666666667 0.751402243589744 3
0.916666666666667 0.96 0.869565217391304 0.96695652173913 0.83 0.796296296296296 0.869565217391304 0.906199677938808 3
0.916666666666667 0.925925925925926 0.904761904761905 0.978835978835979 0.74 0.780487804878049 0.711864406779661 0.851591566763125 3
0.886363636363636 0.909090909090909 0.863636363636364 0.90495867768595 0.88 0.909090909090909 0.844444444444444 0.931313131313131 3
1 1 1 1 0.79 0.75 0.826923076923077 0.788461538461538 3
1 1 1 1 0.84 0.851063829787234 0.830188679245283 0.887996788438378 3
0.924528301886792 0.923076923076923 0.925925925925926 0.968660968660969 0.82 0.75 0.884615384615385 0.909455128205128 3
0.857142857142857 0.833333333333333 0.875 0.9375 0.81 0.75 0.857142857142857 0.887581168831169 3
0.886363636363636 0.888888888888889 0.882352941176471 0.962962962962963 0.82 0.857142857142857 0.793103448275862 0.886288998357964 3
0.930232558139535 0.933333333333333 0.928571428571429 0.961904761904762 0.81 0.76 0.86 0.8684 3
