0.871052631578947 0.847411444141689 0.893129770992366 0.94939368097011 0.84 0.857142857142857 0.823529411764706 0.90796318527411 1
0.869220607661823 0.871052631578947 0.86737400530504 0.9347619712411 0.84 0.770833333333333 0.903846153846154 0.909855769230769 1
0.864541832669323 0.877862595419847 0.85 0.941482895108849 0.83 0.803921568627451 0.857142857142857 0.918367346938776 1
0.860881542699725 0.848837209302326 0.871727748691099 0.932165469377816 0.91 0.897959183673469 0.92156862745098 0.968787515006002 1
0.869623655913978 0.863760217983651 0.875331564986737 0.940950715168511 0.84 0.867924528301887 0.808510638297872 0.935367322360498 1
0.875661375661376 0.872282608695652 0.878865979381443 0.938452487673689 0.84 0.826086956521739 0.851851851851852 0.936795491143317 1
0.862771739130435 0.849431818181818 0.875 0.924641927083333 0.85 0.867924528301887 0.829787234042553 0.918105178643115 1
0.860130718954248 0.858666666666667 0.861538461538462 0.937695726495727 0.87 0.826086956521739 0.907407407407407 0.922302737520129 1
0.87598944591029 0.889705882352941 0.86 0.937801120448179 0.89 0.945454545454545 0.822222222222222 0.948282828282828 1
0.862327909887359 0.869047619047619 0.854881266490765 0.938710893328308 0.87 0.918367346938776 0.823529411764706 0.928371348539416 1
0.880272108843537 0.861111111111111 0.898666666666667 0.946103703703704 0.83 0.857142857142857 0.803921568627451 0.9343737494998 1
0.835723598435463 0.833333333333333 0.838120104438642 0.915789545256745 0.89 0.91304347826087 0.87037037037037 0.953703703703704 1
0.863818424566088 0.843137254901961 0.88265306122449 0.937546447150289 0.84 0.851063829787234 0.830188679245283 0.936571657968687 1
0.881401617250674 0.87292817679558 0.889473684210526 0.951504797906368 0.91 0.909090909090909 0.911111111111111 0.927272727272727 1
0.855614973262032 0.84366576819407 0.86737400530504 0.931799495234759 0.94 0.943396226415094 0.936170212765957 0.968285828984344 1
0.869986168741355 0.866847826086957 0.873239436619718 0.937921004286589 0.85 0.862068965517241 0.833333333333333 0.939244663382594 1
0.841666666666667 0.844736842105263 0.838235294117647 0.922585139318885 0.89 0.895833333333333 0.884615384615385 0.942708333333333 1
0.874338624338624 0.876640419947507 0.872 0.937455818022747 0.92 0.92156862745098 0.918367346938776 0.956782713085234 1
0.857697283311772 0.836898395721925 0.87719298245614 0.935513918486055 0.85 0.847826086956522 0.851851851851852 0.95048309178744 1
0.851261620185923 0.851351351351351 0.851174934725849 0.936560581469198 0.9 0.9 0.9 0.9556 1
0.861477572559367 0.853723404255319 0.869109947643979 0.940758326835246 0.87 0.857142857142857 0.882352941176471 0.942777110844338 1
0.866840731070496 0.852150537634409 0.880710659898477 0.935831832323563 0.87 0.95 0.75 0.934166666666667 1
0.872258064516129 0.878712871287129 0.865229110512129 0.938552480584986 0.83 0.793103448275862 0.880952380952381 0.931444991789819 1
0.844961240310077 0.853365384615385 0.835195530726257 0.929214116888698 0.88 0.872727272727273 0.888888888888889 0.94989898989899 1
0.836 0.843342036553525 0.828337874659401 0.925726197167066 0.83 0.869565217391304 0.796296296296296 0.931159420289855 1
0.880330123796424 0.882978723404255 0.877492877492878 0.951513911620295 0.8 0.875 0.730769230769231 0.915064102564103 1
0.871693121693122 0.876847290640394 0.865714285714286 0.950415200562984 0.88 0.918367346938776 0.843137254901961 0.927571028411365 1
0.848032564450475 0.827195467422096 0.8671875 0.941277148253069 0.84 0.886792452830189 0.787234042553192 0.921718185467684 1
0.860433604336043 0.864864864864865 0.855978260869565 0.935326086956522 0.86 0.818181818181818 0.892857142857143 0.950892857142857 1
0.876640419947507 0.888613861386139 0.863128491620112 0.944777089440788 0.91 0.928571428571429 0.896551724137931 0.969211822660099 1
0.856562922868742 0.851648351648352 0.861333333333333 0.931223443223443 0.82 0.862068965517241 0.761904761904762 0.929802955665025 1
0.867105263157895 0.856020942408377 0.878306878306878 0.943869636278013 0.91 0.914893617021277 0.905660377358491 0.961862705740666 1
0.875331564986737 0.858695652173913 0.89119170984456 0.947757096192836 0.85 0.851851851851852 0.847826086956522 0.928341384863124 1
0.882513661202186 0.874651810584958 0.890080428954424 0.947232034172971 0.9 0.857142857142857 0.941176470588235 0.968787515006002 1
0.869565217391304 0.871287128712871 0.867724867724868 0.936579967520561 0.89 0.849056603773585 0.936170212765957 0.965074267362505 1
0.849405548216645 0.854591836734694 0.843835616438356 0.933841207715963 0.85 0.814814814814815 0.891304347826087 0.91304347826087 1
0.861111111111111 0.846575342465753 0.874680306905371 0.933118452860596 0.87 0.888888888888889 0.847826086956522 0.923107890499195 1
0.876344086021505 0.871313672922252 0.881401617250674 0.94041175577925 0.9 0.847826086956522 0.944444444444444 0.950080515297907 1
0.888738127544098 0.895161290322581 0.882191780821918 0.950810134040359 0.88 0.829268292682927 0.915254237288136 0.953699875981811 1
0.895968790637191 0.889473684210526 0.902313624678663 0.955628467054526 0.91 0.925925925925926 0.891304347826087 0.94524959742351 1
0.863576158940397 0.863760217983651 0.86340206185567 0.945497064524284 0.87 0.849056603773585 0.893617021276596 0.928944199116821 1
0.872222222222222 0.861271676300578 0.882352941176471 0.943649346233501 0.91 0.884615384615385 0.9375 0.958733974358974 1
0.851900393184797 0.837765957446808 0.865633074935401 0.936369509043928 0.85 0.836363636363636 0.866666666666667 0.933333333333333 1
0.888451443569554 0.889763779527559 0.887139107611549 0.957268136758496 0.9 0.854545454545454 0.955555555555556 0.951515151515152 1
0.867847411444142 0.879177377892031 0.855072463768116 0.941231697775791 0.85 0.946428571428571 0.727272727272727 0.953733766233766 1
0.887700534759358 0.887096774193548 0.888297872340426 0.954865877373599 0.87 0.936170212765957 0.811320754716981 0.908470493777599 1
0.845949535192563 0.849489795918367 0.842105263157895 0.929369947424953 0.86 0.846153846153846 0.875 0.933092948717949 1
0.879423328964613 0.864022662889518 0.892682926829268 0.948345194500104 0.93 0.918032786885246 0.948717948717949 0.971836906263136 1
0.871010638297872 0.872 0.870026525198939 0.942641909814324 0.86 0.826923076923077 0.895833333333333 0.934294871794872 1
0.869209809264305 0.861333333333333 0.877437325905292 0.948516248839369 0.84 0.854166666666667 0.826923076923077 0.929086538461538 1
0.87568306010929 0.875338753387534 0.87603305785124 0.948800645031244 0.89 0.9 0.88 0.9496 1
0.854860186418109 0.839080459770115 0.86848635235732 0.923390661989105 0.9 0.883720930232558 0.912280701754386 0.966952264381885 1
0.855053191489362 0.852367688022284 0.857506361323155 0.935259804234267 0.82 0.791666666666667 0.846153846153846 0.897435897435897 1
0.873221216041397 0.897129186602871 0.845070422535211 0.938574027899454 0.85 0.844444444444444 0.854545454545454 0.955959595959596 1
0.876606683804627 0.879487179487179 0.873711340206186 0.947964578376949 0.9 0.931818181818182 0.875 0.969155844155844 1
0.888604353393086 0.885572139303483 0.891820580474934 0.958623767705011 0.94 0.92 0.96 0.984 1
0.871134020618557 0.884615384615385 0.857512953367876 0.941729772817856 0.87 0.847826086956522 0.888888888888889 0.942834138486312 1
0.862957937584803 0.872628726287263 0.853260869565217 0.938059679509839 0.89 0.905660377358491 0.872340425531915 0.969088719389803 1
0.875502008032129 0.870619946091644 0.88031914893617 0.937403223031485 0.9 0.94 0.86 0.9696 1
0.874154262516915 0.870165745856354 0.877984084880637 0.936698565294488 0.92 0.916666666666667 0.923076923076923 0.955929487179487 1
0.859838274932615 0.845730027548209 0.87335092348285 0.931652819875415 0.82 0.826923076923077 0.8125 0.906650641025641 1
0.864935064935065 0.837142857142857 0.888095238095238 0.932319727891156 0.83 0.790697674418605 0.859649122807018 0.894328845369237 1
0.869565217391304 0.863270777479893 0.875647668393782 0.938601730819986 0.77 0.76 0.78 0.8784 1
0.857702349869452 0.845744680851064 0.869230769230769 0.931648936170213 0.88 0.914893617021277 0.849056603773585 0.948213568847852 1
0.847945205479452 0.837465564738292 0.858310626702997 0.935550701465985 0.87 0.826923076923077 0.916666666666667 0.930288461538462 1
0.866925064599483 0.858247422680412 0.875647668393782 0.947765877891138 0.87 0.846153846153846 0.895833333333333 0.934294871794872 1
0.863049095607235 0.870967741935484 0.8544474393531 0.94076769244146 0.9 0.953488372093023 0.859649122807018 0.955528355773154 1
0.860689655172414 0.868493150684931 0.852777777777778 0.940220700152207 0.85 0.872727272727273 0.822222222222222 0.955555555555555 1
0.861333333333333 0.873417721518987 0.847887323943662 0.930083793902656 0.9 0.927272727272727 0.866666666666667 0.969292929292929 1
0.870523415977961 0.880636604774536 0.859598853868195 0.940626116300457 0.82 0.804878048780488 0.830508474576271 0.919801570897065 1
0.855437665782493 0.880597014925373 0.826704545454545 0.930327057892356 0.93 0.945945945945946 0.920634920634921 0.992706992706993 1
0.854330708661417 0.843434343434343 0.866120218579235 0.928941049842689 0.84 0.86 0.82 0.8968 1
0.846641318124208 0.850374064837905 0.842783505154639 0.926086844743811 0.84 0.816326530612245 0.862745098039216 0.91796718687475 1
0.862533692722372 0.868632707774799 0.856368563685637 0.931188561215371 0.81 0.839285714285714 0.772727272727273 0.887175324675325 1
0.878620689655172 0.876404494382023 0.880758807588076 0.948928169056971 0.91 0.928571428571429 0.886363636363636 0.958198051948052 1
0.886422976501306 0.894348894348894 0.877437325905292 0.955726047648053 0.88 0.869565217391304 0.888888888888889 0.932367149758454 1
0.865612648221344 0.869109947643979 0.862068965517241 0.937165831099754 0.89 0.932203389830508 0.829268292682927 0.962794543199669 1
0.883720930232558 0.866477272727273 0.899736147757256 0.943706524346366 0.79 0.772727272727273 0.803571428571429 0.910714285714286 1
0.866485013623978 0.850574712643678 0.880829015544041 0.935106604728724 0.89 0.857142857142857 0.92156862745098 0.947579031612645 1
0.869095816464238 0.862637362637363 0.875331564986737 0.943378902264844 0.87 0.92156862745098 0.816326530612245 0.951180472188876 1
0.869170984455959 0.857908847184987 0.879699248120301 0.926041645669133 0.89 0.878048780487805 0.898305084745763 0.94295163290616 1
0.852437417654809 0.848329048843188 0.856756756756757 0.925359549781144 0.88 0.897959183673469 0.862745098039216 0.943177270908363 1
0.872777017783858 0.879120879120879 0.866485013623978 0.944298889121777 0.88 0.867924528301887 0.893617021276596 0.959052589321558 1
0.871759890859482 0.868131868131868 0.875338753387534 0.948799845141309 0.86 0.80952380952381 0.896551724137931 0.941707717569786 1
0.857908847184987 0.857142857142857 0.858725761772853 0.936705399863295 0.86 0.925925925925926 0.782608695652174 0.948067632850242 1
0.86604774535809 0.867768595041322 0.864450127877238 0.936343204187892 0.88 0.849056603773585 0.914893617021277 0.951023685266961 1
0.877005347593583 0.877333333333333 0.876675603217158 0.945186773905273 0.89 0.877551020408163 0.901960784313726 0.945178071228491 1
0.856191744340879 0.841397849462366 0.870712401055409 0.929752886770505 0.86 0.844444444444444 0.872727272727273 0.937373737373737 1
0.865951742627346 0.854395604395604 0.87696335078534 0.944817616938036 0.85 0.810344827586207 0.904761904761905 0.918308702791461 1
0.870666666666667 0.862796833773087 0.878706199460916 0.934492102212518 0.88 0.907407407407407 0.847826086956522 0.966988727858293 1
0.855844155844156 0.854111405835544 0.857506361323155 0.936859227462018 0.88 0.872340425531915 0.886792452830189 0.942593336009635 1
0.854568854568855 0.863861386138614 0.844504021447721 0.919763491094418 0.88 0.948275862068966 0.785714285714286 0.955254515599343 1
0.882352941176471 0.858757062146893 0.902676399026764 0.947963489903364 0.86 0.8 0.92 0.9632 1
0.872892347600519 0.879310344827586 0.865753424657534 0.944571158647682 0.85 0.891304347826087 0.814814814814815 0.896537842190016 1
0.862244897959184 0.858585858585859 0.865979381443299 0.941964750598771 0.86 0.795918367346939 0.92156862745098 0.916366546618647 1
0.868102288021534 0.879356568364611 0.856756756756757 0.937461053546844 0.83 0.777777777777778 0.891304347826087 0.901771336553945 1
0.859557867360208 0.854166666666667 0.864935064935065 0.931371753246753 0.82 0.849056603773585 0.787234042553192 0.916499397832196 1
0.879032258064516 0.883720930232558 0.873949579831933 0.949485737447434 0.88 0.839285714285714 0.931818181818182 0.938717532467532 1
0.874025974025974 0.875634517766497 0.872340425531915 0.946052489469705 0.91 0.875 0.942307692307692 0.967548076923077 1
0.878213802435724 0.893129770992366 0.861271676300578 0.949572724999632 0.84 0.837209302325581 0.842105263157895 0.928192574459404 1
0.869736842105263 0.844686648501362 0.893129770992366 0.949643280570751 0.86 0.897959183673469 0.823529411764706 0.909963985594238 2
0.870541611624835 0.868421052631579 0.872679045092838 0.935097026385593 0.83 0.75 0.903846153846154 0.915064102564103 2
0.863213811420983 0.877862595419847 0.847222222222222 0.941525303929884 0.85 0.823529411764706 0.877551020408163 0.918367346938776 2
0.860881542699725 0.848837209302326 0.871727748691099 0.932089370510167 0.93 0.918367346938776 0.941176470588235 0.968787515006002 2
0.869623655913978 0.863760217983651 0.875331564986737 0.940863984272798 0.82 0.830188679245283 0.808510638297872 0.932557205941389 2
0.876984126984127 0.872282608695652 0.881443298969072 0.938522523532048 0.83 0.804347826086957 0.851851851851852 0.931964573268921 2
0.865489130434783 0.852272727272727 0.877604166666667 0.924849076704545 0.85 0.867924528301887 0.829787234042553 0.918105178643115 2
0.860130718954248 0.858666666666667 0.861538461538462 0.937750427350427 0.87 0.826086956521739 0.907407407407407 0.92914653784219 2
0.87598944591029 0.889705882352941 0.86 0.937724089635854 0.88 0.927272727272727 0.822222222222222 0.946262626262626 2
0.864831038798498 0.869047619047619 0.860158311345646 0.939175775851238 0.86 0.877551020408163 0.843137254901961 0.928771508603441 2
0.881632653061225 0.861111111111111 0.901333333333333 0.946066666666667 0.83 0.836734693877551 0.823529411764706 0.936774709883954 2
0.838331160365059 0.833333333333333 0.843342036553525 0.916224706266319 0.9 0.91304347826087 0.888888888888889 0.953301127214171 2
0.863818424566088 0.843137254901961 0.88265306122449 0.937918024352598 0.85 0.872340425531915 0.830188679245283 0.936973103171417 2
0.880053908355795 0.87292817679558 0.886842105263158 0.951075894155278 0.91 0.909090909090909 0.911111111111111 0.928080808080808 2
0.856951871657754 0.846361185983827 0.86737400530504 0.931799495234759 0.94 0.924528301886792 0.957446808510638 0.962264150943396 2
0.869986168741355 0.866847826086957 0.873239436619718 0.937959277403552 0.85 0.862068965517241 0.833333333333333 0.936781609195402 2
0.844444444444444 0.85 0.838235294117647 0.922747678018576 0.91 0.895833333333333 0.923076923076923 0.931891025641026 2
0.876984126984127 0.876640419947507 0.877333333333333 0.93775678040245 0.92 0.92156862745098 0.918367346938776 0.955582232893157 2
0.857697283311772 0.836898395721925 0.87719298245614 0.935755163309343 0.88 0.869565217391304 0.888888888888889 0.953703703703704 2
0.851261620185923 0.851351351351351 0.851174934725849 0.936490014818997 0.91 0.92 0.9 0.962 2
0.862796833773087 0.856382978723404 0.869109947643979 0.940639968809179 0.88 0.897959183673469 0.862745098039216 0.951180472188876 2
0.862924281984334 0.849462365591398 0.875634517766497 0.936323071884723 0.87 0.966666666666667 0.725 0.938333333333333 2
0.874838709677419 0.883663366336634 0.865229110512129 0.938672573456807 0.84 0.827586206896552 0.857142857142857 0.926518883415435 2
0.844961240310077 0.853365384615385 0.835195530726257 0.929529705629566 0.87 0.872727272727273 0.866666666666667 0.946262626262626 2
0.834666666666667 0.840731070496084 0.828337874659401 0.925669282375623 0.83 0.847826086956522 0.814814814814815 0.924315619967794 2
0.881705639614856 0.882978723404255 0.88034188034188 0.951415408862217 0.79 0.875 0.711538461538462 0.90625 2
0.871693121693122 0.876847290640394 0.865714285714286 0.95045742434905 0.87 0.918367346938776 0.823529411764706 0.924769907963185 2
0.850746268656716 0.8328611898017 0.8671875 0.941380429650614 0.86 0.905660377358491 0.808510638297872 0.928542753914091 2
0.86449864498645 0.867567567567568 0.861413043478261 0.935458284371328 0.89 0.840909090909091 0.928571428571429 0.943587662337662 2
0.875328083989501 0.888613861386139 0.860335195530726 0.94472869074617 0.91 0.928571428571429 0.896551724137931 0.971264367816092 2
0.863328822733424 0.85989010989011 0.866666666666667 0.931084249084249 0.82 0.879310344827586 0.738095238095238 0.924466338259442 2
0.864473684210526 0.853403141361257 0.875661375661376 0.944008144269924 0.88 0.893617021276596 0.867924528301887 0.961059815335207 2
0.876657824933687 0.861413043478261 0.89119170984456 0.948179488623564 0.86 0.87037037037037 0.847826086956522 0.928743961352657 2
0.879781420765027 0.871866295264624 0.887399463806971 0.947232034172971 0.89 0.836734693877551 0.941176470588235 0.965186074429772 2
0.869565217391304 0.871287128712871 0.867724867724868 0.936553774425061 0.87 0.830188679245283 0.914893617021277 0.959052589321558 2
0.850726552179657 0.854591836734694 0.846575342465753 0.933876153201006 0.88 0.851851851851852 0.91304347826087 0.917471819645733 2
0.862433862433862 0.846575342465753 0.877237851662404 0.933629961812003 0.88 0.907407407407407 0.847826086956522 0.925925925925926 2
0.876344086021505 0.868632707774799 0.884097035040431 0.940505697954228 0.89 0.847826086956522 0.925925925925926 0.948872785829308 2
0.888738127544098 0.895161290322581 0.882191780821918 0.950751215201061 0.87 0.804878048780488 0.915254237288136 0.945431996692848 2
0.893368010403121 0.889473684210526 0.897172236503856 0.955669056961169 0.91 0.925925925925926 0.891304347826087 0.943236714975845 2
0.863576158940397 0.863760217983651 0.86340206185567 0.945735835276272 0.88 0.867924528301887 0.893617021276596 0.923323966278603 2
0.869444444444444 0.858381502890173 0.879679144385027 0.943842539643288 0.91 0.884615384615385 0.9375 0.956730769230769 2
0.850589777195282 0.837765957446808 0.863049095607235 0.93636263675848 0.88 0.854545454545454 0.911111111111111 0.934141414141414 2
0.888451443569554 0.887139107611549 0.889763779527559 0.957268136758496 0.88 0.818181818181818 0.955555555555556 0.948282828282828 2
0.869209809264305 0.881748071979435 0.855072463768116 0.941447785104877 0.85 0.946428571428571 0.727272727272727 0.950081168831169 2
0.88903743315508 0.889784946236559 0.888297872340426 0.954658544955388 0.86 0.914893617021277 0.811320754716981 0.910076274588519 2
0.844621513944223 0.849489795918367 0.839335180055402 0.929334614732319 0.87 0.865384615384615 0.875 0.939503205128205 2
0.878112712975098 0.864022662889518 0.890243902439024 0.948400469840393 0.94 0.934426229508197 0.948717948717949 0.971416561580496 2
0.872340425531915 0.874666666666667 0.870026525198939 0.942910698496905 0.85 0.826923076923077 0.875 0.928685897435897 2
0.870572207084469 0.864 0.877437325905292 0.948523676880223 0.84 0.875 0.807692307692308 0.931490384615385 2
0.87568306010929 0.878048780487805 0.873278236914601 0.948837973228217 0.87 0.86 0.88 0.9472 2
0.8508655126498 0.836206896551724 0.863523573200993 0.923604574883774 0.91 0.883720930232558 0.929824561403509 0.962872297021624 2
0.857712765957447 0.855153203342618 0.860050890585242 0.935203101632326 0.84 0.833333333333333 0.846153846153846 0.904647435897436 2
0.873221216041397 0.894736842105263 0.847887323943662 0.93852685490936 0.88 0.866666666666667 0.890909090909091 0.957979797979798 2
0.877892030848329 0.879487179487179 0.876288659793814 0.947997620935765 0.91 0.954545454545455 0.875 0.969967532467533 2
0.8898847631242 0.888059701492537 0.891820580474934 0.958617204216385 0.93 0.92 0.94 0.9856 2
0.872422680412371 0.887179487179487 0.857512953367876 0.941829414109207 0.89 0.869565217391304 0.907407407407407 0.938808373590982 2
0.865671641791045 0.878048780487805 0.853260869565217 0.938155414162837 0.88 0.867924528301887 0.893617021276596 0.965074267362505 2
0.879518072289157 0.873315363881402 0.88563829787234 0.937517921660836 0.89 0.94 0.84 0.9668 2
0.872801082543978 0.867403314917127 0.877984084880637 0.936661928279379 0.92 0.916666666666667 0.923076923076923 0.954727564102564 2
0.858490566037736 0.848484848484849 0.868073878627968 0.932038058687135 0.8 0.826923076923077 0.770833333333333 0.907852564102564 2
0.864935064935065 0.837142857142857 0.888095238095238 0.932312925170068 0.81 0.790697674418605 0.824561403508772 0.889432884536924 2
0.869565217391304 0.86058981233244 0.878238341968912 0.938525330258789 0.76 0.74 0.78 0.8752 2
0.861618798955614 0.851063829787234 0.871794871794872 0.931778505182761 0.88 0.914893617021277 0.849056603773585 0.949016459253312 2
0.847945205479452 0.837465564738292 0.858310626702997 0.935693321623468 0.87 0.826923076923077 0.916666666666667 0.928285256410256 2
0.866925064599483 0.858247422680412 0.875647668393782 0.947979541691149 0.87 0.846153846153846 0.895833333333333 0.93349358974359 2
0.863049095607235 0.870967741935484 0.8544474393531 0.941122176666912 0.88 0.906976744186046 0.859649122807018 0.962464300285598 2
0.860689655172414 0.868493150684931 0.852777777777778 0.94017503805175 0.87 0.890909090909091 0.844444444444444 0.94989898989899 2
0.864 0.875949367088608 0.850704225352113 0.930190764842218 0.93 0.963636363636364 0.888888888888889 0.971313131313131 2
0.870523415977961 0.880636604774536 0.859598853868195 0.940527311834495 0.81 0.75609756097561 0.847457627118644 0.916907813145928 2
0.855437665782493 0.880597014925373 0.826704545454545 0.93039066033469 0.95 0.972972972972973 0.936507936507937 0.992277992277992 2
0.854330708661417 0.845959595959596 0.863387978142076 0.92933432687531 0.85 0.86 0.84 0.8956 2
0.847908745247148 0.850374064837905 0.845360824742268 0.926028999665784 0.86 0.836734693877551 0.882352941176471 0.917166866746699 2
0.861185983827493 0.865951742627346 0.856368563685637 0.931740738318911 0.82 0.839285714285714 0.795454545454545 0.887581168831169 2
0.88 0.876404494382023 0.883468834688347 0.949103255077495 0.89 0.892857142857143 0.886363636363636 0.95413961038961 2
0.886422976501306 0.894348894348894 0.877437325905292 0.955931368187636 0.87 0.869565217391304 0.87037037037037 0.934380032206119 2
0.866930171277997 0.869109947643979 0.864721485411141 0.936776980015832 0.89 0.932203389830508 0.829268292682927 0.962381149235221 2
0.886456908344733 0.869318181818182 0.902374670184697 0.943841448788678 0.79 0.772727272727273 0.803571428571429 0.909090909090909 2
0.865122615803815 0.847701149425287 0.880829015544041 0.935173604907391 0.9 0.877551020408163 0.92156862745098 0.947178871548619 2
0.86774628879892 0.862637362637363 0.872679045092838 0.943699536537733 0.87 0.92156862745098 0.816326530612245 0.951180472188876 2
0.867875647668394 0.857908847184987 0.87719298245614 0.926122276199883 0.88 0.853658536585366 0.898305084745763 0.939231087226126 2
0.851119894598156 0.845758354755784 0.856756756756757 0.925679149586605 0.84 0.877551020408163 0.803921568627451 0.943577430972389 2
0.872777017783858 0.879120879120879 0.866485013623978 0.944351289037938 0.87 0.867924528301887 0.872340425531915 0.957045363307908 2
0.871759890859482 0.868131868131868 0.875338753387534 0.948889186694065 0.89 0.857142857142857 0.913793103448276 0.944170771756979 2
0.86058981233244 0.862337662337662 0.858725761772853 0.93679174011584 0.83 0.888888888888889 0.760869565217391 0.94122383252818 2
0.868700265251989 0.867768595041322 0.869565217391304 0.936406614388479 0.88 0.886792452830189 0.872340425531915 0.949819349658772 2
0.877005347593583 0.877333333333333 0.876675603217158 0.945151027703307 0.88 0.877551020408163 0.882352941176471 0.941976790716286 2
0.857523302263648 0.844086021505376 0.870712401055409 0.930079155672823 0.85 0.822222222222222 0.872727272727273 0.930505050505051 2
0.865951742627346 0.854395604395604 0.87696335078534 0.945011794488234 0.84 0.810344827586207 0.880952380952381 0.916256157635468 2
0.872 0.865435356200528 0.878706199460916 0.934499214132808 0.9 0.925925925925926 0.869565217391304 0.96658615136876 2
0.855844155844156 0.854111405835544 0.857506361323155 0.937129204041549 0.86 0.851063829787234 0.867924528301887 0.944600562023284 2
0.851994851994852 0.861386138613861 0.841823056300268 0.920135110025748 0.89 0.948275862068966 0.80952380952381 0.951559934318555 2
0.884967320261438 0.858757062146893 0.907542579075426 0.947922251089392 0.85 0.78 0.92 0.9592 2
0.872892347600519 0.879310344827586 0.865753424657534 0.94462514339699 0.84 0.869565217391304 0.814814814814815 0.892109500805153 2
0.862244897959184 0.853535353535353 0.871134020618557 0.94205586795793 0.85 0.795918367346939 0.901960784313726 0.918367346938776 2
0.865410497981157 0.876675603217158 0.854054054054054 0.937627708137092 0.81 0.777777777777778 0.847826086956522 0.896940418679549 2
0.859557867360208 0.854166666666667 0.864935064935065 0.931500270562771 0.85 0.886792452830189 0.808510638297872 0.910076274588519 2
0.879032258064516 0.883720930232558 0.873949579831933 0.94926859632742 0.87 0.839285714285714 0.909090909090909 0.940746753246753 2
0.872727272727273 0.875634517766497 0.86968085106383 0.946369748352954 0.89 0.875 0.903846153846154 0.961538461538462 2
0.878213802435724 0.893129770992366 0.861271676300578 0.949756578270014 0.86 0.837209302325581 0.87719298245614 0.927784577723378 2
0.868421052631579 0.841961852861035 0.893129770992366 0.948471549112188 0.83 0.857142857142857 0.803921568627451 0.909963985594238 3
0.874504623513871 0.876315789473684 0.872679045092838 0.935236632695798 0.82 0.729166666666667 0.903846153846154 0.908653846153846 3
0.864541832669323 0.872773536895674 0.855555555555556 0.942062482329658 0.84 0.823529411764706 0.857142857142857 0.915966386554622 3
0.862258953168044 0.848837209302326 0.87434554973822 0.932485084621941 0.92 0.897959183673469 0.941176470588235 0.964785914365746 3
0.868279569892473 0.866485013623978 0.870026525198939 0.940929032444583 0.82 0.811320754716981 0.829787234042553 0.932155760738659 3
0.873015873015873 0.866847826086957 0.878865979381443 0.939117828328104 0.82 0.782608695652174 0.851851851851852 0.935185185185185 3
0.865489130434783 0.855113636363636 0.875 0.925108013731061 0.84 0.867924528301887 0.808510638297872 0.909273384183059 3
0.858823529411765 0.850666666666667 0.866666666666667 0.938119658119658 0.85 0.782608695652174 0.907407407407407 0.924718196457327 3
0.87467018469657 0.889705882352941 0.857142857142857 0.938102240896359 0.89 0.927272727272727 0.844444444444444 0.947474747474747 3
0.869837296620776 0.878571428571429 0.860158311345646 0.938578967206936 0.85 0.857142857142857 0.843137254901961 0.92436974789916 3
0.884353741496599 0.861111111111111 0.906666666666667 0.945977777777778 0.82 0.836734693877551 0.803921568627451 0.929171668667467 3
0.830508474576271 0.822916666666667 0.838120104438642 0.914035302436902 0.91 0.891304347826087 0.925925925925926 0.942431561996779 3
0.865153538050734 0.840336134453782 0.887755102040816 0.93702480992397 0.82 0.808510638297872 0.830188679245283 0.928944199116821 3
0.873315363881402 0.864640883977901 0.881578947368421 0.951308519918581 0.9 0.890909090909091 0.911111111111111 0.921212121212121 3
0.850267379679144 0.83288409703504 0.86737400530504 0.932071181908527 0.92 0.905660377358491 0.936170212765957 0.957848253713368 3
0.868603042876902 0.861413043478261 0.876056338028169 0.937821494182486 0.86 0.862068965517241 0.857142857142857 0.935139573070608 3
0.843055555555556 0.842105263157895 0.844117647058824 0.922523219814241 0.91 0.895833333333333 0.923076923076923 0.931089743589744 3
0.87037037037037 0.871391076115486 0.869333333333333 0.937735783027122 0.92 0.92156862745098 0.918367346938776 0.952380952380952 3
0.85640362225097 0.842245989304813 0.869674185463659 0.935118545025666 0.85 0.826086956521739 0.87037037037037 0.946457326892109 3
0.853917662682603 0.854054054054054 0.85378590078329 0.935904311622327 0.87 0.86 0.88 0.9564 3
0.864116094986807 0.861702127659574 0.866492146596859 0.94082794920352 0.91 0.897959183673469 0.92156862745098 0.947979191676671 3
0.860313315926893 0.841397849462366 0.878172588832487 0.935674908574859 0.87 0.95 0.75 0.94 3
0.873548387096774 0.886138613861386 0.859838274932615 0.938739291718929 0.83 0.810344827586207 0.857142857142857 0.928571428571429 3
0.848837209302326 0.853365384615385 0.843575418994413 0.928925386764074 0.87 0.854545454545454 0.888888888888889 0.932525252525253 3
0.838666666666667 0.843342036553525 0.833787465940054 0.926978322578809 0.85 0.847826086956522 0.851851851851852 0.924315619967794 3
0.881705639614856 0.882978723404255 0.88034188034188 0.951150209128933 0.8 0.875 0.730769230769231 0.904647435897436 3
0.87037037037037 0.874384236453202 0.865714285714286 0.949704433497537 0.86 0.897959183673469 0.823529411764706 0.929971988795518 3
0.852103120759837 0.8328611898017 0.869791666666667 0.941668142115203 0.84 0.867924528301887 0.808510638297872 0.924528301886792 3
0.861788617886179 0.859459459459459 0.864130434782609 0.935083725029377 0.86 0.818181818181818 0.892857142857143 0.946428571428571 3
0.872703412073491 0.886138613861386 0.857541899441341 0.945599867249295 0.9 0.928571428571429 0.879310344827586 0.9688013136289 3
0.859269282814614 0.85989010989011 0.858666666666667 0.930893772893773 0.81 0.862068965517241 0.738095238095238 0.926108374384236 3
0.861842105263158 0.848167539267016 0.875661375661376 0.943218648716031 0.91 0.914893617021277 0.905660377358491 0.963067041348856 3
0.876657824933687 0.864130434782609 0.88860103626943 0.947559979725163 0.82 0.796296296296296 0.847826086956522 0.927133655394525 3
0.881147540983607 0.871866295264624 0.890080428954424 0.946761558395005 0.9 0.857142857142857 0.941176470588235 0.964785914365746 3
0.869565217391304 0.868811881188119 0.87037037037037 0.936599612342187 0.87 0.830188679245283 0.914893617021277 0.948213568847852 3
0.848084544253633 0.854591836734694 0.841095890410959 0.933477774671512 0.87 0.814814814814815 0.934782608695652 0.911433172302738 3
0.85978835978836 0.843835616438356 0.874680306905371 0.93255789510563 0.86 0.888888888888889 0.826086956521739 0.92109500805153 3
0.870967741935484 0.86058981233244 0.881401617250674 0.940303360961968 0.9 0.847826086956522 0.944444444444444 0.948067632850242 3
0.887381275440977 0.895161290322581 0.879452054794521 0.950758580055973 0.9 0.853658536585366 0.932203389830508 0.947498966515089 3
0.895968790637191 0.886842105263158 0.904884318766067 0.955635232038966 0.9 0.907407407407407 0.891304347826087 0.942834138486312 3
0.863576158940397 0.861035422343324 0.865979381443299 0.945799039298857 0.85 0.811320754716981 0.893617021276596 0.924528301886792 3
0.875 0.864161849710983 0.885026737967914 0.943865722852462 0.89 0.846153846153846 0.9375 0.950320512820513 3
0.850589777195282 0.835106382978723 0.865633074935401 0.935922810489856 0.86 0.836363636363636 0.888888888888889 0.930909090909091 3
0.889763779527559 0.89501312335958 0.884514435695538 0.95746791493583 0.88 0.836363636363636 0.933333333333333 0.95030303030303 3
0.867847411444142 0.881748071979435 0.852173913043478 0.941306210647889 0.84 0.946428571428571 0.704545454545455 0.957386363636364 3
0.894385026737968 0.897849462365591 0.890957446808511 0.95563086250286 0.85 0.893617021276596 0.811320754716981 0.90726615816941 3
0.848605577689243 0.852040816326531 0.844875346260388 0.929652608966024 0.88 0.865384615384615 0.895833333333333 0.9375 3
0.878112712975098 0.861189801699717 0.892682926829268 0.948193187314309 0.92 0.901639344262295 0.948717948717949 0.974358974358974 3
0.863031914893617 0.866666666666667 0.859416445623342 0.942479221927498 0.84 0.769230769230769 0.916666666666667 0.92948717948718 3
0.869209809264305 0.864 0.874651810584958 0.947402042711235 0.84 0.875 0.807692307692308 0.929487179487179 3
0.881147540983607 0.883468834688347 0.878787878787879 0.949532277691923 0.89 0.88 0.9 0.956 3
0.85219707057257 0.839080459770115 0.863523573200993 0.923640227032886 0.91 0.906976744186046 0.912280701754386 0.962464300285598 3
0.852393617021277 0.846796657381616 0.857506361323155 0.935032993826504 0.83 0.8125 0.846153846153846 0.901442307692308 3
0.874514877102199 0.897129186602871 0.847887323943662 0.938877282835771 0.89 0.888888888888889 0.890909090909091 0.955959595959596 3
0.877892030848329 0.879487179487179 0.876288659793814 0.947812582606397 0.91 0.954545454545455 0.875 0.971590909090909 3
0.887323943661972 0.885572139303483 0.889182058047493 0.958400609091744 0.94 0.92 0.96 0.9844 3
0.869845360824742 0.882051282051282 0.857512953367876 0.942008768433639 0.88 0.847826086956522 0.907407407407407 0.940821256038647 3
0.865671641791045 0.878048780487805 0.853260869565217 0.937603098857076 0.9 0.867924528301887 0.936170212765957 0.963067041348856 3
0.875502008032129 0.867924528301887 0.882978723404255 0.938586052646671 0.88 0.9 0.86 0.9684 3
0.874154262516915 0.870165745856354 0.877984084880637 0.93710889986371 0.92 0.916666666666667 0.923076923076923 0.950721153846154 3
0.861185983827493 0.845730027548209 0.87598944591029 0.931471103454793 0.85 0.826923076923077 0.875 0.911458333333333 3
0.864935064935065 0.834285714285714 0.89047619047619 0.932251700680272 0.8 0.790697674418605 0.807017543859649 0.886984904120767 3
0.870882740447958 0.86058981233244 0.880829015544041 0.938414202169776 0.78 0.76 0.8 0.872 3
0.859007832898172 0.851063829787234 0.866666666666667 0.931853518821604 0.89 0.914893617021277 0.867924528301887 0.949016459253312 3
0.849315068493151 0.834710743801653 0.863760217983651 0.934589891983997 0.85 0.788461538461538 0.916666666666667 0.925080128205128 3
0.865633074935401 0.860824742268041 0.870466321243523 0.947859355803643 0.85 0.807692307692308 0.895833333333333 0.925080128205128 3
0.865633074935401 0.873449131513648 0.857142857142857 0.941189060483035 0.89 0.930232558139535 0.859649122807018 0.957568339453284 3
0.856551724137931 0.865753424657534 0.847222222222222 0.939840182648402 0.86 0.872727272727273 0.844444444444444 0.943030303030303 3
0.862666666666667 0.873417721518987 0.850704225352113 0.929534676412908 0.9 0.927272727272727 0.866666666666667 0.963232323232323 3
0.869146005509642 0.875331564986737 0.862464183381089 0.941104937943195 0.82 0.780487804878049 0.847457627118644 0.90326581231914 3
0.848806366047745 0.873134328358209 0.821022727272727 0.930355325644505 0.95 0.972972972972973 0.936507936507937 0.99013299013299 3
0.854330708661417 0.848484848484849 0.860655737704918 0.928761660319037 0.84 0.86 0.82 0.8968 3
0.847908745247148 0.850374064837905 0.845360824742268 0.925823328277245 0.86 0.836734693877551 0.882352941176471 0.92156862745098 3
0.862533692722372 0.863270777479893 0.861788617886179 0.931370198420483 0.81 0.857142857142857 0.75 0.886769480519481 3
0.88 0.879213483146067 0.880758807588076 0.948646508936999 0.87 0.892857142857143 0.840909090909091 0.954545454545455 3
0.883812010443864 0.894348894348894 0.871866295264624 0.955849239971803 0.89 0.891304347826087 0.888888888888889 0.929951690821256 3
0.866930171277997 0.871727748691099 0.862068965517241 0.937374144180427 0.9 0.932203389830508 0.853658536585366 0.960727573377429 3
0.886456908344733 0.872159090909091 0.899736147757256 0.942784540657232 0.82 0.795454545454545 0.839285714285714 0.909902597402597 3
0.865122615803815 0.844827586206897 0.883419689119171 0.93541927222917 0.91 0.877551020408163 0.941176470588235 0.949579831932773 3
0.873144399460189 0.85989010989011 0.885941644562334 0.942890663712945 0.87 0.882352941176471 0.857142857142857 0.949979991996799 3
0.866580310880829 0.85254691689008 0.879699248120301 0.926397763846614 0.88 0.878048780487805 0.88135593220339 0.937577511368334 3
0.853754940711462 0.848329048843188 0.859459459459459 0.925623567011742 0.84 0.877551020408163 0.803921568627451 0.945178071228491 3
0.87688098495212 0.884615384615385 0.869209809264305 0.944628260023355 0.87 0.867924528301887 0.872340425531915 0.957045363307908 3
0.8731241473397 0.870879120879121 0.875338753387534 0.948353137377528 0.85 0.785714285714286 0.896551724137931 0.938423645320197 3
0.857908847184987 0.857142857142857 0.858725761772853 0.93612979817966 0.84 0.907407407407407 0.760869565217391 0.948470209339775 3
0.864721485411141 0.859504132231405 0.869565217391304 0.936702528657888 0.88 0.867924528301887 0.893617021276596 0.940586109995986 3
0.878342245989305 0.874666666666667 0.882037533512064 0.94493655049151 0.89 0.897959183673469 0.882352941176471 0.939975990396158 3
0.858854860186418 0.846774193548387 0.870712401055409 0.929128720174767 0.85 0.822222222222222 0.872727272727273 0.912727272727273 3
0.865951742627346 0.854395604395604 0.87696335078534 0.944271043093033 0.86 0.827586206896552 0.904761904761905 0.913793103448276 3
0.869333333333333 0.865435356200528 0.873315363881402 0.933923148589351 0.89 0.907407407407407 0.869565217391304 0.96256038647343 3
0.857142857142857 0.854111405835544 0.860050890585242 0.936204534256653 0.88 0.851063829787234 0.905660377358491 0.934564431955038 3
0.849420849420849 0.858910891089109 0.839142091152815 0.9193056034826 0.89 0.948275862068966 0.80952380952381 0.950738916256158 3
0.886274509803922 0.861581920903955 0.907542579075426 0.947832900325787 0.87 0.8 0.94 0.9584 3
0.869001297016861 0.874384236453202 0.863013698630137 0.944402456306094 0.82 0.847826086956522 0.796296296296296 0.888486312399356 3
0.863520408163265 0.861111111111111 0.865979381443299 0.941841091325627 0.85 0.795918367346939 0.901960784313726 0.918767507002801 3
0.866756393001346 0.879356568364611 0.854054054054054 0.937077023404101 0.85 0.814814814814815 0.891304347826087 0.894927536231884 3
0.860858257477243 0.856770833333333 0.864935064935065 0.931594967532468 0.82 0.830188679245283 0.808510638297872 0.912083500602168 3
0.881720430107527 0.886304909560723 0.876750700280112 0.949608784082108 0.87 0.821428571428571 0.931818181818182 0.935470779220779 3
0.874025974025974 0.880710659898477 0.867021276595745 0.945093962630954 0.89 0.854166666666667 0.923076923076923 0.96113782051282 3
0.87956698240866 0.893129770992366 0.864161849710983 0.949690391092677 0.85 0.813953488372093 0.87719298245614 0.919624643002856 3
