0.895 0.893617021276596 0.89622641509434 0.960658370132477 0.88 0.867924528301887 0.893617021276596 0.951826575672421 1
0.855 0.87378640776699 0.835051546391753 0.934916424782304 0.84 0.814814814814815 0.869565217391304 0.940418679549114 1
0.8675 0.866028708133971 0.869109947643979 0.942984543700994 0.91 0.920634920634921 0.891891891891892 0.974259974259974 1
0.8625 0.846153846153846 0.876146788990826 0.931495110394193 0.79 0.74468085106383 0.830188679245283 0.897631473303894 1
0.8525 0.849462365591398 0.855140186915888 0.925786353130339 0.94 0.941176470588235 0.938775510204082 0.970788315326131 1
0.895 0.901477832512315 0.888324873096447 0.957415418469156 0.92 0.936170212765957 0.905660377358491 0.974708952228021 1
0.9075 0.900990099009901 0.914141414141414 0.965996599659966 0.91 0.883720930232558 0.929824561403509 0.936352509179927 1
0.8875 0.868932038834951 0.907216494845361 0.947477729956961 0.84 0.867924528301887 0.808510638297872 0.899237254114813 1
0.8775 0.882075471698113 0.872340425531915 0.946582697711762 0.81 0.8 0.82 0.908 1
0.845 0.851851851851852 0.83695652173913 0.924064009661836 0.87 0.884615384615385 0.854166666666667 0.953125 1
0.9 0.893048128342246 0.906103286384977 0.960432828701263 0.85 0.903846153846154 0.791666666666667 0.905448717948718 1
0.8725 0.876190476190476 0.868421052631579 0.953032581453634 0.86 0.872340425531915 0.849056603773585 0.93014853472501 1
0.84 0.834170854271357 0.845771144278607 0.932273306832671 0.84 0.833333333333333 0.844827586206897 0.911740558292282 1
0.8225 0.811224489795918 0.833333333333333 0.921843737494998 0.86 0.909090909090909 0.8 0.930909090909091 1
0.88 0.875576036866359 0.885245901639344 0.946765379869558 0.83 0.853658536585366 0.813559322033898 0.914840843323688 1
0.875 0.87192118226601 0.878172588832487 0.947438173589058 0.8 0.853658536585366 0.76271186440678 0.89665150888797 1
0.88 0.893805309734513 0.862068965517241 0.953412674193877 0.84 0.905660377358491 0.765957446808511 0.959855479727017 1
0.8775 0.87 0.885 0.9566 0.83 0.851063829787234 0.811320754716981 0.927739863508631 1
0.8725 0.864321608040201 0.880597014925373 0.944373609340234 0.8 0.823529411764706 0.775510204081633 0.918767507002801 1
0.8775 0.85929648241206 0.895522388059702 0.945473636840921 0.82 0.759259259259259 0.891304347826087 0.935185185185185 1
0.8675 0.870646766169154 0.864321608040201 0.948948723718093 0.89 0.847826086956522 0.925925925925926 0.941626409017713 1
0.84 0.830097087378641 0.850515463917526 0.93198878991092 0.84 0.818181818181818 0.857142857142857 0.939123376623377 1
0.89 0.893719806763285 0.886010362694301 0.964281244524543 0.87 0.869565217391304 0.87037037037037 0.938808373590982 1
0.8975 0.908212560386473 0.886010362694301 0.955745788591024 0.84 0.866666666666667 0.8 0.943333333333333 1
0.8775 0.857142857142857 0.897058823529412 0.944452781112445 0.89 0.862745098039216 0.918367346938776 0.970388155262105 1
0.8825 0.879396984924623 0.885572139303483 0.949348733718343 0.86 0.803921568627451 0.918367346938776 0.94077631052421 1
0.87 0.893023255813953 0.843243243243243 0.943004399748586 0.86 0.869565217391304 0.851851851851852 0.939210950080515 1
0.84 0.821052631578947 0.857142857142857 0.925739348370927 0.84 0.795918367346939 0.882352941176471 0.899159663865546 1
0.8475 0.853080568720379 0.841269841269841 0.94385516186464 0.83 0.775510204081633 0.882352941176471 0.917166866746699 1
0.875 0.860576923076923 0.890625 0.948793068910256 0.89 0.901960784313726 0.877551020408163 0.95438175270108 1
0.84 0.84020618556701 0.839805825242718 0.921829646682014 0.87 0.818181818181818 0.933333333333333 0.944242424242424 1
0.8725 0.884259259259259 0.858695652173913 0.944922504025765 0.92 0.936170212765957 0.905660377358491 0.952228020875151 1
0.8775 0.839080459770115 0.907079646017699 0.948428440646933 0.89 0.875 0.903846153846154 0.94551282051282 1
0.8725 0.844919786096257 0.896713615023474 0.938916924003917 0.79 0.82 0.76 0.9048 1
0.8675 0.873831775700935 0.860215053763441 0.941312430911466 0.83 0.866666666666667 0.8 0.916363636363636 1
0.8925 0.892682926829268 0.892307692307692 0.956297686053784 0.87 0.862068965517241 0.880952380952381 0.942939244663383 1
0.86 0.852040816326531 0.867647058823529 0.938925570228091 0.83 0.8 0.875 0.9075 1
0.86 0.857142857142857 0.863157894736842 0.935288220551378 0.86 0.888888888888889 0.836363636363636 0.94020202020202 1
0.875 0.885167464114832 0.863874345549738 0.942508579874245 0.86 0.830188679245283 0.893617021276596 0.956242472902449 1
0.8875 0.87431693989071 0.898617511520737 0.962176726851502 0.9 0.844827586206897 0.976190476190476 0.951559934318555 1
0.87 0.865979381443299 0.87378640776699 0.938569712741467 0.87 0.826086956521739 0.907407407407407 0.948470209339775 1
0.8625 0.835106382978723 0.886792452830189 0.935216780409474 0.88 0.804347826086957 0.944444444444444 0.909822866344606 1
0.88 0.867647058823529 0.892857142857143 0.94640356142457 0.89 0.866666666666667 0.909090909090909 0.952323232323232 1
0.855 0.846153846153846 0.863414634146341 0.936560350218887 0.87 0.872340425531915 0.867924528301887 0.924528301886792 1
0.89 0.9 0.878947368421053 0.951127819548872 0.86 0.851063829787234 0.867924528301887 0.921316740264954 1
0.8975 0.911330049261084 0.883248730964467 0.955665024630542 0.91 0.925 0.9 0.95375 1
0.8725 0.884615384615385 0.859375 0.948417467948718 0.87 0.803921568627451 0.938775510204082 0.945178071228491 1
0.8875 0.863636363636364 0.90625 0.951070413961039 0.86 0.836734693877551 0.882352941176471 0.955582232893157 1
0.8475 0.825641025641026 0.868292682926829 0.927804878048781 0.87 0.836734693877551 0.901960784313726 0.945978391356543 1
0.8675 0.870192307692308 0.864583333333333 0.938977363782051 0.88 0.872340425531915 0.886792452830189 0.957045363307908 1
0.87 0.851282051282051 0.88780487804878 0.938861788617886 0.81 0.783333333333333 0.85 0.90125 1
0.8875 0.867403314917127 0.904109589041096 0.948030979590807 0.87 0.882352941176471 0.857142857142857 0.941176470588235 1
0.8525 0.839805825242718 0.865979381443299 0.939120208187369 0.88 0.877551020408163 0.882352941176471 0.930772308923569 1
0.87 0.883720930232558 0.854054054054054 0.943808925204274 0.88 0.882352941176471 0.877551020408163 0.947178871548619 1
0.8525 0.869565217391304 0.83419689119171 0.943180395985082 0.89 0.904761904761905 0.879310344827586 0.962233169129721 1
0.8325 0.851851851851852 0.809782608695652 0.906023550724638 0.89 0.87037037037037 0.91304347826087 0.958937198067633 1
0.8825 0.895522388059702 0.869346733668342 0.938798469961749 0.87 0.86 0.88 0.922 1
0.8875 0.88659793814433 0.888349514563107 0.955585026523871 0.84 0.865384615384615 0.8125 0.92588141025641 1
0.86 0.865 0.855 0.93215 0.89 0.872727272727273 0.911111111111111 0.963232323232323 1
0.82 0.806122448979592 0.833333333333333 0.921518607442977 0.84 0.836734693877551 0.843137254901961 0.917567026810724 1
0.825 0.814814814814815 0.834123222748815 0.903006594949723 0.89 0.886792452830189 0.893617021276596 0.957446808510638 1
0.885 0.885714285714286 0.884210526315789 0.941729323308271 0.82 0.810810810810811 0.825396825396825 0.919347919347919 1
0.8875 0.885572139303483 0.889447236180904 0.955398884972124 0.84 0.769230769230769 0.916666666666667 0.935096153846154 1
0.8775 0.882051282051282 0.873170731707317 0.945741088180113 0.87 0.890909090909091 0.844444444444444 0.941010101010101 1
0.8725 0.85024154589372 0.896373056994819 0.937148006307727 0.92 0.895833333333333 0.942307692307692 0.958733974358974 1
0.8825 0.883495145631068 0.881443298969072 0.955760184165749 0.8 0.770833333333333 0.826923076923077 0.903445512820513 1
0.8575 0.869158878504673 0.844086021505376 0.942895186413426 0.86 0.865384615384615 0.854166666666667 0.928285256410256 1
0.8775 0.876847290640394 0.878172588832487 0.941386812032707 0.86 0.807692307692308 0.916666666666667 0.932692307692308 1
0.855 0.85981308411215 0.849462365591398 0.930685358255452 0.83 0.830188679245283 0.829787234042553 0.919309514251305 1
0.845 0.831683168316832 0.858585858585859 0.934818481848185 0.9 0.902439024390244 0.898305084745763 0.969408846630839 1
0.83 0.838095238095238 0.821052631578947 0.9265664160401 0.82 0.85 0.775 0.897083333333333 1
0.885 0.879396984924623 0.890547263681592 0.94982374559364 0.84 0.730769230769231 0.958333333333333 0.941907051282051 1
0.865 0.876847290640394 0.852791878172589 0.94668800480108 0.88 0.877551020408163 0.882352941176471 0.954781912765106 1
0.905 0.893617021276596 0.915094339622642 0.952177840224809 0.84 0.824561403508772 0.86046511627907 0.929416564667483 1
0.8575 0.846938775510204 0.867647058823529 0.930222088835534 0.81 0.837209302325581 0.789473684210526 0.937168502651979 1
0.865 0.886363636363636 0.838888888888889 0.930025252525252 0.87 0.84 0.9 0.9376 1
0.9025 0.900990099009901 0.904040404040404 0.962221222122212 0.84 0.821428571428571 0.863636363636364 0.917207792207792 1
0.8625 0.854922279792746 0.869565217391304 0.940301869790493 0.88 0.851063829787234 0.905660377358491 0.961862705740666 1
0.865 0.840659340659341 0.885321100917431 0.93320899284202 0.9 0.895833333333333 0.903846153846154 0.94911858974359 1
0.8875 0.89 0.885 0.954675 0.92 0.914893617021277 0.924528301886792 0.966278602970695 1
0.845 0.846938775510204 0.843137254901961 0.91921768707483 0.89 0.863636363636364 0.910714285714286 0.945616883116883 1
0.8925 0.893719806763285 0.89119170984456 0.959825786588571 0.91 0.918367346938776 0.901960784313726 0.963185274109644 1
0.8925 0.88659793814433 0.898058252427185 0.949929936943249 0.89 0.865384615384615 0.916666666666667 0.935096153846154 1
0.845 0.841584158415842 0.848484848484849 0.923592359235924 0.85 0.843137254901961 0.857142857142857 0.916366546618647 1
0.895 0.913636363636364 0.872222222222222 0.946792929292929 0.89 0.94 0.84 0.9652 1
0.9 0.893401015228426 0.9064039408867 0.963591808156835 0.84 0.886363636363636 0.803571428571429 0.925324675324675 1
0.8525 0.829145728643216 0.875621890547264 0.930923273081827 0.86 0.909090909090909 0.821428571428571 0.948051948051948 1
0.89 0.882978723404255 0.89622641509434 0.961636892814131 0.87 0.854545454545454 0.888888888888889 0.946666666666667 1
0.8675 0.86 0.875 0.9378 0.86 0.822222222222222 0.890909090909091 0.93010101010101 1
0.8675 0.862745098039216 0.872448979591837 0.926145458183273 0.85 0.818181818181818 0.888888888888889 0.915151515151515 1
0.8625 0.853535353535353 0.871287128712871 0.93049304930493 0.81 0.8 0.82 0.9188 1
0.8325 0.841860465116279 0.821621621621622 0.926360779384035 0.85 0.942307692307692 0.75 0.942708333333333 1
0.875 0.855614973262032 0.892018779342723 0.942607516758304 0.93 0.894736842105263 0.951612903225806 0.98641765704584 1
0.88 0.901408450704225 0.855614973262032 0.948532550023851 0.84 0.846153846153846 0.833333333333333 0.925080128205128 1
0.875 0.853260869565217 0.893518518518518 0.945727657004831 0.82 0.803571428571429 0.840909090909091 0.925730519480519 1
0.8775 0.869109947643979 0.885167464114832 0.950725218567599 0.82 0.777777777777778 0.854545454545454 0.884848484848485 1
0.8425 0.846153846153846 0.839024390243902 0.927329580988118 0.86 0.862745098039216 0.857142857142857 0.941176470588235 1
0.8775 0.860696517412935 0.894472361809045 0.943448586214655 0.87 0.890909090909091 0.844444444444444 0.94989898989899 1
0.86 0.887323943661972 0.828877005347594 0.936782907785393 0.88 0.963636363636364 0.777777777777778 0.966464646464646 1
0.8625 0.868020304568528 0.857142857142857 0.92345777800005 0.8 0.791666666666667 0.807692307692308 0.897836538461538 1
0.89 0.872340425531915 0.905660377358491 0.962063428342031 0.9 0.905660377358491 0.893617021276596 0.962665596146126 2
0.85 0.868932038834951 0.829896907216495 0.934140726653989 0.83 0.796296296296296 0.869565217391304 0.934782608695652 2
0.8675 0.866028708133971 0.869109947643979 0.943260101705955 0.91 0.904761904761905 0.918918918918919 0.974688974688975 2
0.8625 0.846153846153846 0.876146788990826 0.932578889000907 0.77 0.723404255319149 0.811320754716981 0.897631473303894 2
0.855 0.849462365591398 0.85981308411215 0.925560245201487 0.94 0.941176470588235 0.938775510204082 0.970388155262105 2
0.8925 0.901477832512315 0.883248730964467 0.958790727913781 0.92 0.914893617021277 0.924528301886792 0.971497390606182 2
0.9025 0.896039603960396 0.909090909090909 0.965171517151715 0.91 0.906976744186046 0.912280701754386 0.935128518971848 2
0.8875 0.868932038834951 0.907216494845361 0.947477729956961 0.84 0.867924528301887 0.808510638297872 0.904456041750301 2
0.8775 0.882075471698113 0.872340425531915 0.946557607386592 0.8 0.76 0.84 0.9072 2
0.84 0.847222222222222 0.831521739130435 0.924718196457327 0.88 0.884615384615385 0.875 0.951923076923077 2
0.8975 0.893048128342246 0.901408450704225 0.960307298335467 0.84 0.884615384615385 0.791666666666667 0.909054487179487 2
0.8775 0.876190476190476 0.878947368421053 0.95280701754386 0.86 0.872340425531915 0.849056603773585 0.923323966278603 2
0.85 0.844221105527638 0.855721393034826 0.932073301832546 0.82 0.80952380952381 0.827586206896552 0.916666666666667 2
0.8225 0.811224489795918 0.833333333333333 0.922694077631052 0.81 0.8 0.822222222222222 0.917171717171717 2
0.88 0.880184331797235 0.879781420765027 0.946891289567122 0.84 0.878048780487805 0.813559322033898 0.918147995039272 2
0.88 0.876847290640394 0.883248730964467 0.948163336750769 0.82 0.853658536585366 0.796610169491525 0.902025630425796 2
0.885 0.898230088495575 0.867816091954023 0.949420201403723 0.85 0.886792452830189 0.808510638297872 0.951425130469691 2
0.8875 0.89 0.885 0.95905 0.85 0.872340425531915 0.830188679245283 0.931754315535929 2
0.8575 0.85427135678392 0.860696517412935 0.942673566839171 0.8 0.823529411764706 0.775510204081633 0.91796718687475 2
0.87 0.85427135678392 0.885572139303483 0.945073626840671 0.8 0.759259259259259 0.847826086956522 0.939613526570048 2
0.8675 0.880597014925373 0.85427135678392 0.949048726218156 0.9 0.847826086956522 0.944444444444444 0.940016103059581 2
0.85 0.844660194174757 0.855670103092783 0.932013812431188 0.82 0.818181818181818 0.821428571428571 0.935064935064935 2
0.89 0.898550724637681 0.880829015544041 0.963355110009762 0.88 0.869565217391304 0.888888888888889 0.936795491143317 2
0.8925 0.893719806763285 0.89119170984456 0.953217691672299 0.86 0.883333333333333 0.825 0.935 2
0.87 0.852040816326531 0.887254901960784 0.943102240896359 0.9 0.882352941176471 0.918367346938776 0.970388155262105 2
0.8825 0.879396984924623 0.885572139303483 0.947898697467437 0.8 0.627450980392157 0.979591836734694 0.91156462585034 2
0.8725 0.897674418604651 0.843243243243243 0.943079824010057 0.85 0.847826086956522 0.851851851851852 0.935185185185185 2
0.8425 0.821052631578947 0.861904761904762 0.927694235588972 0.82 0.755102040816326 0.882352941176471 0.895958383353341 2
0.8575 0.867298578199052 0.846560846560847 0.945184182151007 0.86 0.836734693877551 0.882352941176471 0.933573429371749 2
0.8775 0.870192307692308 0.885416666666667 0.949819711538462 0.89 0.882352941176471 0.897959183673469 0.950380152060824 2
0.8375 0.835051546391753 0.839805825242718 0.922179961965769 0.86 0.818181818181818 0.911111111111111 0.944242424242424 2
0.8675 0.888888888888889 0.842391304347826 0.946105072463768 0.89 0.893617021276596 0.886792452830189 0.948213568847852 2
0.8825 0.850574712643678 0.907079646017699 0.946495778659343 0.86 0.8125 0.903846153846154 0.931490384615385 2
0.875 0.850267379679144 0.896713615023474 0.939293515101303 0.54 0.14 0.94 0.6892 2
0.8575 0.85981308411215 0.854838709677419 0.940056275751181 0.83 0.866666666666667 0.8 0.913131313131313 2
0.895 0.892682926829268 0.897435897435897 0.956622889305816 0.87 0.862068965517241 0.880952380952381 0.942528735632184 2
0.8575 0.852040816326531 0.862745098039216 0.939325730292117 0.82 0.783333333333333 0.875 0.90875 2
0.8575 0.861904761904762 0.852631578947368 0.936591478696742 0.87 0.888888888888889 0.854545454545454 0.945454545454545 2
0.8625 0.875598086124402 0.848167539267016 0.940304115834565 0.87 0.849056603773585 0.893617021276596 0.95303091128061 2
0.8925 0.87431693989071 0.907834101382488 0.963687643222281 0.89 0.827586206896552 0.976190476190476 0.949507389162562 2
0.8575 0.845360824742268 0.868932038834951 0.939145230707637 0.86 0.826086956521739 0.888888888888889 0.950080515297907 2
0.865 0.840425531914894 0.886792452830189 0.937374548374147 0.88 0.804347826086957 0.944444444444444 0.904186795491143 2
0.88 0.872549019607843 0.887755102040816 0.946478591436575 0.9 0.866666666666667 0.927272727272727 0.953535353535354 2
0.85 0.841025641025641 0.858536585365854 0.935834896810507 0.86 0.851063829787234 0.867924528301887 0.927739863508631 2
0.8925 0.904761904761905 0.878947368421053 0.951729323308271 0.84 0.829787234042553 0.849056603773585 0.924126856684063 2
0.89 0.901477832512315 0.878172588832487 0.95561501337801 0.93 0.925 0.933333333333333 0.954166666666667 2
0.8775 0.879807692307692 0.875 0.947841546474359 0.87 0.784313725490196 0.959183673469388 0.946378551420568 2
0.885 0.863636363636364 0.901785714285714 0.950867491883117 0.85 0.816326530612245 0.882352941176471 0.948779511804722 2
0.8475 0.830769230769231 0.863414634146341 0.928405253283302 0.87 0.836734693877551 0.901960784313726 0.948779511804722 2
0.87 0.870192307692308 0.869791666666667 0.94063000801282 0.89 0.872340425531915 0.905660377358491 0.957446808510638 2
0.87 0.846153846153846 0.892682926829268 0.939086929330832 0.81 0.783333333333333 0.85 0.892083333333333 2
0.8875 0.87292817679558 0.899543378995434 0.949065314463029 0.86 0.862745098039216 0.857142857142857 0.935974389755902 2
0.85 0.83495145631068 0.865979381443299 0.939295365829246 0.88 0.877551020408163 0.882352941176471 0.932372949179672 2
0.8725 0.888372093023256 0.854054054054054 0.941319924575739 0.89 0.901960784313726 0.877551020408163 0.951580632252901 2
0.85 0.864734299516908 0.83419689119171 0.943255487972767 0.88 0.904761904761905 0.862068965517241 0.960180623973727 2
0.825 0.837962962962963 0.809782608695652 0.906350644122383 0.91 0.907407407407407 0.91304347826087 0.961755233494364 2
0.8725 0.885572139303483 0.85929648241206 0.937923448086202 0.84 0.78 0.9 0.928 2
0.8925 0.896907216494845 0.888349514563107 0.957211490341307 0.87 0.884615384615385 0.854166666666667 0.93349358974359 2
0.8575 0.86 0.855 0.930125 0.91 0.909090909090909 0.911111111111111 0.960808080808081 2
0.82 0.811224489795918 0.82843137254902 0.92249399759904 0.85 0.836734693877551 0.862745098039216 0.912364945978391 2
0.815 0.783068783068783 0.843601895734597 0.903658567165676 0.9 0.886792452830189 0.914893617021277 0.961059815335207 2
0.8875 0.885714285714286 0.889473684210526 0.94280701754386 0.84 0.810810810810811 0.857142857142857 0.921921921921922 2
0.89 0.890547263681592 0.889447236180904 0.955448886222156 0.84 0.769230769230769 0.916666666666667 0.935096153846154 2
0.88 0.882051282051282 0.878048780487805 0.945716072545341 0.88 0.890909090909091 0.866666666666667 0.940606060606061 2
0.87 0.845410628019324 0.896373056994819 0.936447147756001 0.91 0.875 0.942307692307692 0.955929487179487 2
0.885 0.883495145631068 0.88659793814433 0.955484936442799 0.82 0.791666666666667 0.846153846153846 0.904246794871795 2
0.855 0.869158878504673 0.838709677419355 0.94269420158778 0.84 0.826923076923077 0.854166666666667 0.919070512820513 2
0.8775 0.876847290640394 0.878172588832487 0.941886924558026 0.84 0.769230769230769 0.916666666666667 0.92948717948718 2
0.8575 0.85981308411215 0.854838709677419 0.931589789970857 0.84 0.849056603773585 0.829787234042553 0.921316740264954 2
0.8525 0.841584158415842 0.863636363636364 0.933818381838184 0.89 0.926829268292683 0.864406779661017 0.970649028524184 2
0.825 0.828571428571429 0.821052631578947 0.926040100250627 0.82 0.833333333333333 0.8 0.895 2
0.8825 0.869346733668342 0.895522388059702 0.949473736843421 0.86 0.769230769230769 0.958333333333333 0.939503205128205 2
0.8725 0.886699507389163 0.857868020304569 0.949288589932735 0.88 0.877551020408163 0.882352941176471 0.945578231292517 2
0.905 0.888297872340426 0.919811320754717 0.951124046567643 0.83 0.824561403508772 0.837209302325581 0.923296613627091 2
0.8575 0.846938775510204 0.867647058823529 0.929571828731493 0.83 0.883720930232558 0.789473684210526 0.940024479804162 2
0.8625 0.881818181818182 0.838888888888889 0.928535353535354 0.87 0.84 0.9 0.94 2
0.9 0.900990099009901 0.898989898989899 0.962571257125713 0.86 0.839285714285714 0.886363636363636 0.919237012987013 2
0.8675 0.860103626943005 0.8743961352657 0.940902605691973 0.88 0.851063829787234 0.905660377358491 0.964271376957045 2
0.865 0.840659340659341 0.885321100917431 0.934620425446114 0.91 0.916666666666667 0.903846153846154 0.952323717948718 2
0.8825 0.885 0.88 0.953475 0.92 0.914893617021277 0.924528301886792 0.965877157767965 2
0.8425 0.841836734693878 0.843137254901961 0.919642857142857 0.89 0.863636363636364 0.910714285714286 0.941152597402597 2
0.89 0.893719806763285 0.886010362694301 0.959400265325023 0.88 0.877551020408163 0.882352941176471 0.951980792316927 2
0.8875 0.871134020618557 0.902912621359223 0.951831648483635 0.89 0.865384615384615 0.916666666666667 0.930288461538461 2
0.85 0.846534653465347 0.853535353535353 0.924117411741174 0.86 0.823529411764706 0.897959183673469 0.927170868347339 2
0.8925 0.904545454545455 0.877777777777778 0.94739898989899 0.88 0.94 0.82 0.97 2
0.895 0.888324873096447 0.901477832512315 0.962541571853667 0.84 0.886363636363636 0.803571428571429 0.920454545454545 2
0.85 0.829145728643216 0.870646766169154 0.929748243706093 0.83 0.840909090909091 0.821428571428571 0.948457792207792 2
0.895 0.888297872340426 0.900943396226415 0.961712163789643 0.85 0.836363636363636 0.866666666666667 0.944242424242424 2
0.8725 0.87 0.875 0.939025 0.86 0.822222222222222 0.890909090909091 0.92969696969697 2
0.865 0.862745098039216 0.86734693877551 0.92562024809924 0.85 0.818181818181818 0.888888888888889 0.913535353535354 2
0.8575 0.848484848484849 0.866336633663366 0.930943094309431 0.8 0.8 0.8 0.9184 2
0.845 0.851162790697674 0.837837837837838 0.928045254556882 0.85 0.903846153846154 0.791666666666667 0.935496794871795 2
0.875 0.855614973262032 0.892018779342723 0.942959001782531 0.93 0.894736842105263 0.951612903225806 0.983870967741935 2
0.8825 0.901408450704225 0.86096256684492 0.950440611583942 0.87 0.865384615384615 0.875 0.922275641025641 2
0.8725 0.853260869565217 0.888888888888889 0.945803140096618 0.84 0.839285714285714 0.840909090909091 0.926136363636364 2
0.8775 0.869109947643979 0.885167464114832 0.950650066384429 0.82 0.777777777777778 0.854545454545454 0.886060606060606 2
0.84 0.835897435897436 0.84390243902439 0.927029393370857 0.85 0.843137254901961 0.857142857142857 0.945178071228491 2
0.875 0.855721393034826 0.894472361809045 0.942948573714343 0.88 0.890909090909091 0.866666666666667 0.949090909090909 2
0.8575 0.882629107981221 0.828877005347594 0.935979513444302 0.9 0.963636363636364 0.822222222222222 0.96 2
0.86 0.862944162436548 0.857142857142857 0.923957890525368 0.81 0.8125 0.807692307692308 0.901442307692308 2
0.89 0.888297872340426 0.891509433962264 0.960808912083501 0.89 0.886792452830189 0.893617021276596 0.957045363307908 3
0.8525 0.864077669902913 0.84020618556701 0.934140726653989 0.83 0.796296296296296 0.869565217391304 0.930756843800322 3
0.87 0.875598086124402 0.863874345549738 0.942708985696034 0.9 0.904761904761905 0.891891891891892 0.971256971256971 3
0.8575 0.835164835164835 0.876146788990826 0.931520314547837 0.8 0.74468085106383 0.849056603773585 0.905258932155761 3
0.845 0.833333333333333 0.855140186915888 0.92407798211235 0.93 0.941176470588235 0.918367346938776 0.965586234493798 3
0.8875 0.896551724137931 0.878172588832487 0.955940086519467 0.92 0.914893617021277 0.924528301886792 0.970694500200723 3
0.9025 0.896039603960396 0.909090909090909 0.965146514651465 0.9 0.837209302325581 0.947368421052632 0.934312525499796 3
0.8875 0.87378640776699 0.902061855670103 0.945951356220599 0.81 0.867924528301887 0.74468085106383 0.892011240465676 3
0.8725 0.877358490566038 0.867021276595745 0.945453633079085 0.83 0.82 0.84 0.9144 3
0.835 0.842592592592593 0.826086956521739 0.923535628019324 0.84 0.846153846153846 0.833333333333333 0.944711538461538 3
0.89 0.882352941176471 0.896713615023474 0.959453691848058 0.81 0.826923076923077 0.791666666666667 0.897435897435897 3
0.8675 0.866666666666667 0.868421052631579 0.951553884711779 0.86 0.851063829787234 0.867924528301887 0.93054997992774 3
0.84 0.834170854271357 0.845771144278607 0.931273281832046 0.84 0.80952380952381 0.862068965517241 0.911330049261084 3
0.8225 0.806122448979592 0.838235294117647 0.920518207282913 0.82 0.818181818181818 0.822222222222222 0.907070707070707 3
0.8675 0.861751152073733 0.87431693989071 0.943743547128 0.85 0.902439024390244 0.813559322033898 0.904919388176933 3
0.8775 0.87192118226601 0.883248730964467 0.945462729114051 0.81 0.853658536585366 0.779661016949153 0.898305084745763 3
0.885 0.898230088495575 0.867816091954023 0.948835316854847 0.85 0.905660377358491 0.787234042553192 0.945804897631473 3
0.88 0.875 0.885 0.95755 0.83 0.851063829787234 0.811320754716981 0.933761541549578 3
0.8625 0.85427135678392 0.870646766169154 0.941548538713468 0.81 0.823529411764706 0.795918367346939 0.908363345338135 3
0.875 0.85929648241206 0.890547263681592 0.944898622465562 0.81 0.777777777777778 0.847826086956522 0.937600644122383 3
0.8675 0.875621890547264 0.85929648241206 0.94924873121828 0.87 0.804347826086957 0.925925925925926 0.928341384863124 3
0.8475 0.839805825242718 0.855670103092783 0.93056250625563 0.84 0.818181818181818 0.857142857142857 0.931006493506494 3
0.89 0.903381642512077 0.875647668393782 0.961502840980201 0.88 0.891304347826087 0.87037037037037 0.940418679549114 3
0.8925 0.898550724637681 0.886010362694301 0.951265299992491 0.88 0.916666666666667 0.825 0.933333333333333 3
0.875 0.862244897959184 0.887254901960784 0.943877551020408 0.89 0.882352941176471 0.897959183673469 0.97078831532613 3
0.885 0.884422110552764 0.885572139303483 0.947048676216905 0.88 0.843137254901961 0.918367346938776 0.942376950780312 3
0.8725 0.897674418604651 0.843243243243243 0.943104965430547 0.88 0.891304347826087 0.87037037037037 0.92914653784219 3
0.83 0.810526315789474 0.847619047619048 0.92593984962406 0.8 0.73469387755102 0.862745098039216 0.894757903161264 3
0.8525 0.85781990521327 0.846560846560847 0.942551217432734 0.86 0.836734693877551 0.882352941176471 0.933973589435774 3
0.8725 0.865384615384615 0.880208333333333 0.950020032051282 0.87 0.843137254901961 0.897959183673469 0.951980792316927 3
0.84 0.84020618556701 0.839805825242718 0.921579421479331 0.87 0.818181818181818 0.933333333333333 0.944242424242424 3
0.865 0.888888888888889 0.83695652173913 0.945702495974235 0.9 0.893617021276596 0.905660377358491 0.947410678442393 3
0.8875 0.862068965517241 0.907079646017699 0.945300579798596 0.85 0.8125 0.884615384615385 0.932291666666667 3
0.87 0.839572192513369 0.896713615023474 0.937686726419121 0.8 0.82 0.78 0.9056 3
0.86 0.855140186915888 0.865591397849462 0.937267611295347 0.85 0.822222222222222 0.872727272727273 0.92040404040404 3
0.89 0.882926829268293 0.897435897435897 0.955722326454034 0.89 0.879310344827586 0.904761904761905 0.940886699507389 3
0.8625 0.852040816326531 0.872549019607843 0.93765006002401 0.82 0.783333333333333 0.875 0.912083333333333 3
0.85 0.852380952380952 0.847368421052632 0.933934837092732 0.87 0.888888888888889 0.854545454545454 0.941818181818182 3
0.86 0.870813397129187 0.848167539267016 0.941531601493023 0.87 0.830188679245283 0.914893617021277 0.951425130469691 3
0.8875 0.879781420765027 0.894009216589862 0.963184004432021 0.86 0.810344827586207 0.928571428571429 0.947454844006568 3
0.855 0.855670103092783 0.854368932038835 0.937794014613152 0.85 0.782608695652174 0.907407407407407 0.935185185185185 3
0.8575 0.829787234042553 0.882075471698113 0.936120032115616 0.87 0.782608695652174 0.944444444444444 0.906602254428341 3
0.8775 0.867647058823529 0.887755102040816 0.947353941576631 0.89 0.888888888888889 0.890909090909091 0.952323232323232 3
0.845 0.830769230769231 0.858536585365854 0.93255784865541 0.88 0.893617021276596 0.867924528301887 0.926134082697712 3
0.885 0.895238095238095 0.873684210526316 0.950426065162907 0.83 0.808510638297872 0.849056603773585 0.918908069048575 3
0.8925 0.9064039408867 0.878172588832487 0.95548998524668 0.9 0.875 0.916666666666667 0.954166666666667 3
0.875 0.879807692307692 0.869791666666667 0.947315705128205 0.89 0.823529411764706 0.959183673469388 0.939975990396158 3
0.89 0.869318181818182 0.90625 0.950436282467532 0.85 0.795918367346939 0.901960784313726 0.949979991996799 3
0.85 0.841025641025641 0.858536585365854 0.92635397123202 0.87 0.836734693877551 0.901960784313726 0.951180472188876 3
0.8675 0.870192307692308 0.864583333333333 0.938802083333333 0.88 0.851063829787234 0.905660377358491 0.958651144118828 3
0.87 0.851282051282051 0.88780487804878 0.937836147592245 0.81 0.783333333333333 0.85 0.887083333333333 3
0.89 0.87292817679558 0.904109589041096 0.949241908221701 0.86 0.843137254901961 0.877551020408163 0.935574229691877 3
0.845 0.83495145631068 0.855670103092783 0.937143429086178 0.89 0.877551020408163 0.901960784313726 0.932773109243697 3
0.87 0.87906976744186 0.859459459459459 0.940062853551226 0.88 0.882352941176471 0.877551020408163 0.938775510204082 3
0.8575 0.869565217391304 0.844559585492228 0.940977697679658 0.87 0.857142857142857 0.879310344827586 0.950328407224959 3
0.8375 0.861111111111111 0.809782608695652 0.904639694041868 0.89 0.851851851851852 0.934782608695652 0.946054750402576 3
0.87 0.875621890547264 0.864321608040201 0.936598414960374 0.87 0.86 0.88 0.9164 3
0.8925 0.896907216494845 0.888349514563107 0.955534981483335 0.86 0.884615384615385 0.833333333333333 0.934294871794872 3
0.86 0.86 0.86 0.9316 0.9 0.890909090909091 0.911111111111111 0.957171717171717 3
0.8225 0.811224489795918 0.833333333333333 0.920143057222889 0.86 0.857142857142857 0.862745098039216 0.90796318527411 3
0.8175 0.788359788359788 0.843601895734597 0.900674540484967 0.89 0.886792452830189 0.893617021276596 0.957446808510638 3
0.89 0.880952380952381 0.9 0.941954887218045 0.83 0.783783783783784 0.857142857142857 0.919347919347919 3
0.895 0.895522388059702 0.894472361809045 0.955273881847046 0.84 0.769230769230769 0.916666666666667 0.933092948717949 3
0.875 0.882051282051282 0.868292682926829 0.944915572232645 0.86 0.872727272727273 0.844444444444444 0.935353535353535 3
0.87 0.845410628019324 0.896373056994819 0.931741383194413 0.91 0.875 0.942307692307692 0.954727564102564 3
0.8825 0.883495145631068 0.881443298969072 0.952206986287659 0.8 0.75 0.846153846153846 0.903846153846154 3
0.855 0.869158878504673 0.838709677419355 0.94216661642046 0.83 0.826923076923077 0.833333333333333 0.916666666666667 3
0.8825 0.891625615763547 0.873096446700508 0.939861468830487 0.84 0.769230769230769 0.916666666666667 0.934695512820513 3
0.855 0.855140186915888 0.854838709677419 0.928700633102201 0.84 0.849056603773585 0.829787234042553 0.917302288237656 3
0.8525 0.851485148514851 0.853535353535353 0.933243324332433 0.89 0.902439024390244 0.88135593220339 0.969408846630839 3
0.83 0.838095238095238 0.821052631578947 0.9268671679198 0.84 0.833333333333333 0.85 0.897083333333333 3
0.885 0.879396984924623 0.890547263681592 0.949198729968249 0.86 0.788461538461538 0.9375 0.940304487179487 3
0.8775 0.891625615763547 0.862944162436548 0.948688454902353 0.86 0.836734693877551 0.882352941176471 0.933173269307723 3
0.9 0.882978723404255 0.915094339622642 0.950321156162184 0.83 0.824561403508772 0.837209302325581 0.924520603835169 3
0.8475 0.841836734693878 0.852941176470588 0.929546818727491 0.81 0.837209302325581 0.789473684210526 0.928192574459404 3
0.855 0.886363636363636 0.816666666666667 0.928358585858586 0.88 0.84 0.92 0.9304 3
0.9075 0.915841584158416 0.898989898989899 0.961021102110211 0.85 0.839285714285714 0.863636363636364 0.912743506493507 3
0.865 0.870466321243523 0.859903381642512 0.939125428650096 0.89 0.851063829787234 0.924528301886792 0.958651144118828 3
0.8625 0.82967032967033 0.889908256880734 0.933511442685755 0.88 0.875 0.884615384615385 0.942708333333333 3
0.885 0.89 0.88 0.953 0.92 0.893617021276596 0.943396226415094 0.969891609795263 3
0.8425 0.841836734693878 0.843137254901961 0.918792517006803 0.89 0.863636363636364 0.910714285714286 0.931818181818182 3
0.895 0.903381642512077 0.886010362694301 0.95904983604916 0.89 0.897959183673469 0.882352941176471 0.949979991996799 3
0.8875 0.865979381443299 0.907766990291262 0.949004103693324 0.86 0.807692307692308 0.916666666666667 0.926682692307692 3
0.8475 0.846534653465347 0.848484848484849 0.922517251725173 0.87 0.843137254901961 0.897959183673469 0.921968787515006 3
0.8975 0.913636363636364 0.877777777777778 0.946186868686869 0.87 0.92 0.82 0.9648 3
0.895 0.888324873096447 0.901477832512315 0.96069115550999 0.82 0.863636363636364 0.785714285714286 0.922077922077922 3
0.855 0.839195979899497 0.870646766169154 0.929298232455811 0.84 0.863636363636364 0.821428571428571 0.943587662337662 3
0.88 0.867021276595745 0.891509433962264 0.959730028101164 0.84 0.818181818181818 0.866666666666667 0.941818181818182 3
0.875 0.87 0.88 0.939325 0.87 0.844444444444444 0.890909090909091 0.925656565656566 3
0.87 0.862745098039216 0.877551020408163 0.926645658263305 0.83 0.781818181818182 0.888888888888889 0.909494949494949 3
0.86 0.848484848484849 0.871287128712871 0.928367836783678 0.81 0.82 0.8 0.9196 3
0.8425 0.846511627906977 0.837837837837838 0.924047768698931 0.86 0.923076923076923 0.791666666666667 0.948717948717949 3
0.875 0.850267379679144 0.896713615023474 0.941276894880872 0.92 0.868421052631579 0.951612903225806 0.985144312393888 3
0.8775 0.896713615023474 0.855614973262032 0.94938615651126 0.84 0.865384615384615 0.8125 0.920673076923077 3
0.875 0.864130434782609 0.884259259259259 0.944847020933977 0.82 0.785714285714286 0.863636363636364 0.926136363636364 3
0.8775 0.863874345549738 0.889952153110048 0.950149051829956 0.81 0.755555555555556 0.854545454545454 0.892929292929293 3
0.845 0.846153846153846 0.84390243902439 0.927379612257661 0.87 0.843137254901961 0.897959183673469 0.933973589435774 3
0.8725 0.855721393034826 0.889447236180904 0.942273556838921 0.88 0.890909090909091 0.866666666666667 0.948282828282828 3
0.8575 0.882629107981221 0.828877005347594 0.937611408199644 0.91 0.981818181818182 0.822222222222222 0.967272727272727 3
0.86 0.862944162436548 0.857142857142857 0.923232727363657 0.81 0.791666666666667 0.826923076923077 0.903044871794872 3
