0.75 0.666666666666667 0.818181818181818 0.893939393939394 0.84 0.707317073170732 0.932203389830508 0.857792476229847 1
1 1 1 1 0.78 0.745454545454545 0.822222222222222 0.783838383838384 1
1 1 1 1 0.85 0.842105263157895 0.86046511627907 0.869645042839657 1
0.95 0.95 0.95 0.985 0.85 0.833333333333333 0.869565217391304 0.921900161030596 1
0.925 0.952380952380952 0.894736842105263 0.977443609022556 0.82 0.8 0.836363636363636 0.90989898989899 1
1 1 1 1 0.8 0.764705882352941 0.836734693877551 0.798319327731092 1
0.9 0.875 0.916666666666667 0.950520833333333 0.85 0.723404255319149 0.962264150943396 0.937374548374147 1
0.95 0.866666666666667 1 0.973333333333333 0.78 0.711538461538462 0.854166666666667 0.871794871794872 1
0.95 0.952380952380952 0.947368421052632 0.974937343358396 0.79 0.761904761904762 0.810344827586207 0.840311986863711 1
0.925 0.954545454545455 0.888888888888889 0.982323232323232 0.74 0.649122807017544 0.86046511627907 0.811301509587923 1
0.975 1 0.96 0.989333333333333 0.83 0.666666666666667 0.980769230769231 0.910657051282051 1
1 1 1 1 0.84 0.796296296296296 0.891304347826087 0.846618357487923 1
1 1 1 1 0.82 0.851063829787234 0.792452830188679 0.853673223604978 1
1 1 1 1 0.81 0.644444444444444 0.945454545454545 0.803434343434343 1
0.95 0.952380952380952 0.947368421052632 0.987468671679198 0.77 0.745098039215686 0.795918367346939 0.85234093637455 1
1 1 1 1 0.84 0.733333333333333 0.927272727272727 0.84020202020202 1
0.925 1 0.8 0.962666666666667 0.82 0.767441860465116 0.859649122807018 0.913096695226438 1
1 1 1 1 0.86 0.872340425531915 0.849056603773585 0.857888398233641 1
0.925 0.888888888888889 0.954545454545455 0.962121212121212 0.8 0.853658536585366 0.76271186440678 0.918561389003721 1
1 1 1 1 0.85 0.888888888888889 0.818181818181818 0.859393939393939 1
0.925 0.958333333333333 0.875 0.9765625 0.9 0.854166666666667 0.942307692307692 0.923076923076923 1
1 1 1 1 0.87 0.882352941176471 0.857142857142857 0.908563425370148 1
0.875 0.888888888888889 0.863636363636364 0.95959595959596 0.9 0.882352941176471 0.918367346938776 0.971588635454182 1
0.85 0.888888888888889 0.818181818181818 0.936868686868687 0.79 0.642857142857143 0.977272727272727 0.858766233766234 1
0.9 0.769230769230769 0.962962962962963 0.971509971509972 0.8 0.775862068965517 0.833333333333333 0.855911330049261 1
0.85 0.875 0.8125 0.953125 0.83 0.88 0.78 0.9484 1
0.875 0.833333333333333 0.909090909090909 0.974747474747475 0.85 0.816326530612245 0.882352941176471 0.91156462585034 1
0.925 0.944444444444444 0.909090909090909 0.977272727272727 0.85 0.808510638297872 0.886792452830189 0.898032918506624 1
1 1 1 1 0.83 0.767857142857143 0.909090909090909 0.85836038961039 1
0.9 0.785714285714286 0.961538461538462 0.950549450549451 0.84 0.865384615384615 0.8125 0.93349358974359 1
1 1 1 1 0.77 0.816326530612245 0.725490196078431 0.792717086834734 1
0.8 0.8 0.8 0.9125 0.81 0.84 0.78 0.8816 1
1 1 1 1 0.82 0.68 0.96 0.884 1
0.9 0.91304347826087 0.882352941176471 0.974424552429668 0.79 0.703703703703704 0.891304347826087 0.874798711755233 1
1 1 1 1 0.8 0.727272727272727 0.857142857142857 0.834415584415584 1
0.925 0.947368421052632 0.904761904761905 0.954887218045113 0.83 0.733333333333333 0.909090909090909 0.875959595959596 1
0.875 0.91304347826087 0.823529411764706 0.946291560102302 0.82 0.739130434782609 0.888888888888889 0.87962962962963 1
0.925 0.956521739130435 0.882352941176471 0.961636828644501 0.87 0.863636363636364 0.875 0.947646103896104 1
0.9 0.8 0.96 0.952 0.77 0.8 0.733333333333333 0.855757575757576 1
1 1 1 1 0.77 0.711538461538462 0.833333333333333 0.777644230769231 1
0.875 0.916666666666667 0.8125 0.947916666666667 0.75 0.833333333333333 0.673076923076923 0.860977564102564 1
0.85 0.823529411764706 0.869565217391304 0.936061381074169 0.83 0.777777777777778 0.891304347826087 0.926328502415459 1
0.85 0.857142857142857 0.842105263157895 0.93734335839599 0.82 0.862745098039216 0.775510204081633 0.92797118847539 1
0.9 0.882352941176471 0.91304347826087 0.974424552429668 0.77 0.581818181818182 1 0.955959595959596 1
0.9 0.952380952380952 0.842105263157895 0.952380952380952 0.83 0.794871794871795 0.852459016393443 0.904161412358134 1
0.9 0.92 0.866666666666667 0.978666666666667 0.83 0.913793103448276 0.714285714285714 0.91871921182266 1
0.925 0.952380952380952 0.894736842105263 0.989974937343358 0.83 0.765957446808511 0.886792452830189 0.872340425531915 1
0.975 1 0.96 0.989333333333333 0.79 0.755102040816326 0.823529411764706 0.854941976790716 1
0.9 0.842105263157895 0.952380952380952 0.974937343358396 0.74 0.72 0.76 0.8652 1
0.95 0.941176470588235 0.956521739130435 0.982097186700767 0.8 0.654545454545455 0.977777777777778 0.894141414141414 1
1 1 1 1 0.8 0.816326530612245 0.784313725490196 0.836334533813525 1
0.9 0.956521739130435 0.823529411764706 0.953964194373402 0.83 0.890909090909091 0.755555555555556 0.905858585858586 1
0.925 0.952380952380952 0.894736842105263 0.977443609022556 0.88 0.85 0.925 0.96375 1
0.825 0.789473684210526 0.857142857142857 0.93734335839599 0.79 0.716981132075472 0.872340425531915 0.893215576073866 1
0.925 0.95 0.9 0.9675 0.89 0.914893617021277 0.867924528301887 0.955038137294259 1
1 1 1 1 0.84 0.760869565217391 0.907407407407407 0.839975845410628 1
0.925 0.952380952380952 0.894736842105263 0.972431077694236 0.82 0.730769230769231 0.916666666666667 0.912660256410256 1
0.925 0.916666666666667 0.9375 0.966145833333333 0.82 0.767857142857143 0.886363636363636 0.905844155844156 1
0.8 0.833333333333333 0.75 0.903645833333333 0.75 0.951219512195122 0.610169491525424 0.914014055394791 1
1 1 1 1 0.82 0.73469387755102 0.901960784313726 0.825130052020808 1
0.925 0.944444444444444 0.909090909090909 0.984848484848485 0.86 0.795918367346939 0.92156862745098 0.900760304121649 1
0.975 1 0.944444444444444 0.982323232323232 0.81 0.72 0.9 0.89 1
0.875 0.894736842105263 0.857142857142857 0.894736842105263 0.84 0.785714285714286 0.879310344827586 0.922824302134647 1
0.925 0.95 0.9 0.97 0.84 0.830188679245283 0.851063829787234 0.924528301886792 1
1 1 1 1 0.76 0.678571428571429 0.863636363636364 0.842126623376623 1
0.925 0.944444444444444 0.909090909090909 0.987373737373737 0.77 0.765957446808511 0.773584905660377 0.876354877559213 1
1 1 1 1 0.81 0.745762711864407 0.902439024390244 0.864820173625465 1
0.875 0.869565217391304 0.882352941176471 0.948849104859335 0.72 0.902439024390244 0.593220338983051 0.794543199669285 1
1 1 1 1 0.78 0.64 0.92 0.7872 1
0.875 0.923076923076923 0.785714285714286 0.953296703296703 0.81 0.945454545454545 0.644444444444444 0.871515151515152 1
0.875 0.85 0.9 0.96 0.82 0.8 0.836363636363636 0.880808080808081 1
1 1 1 1 0.8 0.755555555555556 0.836363636363636 0.814141414141414 1
0.85 0.75 0.916666666666667 0.921875 0.82 0.74 0.9 0.8884 1
1 1 1 1 0.83 0.803921568627451 0.857142857142857 0.877951180472189 1
1 1 1 1 0.75 0.707317073170732 0.779661016949153 0.763952046300124 1
1 1 1 1 0.88 0.843137254901961 0.918367346938776 0.879151660664266 1
0.875 0.9 0.85 0.975 0.87 0.818181818181818 0.910714285714286 0.935470779220779 1
1 1 1 1 0.77 0.6 0.977777777777778 0.856161616161616 1
0.85 0.842105263157895 0.857142857142857 0.942355889724311 0.78 0.74468085106383 0.811320754716981 0.799678843837816 1
1 1 1 1 0.81 0.679245283018868 0.957446808510638 0.844640706543557 1
0.9 0.882352941176471 0.91304347826087 0.946291560102302 0.78 0.660377358490566 0.914893617021277 0.848655158570855 1
0.875 0.857142857142857 0.894736842105263 0.964912280701754 0.78 0.873015873015873 0.621621621621622 0.875160875160875 1
0.925 0.947368421052632 0.904761904761905 0.979949874686717 0.87 0.910714285714286 0.818181818181818 0.950081168831169 1
0.95 0.941176470588235 0.956521739130435 0.994884910485934 0.75 0.6 0.872727272727273 0.844848484848485 1
0.9 0.9 0.9 0.9825 0.79 0.807692307692308 0.770833333333333 0.859975961538462 1
1 1 1 1 0.79 0.733333333333333 0.836363636363636 0.794141414141414 1
0.85 0.733333333333333 0.92 0.965333333333333 0.84 0.740740740740741 0.956521739130435 0.896135265700483 1
0.95 0.91304347826087 1 0.979539641943734 0.75 0.865384615384615 0.625 0.869591346153846 1
0.925 0.9 0.95 0.9725 0.9 0.866666666666667 0.927272727272727 0.93979797979798 1
0.9 0.863636363636364 0.944444444444444 0.95959595959596 0.83 0.830188679245283 0.829787234042553 0.927739863508631 1
0.925 0.95 0.9 0.9925 0.86 0.791666666666667 0.923076923076923 0.93349358974359 1
1 1 1 1 0.75 0.58695652173913 0.888888888888889 0.76610305958132 1
0.825 0.764705882352941 0.869565217391304 0.887468030690537 0.8 0.8 0.8 0.9136 1
0.85 0.875 0.833333333333333 0.9453125 0.76 0.58695652173913 0.907407407407407 0.847826086956522 1
0.85 0.884615384615385 0.785714285714286 0.964285714285714 0.82 0.818181818181818 0.821428571428571 0.894074675324675 1
0.825 0.764705882352941 0.869565217391304 0.933503836317136 0.76 0.739130434782609 0.777777777777778 0.848228663446055 1
1 1 1 1 0.8 0.673076923076923 0.9375 0.802884615384615 1
0.95 0.928571428571429 0.961538461538462 0.978021978021978 0.81 0.796296296296296 0.826086956521739 0.880434782608696 1
0.925 0.846153846153846 0.962962962962963 0.982905982905983 0.81 0.823529411764706 0.795918367346939 0.905962384953982 1
0.85 0.9 0.8 0.93 0.87 0.979591836734694 0.764705882352941 0.938375350140056 1
0.775 0.722222222222222 0.818181818181818 0.896464646464646 0.83 0.682926829268293 0.932203389830508 0.891277387350145 2
0.925 0.944444444444444 0.909090909090909 0.992424242424242 0.83 0.818181818181818 0.844444444444444 0.879191919191919 2
1 1 1 1 0.82 0.824561403508772 0.813953488372093 0.830273357813137 2
0.95 0.95 0.95 0.985 0.82 0.777777777777778 0.869565217391304 0.908615136876006 2
0.925 0.952380952380952 0.894736842105263 0.979949874686717 0.82 0.8 0.836363636363636 0.915959595959596 2
1 1 1 1 0.81 0.784313725490196 0.836734693877551 0.810524209683874 2
0.9 0.875 0.916666666666667 0.942708333333333 0.85 0.723404255319149 0.962264150943396 0.936170212765957 2
0.95 0.866666666666667 1 0.973333333333333 0.78 0.711538461538462 0.854166666666667 0.868589743589744 2
0.925 0.904761904761905 0.947368421052632 0.974937343358396 0.79 0.785714285714286 0.793103448275862 0.857553366174056 2
0.925 0.954545454545455 0.888888888888889 0.984848484848485 0.72 0.614035087719298 0.86046511627907 0.809261525907793 2
0.975 1 0.96 0.986666666666667 0.82 0.6875 0.942307692307692 0.911858974358974 2
1 1 1 1 0.8 0.759259259259259 0.847826086956522 0.844605475040258 2
0.95 0.95 0.95 0.985 0.8 0.765957446808511 0.830188679245283 0.902047370533922 2
1 1 1 1 0.83 0.666666666666667 0.963636363636364 0.815151515151515 2
0.975 0.952380952380952 1 0.987468671679198 0.78 0.745098039215686 0.816326530612245 0.854741896758703 2
1 1 1 1 0.83 0.755555555555556 0.890909090909091 0.820808080808081 2
0.925 1 0.8 0.962666666666667 0.81 0.744186046511628 0.859649122807018 0.909832721338229 2
1 1 1 1 0.85 0.872340425531915 0.830188679245283 0.875150541951024 2
0.925 0.888888888888889 0.954545454545455 0.962121212121212 0.83 0.902439024390244 0.779661016949153 0.924762298470442 2
1 1 1 1 0.87 0.888888888888889 0.854545454545454 0.876969696969697 2
0.925 0.958333333333333 0.875 0.9765625 0.88 0.8125 0.942307692307692 0.906650641025641 2
1 1 1 1 0.86 0.823529411764706 0.897959183673469 0.909363745498199 2
0.875 0.888888888888889 0.863636363636364 0.96969696969697 0.89 0.843137254901961 0.938775510204082 0.963585434173669 2
0.9 0.944444444444444 0.863636363636364 0.934343434343434 0.77 0.625 0.954545454545455 0.868912337662338 2
0.9 0.769230769230769 0.962962962962963 0.948717948717949 0.84 0.862068965517241 0.80952380952381 0.855911330049261 2
0.85 0.875 0.8125 0.953125 0.86 0.94 0.78 0.9524 2
0.875 0.833333333333333 0.909090909090909 0.977272727272727 0.85 0.836734693877551 0.862745098039216 0.909563825530212 2
0.925 0.944444444444444 0.909090909090909 0.974747474747475 0.83 0.765957446808511 0.886792452830189 0.905660377358491 2
1 1 1 1 0.82 0.732142857142857 0.931818181818182 0.83989448051948 2
0.875 0.785714285714286 0.923076923076923 0.950549450549451 0.85 0.865384615384615 0.833333333333333 0.931089743589744 2
1 1 1 1 0.76 0.795918367346939 0.725490196078431 0.812925170068027 2
0.825 0.8 0.85 0.92 0.84 0.88 0.8 0.9008 2
1 1 1 1 0.83 0.66 1 0.8436 2
0.875 0.91304347826087 0.823529411764706 0.966751918158568 0.77 0.666666666666667 0.891304347826087 0.869967793880837 2
1 1 1 1 0.82 0.772727272727273 0.857142857142857 0.843952922077922 2
0.925 0.947368421052632 0.904761904761905 0.954887218045113 0.81 0.711111111111111 0.890909090909091 0.87030303030303 2
0.875 0.91304347826087 0.823529411764706 0.946291560102302 0.82 0.739130434782609 0.888888888888889 0.881642512077295 2
0.925 0.956521739130435 0.882352941176471 0.964194373401535 0.87 0.863636363636364 0.875 0.948863636363636 2
0.9 0.8 0.96 0.952 0.78 0.818181818181818 0.733333333333333 0.851313131313131 2
1 1 1 1 0.79 0.730769230769231 0.854166666666667 0.79286858974359 2
0.875 0.916666666666667 0.8125 0.947916666666667 0.63 0.291666666666667 0.942307692307692 0.591746794871795 2
0.85 0.823529411764706 0.869565217391304 0.941176470588235 0.82 0.740740740740741 0.91304347826087 0.89975845410628 2
0.85 0.857142857142857 0.842105263157895 0.93734335839599 0.82 0.823529411764706 0.816326530612245 0.919567827130852 2
0.9 0.882352941176471 0.91304347826087 0.976982097186701 0.78 0.6 1 0.954343434343434 2
0.9 0.952380952380952 0.842105263157895 0.959899749373434 0.83 0.769230769230769 0.868852459016393 0.900798654897015 2
0.9 0.92 0.866666666666667 0.978666666666667 0.85 0.896551724137931 0.785714285714286 0.914614121510673 2
0.925 0.952380952380952 0.894736842105263 0.989974937343358 0.82 0.74468085106383 0.886792452830189 0.869931754315536 2
1 1 1 1 0.78 0.73469387755102 0.823529411764706 0.779111644657863 2
0.9 0.894736842105263 0.904761904761905 0.974937343358396 0.74 0.68 0.8 0.8648 2
0.925 0.941176470588235 0.91304347826087 0.9846547314578 0.81 0.672727272727273 0.977777777777778 0.898181818181818 2
1 1 1 1 0.83 0.836734693877551 0.823529411764706 0.820128051220488 2
0.925 0.956521739130435 0.882352941176471 0.953964194373402 0.81 0.872727272727273 0.733333333333333 0.904646464646465 2
0.925 0.952380952380952 0.894736842105263 0.977443609022556 0.9 0.85 0.975 0.957916666666667 2
0.875 0.894736842105263 0.857142857142857 0.954887218045113 0.79 0.754716981132076 0.829787234042553 0.889201124046568 2
0.925 0.95 0.9 0.965 0.86 0.893617021276596 0.830188679245283 0.950622240064231 2
1 1 1 1 0.83 0.760869565217391 0.888888888888889 0.82487922705314 2
0.9 0.904761904761905 0.894736842105263 0.964912280701754 0.82 0.730769230769231 0.916666666666667 0.91386217948718 2
0.9 0.916666666666667 0.875 0.9609375 0.79 0.75 0.840909090909091 0.889204545454545 2
0.8 0.833333333333333 0.75 0.901041666666667 0.74 0.951219512195122 0.593220338983051 0.914014055394791 2
1 1 1 1 0.8 0.73469387755102 0.862745098039216 0.819127651060424 2
0.925 0.944444444444444 0.909090909090909 0.984848484848485 0.86 0.795918367346939 0.92156862745098 0.904761904761905 2
0.975 1 0.944444444444444 0.982323232323232 0.8 0.7 0.9 0.898 2
0.875 0.894736842105263 0.857142857142857 0.899749373433584 0.87 0.80952380952381 0.913793103448276 0.92487684729064 2
0.9 0.9 0.9 0.965 0.86 0.867924528301887 0.851063829787234 0.928944199116821 2
1 1 1 1 0.77 0.678571428571429 0.886363636363636 0.842329545454545 2
0.9 0.888888888888889 0.909090909090909 0.984848484848485 0.83 0.851063829787234 0.811320754716981 0.890004014452027 2
1 1 1 1 0.82 0.796610169491525 0.853658536585366 0.861099627945432 2
0.875 0.869565217391304 0.882352941176471 0.948849104859335 0.71 0.878048780487805 0.593220338983051 0.799090533278214 2
1 1 1 1 0.76 0.64 0.88 0.7824 2
0.875 0.923076923076923 0.785714285714286 0.953296703296703 0.8 0.945454545454545 0.622222222222222 0.873535353535353 2
0.875 0.85 0.9 0.965 0.82 0.8 0.836363636363636 0.882424242424242 2
1 1 1 1 0.79 0.8 0.781818181818182 0.791515151515152 2
0.825 0.75 0.875 0.921875 0.84 0.78 0.9 0.9008 2
1 1 1 1 0.84 0.803921568627451 0.877551020408163 0.836334533813525 2
1 1 1 1 0.8 0.75609756097561 0.830508474576271 0.798057048367094 2
1 1 1 1 0.86 0.823529411764706 0.897959183673469 0.875550220088035 2
0.875 0.9 0.85 0.98 0.87 0.795454545454545 0.928571428571429 0.941152597402597 2
1 1 1 1 0.82 0.690909090909091 0.977777777777778 0.852323232323232 2
0.85 0.842105263157895 0.857142857142857 0.93734335839599 0.78 0.74468085106383 0.811320754716981 0.811722199919711 2
1 1 1 1 0.79 0.641509433962264 0.957446808510638 0.831192292252108 2
0.9 0.882352941176471 0.91304347826087 0.943734015345269 0.78 0.660377358490566 0.914893617021277 0.852268165395423 2
0.9 0.904761904761905 0.894736842105263 0.967418546365915 0.8 0.857142857142857 0.702702702702703 0.871299871299871 2
0.925 0.947368421052632 0.904761904761905 0.984962406015038 0.89 0.910714285714286 0.863636363636364 0.956574675324675 2
0.95 0.941176470588235 0.956521739130435 0.994884910485934 0.78 0.688888888888889 0.854545454545454 0.83030303030303 2
0.875 0.85 0.9 0.975 0.82 0.846153846153846 0.791666666666667 0.86738782051282 2
1 1 1 1 0.8 0.755555555555556 0.836363636363636 0.794141414141414 2
0.825 0.733333333333333 0.88 0.962666666666667 0.84 0.740740740740741 0.956521739130435 0.89573268921095 2
0.925 0.91304347826087 0.941176470588235 0.979539641943734 0.73 0.865384615384615 0.583333333333333 0.868990384615385 2
0.9 0.9 0.9 0.975 0.87 0.866666666666667 0.872727272727273 0.941414141414141 2
0.9 0.863636363636364 0.944444444444444 0.952020202020202 0.86 0.867924528301887 0.851063829787234 0.926134082697712 2
0.925 0.95 0.9 0.9925 0.86 0.791666666666667 0.923076923076923 0.937099358974359 2
1 1 1 1 0.8 0.652173913043478 0.925925925925926 0.803945249597423 2
0.85 0.764705882352941 0.91304347826087 0.884910485933504 0.83 0.84 0.82 0.9164 2
0.875 0.875 0.875 0.963541666666667 0.76 0.58695652173913 0.907407407407407 0.84621578099839 2
0.85 0.884615384615385 0.785714285714286 0.967032967032967 0.83 0.818181818181818 0.839285714285714 0.895292207792208 2
0.825 0.764705882352941 0.869565217391304 0.938618925831202 0.71 0.630434782608696 0.777777777777778 0.763285024154589 2
1 1 1 1 0.8 0.653846153846154 0.958333333333333 0.810697115384615 2
0.95 0.928571428571429 0.961538461538462 0.978021978021978 0.82 0.796296296296296 0.847826086956522 0.876811594202899 2
0.925 0.846153846153846 0.962962962962963 0.988603988603989 0.77 0.784313725490196 0.755102040816326 0.892757102841136 2
0.825 0.85 0.8 0.9225 0.84 0.938775510204082 0.745098039215686 0.9343737494998 2
0.775 0.722222222222222 0.818181818181818 0.896464646464646 0.84 0.75609756097561 0.898305084745763 0.92310872261265 3
1 1 1 1 0.78 0.745454545454545 0.822222222222222 0.783838383838384 3
1 1 1 1 0.82 0.807017543859649 0.837209302325581 0.866381068951448 3
0.95 0.95 0.95 0.985 0.83 0.796296296296296 0.869565217391304 0.910225442834139 3
0.925 0.952380952380952 0.894736842105263 0.979949874686717 0.85 0.888888888888889 0.818181818181818 0.913131313131313 3
0.95 0.944444444444444 0.954545454545455 0.987373737373737 0.8 0.764705882352941 0.836734693877551 0.886954781912765 3
0.9 0.875 0.916666666666667 0.947916666666667 0.85 0.723404255319149 0.962264150943396 0.934564431955038 3
0.975 0.933333333333333 1 0.976 0.8 0.711538461538462 0.895833333333333 0.869391025641026 3
0.95 0.952380952380952 0.947368421052632 0.969924812030075 0.77 0.738095238095238 0.793103448275862 0.832101806239737 3
0.95 0.954545454545455 0.944444444444444 0.984848484848485 0.68 0.543859649122807 0.86046511627907 0.795593635250918 3
0.975 1 0.96 0.986666666666667 0.83 0.666666666666667 0.980769230769231 0.918269230769231 3
1 1 1 1 0.83 0.814814814814815 0.847826086956522 0.853864734299517 3
1 1 1 1 0.82 0.829787234042553 0.811320754716981 0.845845042151746 3
0.925 0.9 0.95 0.925 0.84 0.688888888888889 0.963636363636364 0.826262626262626 3
0.975 0.952380952380952 1 0.987468671679198 0.77 0.745098039215686 0.795918367346939 0.851140456182473 3
1 1 1 1 0.81 0.711111111111111 0.890909090909091 0.820606060606061 3
0.9 0.96 0.8 0.954666666666667 0.83 0.790697674418605 0.859649122807018 0.931864545083639 3
1 1 1 1 0.87 0.893617021276596 0.849056603773585 0.878763548775592 3
0.925 0.888888888888889 0.954545454545455 0.96969696969697 0.81 0.853658536585366 0.779661016949153 0.903679206283588 3
1 1 1 1 0.85 0.866666666666667 0.836363636363636 0.860808080808081 3
0.925 0.958333333333333 0.875 0.979166666666667 0.87 0.791666666666667 0.942307692307692 0.90625 3
1 1 1 1 0.87 0.882352941176471 0.857142857142857 0.904761904761905 3
0.85 0.833333333333333 0.863636363636364 0.94949494949495 0.9 0.901960784313726 0.897959183673469 0.971588635454182 3
0.8 0.833333333333333 0.772727272727273 0.924242424242424 0.77 0.607142857142857 0.977272727272727 0.874188311688312 3
0.9 0.769230769230769 0.962962962962963 0.945868945868946 0.81 0.810344827586207 0.80952380952381 0.86863711001642 3
0.85 0.875 0.8125 0.950520833333333 0.85 0.9 0.8 0.948 3
0.875 0.833333333333333 0.909090909090909 0.972222222222222 0.85 0.816326530612245 0.882352941176471 0.909963985594238 3
0.925 0.944444444444444 0.909090909090909 0.977272727272727 0.59 0.127659574468085 1 0.609393817743878 3
1 1 1 1 0.77 0.625 0.954545454545455 0.845779220779221 3
0.875 0.785714285714286 0.923076923076923 0.967032967032967 0.82 0.788461538461538 0.854166666666667 0.86338141025641 3
1 1 1 1 0.79 0.836734693877551 0.745098039215686 0.813525410164066 3
0.8 0.8 0.8 0.9125 0.79 0.86 0.72 0.8808 3
1 1 1 1 0.78 0.6 0.96 0.8392 3
0.9 0.91304347826087 0.882352941176471 0.966751918158568 0.78 0.703703703703704 0.869565217391304 0.855877616747182 3
1 1 1 1 0.8 0.704545454545455 0.875 0.830357142857143 3
0.95 0.947368421052632 0.952380952380952 0.954887218045113 0.81 0.711111111111111 0.890909090909091 0.872727272727273 3
0.875 0.91304347826087 0.823529411764706 0.938618925831202 0.82 0.739130434782609 0.888888888888889 0.890499194847021 3
0.925 0.956521739130435 0.882352941176471 0.961636828644501 0.89 0.863636363636364 0.910714285714286 0.949269480519481 3
0.875 0.8 0.92 0.954666666666667 0.77 0.818181818181818 0.711111111111111 0.850909090909091 3
1 1 1 1 0.77 0.711538461538462 0.833333333333333 0.792467948717949 3
0.85 0.875 0.8125 0.947916666666667 0.78 0.875 0.692307692307692 0.873798076923077 3
0.85 0.823529411764706 0.869565217391304 0.925831202046036 0.81 0.740740740740741 0.891304347826087 0.894524959742351 3
0.85 0.857142857142857 0.842105263157895 0.942355889724311 0.84 0.901960784313726 0.775510204081633 0.924769907963185 3
0.9 0.882352941176471 0.91304347826087 0.966751918158568 0.77 0.581818181818182 1 0.94989898989899 3
0.875 0.904761904761905 0.842105263157895 0.954887218045113 0.8 0.666666666666667 0.885245901639344 0.80327868852459 3
0.925 0.96 0.866666666666667 0.968 0.81 0.862068965517241 0.738095238095238 0.90927750410509 3
0.9 0.904761904761905 0.894736842105263 0.987468671679198 0.79 0.723404255319149 0.849056603773585 0.862304295463669 3
0.95 0.933333333333333 0.96 0.992 0.78 0.73469387755102 0.823529411764706 0.887955182072829 3
0.925 0.894736842105263 0.952380952380952 0.977443609022556 0.75 0.72 0.78 0.8612 3
0.95 0.941176470588235 0.956521739130435 0.9846547314578 0.79 0.636363636363636 0.977777777777778 0.893737373737374 3
1 1 1 1 0.79 0.795918367346939 0.784313725490196 0.840536214485794 3
0.9 0.956521739130435 0.823529411764706 0.953964194373402 0.82 0.890909090909091 0.733333333333333 0.893737373737374 3
0.925 0.952380952380952 0.894736842105263 0.977443609022556 0.86 0.8 0.95 0.950833333333333 3
0.825 0.789473684210526 0.857142857142857 0.93734335839599 0.79 0.735849056603774 0.851063829787234 0.896025692492975 3
0.925 0.95 0.9 0.97 0.89 0.914893617021277 0.867924528301887 0.957848253713368 3
1 1 1 1 0.82 0.739130434782609 0.888888888888889 0.833333333333333 3
0.9 0.904761904761905 0.894736842105263 0.967418546365915 0.82 0.730769230769231 0.916666666666667 0.91025641025641 3
0.925 0.916666666666667 0.9375 0.958333333333333 0.78 0.714285714285714 0.863636363636364 0.898944805194805 3
0.8 0.833333333333333 0.75 0.888020833333333 0.75 0.902439024390244 0.644067796610169 0.885489871847871 3
1 1 1 1 0.74 0.612244897959184 0.862745098039216 0.754901960784314 3
0.925 0.944444444444444 0.909090909090909 0.987373737373737 0.87 0.795918367346939 0.941176470588235 0.907563025210084 3
0.975 1 0.944444444444444 0.984848484848485 0.8 0.7 0.9 0.9 3
0.825 0.789473684210526 0.857142857142857 0.887218045112782 0.89 0.833333333333333 0.931034482758621 0.933908045977011 3
0.925 0.95 0.9 0.9675 0.8 0.773584905660377 0.829787234042553 0.895624247290245 3
1 1 1 1 0.76 0.678571428571429 0.863636363636364 0.823863636363636 3
1 1 1 1 0.75 0.723404255319149 0.773584905660377 0.748494580489763 3
1 1 1 1 0.83 0.779661016949153 0.902439024390244 0.861306324927656 3
0.85 0.869565217391304 0.823529411764706 0.946291560102302 0.7 0.829268292682927 0.610169491525424 0.792062835882596 3
1 1 1 1 0.76 0.64 0.88 0.7676 3
0.875 0.923076923076923 0.785714285714286 0.953296703296703 0.79 0.909090909090909 0.644444444444444 0.863434343434343 3
0.85 0.85 0.85 0.9575 0.83 0.8 0.854545454545454 0.878383838383838 3
1 1 1 1 0.81 0.8 0.818181818181818 0.811313131313131 3
0.875 0.8125 0.916666666666667 0.916666666666667 0.84 0.76 0.92 0.894 3
1 1 1 1 0.85 0.823529411764706 0.877551020408163 0.90796318527411 3
1 1 1 1 0.77 0.731707317073171 0.796610169491525 0.772633319553535 3
1 1 1 1 0.86 0.823529411764706 0.897959183673469 0.867547018807523 3
0.9 0.9 0.9 0.99 0.86 0.795454545454545 0.910714285714286 0.931412337662338 3
1 1 1 1 0.82 0.690909090909091 0.977777777777778 0.866060606060606 3
0.875 0.842105263157895 0.904761904761905 0.942355889724311 0.73 0.659574468085106 0.792452830188679 0.749899638699318 3
1 1 1 1 0.81 0.679245283018868 0.957446808510638 0.822159775190686 3
0.9 0.882352941176471 0.91304347826087 0.946291560102302 0.78 0.660377358490566 0.914893617021277 0.845845042151746 3
0.875 0.857142857142857 0.894736842105263 0.969924812030075 0.82 0.888888888888889 0.702702702702703 0.890604890604891 3
0.95 1 0.904761904761905 0.974937343358396 0.87 0.892857142857143 0.840909090909091 0.958198051948052 3
0.95 0.941176470588235 0.956521739130435 0.994884910485934 0.79 0.711111111111111 0.854545454545454 0.853333333333333 3
0.925 0.9 0.95 0.9825 0.8 0.826923076923077 0.770833333333333 0.873798076923077 3
1 1 1 1 0.83 0.8 0.854545454545454 0.833131313131313 3
0.825 0.733333333333333 0.88 0.957333333333333 0.86 0.777777777777778 0.956521739130435 0.896537842190016 3
0.95 0.91304347826087 1 0.976982097186701 0.73 0.865384615384615 0.583333333333333 0.861378205128205 3
0.875 0.9 0.85 0.9575 0.88 0.844444444444444 0.909090909090909 0.938585858585859 3
0.9 0.863636363636364 0.944444444444444 0.95959595959596 0.85 0.830188679245283 0.872340425531915 0.928141308711361 3
0.925 0.95 0.9 0.99 0.87 0.8125 0.923076923076923 0.926282051282051 3
1 1 1 1 0.79 0.673913043478261 0.888888888888889 0.817834138486312 3
0.85 0.764705882352941 0.91304347826087 0.887468030690537 0.8 0.8 0.8 0.9004 3
0.875 0.875 0.875 0.955729166666667 0.74 0.543478260869565 0.907407407407407 0.844202898550725 3
0.85 0.884615384615385 0.785714285714286 0.961538461538462 0.82 0.818181818181818 0.821428571428571 0.885146103896104 3
0.825 0.764705882352941 0.869565217391304 0.930946291560102 0.82 0.782608695652174 0.851851851851852 0.871980676328502 3
1 1 1 1 0.79 0.615384615384615 0.979166666666667 0.811899038461538 3
0.925 0.928571428571429 0.923076923076923 0.978021978021978 0.8 0.777777777777778 0.826086956521739 0.878421900161031 3
0.925 0.846153846153846 0.962962962962963 0.988603988603989 0.76 0.784313725490196 0.73469387755102 0.884753901560624 3
0.85 0.9 0.8 0.93 0.88 0.979591836734694 0.784313725490196 0.935174069627851 3
