1 1 1 1 0.62 0.45 0.875 0.733125 1
1 1 1 1 0.64 0.410714285714286 0.931818181818182 0.72950487012987 1
1 1 1 1 0.8 0.745454545454545 0.866666666666667 0.795757575757576 1
1 1 1 1 0.7 0.755555555555556 0.654545454545455 0.744242424242424 1
1 1 1 1 0.76 0.86046511627907 0.684210526315789 0.806201550387597 1
0.875 0.909090909090909 0.846153846153846 0.979020979020979 0.65 0.472727272727273 0.866666666666667 0.722424242424242 1
1 1 1 1 0.68 0.846153846153846 0.5 0.743189102564103 1
1 1 1 1 0.75 0.730769230769231 0.770833333333333 0.763221153846154 1
1 1 1 1 0.74 0.695652173913043 0.777777777777778 0.744363929146538 1
1 1 1 1 0.81 0.754716981132076 0.872340425531915 0.808309915696507 1
1 1 1 1 0.81 0.659090909090909 0.928571428571429 0.818181818181818 1
1 1 1 1 0.77 0.622641509433962 0.936170212765957 0.831794460056202 1
0.833333333333333 0.888888888888889 0.8 0.948148148148148 0.77 0.590909090909091 0.910714285714286 0.840909090909091 1
0.75 0.769230769230769 0.727272727272727 0.902097902097902 0.74 0.872727272727273 0.577777777777778 0.887272727272727 1
1 1 1 1 0.71 0.51219512195122 0.847457627118644 0.766845804051261 1
1 1 1 1 0.8 0.769230769230769 0.833333333333333 0.872796474358974 1
0.75 0.714285714285714 0.8 0.907142857142857 0.81 0.708333333333333 0.903846153846154 0.911057692307692 1
1 1 1 1 0.78 0.829787234042553 0.735849056603774 0.825772782015255 1
1 1 1 1 0.87 0.777777777777778 0.978260869565217 0.925523349436393 1
1 1 1 1 0.7 0.78 0.62 0.7584 1
0.791666666666667 0.785714285714286 0.8 0.864285714285714 0.77 0.711111111111111 0.818181818181818 0.842020202020202 1
1 1 1 1 0.79 0.903846153846154 0.666666666666667 0.91786858974359 1
1 1 1 1 0.81 0.75609756097561 0.847457627118644 0.879702356345597 1
1 1 1 1 0.68 0.711111111111111 0.654545454545455 0.727676767676768 1
0.916666666666667 1 0.777777777777778 0.97037037037037 0.91 0.836734693877551 0.980392156862745 0.979591836734694 1
0.791666666666667 0.833333333333333 0.75 0.881944444444444 0.84 0.862745098039216 0.816326530612245 0.920768307322929 1
1 1 1 1 0.69 0.686274509803922 0.693877551020408 0.690076030412165 1
1 1 1 1 0.78 0.719298245614035 0.86046511627907 0.790901672786618 1
0.875 0.714285714285714 0.941176470588235 0.932773109243697 0.56 0.207547169811321 0.957446808510638 0.657567242071457 1
1 1 1 1 0.9 0.888888888888889 0.91304347826087 0.9585346215781 1
1 1 1 1 0.82 0.8 0.84 0.8412 1
1 1 1 1 0.84 0.717391304347826 0.944444444444444 0.904186795491143 1
0.833333333333333 0.7 0.928571428571429 0.978571428571429 0.82 0.785714285714286 0.863636363636364 0.861201298701299 1
0.833333333333333 0.8 0.857142857142857 0.942857142857143 0.8 0.787234042553192 0.811320754716981 0.899237254114813 1
0.958333333333333 1 0.888888888888889 0.97037037037037 0.73 0.770833333333333 0.692307692307692 0.862580128205128 1
1 1 1 1 0.82 0.69811320754717 0.957446808510638 0.899237254114813 1
0.958333333333333 0.888888888888889 1 0.955555555555555 0.84 0.714285714285714 0.96078431372549 0.911964785914366 1
1 1 1 1 0.65 0.490909090909091 0.844444444444444 0.711111111111111 1
1 1 1 1 0.82 0.695652173913043 0.925925925925926 0.904186795491143 1
1 1 1 1 0.77 0.674418604651163 0.842105263157895 0.777845777233782 1
1 1 1 1 0.74 0.816326530612245 0.666666666666667 0.802921168467387 1
1 1 1 1 0.76 0.775510204081633 0.745098039215686 0.795718287314926 1
1 1 1 1 0.71 0.518518518518518 0.934782608695652 0.848429951690821 1
1 1 1 1 0.85 0.872340425531915 0.830188679245283 0.93095142513047 1
1 1 1 1 0.74 0.764705882352941 0.714285714285714 0.771108443377351 1
1 1 1 1 0.83 0.784313725490196 0.877551020408163 0.838935574229692 1
0.875 0.857142857142857 0.9 0.95 0.82 0.84 0.8 0.884 1
1 1 1 1 0.79 0.754716981132076 0.829787234042553 0.88358089120835 1
1 1 1 1 0.77 0.875 0.7 0.824583333333333 1
1 1 1 1 0.74 0.814814814814815 0.652173913043478 0.779589371980676 1
1 1 1 1 0.7 0.450980392156863 0.959183673469388 0.693077230892357 1
1 1 1 1 0.81 0.840909090909091 0.785714285714286 0.879464285714286 1
1 1 1 1 0.75 0.705882352941177 0.795918367346939 0.862144857943177 1
1 1 1 1 0.76 0.784313725490196 0.73469387755102 0.835534213685474 1
0.75 0.7 0.785714285714286 0.9 0.63 0.592592592592593 0.673913043478261 0.735507246376812 1
0.875 0.923076923076923 0.818181818181818 0.965034965034965 0.81 0.703703703703704 0.934782608695652 0.900966183574879 1
1 1 1 1 0.75 0.683333333333333 0.85 0.769375 1
1 1 1 1 0.74 0.666666666666667 0.816326530612245 0.800320128051221 1
1 1 1 1 0.82 0.75 0.884615384615385 0.825520833333333 1
1 1 1 1 0.72 0.705882352941177 0.73469387755102 0.771508603441377 1
1 1 1 1 0.82 0.735849056603774 0.914893617021277 0.869530309112806 1
1 1 1 1 0.79 0.907407407407407 0.652173913043478 0.808373590982287 1
1 1 1 1 0.87 0.803921568627451 0.938775510204082 0.92156862745098 1
1 1 1 1 0.79 0.92 0.66 0.8326 1
1 1 1 1 0.74 0.644444444444444 0.818181818181818 0.74949494949495 1
0.958333333333333 1 0.909090909090909 0.965034965034965 0.85 0.74 0.96 0.9168 1
1 1 1 1 0.77 0.755555555555556 0.781818181818182 0.793131313131313 1
0.916666666666667 0.9 0.928571428571429 0.971428571428571 0.84 0.773584905660377 0.914893617021277 0.936170212765957 1
1 1 1 1 0.71 0.763636363636364 0.644444444444444 0.704040404040404 1
0.916666666666667 1 0.818181818181818 0.93006993006993 0.75 0.477272727272727 0.964285714285714 0.83400974025974 1
1 1 1 1 0.91 0.872727272727273 0.955555555555556 0.942424242424242 1
1 1 1 1 0.75 0.891304347826087 0.62962962962963 0.818438003220612 1
1 1 1 1 0.76 0.673469387755102 0.843137254901961 0.791316526610644 1
1 1 1 1 0.72 0.732142857142857 0.704545454545455 0.768060064935065 1
1 1 1 1 0.77 0.837209302325581 0.719298245614035 0.793961648306814 1
1 1 1 1 0.8 0.704545454545455 0.875 0.811079545454545 1
0.833333333333333 0.818181818181818 0.846153846153846 0.923076923076923 0.85 0.866666666666667 0.836363636363636 0.932929292929293 1
1 1 1 1 0.8 0.673469387755102 0.92156862745098 0.795918367346939 1
1 1 1 1 0.82 0.795454545454545 0.839285714285714 0.893668831168831 1
0.833333333333333 0.857142857142857 0.8 0.892857142857143 0.72 0.574074074074074 0.891304347826087 0.759661835748792 1
1 1 1 1 0.87 0.866666666666667 0.872727272727273 0.937373737373737 1
1 1 1 1 0.82 0.791666666666667 0.846153846153846 0.891826923076923 1
0.916666666666667 0.875 0.9375 0.953125 0.86 0.833333333333333 0.891304347826087 0.921497584541063 1
0.958333333333333 1 0.916666666666667 0.979166666666667 0.86 0.818181818181818 0.911111111111111 0.902626262626263 1
1 1 1 1 0.71 0.673469387755102 0.745098039215686 0.769707883153261 1
1 1 1 1 0.8 0.841269841269841 0.72972972972973 0.837623337623338 1
1 1 1 1 0.78 0.679245283018868 0.893617021276596 0.793657165796869 1
1 1 1 1 0.77 0.711111111111111 0.818181818181818 0.807272727272727 1
1 1 1 1 0.86 0.763636363636364 0.977777777777778 0.871717171717172 1
1 1 1 1 0.79 0.854166666666667 0.730769230769231 0.815705128205128 1
1 1 1 1 0.64 0.326923076923077 0.979166666666667 0.734775641025641 1
1 1 1 1 0.8 0.725490196078431 0.877551020408163 0.830732292917167 1
0.916666666666667 0.916666666666667 0.916666666666667 0.9375 0.83 0.837209302325581 0.824561403508772 0.909016727866177 1
1 1 1 1 0.68 0.857142857142857 0.509803921568627 0.718687474989996 1
1 1 1 1 0.74 0.8 0.690909090909091 0.79030303030303 1
1 1 1 1 0.86 0.777777777777778 0.927272727272727 0.907474747474747 1
1 1 1 1 0.76 0.666666666666667 0.836363636363636 0.748484848484848 1
0.875 0.909090909090909 0.846153846153846 0.965034965034965 0.83 0.755102040816326 0.901960784313726 0.898759503801521 1
1 1 1 1 0.69 0.638297872340426 0.735849056603774 0.717382577278202 1
1 1 1 1 0.88 0.844444444444444 0.909090909090909 0.957777777777778 1
1 1 1 1 0.62 0.45 0.875 0.735416666666667 2
1 1 1 1 0.65 0.428571428571429 0.931818181818182 0.671672077922078 2
1 1 1 1 0.78 0.727272727272727 0.844444444444444 0.826060606060606 2
1 1 1 1 0.7 0.755555555555556 0.654545454545455 0.736363636363636 2
1 1 1 1 0.75 0.790697674418605 0.719298245614035 0.784169726642187 2
0.875 0.909090909090909 0.846153846153846 0.979020979020979 0.66 0.472727272727273 0.888888888888889 0.708282828282828 2
1 1 1 1 0.71 0.865384615384615 0.541666666666667 0.797676282051282 2
1 1 1 1 0.79 0.788461538461538 0.791666666666667 0.783854166666667 2
1 1 1 1 0.68 0.630434782608696 0.722222222222222 0.682568438003221 2
1 1 1 1 0.83 0.811320754716981 0.851063829787234 0.853472501003613 2
1 1 1 1 0.82 0.704545454545455 0.910714285714286 0.828530844155844 2
1 1 1 1 0.78 0.641509433962264 0.936170212765957 0.801686069851465 2
0.875 0.888888888888889 0.866666666666667 0.962962962962963 0.7 0.477272727272727 0.875 0.785105519480519 2
0.75 0.769230769230769 0.727272727272727 0.895104895104895 0.79 0.890909090909091 0.666666666666667 0.894141414141414 2
1 1 1 1 0.73 0.585365853658537 0.830508474576271 0.756510954940058 2
1 1 1 1 0.7 0.692307692307692 0.708333333333333 0.75020032051282 2
0.791666666666667 0.785714285714286 0.8 0.907142857142857 0.79 0.6875 0.884615384615385 0.904647435897436 2
1 1 1 1 0.8 0.872340425531915 0.735849056603774 0.836009634684865 2
1 1 1 1 0.8 0.666666666666667 0.956521739130435 0.855676328502415 2
1 1 1 1 0.68 0.78 0.58 0.7388 2
0.75 0.785714285714286 0.7 0.892857142857143 0.75 0.777777777777778 0.727272727272727 0.839191919191919 2
1 1 1 1 0.83 0.923076923076923 0.729166666666667 0.905649038461539 2
1 1 1 1 0.81 0.75609756097561 0.847457627118644 0.8737081438611 2
1 1 1 1 0.72 0.755555555555556 0.690909090909091 0.738989898989899 2
0.916666666666667 1 0.777777777777778 0.977777777777778 0.84 0.693877551020408 0.980392156862745 0.947178871548619 2
0.791666666666667 0.833333333333333 0.75 0.881944444444444 0.85 0.862745098039216 0.836734693877551 0.913165266106443 2
1 1 1 1 0.72 0.705882352941177 0.73469387755102 0.711284513805522 2
1 1 1 1 0.81 0.736842105263158 0.906976744186046 0.818849449204406 2
0.875 0.714285714285714 0.941176470588235 0.949579831932773 0.55 0.188679245283019 0.957446808510638 0.623845845042152 2
1 1 1 1 0.91 0.907407407407407 0.91304347826087 0.961755233494364 2
1 1 1 1 0.79 0.76 0.82 0.834 2
1 1 1 1 0.84 0.717391304347826 0.944444444444444 0.895128824476651 2
0.833333333333333 0.7 0.928571428571429 0.978571428571429 0.81 0.785714285714286 0.840909090909091 0.880275974025974 2
0.75 0.7 0.785714285714286 0.928571428571429 0.82 0.787234042553192 0.849056603773585 0.897631473303894 2
0.958333333333333 1 0.888888888888889 0.97037037037037 0.72 0.770833333333333 0.673076923076923 0.858573717948718 2
1 1 1 1 0.77 0.69811320754717 0.851063829787234 0.853673223604978 2
0.916666666666667 0.888888888888889 0.933333333333333 0.97037037037037 0.83 0.693877551020408 0.96078431372549 0.919567827130852 2
1 1 1 1 0.69 0.6 0.8 0.731313131313131 2
1 1 1 1 0.81 0.673913043478261 0.925925925925926 0.889090177133655 2
1 1 1 1 0.81 0.744186046511628 0.859649122807018 0.801917584659323 2
1 1 1 1 0.76 0.816326530612245 0.705882352941177 0.810724289715886 2
1 1 1 1 0.74 0.755102040816326 0.725490196078431 0.76750700280112 2
1 1 1 1 0.7 0.481481481481481 0.956521739130435 0.863526570048309 2
1 1 1 1 0.85 0.872340425531915 0.830188679245283 0.922922521075873 2
1 1 1 1 0.73 0.784313725490196 0.673469387755102 0.755702280912365 2
1 1 1 1 0.84 0.784313725490196 0.897959183673469 0.844137655062025 2
0.875 0.857142857142857 0.9 0.95 0.83 0.86 0.8 0.8908 2
1 1 1 1 0.82 0.754716981132076 0.893617021276596 0.882577278201526 2
1 1 1 1 0.77 0.925 0.666666666666667 0.815416666666667 2
1 1 1 1 0.81 0.851851851851852 0.760869565217391 0.865942028985507 2
1 1 1 1 0.67 0.392156862745098 0.959183673469388 0.701080432172869 2
1 1 1 1 0.81 0.772727272727273 0.839285714285714 0.851461038961039 2
1 1 1 1 0.78 0.764705882352941 0.795918367346939 0.871348539415766 2
1 1 1 1 0.71 0.745098039215686 0.673469387755102 0.824329731892757 2
0.791666666666667 0.7 0.857142857142857 0.878571428571429 0.69 0.648148148148148 0.739130434782609 0.760869565217391 2
0.833333333333333 0.846153846153846 0.818181818181818 0.944055944055944 0.85 0.759259259259259 0.956521739130435 0.928341384863124 2
1 1 1 1 0.76 0.716666666666667 0.825 0.789166666666667 2
1 1 1 1 0.74 0.666666666666667 0.816326530612245 0.795718287314926 2
1 1 1 1 0.76 0.666666666666667 0.846153846153846 0.778044871794872 2
1 1 1 1 0.67 0.647058823529412 0.693877551020408 0.72609043617447 2
1 1 1 1 0.84 0.792452830188679 0.893617021276596 0.885588117221999 2
1 1 1 1 0.73 0.777777777777778 0.673913043478261 0.756038647342995 2
1 1 1 1 0.77 0.686274509803922 0.857142857142857 0.841136454581833 2
1 1 1 1 0.77 0.88 0.66 0.8422 2
1 1 1 1 0.72 0.644444444444444 0.781818181818182 0.741818181818182 2
0.958333333333333 1 0.909090909090909 0.965034965034965 0.86 0.76 0.96 0.9108 2
1 1 1 1 0.77 0.8 0.745454545454545 0.824242424242424 2
0.916666666666667 0.9 0.928571428571429 0.971428571428571 0.85 0.792452830188679 0.914893617021277 0.931754315535929 2
0.791666666666667 0.727272727272727 0.846153846153846 0.958041958041958 0.75 0.654545454545455 0.866666666666667 0.806060606060606 2
0.916666666666667 1 0.818181818181818 0.93006993006993 0.74 0.454545454545455 0.964285714285714 0.833198051948052 2
1 1 1 1 0.9 0.872727272727273 0.933333333333333 0.94989898989899 2
1 1 1 1 0.74 0.869565217391304 0.62962962962963 0.796698872785829 2
1 1 1 1 0.76 0.693877551020408 0.823529411764706 0.784513805522209 2
1 1 1 1 0.63 0.607142857142857 0.659090909090909 0.664163961038961 2
1 1 1 1 0.81 0.906976744186046 0.736842105263158 0.819257445940432 2
1 1 1 1 0.83 0.772727272727273 0.875 0.82224025974026 2
0.833333333333333 0.818181818181818 0.846153846153846 0.937062937062937 0.85 0.888888888888889 0.818181818181818 0.947070707070707 2
1 1 1 1 0.77 0.63265306122449 0.901960784313726 0.792717086834734 2
1 1 1 1 0.81 0.840909090909091 0.785714285714286 0.881899350649351 2
0.833333333333333 0.857142857142857 0.8 0.921428571428571 0.76 0.722222222222222 0.804347826086957 0.777777777777778 2
1 1 1 1 0.86 0.822222222222222 0.890909090909091 0.924242424242424 2
1 1 1 1 0.85 0.854166666666667 0.846153846153846 0.903044871794872 2
1 1 1 1 0.72 0.481481481481481 1 0.77133655394525 2
0.958333333333333 1 0.916666666666667 0.979166666666667 0.86 0.818181818181818 0.911111111111111 0.908080808080808 2
1 1 1 1 0.75 0.755102040816326 0.745098039215686 0.786514605842337 2
1 1 1 1 0.78 0.904761904761905 0.567567567567568 0.794937794937795 2
1 1 1 1 0.82 0.773584905660377 0.872340425531915 0.831192292252108 2
1 1 1 1 0.77 0.733333333333333 0.8 0.814545454545454 2
1 1 1 1 0.84 0.745454545454545 0.955555555555556 0.877171717171717 2
1 1 1 1 0.78 0.833333333333333 0.730769230769231 0.819310897435897 2
1 1 1 1 0.63 0.346153846153846 0.9375 0.706330128205128 2
1 1 1 1 0.8 0.745098039215686 0.857142857142857 0.836734693877551 2
0.916666666666667 0.916666666666667 0.916666666666667 0.9375 0.84 0.883720930232558 0.807017543859649 0.906160750713994 2
1 1 1 1 0.7 0.877551020408163 0.529411764705882 0.71828731492597 2
1 1 1 1 0.71 0.777777777777778 0.654545454545455 0.736969696969697 2
1 1 1 1 0.83 0.733333333333333 0.909090909090909 0.899393939393939 2
1 1 1 1 0.76 0.666666666666667 0.836363636363636 0.774141414141414 2
0.875 0.909090909090909 0.846153846153846 0.965034965034965 0.82 0.73469387755102 0.901960784313726 0.889155662264906 2
1 1 1 1 0.69 0.659574468085106 0.716981132075472 0.771979124849458 2
1 1 1 1 0.85 0.777777777777778 0.909090909090909 0.909292929292929 2
1 1 1 1 0.7 0.583333333333333 0.875 0.77875 3
1 1 1 1 0.62 0.375 0.931818181818182 0.651988636363636 3
1 1 1 1 0.76 0.672727272727273 0.866666666666667 0.791515151515152 3
1 1 1 1 0.68 0.733333333333333 0.636363636363636 0.731515151515152 3
1 1 1 1 0.79 0.837209302325581 0.754385964912281 0.806201550387597 3
0.875 0.909090909090909 0.846153846153846 0.972027972027972 0.61 0.4 0.866666666666667 0.698181818181818 3
1 1 1 1 0.7 0.865384615384615 0.520833333333333 0.790665064102564 3
1 1 1 1 0.74 0.75 0.729166666666667 0.747395833333333 3
1 1 1 1 0.75 0.695652173913043 0.796296296296296 0.762479871175523 3
1 1 1 1 0.8 0.716981132075472 0.893617021276596 0.817944600562023 3
1 1 1 1 0.79 0.636363636363636 0.910714285714286 0.802150974025974 3
1 1 1 1 0.77 0.660377358490566 0.893617021276596 0.819349658771578 3
0.833333333333333 0.888888888888889 0.8 0.940740740740741 0.78 0.613636363636364 0.910714285714286 0.836038961038961 3
0.75 0.769230769230769 0.727272727272727 0.881118881118881 0.77 0.872727272727273 0.644444444444444 0.888484848484848 3
1 1 1 1 0.74 0.536585365853659 0.88135593220339 0.75155022736668 3
1 1 1 1 0.81 0.769230769230769 0.854166666666667 0.85957532051282 3
0.791666666666667 0.785714285714286 0.8 0.907142857142857 0.8 0.708333333333333 0.884615384615385 0.897435897435897 3
1 1 1 1 0.72 0.574468085106383 0.849056603773585 0.714572460859093 3
1 1 1 1 0.76 0.592592592592593 0.956521739130435 0.843800322061192 3
1 1 1 1 0.72 0.8 0.64 0.758 3
0.791666666666667 0.785714285714286 0.8 0.9 0.77 0.711111111111111 0.818181818181818 0.825858585858586 3
1 1 1 1 0.85 0.923076923076923 0.770833333333333 0.911458333333333 3
1 1 1 1 0.82 0.75609756097561 0.864406779661017 0.887350144687888 3
1 1 1 1 0.7 0.711111111111111 0.690909090909091 0.757373737373737 3
1 1 1 1 0.86 0.755102040816326 0.96078431372549 0.857543017206883 3
0.833333333333333 0.833333333333333 0.833333333333333 0.881944444444444 0.83 0.843137254901961 0.816326530612245 0.920368147258903 3
0.875 0.818181818181818 0.923076923076923 0.965034965034965 0.74 0.725490196078431 0.755102040816326 0.838335334133653 3
0.916666666666667 0.909090909090909 0.923076923076923 0.993006993006993 0.8 0.719298245614035 0.906976744186046 0.868217054263566 3
0.875 0.714285714285714 0.941176470588235 0.932773109243697 0.54 0.188679245283019 0.936170212765957 0.635889201124047 3
1 1 1 1 0.89 0.87037037037037 0.91304347826087 0.944847020933977 3
1 1 1 1 0.83 0.76 0.9 0.8368 3
1 1 1 1 0.84 0.739130434782609 0.925925925925926 0.906199677938808 3
0.833333333333333 0.7 0.928571428571429 0.978571428571429 0.8 0.785714285714286 0.818181818181818 0.870535714285714 3
0.833333333333333 0.8 0.857142857142857 0.935714285714286 0.81 0.765957446808511 0.849056603773585 0.891609795262947 3
0.958333333333333 1 0.888888888888889 0.97037037037037 0.71 0.8125 0.615384615384615 0.864583333333333 3
1 1 1 1 0.77 0.679245283018868 0.872340425531915 0.845443596949016 3
1 1 1 1 0.74 0.551020408163265 0.92156862745098 0.737294917967187 3
1 1 1 1 0.7 0.509090909090909 0.933333333333333 0.772929292929293 3
1 1 1 1 0.82 0.673913043478261 0.944444444444444 0.882447665056361 3
1 1 1 1 0.76 0.674418604651163 0.824561403508772 0.76234190126479 3
1 1 1 1 0.68 0.73469387755102 0.627450980392157 0.754701880752301 3
1 1 1 1 0.77 0.816326530612245 0.725490196078431 0.802721088435374 3
1 1 1 1 0.71 0.5 0.956521739130435 0.850644122383253 3
1 1 1 1 0.84 0.872340425531915 0.811320754716981 0.911079887595343 3
1 1 1 1 0.73 0.745098039215686 0.714285714285714 0.775510204081633 3
1 1 1 1 0.84 0.745098039215686 0.938775510204082 0.856342537014806 3
0.875 0.857142857142857 0.9 0.935714285714286 0.83 0.86 0.8 0.9064 3
1 1 1 1 0.8 0.754716981132076 0.851063829787234 0.914893617021277 3
1 1 1 1 0.78 0.9 0.7 0.805208333333333 3
1 1 1 1 0.72 0.833333333333333 0.58695652173913 0.751409017713366 3
1 1 1 1 0.66 0.392156862745098 0.938775510204082 0.668667466986795 3
1 1 1 1 0.81 0.818181818181818 0.803571428571429 0.876623376623377 3
1 1 1 1 0.76 0.705882352941177 0.816326530612245 0.866546618647459 3
1 1 1 1 0.74 0.745098039215686 0.73469387755102 0.791516606642657 3
0.833333333333333 0.7 0.928571428571429 0.871428571428571 0.7 0.685185185185185 0.717391304347826 0.743558776167472 3
0.833333333333333 0.846153846153846 0.818181818181818 0.944055944055944 0.85 0.740740740740741 0.978260869565217 0.931964573268921 3
1 1 1 1 0.76 0.716666666666667 0.825 0.788541666666667 3
1 1 1 1 0.74 0.666666666666667 0.816326530612245 0.804321728691477 3
1 1 1 1 0.77 0.625 0.903846153846154 0.815905448717949 3
1 1 1 1 0.69 0.607843137254902 0.775510204081633 0.741696678671468 3
1 1 1 1 0.85 0.792452830188679 0.914893617021277 0.88438378161381 3
1 1 1 1 0.88 0.833333333333333 0.934782608695652 0.898550724637681 3
1 1 1 1 0.82 0.745098039215686 0.897959183673469 0.882753101240496 3
1 1 1 1 0.81 0.92 0.7 0.8516 3
1 1 1 1 0.75 0.622222222222222 0.854545454545454 0.753131313131313 3
0.916666666666667 0.923076923076923 0.909090909090909 0.972027972027972 0.82 0.68 0.96 0.9048 3
1 1 1 1 0.77 0.711111111111111 0.818181818181818 0.780606060606061 3
0.916666666666667 0.9 0.928571428571429 0.964285714285714 0.81 0.716981132075472 0.914893617021277 0.912886391007627 3
0.833333333333333 0.818181818181818 0.846153846153846 0.965034965034965 0.69 0.672727272727273 0.711111111111111 0.808484848484848 3
0.916666666666667 1 0.818181818181818 0.93006993006993 0.77 0.522727272727273 0.964285714285714 0.824675324675325 3
1 1 1 1 0.87 0.818181818181818 0.933333333333333 0.930909090909091 3
1 1 1 1 0.84 0.891304347826087 0.796296296296296 0.885668276972625 3
1 1 1 1 0.76 0.673469387755102 0.843137254901961 0.779311724689876 3
1 1 1 1 0.82 0.857142857142857 0.772727272727273 0.831371753246753 3
1 1 1 1 0.79 0.86046511627907 0.736842105263158 0.83108935128519 3
1 1 1 1 0.81 0.772727272727273 0.839285714285714 0.841517857142857 3
0.833333333333333 0.818181818181818 0.846153846153846 0.937062937062937 0.85 0.888888888888889 0.818181818181818 0.948282828282828 3
1 1 1 1 0.79 0.653061224489796 0.92156862745098 0.790516206482593 3
1 1 1 1 0.75 0.545454545454545 0.910714285714286 0.765422077922078 3
0.833333333333333 0.857142857142857 0.8 0.892857142857143 0.71 0.574074074074074 0.869565217391304 0.744766505636071 3
1 1 1 1 0.85 0.8 0.890909090909091 0.946262626262626 3
1 1 1 1 0.82 0.791666666666667 0.846153846153846 0.887620192307692 3
1 1 1 1 0.85 0.851851851851852 0.847826086956522 0.861111111111111 3
0.958333333333333 1 0.916666666666667 0.979166666666667 0.84 0.8 0.888888888888889 0.909494949494949 3
1 1 1 1 0.68 0.653061224489796 0.705882352941177 0.745498199279712 3
1 1 1 1 0.77 0.873015873015873 0.594594594594595 0.762548262548262 3
1 1 1 1 0.83 0.754716981132076 0.914893617021277 0.834805299076676 3
1 1 1 1 0.75 0.733333333333333 0.763636363636364 0.791717171717172 3
1 1 1 1 0.85 0.745454545454545 0.977777777777778 0.873535353535353 3
1 1 1 1 0.8 0.854166666666667 0.75 0.831129807692308 3
1 1 1 1 0.6 0.326923076923077 0.895833333333333 0.661057692307692 3
1 1 1 1 0.8 0.725490196078431 0.877551020408163 0.824929971988795 3
0.916666666666667 0.916666666666667 0.916666666666667 0.930555555555556 0.82 0.790697674418605 0.842105263157895 0.900448796409629 3
1 1 1 1 0.71 0.918367346938776 0.509803921568627 0.736894757903161 3
1 1 1 1 0.63 0.333333333333333 0.872727272727273 0.597171717171717 3
1 1 1 1 0.83 0.733333333333333 0.909090909090909 0.885656565656566 3
0.958333333333333 1 0.923076923076923 0.979020979020979 0.82 0.711111111111111 0.909090909090909 0.798787878787879 3
0.875 0.909090909090909 0.846153846153846 0.972027972027972 0.81 0.714285714285714 0.901960784313726 0.881152460984394 3
1 1 1 1 0.69 0.531914893617021 0.830188679245283 0.710357286230429 3
1 1 1 1 0.84 0.733333333333333 0.927272727272727 0.90969696969697 3
