0.91 0.888888888888889 0.930693069306931 0.969196919691969 0.83 0.680851063829787 0.962264150943396 0.942994781212365 1
0.85 0.862745098039216 0.836734693877551 0.929771908763505 0.9 0.857142857142857 0.941176470588235 0.962384953981593 1
0.885 0.873684210526316 0.895238095238095 0.955789473684211 0.9 0.882352941176471 0.918367346938776 0.96078431372549 1
0.86 0.86 0.86 0.9472 0.91 0.905660377358491 0.914893617021277 0.971095945403452 1
0.84 0.824175824175824 0.853211009174312 0.92952918640992 0.91 0.880952380952381 0.931034482758621 0.952380952380952 1
0.895 0.906542056074766 0.881720430107527 0.955481861119486 0.87 0.931034482758621 0.785714285714286 0.95320197044335 1
0.905 0.893617021276596 0.915094339622642 0.972601364913689 0.83 0.814814814814815 0.847826086956522 0.934782608695652 1
0.85 0.818181818181818 0.881188118811881 0.940794079407941 0.87 0.851851851851852 0.891304347826087 0.909822866344606 1
0.865 0.835051546391753 0.893203883495146 0.943349014112701 0.79 0.781818181818182 0.8 0.884444444444444 1
0.885 0.900900900900901 0.865168539325843 0.937341836218241 0.91 0.911111111111111 0.909090909090909 0.951111111111111 1
0.875 0.875 0.875 0.954927884615385 0.89 0.840909090909091 0.928571428571429 0.913961038961039 1
0.845 0.884955752212389 0.793103448275862 0.918217882209338 0.82 0.869565217391304 0.777777777777778 0.928743961352657 1
0.895 0.883495145631068 0.907216494845361 0.958362526273646 0.83 0.837209302325581 0.824561403508772 0.922480620155039 1
0.885 0.914285714285714 0.852631578947368 0.956290726817043 0.87 0.88 0.86 0.9276 1
0.875 0.880434782608696 0.87037037037037 0.943538647342995 0.85 0.767857142857143 0.954545454545455 0.956574675324675 1
0.85 0.811111111111111 0.881818181818182 0.93969696969697 0.92 0.92 0.92 0.9728 1
0.865 0.865384615384615 0.864583333333333 0.935396634615385 0.87 0.901960784313726 0.836734693877551 0.929971988795518 1
0.845 0.844660194174757 0.845360824742268 0.944550095085577 0.87 0.875 0.865384615384615 0.936698717948718 1
0.895 0.881720430107527 0.906542056074766 0.945734097075671 0.82 0.770833333333333 0.865384615384615 0.905849358974359 1
0.845 0.852631578947368 0.838095238095238 0.945964912280702 0.83 0.877551020408163 0.784313725490196 0.948379351740696 1
0.885 0.881188118811881 0.888888888888889 0.953695369536954 0.84 0.825 0.85 0.928333333333333 1
0.865 0.878787878787879 0.851485148514851 0.941994199419942 0.84 0.943396226415094 0.723404255319149 0.918506623845845 1
0.855 0.833333333333333 0.875 0.91386217948718 0.9 0.86 0.94 0.96 1
0.865 0.851485148514851 0.878787878787879 0.946894689468947 0.79 0.815789473684211 0.774193548387097 0.922750424448217 1
0.9 0.903846153846154 0.895833333333333 0.953725961538462 0.88 0.833333333333333 0.923076923076923 0.931891025641026 1
0.825 0.802083333333333 0.846153846153846 0.92568108974359 0.82 0.76271186440678 0.902439024390244 0.922281934683754 1
0.89 0.9 0.877777777777778 0.961515151515152 0.92 0.92 0.92 0.9812 1
0.9 0.879120879120879 0.917431192660551 0.966226434116342 0.9 0.898305084745763 0.902439024390244 0.964448119057462 1
0.875 0.898148148148148 0.847826086956522 0.94987922705314 0.87 0.818181818181818 0.933333333333333 0.943838383838384 1
0.88 0.898989898989899 0.861386138613861 0.934293429342934 0.86 0.86 0.86 0.914 1
0.895 0.888888888888889 0.900990099009901 0.969196919691969 0.81 0.823529411764706 0.795918367346939 0.8687474989996 1
0.9 0.89010989010989 0.908256880733945 0.94797862687771 0.87 0.857142857142857 0.886363636363636 0.959821428571429 1
0.885 0.891089108910891 0.878787878787879 0.954895489548955 0.86 0.822222222222222 0.890909090909091 0.941818181818182 1
0.91 0.909090909090909 0.910891089108911 0.958695869586959 0.89 0.824561403508772 0.976744186046512 0.966136270909833 1
0.92 0.936170212765957 0.905660377358491 0.969791248494581 0.87 0.803571428571429 0.954545454545455 0.930194805194805 1
0.87 0.886792452830189 0.851063829787234 0.955038137294259 0.82 0.830188679245283 0.808510638297872 0.938980329185066 1
0.875 0.876288659793814 0.87378640776699 0.955059553598238 0.89 0.87719298245614 0.906976744186046 0.951448388412893 1
0.885 0.872340425531915 0.89622641509434 0.959052589321558 0.88 0.851063829787234 0.905660377358491 0.947812123645122 1
0.875 0.833333333333333 0.909090909090909 0.93979797979798 0.76 0.73469387755102 0.784313725490196 0.854341736694678 1
0.865 0.858585858585859 0.871287128712871 0.948294829482948 0.83 0.75 0.916666666666667 0.915064102564103 1
0.915 0.914285714285714 0.91578947368421 0.971127819548872 0.83 0.784313725490196 0.877551020408163 0.915166066426571 1
0.89 0.915254237288136 0.853658536585366 0.937577511368334 0.84 0.830508474576271 0.853658536585366 0.930963207937164 1
0.89 0.890909090909091 0.888888888888889 0.961515151515152 0.87 0.803571428571429 0.954545454545455 0.955357142857143 1
0.88 0.876288659793814 0.883495145631068 0.95005504954459 0.9 0.941176470588235 0.857142857142857 0.941976790716286 1
0.89 0.89 0.89 0.9453 0.89 0.857142857142857 0.907692307692308 0.929230769230769 1
0.865 0.854368932038835 0.876288659793814 0.952457211490341 0.83 0.836065573770492 0.82051282051282 0.900798654897015 1
0.86 0.893203883495146 0.824742268041237 0.940546491842658 0.83 0.807017543859649 0.86046511627907 0.906976744186046 1
0.88 0.89 0.87 0.9495 0.82 0.770833333333333 0.865384615384615 0.916266025641026 1
0.89 0.88659793814433 0.893203883495146 0.957862075868281 0.86 0.823529411764706 0.897959183673469 0.908763505402161 1
0.87 0.883928571428571 0.852272727272727 0.944399350649351 0.84 0.842105263157895 0.837209302325581 0.952264381884945 1
0.86 0.848484848484849 0.871287128712871 0.93969396939694 0.87 0.844444444444444 0.890909090909091 0.945858585858586 1
0.865 0.857142857142857 0.872549019607843 0.943777511004402 0.79 0.74468085106383 0.830188679245283 0.904456041750301 1
0.855 0.87962962962963 0.826086956521739 0.944645732689211 0.86 0.849056603773585 0.872340425531915 0.933761541549578 1
0.89 0.868131868131868 0.908256880733945 0.951708841617098 0.9 0.875 0.923076923076923 0.940304487179487 1
0.875 0.866666666666667 0.881818181818182 0.956060606060606 0.82 0.826923076923077 0.8125 0.913461538461538 1
0.91 0.915094339622642 0.904255319148936 0.966780409474107 0.86 0.901960784313726 0.816326530612245 0.913565426170468 1
0.9 0.88659793814433 0.912621359223301 0.964868381543389 0.86 0.803571428571429 0.931818181818182 0.931006493506493 1
0.89 0.908256880733945 0.868131868131868 0.961992136304063 0.85 0.958333333333333 0.75 0.96073717948718 1
0.89 0.92156862745098 0.857142857142857 0.934573829531813 0.86 0.857142857142857 0.863636363636364 0.948863636363636 1
0.875 0.858585858585859 0.891089108910891 0.942894289428943 0.85 0.830508474576271 0.878048780487805 0.93633732947499 1
0.905 0.908163265306122 0.901960784313726 0.959983993597439 0.87 0.857142857142857 0.882352941176471 0.945578231292517 1
0.88 0.884210526315789 0.876190476190476 0.948671679197995 0.86 0.87037037037037 0.847826086956522 0.917874396135266 1
0.885 0.855670103092783 0.912621359223301 0.959463517165449 0.86 0.82 0.9 0.9012 1
0.875 0.878504672897196 0.870967741935484 0.937694704049844 0.84 0.851851851851852 0.826086956521739 0.922302737520129 1
0.895 0.922413793103448 0.857142857142857 0.947557471264368 0.85 0.888888888888889 0.804347826086957 0.946859903381642 1
0.9 0.881818181818182 0.922222222222222 0.950505050505051 0.87 0.854166666666667 0.884615384615385 0.959935897435897 1
0.88 0.891891891891892 0.865168539325843 0.926814454904343 0.88 0.888888888888889 0.869565217391304 0.944847020933977 1
0.875 0.882882882882883 0.865168539325843 0.960623544893208 0.87 0.918367346938776 0.823529411764706 0.938775510204082 1
0.855 0.83495145631068 0.876288659793814 0.937543789410469 0.94 0.92 0.96 0.9688 1
0.915 0.923809523809524 0.905263157894737 0.950877192982456 0.84 0.829787234042553 0.849056603773585 0.935367322360498 1
0.85 0.861386138613861 0.838383838383838 0.938893889388939 0.91 0.883720930232558 0.929824561403509 0.960832313341493 1
0.84 0.83495145631068 0.845360824742268 0.930737663897508 0.81 0.854545454545454 0.755555555555556 0.850909090909091 1
0.925 0.920792079207921 0.929292929292929 0.976297629762976 0.84 0.804347826086957 0.87037037037037 0.929951690821256 1
0.885 0.902654867256637 0.862068965517241 0.952192045570135 0.89 0.928571428571429 0.862068965517241 0.958949096880131 1
0.9 0.884210526315789 0.914285714285714 0.956390977443609 0.87 0.9 0.84 0.9492 1
0.86 0.822222222222222 0.890909090909091 0.935959595959596 0.82 0.851851851851852 0.782608695652174 0.929549114331723 1
0.845 0.836734693877551 0.852941176470588 0.946978791516607 0.88 0.882352941176471 0.877551020408163 0.953981592637055 1
0.86 0.824175824175824 0.889908256880734 0.938401048492792 0.81 0.8 0.822222222222222 0.922424242424242 1
0.865 0.848484848484849 0.881188118811881 0.939293929392939 0.88 0.84 0.92 0.9556 1
0.89 0.879120879120879 0.899082568807339 0.954027623752394 0.87 0.862745098039216 0.877551020408163 0.945578231292517 1
0.905 0.912621359223301 0.896907216494845 0.96656991292163 0.91 0.897959183673469 0.92156862745098 0.957583033213285 1
0.87 0.867924528301887 0.872340425531915 0.94199116820554 0.87 0.8125 0.923076923076923 0.94911858974359 1
0.835 0.846938775510204 0.823529411764706 0.952781112444978 0.85 0.763157894736842 0.903225806451613 0.93251273344652 1
0.895 0.875 0.913461538461538 0.96073717948718 0.89 0.86046511627907 0.912280701754386 0.960016319869441 1
0.905 0.907407407407407 0.902173913043478 0.963365539452496 0.86 0.818181818181818 0.911111111111111 0.923232323232323 1
0.89 0.895238095238095 0.884210526315789 0.959598997493734 0.87 0.811320754716981 0.936170212765957 0.960658370132477 1
0.91 0.920792079207921 0.898989898989899 0.970697069706971 0.87 0.833333333333333 0.903846153846154 0.948717948717949 1
0.915 0.903846153846154 0.927083333333333 0.979767628205128 0.86 0.890909090909091 0.822222222222222 0.930909090909091 1
0.87 0.884955752212389 0.850574712643678 0.94537686908758 0.85 0.883720930232558 0.824561403508772 0.913504691962464 1
0.88 0.881188118811881 0.878787878787879 0.953995399539954 0.85 0.818181818181818 0.875 0.937905844155844 1
0.88 0.854166666666667 0.903846153846154 0.961338141025641 0.8 0.875 0.730769230769231 0.916666666666667 1
0.875 0.851063829787234 0.89622641509434 0.946607788036933 0.88 0.816326530612245 0.941176470588235 0.946778711484594 1
0.875 0.90990990990991 0.831460674157303 0.961129668994838 0.87 0.844444444444444 0.890909090909091 0.965656565656566 1
0.89 0.887755102040816 0.892156862745098 0.959083633453381 0.89 0.877551020408163 0.901960784313726 0.946778711484594 1
0.905 0.915094339622642 0.893617021276596 0.949217181854677 0.81 0.846153846153846 0.770833333333333 0.90224358974359 1
0.9 0.892156862745098 0.908163265306122 0.971188475390156 0.87 0.888888888888889 0.847826086956522 0.923510466988728 1
0.88 0.904761904761905 0.852631578947368 0.947669172932331 0.84 0.796296296296296 0.891304347826087 0.890096618357488 1
0.875 0.831325301204819 0.905982905982906 0.950571516836577 0.86 0.767441860465116 0.929824561403509 0.920848633210934 1
0.88 0.852272727272727 0.901785714285714 0.953733766233766 0.81 0.759259259259259 0.869565217391304 0.894927536231884 1
0.88 0.872549019607843 0.887755102040816 0.943577430972389 0.82 0.8 0.84 0.9264 1
0.905 0.888888888888889 0.920792079207921 0.968896889688969 0.82 0.680851063829787 0.943396226415094 0.942994781212365 2
0.85 0.862745098039216 0.836734693877551 0.93047218887555 0.89 0.836734693877551 0.941176470588235 0.965186074429772 2
0.88 0.863157894736842 0.895238095238095 0.956491228070175 0.89 0.901960784313726 0.877551020408163 0.955182072829132 2
0.865 0.86 0.87 0.9477 0.91 0.886792452830189 0.936170212765957 0.964672822159775 2
0.84 0.824175824175824 0.853211009174312 0.929730819639077 0.89 0.833333333333333 0.931034482758621 0.951149425287356 2
0.9 0.91588785046729 0.881720430107527 0.95528087629384 0.87 0.913793103448276 0.80952380952381 0.950738916256158 2
0.9 0.893617021276596 0.905660377358491 0.972199919710959 0.82 0.814814814814815 0.826086956521739 0.936392914653784 2
0.85 0.828282828282828 0.871287128712871 0.942294229422942 0.85 0.833333333333333 0.869565217391304 0.904186795491143 2
0.86 0.824742268041237 0.893203883495146 0.94294865378841 0.78 0.781818181818182 0.777777777777778 0.884444444444444 2
0.885 0.900900900900901 0.865168539325843 0.938050409960522 0.91 0.911111111111111 0.909090909090909 0.954747474747475 2
0.875 0.875 0.875 0.953725961538462 0.89 0.840909090909091 0.928571428571429 0.91801948051948 2
0.85 0.884955752212389 0.804597701149425 0.917709286949446 0.82 0.847826086956522 0.796296296296296 0.924315619967794 2
0.895 0.883495145631068 0.907216494845361 0.957361625462917 0.8 0.837209302325581 0.771929824561403 0.917992656058752 2
0.885 0.914285714285714 0.852631578947368 0.956491228070175 0.86 0.86 0.86 0.9272 2
0.86 0.858695652173913 0.861111111111111 0.941022544283414 0.84 0.75 0.954545454545455 0.948051948051948 2
0.85 0.811111111111111 0.881818181818182 0.94040404040404 0.9 0.9 0.9 0.9704 2
0.865 0.865384615384615 0.864583333333333 0.934995993589744 0.85 0.882352941176471 0.816326530612245 0.92156862745098 2
0.85 0.854368932038835 0.845360824742268 0.945550995896307 0.87 0.875 0.865384615384615 0.936298076923077 2
0.9 0.881720430107527 0.91588785046729 0.949552808762938 0.83 0.791666666666667 0.865384615384615 0.915064102564103 2
0.85 0.842105263157895 0.857142857142857 0.942556390977444 0.85 0.877551020408163 0.823529411764706 0.94077631052421 2
0.885 0.881188118811881 0.888888888888889 0.953495349534954 0.85 0.825 0.866666666666667 0.93625 2
0.87 0.878787878787879 0.861386138613861 0.942494249424942 0.84 0.943396226415094 0.723404255319149 0.919309514251305 2
0.85 0.833333333333333 0.865384615384615 0.913561698717949 0.89 0.86 0.92 0.9572 2
0.86 0.841584158415842 0.878787878787879 0.947594759475948 0.81 0.842105263157895 0.790322580645161 0.92911714770798 2
0.9 0.913461538461538 0.885416666666667 0.954627403846154 0.88 0.833333333333333 0.923076923076923 0.929086538461538 2
0.83 0.8125 0.846153846153846 0.92568108974359 0.82 0.745762711864407 0.926829268292683 0.921868540719305 2
0.9 0.909090909090909 0.888888888888889 0.959292929292929 0.95 0.96 0.94 0.9844 2
0.895 0.879120879120879 0.908256880733945 0.964411735053937 0.9 0.88135593220339 0.926829268292683 0.964034725093014 2
0.885 0.907407407407407 0.858695652173913 0.951388888888889 0.88 0.836363636363636 0.933333333333333 0.942222222222222 2
0.87 0.878787878787879 0.861386138613861 0.934693469346935 0.83 0.82 0.84 0.9132 2
0.895 0.888888888888889 0.900990099009901 0.97039703970397 0.82 0.823529411764706 0.816326530612245 0.8687474989996 2
0.895 0.89010989010989 0.899082568807339 0.947776993648553 0.87 0.839285714285714 0.909090909090909 0.955357142857143 2
0.88 0.881188118811881 0.878787878787879 0.954795479547955 0.85 0.8 0.890909090909091 0.944646464646465 2
0.92 0.909090909090909 0.930693069306931 0.958895889588959 0.87 0.807017543859649 0.953488372093023 0.964504283965728 2
0.915 0.925531914893617 0.905660377358491 0.969791248494581 0.86 0.803571428571429 0.931818181818182 0.925324675324675 2
0.885 0.89622641509434 0.872340425531915 0.957848253713368 0.84 0.849056603773585 0.829787234042553 0.934162986752308 2
0.85 0.845360824742268 0.854368932038835 0.951356220598539 0.86 0.842105263157895 0.883720930232558 0.946960424316605 2
0.885 0.872340425531915 0.89622641509434 0.959654757125652 0.87 0.851063829787234 0.886792452830189 0.940586109995986 2
0.87 0.833333333333333 0.9 0.938686868686869 0.78 0.775510204081633 0.784313725490196 0.862745098039216 2
0.87 0.868686868686869 0.871287128712871 0.948794879487949 0.82 0.730769230769231 0.916666666666667 0.915865384615385 2
0.92 0.914285714285714 0.926315789473684 0.971328320802005 0.8 0.764705882352941 0.836734693877551 0.911164465786314 2
0.89 0.915254237288136 0.853658536585366 0.93685407193055 0.84 0.830508474576271 0.853658536585366 0.923522116577098 2
0.895 0.890909090909091 0.9 0.964343434343434 0.9 0.839285714285714 0.977272727272727 0.965097402597403 2
0.88 0.876288659793814 0.883495145631068 0.950655590031028 0.9 0.941176470588235 0.857142857142857 0.941176470588235 2
0.89 0.9 0.88 0.9477 0.85 0.8 0.876923076923077 0.916923076923077 2
0.86 0.844660194174757 0.876288659793814 0.953257932138925 0.73 0.590163934426229 0.948717948717949 0.868852459016393 2
0.86 0.893203883495146 0.824742268041237 0.940146131518367 0.82 0.771929824561403 0.883720930232558 0.917584659322725 2
0.87 0.87 0.87 0.9451 0.83 0.75 0.903846153846154 0.917067307692308 2
0.88 0.876288659793814 0.883495145631068 0.959563607246522 0.84 0.784313725490196 0.897959183673469 0.90516206482593 2
0.875 0.883928571428571 0.863636363636364 0.949269480519481 0.85 0.842105263157895 0.86046511627907 0.947368421052632 2
0.86 0.838383838383838 0.881188118811881 0.94029402940294 0.88 0.866666666666667 0.890909090909091 0.944646464646465 2
0.865 0.857142857142857 0.872549019607843 0.944177671068427 0.77 0.723404255319149 0.811320754716981 0.904456041750301 2
0.865 0.888888888888889 0.83695652173913 0.945350241545894 0.84 0.830188679245283 0.851063829787234 0.933360096346849 2
0.895 0.868131868131868 0.917431192660551 0.950801492085896 0.9 0.875 0.923076923076923 0.94551282051282 2
0.88 0.877777777777778 0.881818181818182 0.957070707070707 0.83 0.846153846153846 0.8125 0.915865384615385 2
0.9 0.89622641509434 0.904255319148936 0.965174628663187 0.86 0.92156862745098 0.795918367346939 0.912364945978391 2
0.9 0.88659793814433 0.912621359223301 0.965769192273046 0.85 0.803571428571429 0.909090909090909 0.924107142857143 2
0.895 0.908256880733945 0.879120879120879 0.962496219376953 0.85 0.958333333333333 0.75 0.953125 2
0.89 0.92156862745098 0.857142857142857 0.934673869547819 0.87 0.875 0.863636363636364 0.950892857142857 2
0.88 0.858585858585859 0.900990099009901 0.943294329432943 0.88 0.864406779661017 0.902439024390244 0.938817693261678 2
0.895 0.897959183673469 0.892156862745098 0.956182472989196 0.89 0.897959183673469 0.882352941176471 0.945978391356543 2
0.89 0.905263157894737 0.876190476190476 0.94937343358396 0.86 0.851851851851852 0.869565217391304 0.915458937198068 2
0.895 0.876288659793814 0.912621359223301 0.959463517165449 0.85 0.82 0.88 0.898 2
0.87 0.878504672897196 0.860215053763441 0.938800120590895 0.85 0.888888888888889 0.804347826086957 0.921900161030596 2
0.9 0.922413793103448 0.869047619047619 0.947557471264368 0.87 0.925925925925926 0.804347826086957 0.943236714975845 2
0.89 0.881818181818182 0.9 0.946262626262626 0.86 0.833333333333333 0.884615384615385 0.963141025641026 2
0.87 0.882882882882883 0.853932584269663 0.928838951310861 0.86 0.851851851851852 0.869565217391304 0.947262479871176 2
0.87 0.891891891891892 0.842696629213483 0.958801498127341 0.88 0.918367346938776 0.843137254901961 0.941976790716286 2
0.86 0.844660194174757 0.876288659793814 0.938544690221199 0.93 0.9 0.96 0.9756 2
0.915 0.923809523809524 0.905263157894737 0.949172932330827 0.83 0.829787234042553 0.830188679245283 0.922521075873143 2
0.85 0.861386138613861 0.838383838383838 0.93999399939994 0.91 0.883720930232558 0.929824561403509 0.960016319869441 2
0.845 0.83495145631068 0.855670103092783 0.931538384546092 0.8 0.836363636363636 0.755555555555556 0.851313131313131 2
0.925 0.900990099009901 0.94949494949495 0.974997499749975 0.86 0.804347826086957 0.907407407407407 0.92512077294686 2
0.88 0.902654867256637 0.850574712643678 0.9518868884142 0.89 0.904761904761905 0.879310344827586 0.957307060755337 2
0.9 0.884210526315789 0.914285714285714 0.95609022556391 0.86 0.88 0.84 0.9396 2
0.865 0.833333333333333 0.890909090909091 0.936666666666667 0.82 0.833333333333333 0.804347826086957 0.928341384863124 2
0.845 0.836734693877551 0.852941176470588 0.946978791516607 0.87 0.882352941176471 0.857142857142857 0.953181272509004 2
0.855 0.824175824175824 0.880733944954128 0.938401048492792 0.8 0.781818181818182 0.822222222222222 0.924848484848485 2
0.86 0.848484848484849 0.871287128712871 0.93969396939694 0.88 0.84 0.92 0.9552 2
0.89 0.868131868131868 0.908256880733945 0.953624357294082 0.86 0.862745098039216 0.857142857142857 0.943177270908363 2
0.9 0.902912621359223 0.896907216494845 0.966770093083775 0.92 0.897959183673469 0.941176470588235 0.959583833533413 2
0.87 0.867924528301887 0.872340425531915 0.942593336009635 0.88 0.833333333333333 0.923076923076923 0.957932692307692 2
0.835 0.846938775510204 0.823529411764706 0.952881152460984 0.86 0.789473684210526 0.903225806451613 0.92911714770798 2
0.895 0.875 0.913461538461538 0.961438301282051 0.91 0.86046511627907 0.947368421052632 0.962464300285598 2
0.905 0.907407407407407 0.902173913043478 0.964472624798712 0.87 0.836363636363636 0.911111111111111 0.917575757575758 2
0.89 0.885714285714286 0.894736842105263 0.961002506265664 0.85 0.773584905660377 0.936170212765957 0.955038137294259 2
0.91 0.920792079207921 0.898989898989899 0.970697069706971 0.88 0.833333333333333 0.923076923076923 0.943108974358974 2
0.915 0.903846153846154 0.927083333333333 0.977463942307692 0.85 0.890909090909091 0.8 0.938585858585859 2
0.865 0.867256637168142 0.862068965517241 0.945173430983623 0.84 0.883720930232558 0.807017543859649 0.913504691962464 2
0.885 0.881188118811881 0.888888888888889 0.954995499549955 0.87 0.863636363636364 0.875 0.940746753246753 2
0.875 0.84375 0.903846153846154 0.961538461538462 0.81 0.8125 0.807692307692308 0.889022435897436 2
0.875 0.851063829787234 0.89622641509434 0.946607788036933 0.88 0.795918367346939 0.96078431372549 0.944777911164466 2
0.875 0.90990990990991 0.831460674157303 0.96082599453386 0.87 0.822222222222222 0.909090909090909 0.967272727272727 2
0.895 0.887755102040816 0.901960784313726 0.960484193677471 0.89 0.877551020408163 0.901960784313726 0.949579831932773 2
0.91 0.915094339622642 0.904255319148936 0.951124046567643 0.82 0.865384615384615 0.770833333333333 0.91025641025641 2
0.895 0.892156862745098 0.897959183673469 0.970288115246098 0.87 0.87037037037037 0.869565217391304 0.920289855072464 2
0.885 0.904761904761905 0.863157894736842 0.948471177944862 0.85 0.814814814814815 0.891304347826087 0.889291465378422 2
0.875 0.831325301204819 0.905982905982906 0.950159612810215 0.87 0.790697674418605 0.929824561403509 0.920032639738882 2
0.88 0.852272727272727 0.901785714285714 0.953835227272727 0.81 0.740740740740741 0.891304347826087 0.897342995169082 2
0.885 0.882352941176471 0.887755102040816 0.94047619047619 0.83 0.82 0.84 0.9232 2
0.91 0.898989898989899 0.920792079207921 0.967796779677968 0.84 0.702127659574468 0.962264150943396 0.934564431955038 3
0.85 0.852941176470588 0.846938775510204 0.930572228891557 0.89 0.816326530612245 0.96078431372549 0.960384153661465 3
0.88 0.863157894736842 0.895238095238095 0.956491228070175 0.87 0.862745098039216 0.877551020408163 0.949979991996799 3
0.87 0.87 0.87 0.9486 0.89 0.867924528301887 0.914893617021277 0.955038137294259 3
0.84 0.824175824175824 0.853211009174312 0.928016937191249 0.9 0.833333333333333 0.948275862068966 0.952791461412151 3
0.9 0.91588785046729 0.881720430107527 0.954677921816903 0.86 0.913793103448276 0.785714285714286 0.945812807881773 3
0.9 0.882978723404255 0.915094339622642 0.970293054997993 0.82 0.814814814814815 0.826086956521739 0.930756843800322 3
0.85 0.818181818181818 0.881188118811881 0.93979397939794 0.87 0.851851851851852 0.891304347826087 0.903381642512077 3
0.87 0.835051546391753 0.902912621359223 0.938544690221199 0.77 0.763636363636364 0.777777777777778 0.87959595959596 3
0.885 0.900900900900901 0.865168539325843 0.938050409960522 0.91 0.911111111111111 0.909090909090909 0.947474747474747 3
0.87 0.875 0.864583333333333 0.95332532051282 0.87 0.840909090909091 0.892857142857143 0.914772727272727 3
0.84 0.876106194690266 0.793103448275862 0.917505848845489 0.82 0.826086956521739 0.814814814814815 0.914251207729469 3
0.885 0.87378640776699 0.896907216494845 0.957061355219698 0.82 0.86046511627907 0.789473684210526 0.91921664626683 3
0.88 0.904761904761905 0.852631578947368 0.955388471177945 0.86 0.86 0.86 0.9228 3
0.87 0.869565217391304 0.87037037037037 0.942028985507246 0.81 0.714285714285714 0.931818181818182 0.9375 3
0.845 0.811111111111111 0.872727272727273 0.937171717171717 0.9 0.9 0.9 0.9736 3
0.865 0.865384615384615 0.864583333333333 0.936298076923077 0.84 0.882352941176471 0.795918367346939 0.921168467386955 3
0.855 0.864077669902913 0.845360824742268 0.94465018516665 0.87 0.854166666666667 0.884615384615385 0.932291666666667 3
0.895 0.870967741935484 0.91588785046729 0.945935081901316 0.84 0.8125 0.865384615384615 0.916266025641026 3
0.85 0.842105263157895 0.857142857142857 0.938847117794486 0.87 0.877551020408163 0.862745098039216 0.962384953981593 3
0.88 0.881188118811881 0.878787878787879 0.954195419541954 0.84 0.825 0.85 0.9325 3
0.87 0.878787878787879 0.861386138613861 0.942994299429943 0.84 0.943396226415094 0.723404255319149 0.913287836210357 3
0.83 0.833333333333333 0.826923076923077 0.911258012820513 0.88 0.84 0.92 0.9568 3
0.845 0.831683168316832 0.858585858585859 0.947194719471947 0.81 0.815789473684211 0.806451612903226 0.921052631578947 3
0.89 0.903846153846154 0.875 0.95332532051282 0.89 0.833333333333333 0.942307692307692 0.909054487179487 3
0.83 0.8125 0.846153846153846 0.920873397435897 0.8 0.711864406779661 0.926829268292683 0.917321207110376 3
0.9 0.909090909090909 0.888888888888889 0.957979797979798 0.93 0.94 0.92 0.9844 3
0.895 0.879120879120879 0.908256880733945 0.963201935679 0.9 0.88135593220339 0.926829268292683 0.962381149235221 3
0.885 0.907407407407407 0.858695652173913 0.950281803542673 0.88 0.818181818181818 0.955555555555556 0.938989898989899 3
0.875 0.888888888888889 0.861386138613861 0.936193619361936 0.84 0.84 0.84 0.9004 3
0.89 0.888888888888889 0.891089108910891 0.969196919691969 0.81 0.803921568627451 0.816326530612245 0.8687474989996 3
0.89 0.879120879120879 0.899082568807339 0.949490876096381 0.88 0.839285714285714 0.931818181818182 0.955762987012987 3
0.88 0.881188118811881 0.878787878787879 0.953695369536954 0.84 0.755555555555556 0.909090909090909 0.941010101010101 3
0.92 0.909090909090909 0.930693069306931 0.955395539553955 0.87 0.807017543859649 0.953488372093023 0.963688290493676 3
0.91 0.925531914893617 0.89622641509434 0.968687274187073 0.85 0.785714285714286 0.931818181818182 0.92775974025974 3
0.86 0.877358490566038 0.840425531914894 0.954837414692894 0.83 0.830188679245283 0.829787234042553 0.924929747089522 3
0.855 0.855670103092783 0.854368932038835 0.950855770193174 0.87 0.87719298245614 0.86046511627907 0.946552427580579 3
0.89 0.882978723404255 0.89622641509434 0.958450421517463 0.87 0.829787234042553 0.905660377358491 0.9313528703332 3
0.88 0.844444444444444 0.909090909090909 0.938080808080808 0.78 0.755102040816326 0.803921568627451 0.857142857142857 3
0.87 0.868686868686869 0.871287128712871 0.946594659465947 0.82 0.730769230769231 0.916666666666667 0.916666666666667 3
0.92 0.923809523809524 0.91578947368421 0.971829573934837 0.81 0.784313725490196 0.836734693877551 0.908363345338135 3
0.885 0.906779661016949 0.853658536585366 0.936233980983878 0.83 0.813559322033898 0.853658536585366 0.923935510541546 3
0.88 0.881818181818182 0.877777777777778 0.963535353535354 0.88 0.839285714285714 0.931818181818182 0.965503246753247 3
0.87 0.855670103092783 0.883495145631068 0.949854869382444 0.9 0.92156862745098 0.877551020408163 0.94077631052421 3
0.895 0.9 0.89 0.9476 0.85 0.828571428571429 0.861538461538462 0.909010989010989 3
0.86 0.854368932038835 0.865979381443299 0.952857571814633 0.83 0.786885245901639 0.897435897435897 0.887767969735183 3
0.85 0.87378640776699 0.824742268041237 0.941347212491242 0.82 0.771929824561403 0.883720930232558 0.913096695226438 3
0.88 0.89 0.87 0.9449 0.84 0.75 0.923076923076923 0.918269230769231 3
0.88 0.876288659793814 0.883495145631068 0.95746171554399 0.83 0.803921568627451 0.857142857142857 0.903161264505802 3
0.87 0.875 0.863636363636364 0.948356331168831 0.85 0.824561403508772 0.883720930232558 0.945328437372501 3
0.855 0.828282828282828 0.881188118811881 0.936793679367937 0.88 0.866666666666667 0.890909090909091 0.943838383838384 3
0.865 0.857142857142857 0.872549019607843 0.943077230892357 0.77 0.723404255319149 0.811320754716981 0.897230028101164 3
0.85 0.861111111111111 0.83695652173913 0.940318035426731 0.85 0.849056603773585 0.851063829787234 0.934564431955038 3
0.895 0.868131868131868 0.917431192660551 0.949188426252646 0.89 0.854166666666667 0.923076923076923 0.948317307692308 3
0.865 0.855555555555556 0.872727272727273 0.956969696969697 0.8 0.807692307692308 0.791666666666667 0.905849358974359 3
0.91 0.915094339622642 0.904255319148936 0.965977519068647 0.86 0.901960784313726 0.816326530612245 0.909963985594238 3
0.9 0.88659793814433 0.912621359223301 0.965268741867681 0.82 0.732142857142857 0.931818181818182 0.925324675324675 3
0.895 0.908256880733945 0.879120879120879 0.961387236616594 0.83 0.958333333333333 0.711538461538462 0.959134615384615 3
0.9 0.92156862745098 0.877551020408163 0.936474589835934 0.87 0.857142857142857 0.886363636363636 0.948457792207792 3
0.865 0.858585858585859 0.871287128712871 0.941094109410941 0.86 0.813559322033898 0.926829268292683 0.934270359652749 3
0.9 0.908163265306122 0.892156862745098 0.955982392957183 0.88 0.897959183673469 0.862745098039216 0.949179671868748 3
0.875 0.873684210526316 0.876190476190476 0.94937343358396 0.85 0.87037037037037 0.826086956521739 0.9170692431562 3
0.88 0.845360824742268 0.912621359223301 0.960364327895106 0.85 0.8 0.9 0.8984 3
0.875 0.878504672897196 0.870967741935484 0.936890764747262 0.89 0.888888888888889 0.891304347826087 0.926731078904992 3
0.89 0.905172413793103 0.869047619047619 0.945402298850575 0.87 0.888888888888889 0.847826086956522 0.940016103059581 3
0.9 0.881818181818182 0.922222222222222 0.944040404040404 0.86 0.833333333333333 0.884615384615385 0.95713141025641 3
0.87 0.882882882882883 0.853932584269663 0.927016904544994 0.86 0.851851851851852 0.869565217391304 0.944041867954911 3
0.865 0.882882882882883 0.842696629213483 0.956878226541148 0.88 0.918367346938776 0.843137254901961 0.939975990396158 3
0.865 0.854368932038835 0.876288659793814 0.938344510059053 0.93 0.9 0.96 0.9688 3
0.915 0.923809523809524 0.905263157894737 0.950977443609022 0.83 0.829787234042553 0.830188679245283 0.915295062224006 3
0.855 0.861386138613861 0.848484848484849 0.93959395939594 0.9 0.86046511627907 0.929824561403509 0.958384332925337 3
0.835 0.83495145631068 0.835051546391753 0.930637573816435 0.79 0.818181818181818 0.755555555555556 0.848484848484849 3
0.92 0.900990099009901 0.939393939393939 0.973297329732973 0.84 0.782608695652174 0.888888888888889 0.9170692431562 3
0.895 0.920353982300885 0.862068965517241 0.952293764622114 0.87 0.857142857142857 0.879310344827586 0.956896551724138 3
0.89 0.873684210526316 0.904761904761905 0.955288220551378 0.85 0.88 0.82 0.94 3
0.86 0.833333333333333 0.881818181818182 0.934747474747475 0.83 0.87037037037037 0.782608695652174 0.928341384863124 3
0.845 0.826530612244898 0.862745098039216 0.94577831132453 0.86 0.882352941176471 0.836734693877551 0.947579031612645 3
0.86 0.835164835164835 0.880733944954128 0.936586349430386 0.82 0.781818181818182 0.866666666666667 0.917171717171717 3
0.85 0.838383838383838 0.861386138613861 0.936393639363936 0.88 0.86 0.9 0.9552 3
0.89 0.879120879120879 0.899082568807339 0.952515374533723 0.86 0.862745098039216 0.857142857142857 0.943177270908363 3
0.9 0.902912621359223 0.896907216494845 0.966670003002702 0.92 0.897959183673469 0.941176470588235 0.95718287314926 3
0.86 0.858490566037736 0.861702127659574 0.94239261340827 0.88 0.833333333333333 0.923076923076923 0.94911858974359 3
0.845 0.857142857142857 0.833333333333333 0.952080832332933 0.87 0.815789473684211 0.903225806451613 0.928692699490662 3
0.885 0.875 0.894230769230769 0.959935897435897 0.88 0.837209302325581 0.912280701754386 0.962464300285598 3
0.895 0.898148148148148 0.891304347826087 0.962962962962963 0.88 0.854545454545454 0.911111111111111 0.913939393939394 3
0.885 0.876190476190476 0.894736842105263 0.958997493734336 0.86 0.792452830188679 0.936170212765957 0.940184664793256 3
0.905 0.920792079207921 0.888888888888889 0.971697169716972 0.87 0.854166666666667 0.884615384615385 0.943509615384615 3
0.915 0.903846153846154 0.927083333333333 0.981169871794872 0.85 0.890909090909091 0.8 0.933737373737374 3
0.855 0.867256637168142 0.839080459770115 0.944461397619774 0.82 0.883720930232558 0.771929824561403 0.909424724602203 3
0.885 0.881188118811881 0.888888888888889 0.952795279527953 0.86 0.840909090909091 0.875 0.938717532467533 3
0.88 0.854166666666667 0.903846153846154 0.960436698717949 0.83 0.854166666666667 0.807692307692308 0.899839743589744 3
0.875 0.851063829787234 0.89622641509434 0.945503813729426 0.87 0.795918367346939 0.941176470588235 0.943977591036415 3
0.875 0.90990990990991 0.831460674157303 0.960522320072882 0.88 0.844444444444444 0.909090909090909 0.966868686868687 3
0.885 0.887755102040816 0.882352941176471 0.959583833533413 0.89 0.897959183673469 0.882352941176471 0.943177270908363 3
0.905 0.915094339622642 0.893617021276596 0.951124046567643 0.84 0.865384615384615 0.8125 0.903044871794872 3
0.895 0.892156862745098 0.897959183673469 0.970888355342137 0.86 0.888888888888889 0.826086956521739 0.919484702093398 3
0.88 0.895238095238095 0.863157894736842 0.949273182957393 0.85 0.814814814814815 0.891304347826087 0.890901771336554 3
0.885 0.855421686746988 0.905982905982906 0.949953660797034 0.84 0.767441860465116 0.894736842105263 0.911056711546308 3
0.88 0.852272727272727 0.901785714285714 0.956371753246753 0.79 0.703703703703704 0.891304347826087 0.888083735909823 3
0.88 0.872549019607843 0.887755102040816 0.939275710284114 0.83 0.82 0.84 0.9176 3
