0.9375 0.90625 0.958333333333333 0.989583333333333 0.85 0.8 0.9 0.9408 1
0.9 0.897435897435897 0.902439024390244 0.954346466541589 0.81 0.770491803278688 0.871794871794872 0.863808322824716 1
0.95 0.945945945945946 0.953488372093023 0.986172218730358 0.81 0.765957446808511 0.849056603773585 0.899237254114813 1
0.9 0.921052631578947 0.880952380952381 0.943609022556391 0.83 0.826086956521739 0.833333333333333 0.912238325281804 1
0.925 0.886363636363636 0.972222222222222 0.973484848484849 0.87 0.867924528301887 0.872340425531915 0.926535527900442 1
0.9625 0.978723404255319 0.939393939393939 0.992263056092843 0.86 0.837837837837838 0.873015873015873 0.918918918918919 1
0.875 0.904761904761905 0.842105263157895 0.932957393483709 0.78 0.847826086956522 0.722222222222222 0.89573268921095 1
0.8625 0.911111111111111 0.8 0.935238095238095 0.87 0.897959183673469 0.843137254901961 0.946778711484594 1
0.9375 0.909090909090909 0.957446808510638 0.962604771115409 0.85 0.833333333333333 0.865384615384615 0.922275641025641 1
0.925 0.897435897435897 0.951219512195122 0.966854283927455 0.88 0.897959183673469 0.862745098039216 0.948379351740696 1
0.8625 0.837837837837838 0.883720930232558 0.948460087994972 0.8 0.830188679245283 0.765957446808511 0.887996788438378 1
0.9625 0.976744186046512 0.945945945945946 0.991829038340666 0.82 0.735849056603774 0.914893617021277 0.932155760738659 1
0.9125 0.911111111111111 0.914285714285714 0.968888888888889 0.81 0.849056603773585 0.765957446808511 0.918908069048575 1
0.875 0.888888888888889 0.857142857142857 0.947301587301587 0.78 0.807692307692308 0.75 0.873397435897436 1
0.9125 0.880952380952381 0.947368421052632 0.978070175438596 0.89 0.854545454545454 0.933333333333333 0.941414141414141 1
0.925 0.909090909090909 0.944444444444444 0.973484848484849 0.91 0.92156862745098 0.897959183673469 0.955182072829132 1
0.925 0.916666666666667 0.931818181818182 0.981691919191919 0.89 0.86 0.92 0.9424 1
0.8875 0.868421052631579 0.904761904761905 0.953634085213033 0.88 0.818181818181818 0.928571428571429 0.95698051948052 1
0.875 0.846153846153846 0.902439024390244 0.921826141338336 0.87 0.875 0.861111111111111 0.962239583333333 1
0.825 0.805555555555556 0.840909090909091 0.911616161616162 0.88 0.833333333333333 0.923076923076923 0.939503205128205 1
0.8 0.833333333333333 0.763157894736842 0.906641604010025 0.84 0.84 0.84 0.8996 1
0.8375 0.866666666666667 0.8 0.917460317460317 0.84 0.863636363636364 0.821428571428571 0.909090909090909 1
0.9125 0.888888888888889 0.931818181818182 0.974747474747475 0.83 0.788461538461538 0.875 0.908653846153846 1
0.9125 0.955555555555556 0.857142857142857 0.965079365079365 0.83 0.851851851851852 0.804347826086957 0.895330112721417 1
0.8875 0.888888888888889 0.886363636363636 0.964015151515151 0.85 0.781818181818182 0.933333333333333 0.941010101010101 1
0.8875 0.857142857142857 0.911111111111111 0.947301587301587 0.87 0.808510638297872 0.924528301886792 0.932958651144119 1
0.8625 0.842105263157895 0.880952380952381 0.954887218045113 0.84 0.807692307692308 0.875 0.943910256410256 1
0.8875 0.891891891891892 0.883720930232558 0.974858579509742 0.86 0.788461538461538 0.9375 0.946314102564103 1
0.9125 0.923076923076923 0.902439024390244 0.973108192620388 0.8 0.767857142857143 0.840909090909091 0.903814935064935 1
0.825 0.757575757575758 0.872340425531915 0.919406834300451 0.82 0.745454545454545 0.911111111111111 0.823030303030303 1
0.9 0.902439024390244 0.897435897435897 0.967479674796748 0.88 0.82 0.94 0.938 1
0.9875 0.975 1 0.995 0.82 0.826923076923077 0.8125 0.869391025641026 1
0.875 0.902439024390244 0.846153846153846 0.950594121325829 0.87 0.75 1 0.974358974358974 1
0.9 0.921052631578947 0.880952380952381 0.970551378446115 0.81 0.847826086956522 0.777777777777778 0.909017713365539 1
0.8375 0.764705882352941 0.891304347826087 0.934782608695652 0.87 0.822222222222222 0.909090909090909 0.900606060606061 1
0.8625 0.891304347826087 0.823529411764706 0.948209718670077 0.83 0.86 0.8 0.912 1
0.8625 0.9 0.825 0.919375 0.81 0.708333333333333 0.903846153846154 0.853766025641026 1
0.85 0.823529411764706 0.869565217391304 0.946291560102302 0.78 0.8 0.76 0.8648 1
0.85 0.828571428571429 0.866666666666667 0.954285714285714 0.83 0.702127659574468 0.943396226415094 0.922922521075873 1
0.925 0.925 0.925 0.980625 0.88 0.810344827586207 0.976190476190476 0.953612479474548 1
0.9 0.9 0.9 0.975 0.89 0.867924528301887 0.914893617021277 0.965475712565235 1
0.85 0.857142857142857 0.842105263157895 0.931077694235589 0.86 0.819672131147541 0.923076923076923 0.949138293400589 1
0.8875 0.914893617021277 0.848484848484849 0.974854932301741 0.85 0.862745098039216 0.836734693877551 0.937174869947979 1
0.85 0.868421052631579 0.833333333333333 0.944235588972431 0.81 0.781818181818182 0.844444444444444 0.891313131313131 1
0.875 0.861111111111111 0.886363636363636 0.931186868686869 0.86 0.833333333333333 0.884615384615385 0.937900641025641 1
0.8625 0.815789473684211 0.904761904761905 0.968045112781955 0.85 0.787234042553192 0.905660377358491 0.889201124046568 1
0.8625 0.883720930232558 0.837837837837838 0.950345694531741 0.89 0.884615384615385 0.895833333333333 0.938301282051282 1
0.875 0.863636363636364 0.888888888888889 0.958333333333333 0.82 0.807017543859649 0.837209302325581 0.929824561403509 1
0.875 0.829268292682927 0.923076923076923 0.919949968730457 0.87 0.904761904761905 0.844827586206897 0.945812807881773 1
0.9625 0.945945945945946 0.976744186046512 0.987429289754871 0.79 0.791666666666667 0.788461538461538 0.899839743589744 1
0.925 0.914285714285714 0.933333333333333 0.97968253968254 0.85 0.842105263157895 0.86046511627907 0.913096695226438 1
0.9125 0.894736842105263 0.928571428571429 0.976817042606516 0.86 0.826923076923077 0.895833333333333 0.923076923076923 1
0.8375 0.837837837837838 0.837209302325581 0.912005028284098 0.86 0.9 0.82 0.9412 1
0.8625 0.871794871794872 0.853658536585366 0.932457786116323 0.84 0.839285714285714 0.840909090909091 0.905438311688312 1
0.9 0.886363636363636 0.916666666666667 0.981691919191919 0.81 0.857142857142857 0.764705882352941 0.895958383353341 1
0.8875 0.878787878787879 0.893617021276596 0.962604771115409 0.87 0.833333333333333 0.91304347826087 0.937600644122383 1
0.9375 0.952380952380952 0.921052631578947 0.993107769423559 0.92 0.945454545454545 0.888888888888889 0.955151515151515 1
0.9125 0.897435897435897 0.926829268292683 0.977485928705441 0.89 0.897435897435897 0.885245901639344 0.952501050861707 1
0.8625 0.868421052631579 0.857142857142857 0.925438596491228 0.85 0.826923076923077 0.875 0.902644230769231 1
0.8625 0.86046511627907 0.864864864864865 0.944688874921433 0.84 0.849056603773585 0.829787234042553 0.922521075873143 1
0.875 0.857142857142857 0.888888888888889 0.957460317460317 0.81 0.854545454545454 0.755555555555556 0.924848484848485 1
0.825 0.833333333333333 0.818181818181818 0.904040404040404 0.85 0.8 0.890909090909091 0.913535353535354 1
0.9125 0.918918918918919 0.906976744186046 0.957259585166562 0.81 0.75 0.875 0.901842948717949 1
0.7875 0.72972972972973 0.837209302325581 0.927089880578253 0.87 0.86 0.88 0.9428 1
0.8625 0.868421052631579 0.857142857142857 0.930451127819549 0.86 0.787234042553192 0.924528301886792 0.938980329185066 1
0.925 0.9 0.95 0.989375 0.84 0.792452830188679 0.893617021276596 0.925331192292252 1
0.9 0.928571428571429 0.868421052631579 0.964912280701754 0.82 0.711111111111111 0.909090909090909 0.871515151515152 1
0.925 0.909090909090909 0.936170212765957 0.982591876208897 0.84 0.833333333333333 0.846153846153846 0.907451923076923 1
0.9 0.909090909090909 0.888888888888889 0.981060606060606 0.82 0.833333333333333 0.810344827586207 0.895320197044335 1
0.875 0.883720930232558 0.864864864864865 0.949088623507228 0.84 0.826086956521739 0.851851851851852 0.918276972624799 1
0.8875 0.846153846153846 0.926829268292683 0.951219512195122 0.88 0.872340425531915 0.886792452830189 0.940987555198715 1
0.875 0.914893617021277 0.818181818181818 0.929722759509994 0.88 0.9 0.85 0.962083333333333 1
0.85 0.85 0.85 0.93375 0.8 0.781818181818182 0.822222222222222 0.884444444444444 1
0.9375 0.914285714285714 0.955555555555556 0.988571428571429 0.81 0.811320754716981 0.808510638297872 0.912083500602168 1
0.9 0.930232558139535 0.864864864864865 0.94343180389692 0.87 0.755102040816326 0.980392156862745 0.916766706682673 1
0.8625 0.878048780487805 0.846153846153846 0.963727329580988 0.85 0.959183673469388 0.745098039215686 0.929571828731493 1
0.825 0.840909090909091 0.805555555555556 0.936868686868687 0.85 0.826086956521739 0.87037037037037 0.910628019323672 1
0.9125 0.894736842105263 0.928571428571429 0.969298245614035 0.87 0.833333333333333 0.91304347826087 0.939210950080515 1
0.9 0.861111111111111 0.931818181818182 0.945707070707071 0.84 0.730769230769231 0.958333333333333 0.927083333333333 1
0.875 0.875 0.875 0.950625 0.85 0.859649122807018 0.837209302325581 0.921664626682987 1
0.875 0.837837837837838 0.906976744186046 0.946574481458202 0.85 0.76 0.94 0.9612 1
0.9 0.916666666666667 0.886363636363636 0.965909090909091 0.88 0.833333333333333 0.923076923076923 0.936698717948718 1
0.825 0.789473684210526 0.857142857142857 0.93859649122807 0.89 0.867924528301887 0.914893617021277 0.934965877157768 1
0.9375 0.948717948717949 0.926829268292683 0.983739837398374 0.88 0.771428571428571 0.938461538461538 0.924835164835165 1
0.9375 0.925 0.95 0.9775 0.83 0.777777777777778 0.872727272727273 0.891313131313131 1
0.8125 0.783783783783784 0.837209302325581 0.927089880578253 0.91 0.892857142857143 0.931818181818182 0.934659090909091 1
0.825 0.804878048780488 0.846153846153846 0.902439024390244 0.87 0.8125 0.923076923076923 0.953926282051282 1
1 1 1 1 0.82 0.769230769230769 0.875 0.860376602564103 1
0.95 0.947368421052632 0.952380952380952 0.993107769423559 0.82 0.692307692307692 0.958333333333333 0.908253205128205 1
0.9125 0.897435897435897 0.926829268292683 0.963101938711695 0.86 0.784313725490196 0.938775510204082 0.953181272509004 1
0.8625 0.875 0.84375 0.917317708333333 0.86 0.975609756097561 0.779661016949153 0.947498966515089 1
0.9 0.914285714285714 0.888888888888889 0.978412698412698 0.84 0.75 0.9375 0.879807692307692 1
0.9 0.897435897435897 0.902439024390244 0.959349593495935 0.85 0.777777777777778 0.909090909090909 0.897373737373737 1
0.825 0.810810810810811 0.837209302325581 0.939032055311125 0.82 0.867924528301887 0.765957446808511 0.901645925331192 1
0.85 0.88 0.8 0.935333333333333 0.9 0.96078431372549 0.836734693877551 0.968787515006002 1
0.9 0.886363636363636 0.916666666666667 0.970959595959596 0.83 0.72 0.94 0.938 1
0.7875 0.829268292682927 0.743589743589744 0.903064415259537 0.86 0.890909090909091 0.822222222222222 0.936969696969697 1
0.9125 0.959183673469388 0.838709677419355 0.973008558262014 0.86 0.842105263157895 0.883720930232558 0.94328845369237 1
0.85 0.91304347826087 0.764705882352941 0.938618925831202 0.86 0.851063829787234 0.867924528301887 0.95383380168607 1
0.9 0.914893617021277 0.878787878787879 0.965183752417795 0.88 0.918367346938776 0.843137254901961 0.946378551420568 1
0.9375 0.90625 0.958333333333333 0.990234375 0.84 0.78 0.9 0.94 2
0.9 0.897435897435897 0.902439024390244 0.951219512195122 0.8 0.754098360655738 0.871794871794872 0.848255569567045 2
0.95 0.945945945945946 0.953488372093023 0.986172218730358 0.8 0.74468085106383 0.849056603773585 0.897230028101164 2
0.8875 0.894736842105263 0.880952380952381 0.944235588972431 0.82 0.804347826086957 0.833333333333333 0.914653784219002 2
0.95 0.931818181818182 0.972222222222222 0.972853535353535 0.83 0.849056603773585 0.808510638297872 0.914893617021277 2
0.9625 0.978723404255319 0.939393939393939 0.99290780141844 0.86 0.837837837837838 0.873015873015873 0.921921921921922 2
0.875 0.904761904761905 0.842105263157895 0.93609022556391 0.78 0.847826086956522 0.722222222222222 0.886070853462158 2
0.8625 0.911111111111111 0.8 0.935238095238095 0.86 0.877551020408163 0.843137254901961 0.95078031212485 2
0.925 0.909090909090909 0.936170212765957 0.963249516441006 0.86 0.854166666666667 0.865384615384615 0.927884615384615 2
0.925 0.897435897435897 0.951219512195122 0.968105065666041 0.87 0.877551020408163 0.862745098039216 0.948379351740696 2
0.875 0.864864864864865 0.883720930232558 0.95411690760528 0.72 0.584905660377358 0.872340425531915 0.763548775592132 2
0.9625 0.976744186046512 0.945945945945946 0.991829038340666 0.86 0.811320754716981 0.914893617021277 0.934965877157768 2
0.9125 0.911111111111111 0.914285714285714 0.967619047619048 0.83 0.905660377358491 0.74468085106383 0.926535527900442 2
0.875 0.888888888888889 0.857142857142857 0.948571428571429 0.8 0.846153846153846 0.75 0.872596153846154 2
0.925 0.904761904761905 0.947368421052632 0.981203007518797 0.89 0.854545454545454 0.933333333333333 0.930909090909091 2
0.9125 0.909090909090909 0.916666666666667 0.96780303030303 0.89 0.901960784313726 0.877551020408163 0.948379351740696 2
0.925 0.916666666666667 0.931818181818182 0.984848484848485 0.89 0.86 0.92 0.9392 2
0.8875 0.894736842105263 0.880952380952381 0.951754385964912 0.91 0.863636363636364 0.946428571428571 0.960227272727273 2
0.875 0.846153846153846 0.902439024390244 0.92057535959975 0.88 0.875 0.888888888888889 0.966579861111111 2
0.825 0.805555555555556 0.840909090909091 0.916666666666667 0.86 0.791666666666667 0.923076923076923 0.944711538461538 2
0.85 0.857142857142857 0.842105263157895 0.912907268170426 0.81 0.78 0.84 0.8824 2
0.825 0.844444444444444 0.8 0.916190476190476 0.85 0.886363636363636 0.821428571428571 0.913961038961039 2
0.925 0.888888888888889 0.954545454545455 0.976010101010101 0.87 0.807692307692308 0.9375 0.925080128205128 2
0.9 0.933333333333333 0.857142857142857 0.963809523809524 0.83 0.851851851851852 0.804347826086957 0.899355877616747 2
0.8875 0.861111111111111 0.909090909090909 0.969065656565657 0.86 0.8 0.933333333333333 0.936969696969697 2
0.8875 0.857142857142857 0.911111111111111 0.95047619047619 0.85 0.787234042553192 0.905660377358491 0.93095142513047 2
0.875 0.868421052631579 0.880952380952381 0.955513784461153 0.85 0.826923076923077 0.875 0.935496794871795 2
0.9125 0.891891891891892 0.930232558139535 0.974858579509742 0.85 0.769230769230769 0.9375 0.950721153846154 2
0.8875 0.897435897435897 0.878048780487805 0.972482801751094 0.83 0.803571428571429 0.863636363636364 0.900162337662338 2
0.8125 0.727272727272727 0.872340425531915 0.920051579626048 0.8 0.709090909090909 0.911111111111111 0.831919191919192 2
0.9 0.902439024390244 0.897435897435897 0.968730456535335 0.89 0.84 0.94 0.9372 2
0.975 0.975 0.975 0.995625 0.83 0.788461538461538 0.875 0.877804487179487 2
0.875 0.902439024390244 0.846153846153846 0.949968730456535 0.88 0.769230769230769 1 0.969551282051282 2
0.8875 0.894736842105263 0.880952380952381 0.968045112781955 0.8 0.826086956521739 0.777777777777778 0.909822866344606 2
0.85 0.794117647058823 0.891304347826087 0.93925831202046 0.86 0.8 0.909090909090909 0.892525252525252 2
0.8625 0.891304347826087 0.823529411764706 0.949488491048593 0.83 0.84 0.82 0.8932 2
0.8625 0.9 0.825 0.918125 0.81 0.729166666666667 0.884615384615385 0.859375 2
0.85 0.823529411764706 0.869565217391304 0.945652173913043 0.76 0.76 0.76 0.8492 2
0.8875 0.828571428571429 0.933333333333333 0.957460317460317 0.83 0.702127659574468 0.943396226415094 0.932155760738659 2
0.925 0.925 0.925 0.98 0.9 0.844827586206897 0.976190476190476 0.963875205254516 2
0.9 0.9 0.9 0.975625 0.78 0.679245283018868 0.893617021276596 0.887193898032918 2
0.85 0.857142857142857 0.842105263157895 0.928571428571429 0.88 0.852459016393443 0.923076923076923 0.936527952921396 2
0.8875 0.914893617021277 0.848484848484849 0.974210186976144 0.88 0.92156862745098 0.836734693877551 0.940376150460184 2
0.8625 0.894736842105263 0.833333333333333 0.943609022556391 0.8 0.781818181818182 0.822222222222222 0.892525252525252 2
0.875 0.861111111111111 0.886363636363636 0.929924242424242 0.85 0.8125 0.884615384615385 0.9375 2
0.8625 0.815789473684211 0.904761904761905 0.966791979949875 0.83 0.74468085106383 0.905660377358491 0.898032918506624 2
0.85 0.86046511627907 0.837837837837838 0.950974230043998 0.87 0.865384615384615 0.875 0.930689102564103 2
0.875 0.863636363636364 0.888888888888889 0.958964646464646 0.83 0.789473684210526 0.883720930232558 0.927376580987352 2
0.8875 0.853658536585366 0.923076923076923 0.919949968730457 0.89 0.904761904761905 0.879310344827586 0.94376026272578 2
0.95 0.918918918918919 0.976744186046512 0.99120050282841 0.78 0.791666666666667 0.769230769230769 0.899038461538462 2
0.9375 0.914285714285714 0.955555555555556 0.978412698412698 0.86 0.842105263157895 0.883720930232558 0.9265605875153 2
0.9125 0.894736842105263 0.928571428571429 0.974310776942356 0.87 0.826923076923077 0.916666666666667 0.931891025641026 2
0.8375 0.837837837837838 0.837209302325581 0.913262099308611 0.87 0.9 0.84 0.9348 2
0.875 0.897435897435897 0.853658536585366 0.935584740462789 0.82 0.785714285714286 0.863636363636364 0.913149350649351 2
0.9 0.886363636363636 0.916666666666667 0.97979797979798 0.81 0.857142857142857 0.764705882352941 0.887555022008804 2
0.9 0.878787878787879 0.914893617021277 0.958736299161831 0.86 0.833333333333333 0.891304347826087 0.92914653784219 2
0.9375 0.952380952380952 0.921052631578947 0.993107769423559 0.92 0.909090909090909 0.933333333333333 0.955151515151515 2
0.9 0.871794871794872 0.926829268292683 0.972482801751094 0.86 0.846153846153846 0.868852459016393 0.944094157208911 2
0.85 0.868421052631579 0.833333333333333 0.928571428571428 0.84 0.807692307692308 0.875 0.913461538461538 2
0.8625 0.86046511627907 0.864864864864865 0.944688874921433 0.85 0.849056603773585 0.851063829787234 0.918908069048575 2
0.8625 0.857142857142857 0.866666666666667 0.957460317460317 0.8 0.854545454545454 0.733333333333333 0.923636363636364 2
0.8125 0.777777777777778 0.840909090909091 0.90530303030303 0.85 0.777777777777778 0.909090909090909 0.911515151515152 2
0.9125 0.918918918918919 0.906976744186046 0.958516656191075 0.8 0.75 0.854166666666667 0.902644230769231 2
0.8125 0.756756756756757 0.86046511627907 0.930232558139535 0.85 0.88 0.82 0.9392 2
0.875 0.842105263157895 0.904761904761905 0.94047619047619 0.85 0.765957446808511 0.924528301886792 0.92974708952228 2
0.925 0.9 0.95 0.99125 0.86 0.811320754716981 0.914893617021277 0.912886391007627 2
0.8875 0.904761904761905 0.868421052631579 0.961152882205514 0.83 0.711111111111111 0.927272727272727 0.877575757575758 2
0.925 0.909090909090909 0.936170212765957 0.982591876208897 0.84 0.833333333333333 0.846153846153846 0.905448717948718 2
0.9 0.886363636363636 0.916666666666667 0.979166666666667 0.82 0.833333333333333 0.810344827586207 0.897372742200328 2
0.8875 0.883720930232558 0.891891891891892 0.948460087994972 0.84 0.804347826086957 0.87037037037037 0.914251207729469 2
0.8875 0.846153846153846 0.926829268292683 0.952470293933709 0.88 0.872340425531915 0.886792452830189 0.937775993576877 2
0.8625 0.893617021276596 0.818181818181818 0.929722759509994 0.86 0.85 0.875 0.961666666666667 2
0.85 0.85 0.85 0.93875 0.81 0.763636363636364 0.866666666666667 0.886868686868687 2
0.9375 0.914285714285714 0.955555555555556 0.990476190476191 0.79 0.792452830188679 0.787234042553192 0.90646326776395 2
0.925 0.953488372093023 0.891891891891892 0.948460087994972 0.87 0.755102040816326 0.980392156862745 0.913965586234494 2
0.8625 0.878048780487805 0.846153846153846 0.962476547842402 0.85 0.918367346938776 0.784313725490196 0.933573429371749 2
0.825 0.840909090909091 0.805555555555556 0.940025252525252 0.84 0.826086956521739 0.851851851851852 0.909822866344606 2
0.9125 0.894736842105263 0.928571428571429 0.970551378446115 0.88 0.851851851851852 0.91304347826087 0.934380032206119 2
0.8875 0.833333333333333 0.931818181818182 0.946969696969697 0.82 0.730769230769231 0.916666666666667 0.919070512820513 2
0.875 0.875 0.875 0.95125 0.87 0.87719298245614 0.86046511627907 0.924112607099143 2
0.875 0.837837837837838 0.906976744186046 0.94343180389692 0.85 0.76 0.94 0.9596 2
0.9 0.916666666666667 0.886363636363636 0.965277777777778 0.88 0.854166666666667 0.903846153846154 0.939903846153846 2
0.8625 0.815789473684211 0.904761904761905 0.941102756892231 0.91 0.867924528301887 0.957446808510638 0.93054997992774 2
0.9375 0.948717948717949 0.926829268292683 0.983739837398374 0.88 0.771428571428571 0.938461538461538 0.912967032967033 2
0.925 0.925 0.925 0.97875 0.82 0.755555555555556 0.872727272727273 0.880808080808081 2
0.8 0.810810810810811 0.790697674418605 0.925204274041483 0.89 0.875 0.909090909090909 0.94724025974026 2
0.8375 0.829268292682927 0.846153846153846 0.899937460913071 0.89 0.833333333333333 0.942307692307692 0.94911858974359 2
1 1 1 1 0.84 0.788461538461538 0.895833333333333 0.840544871794872 2
0.95 0.947368421052632 0.952380952380952 0.993734335839599 0.75 0.576923076923077 0.9375 0.871394230769231 2
0.9 0.871794871794872 0.926829268292683 0.964978111319575 0.86 0.784313725490196 0.938775510204082 0.947579031612645 2
0.8625 0.875 0.84375 0.915364583333333 0.83 0.902439024390244 0.779661016949153 0.937990905332782 2
0.9 0.914285714285714 0.888888888888889 0.972698412698413 0.84 0.75 0.9375 0.890224358974359 2
0.9 0.897435897435897 0.902439024390244 0.958098811757348 0.84 0.755555555555556 0.909090909090909 0.877979797979798 2
0.8375 0.810810810810811 0.86046511627907 0.936517913262099 0.79 0.849056603773585 0.723404255319149 0.896828582898434 2
0.85 0.88 0.8 0.933333333333333 0.88 0.941176470588235 0.816326530612245 0.9671868747499 2
0.9 0.909090909090909 0.888888888888889 0.970328282828283 0.71 0.44 0.98 0.8652 2
0.7875 0.829268292682927 0.743589743589744 0.900562851782364 0.85 0.836363636363636 0.866666666666667 0.92 2
0.9125 0.959183673469388 0.838709677419355 0.971033574720211 0.87 0.842105263157895 0.906976744186046 0.942472460220318 2
0.85 0.91304347826087 0.764705882352941 0.93925831202046 0.85 0.829787234042553 0.867924528301887 0.941790445604175 2
0.9 0.914893617021277 0.878787878787879 0.964539007092199 0.89 0.918367346938776 0.862745098039216 0.942376950780312 2
0.9375 0.90625 0.958333333333333 0.988932291666667 0.84 0.78 0.9 0.9304 3
0.9125 0.897435897435897 0.926829268292683 0.953095684803002 0.81 0.754098360655738 0.897435897435897 0.861286254728878 3
0.95 0.945945945945946 0.953488372093023 0.98051539912005 0.8 0.74468085106383 0.849056603773585 0.890004014452027 3
0.875 0.868421052631579 0.880952380952381 0.93859649122807 0.83 0.826086956521739 0.833333333333333 0.898953301127214 3
0.9125 0.886363636363636 0.944444444444444 0.970328282828283 0.86 0.849056603773585 0.872340425531915 0.918506623845845 3
0.975 0.978723404255319 0.96969696969697 0.994197292069632 0.87 0.810810810810811 0.904761904761905 0.919347919347919 3
0.875 0.904761904761905 0.842105263157895 0.934210526315789 0.82 0.847826086956522 0.796296296296296 0.872383252818035 3
0.8875 0.933333333333333 0.828571428571429 0.935238095238095 0.86 0.857142857142857 0.862745098039216 0.943577430972389 3
0.9125 0.878787878787879 0.936170212765957 0.963249516441006 0.86 0.854166666666667 0.865384615384615 0.927483974358974 3
0.9 0.871794871794872 0.926829268292683 0.959349593495935 0.89 0.897959183673469 0.882352941176471 0.951580632252901 3
0.85 0.810810810810811 0.883720930232558 0.950345694531741 0.75 0.679245283018868 0.829787234042553 0.86150140505821 3
0.9625 0.976744186046512 0.945945945945946 0.992457573852923 0.81 0.716981132075472 0.914893617021277 0.927739863508631 3
0.925 0.933333333333333 0.914285714285714 0.965714285714286 0.8 0.773584905660377 0.829787234042553 0.908871938980329 3
0.8625 0.866666666666667 0.857142857142857 0.953650793650794 0.79 0.826923076923077 0.75 0.879807692307692 3
0.9125 0.880952380952381 0.947368421052632 0.980576441102757 0.87 0.836363636363636 0.911111111111111 0.938181818181818 3
0.9 0.886363636363636 0.916666666666667 0.970328282828283 0.89 0.901960784313726 0.877551020408163 0.949579831932773 3
0.925 0.916666666666667 0.931818181818182 0.982323232323232 0.89 0.86 0.92 0.944 3
0.8875 0.894736842105263 0.880952380952381 0.949874686716792 0.89 0.818181818181818 0.946428571428571 0.952516233766234 3
0.875 0.846153846153846 0.902439024390244 0.91682301438399 0.86 0.84375 0.888888888888889 0.96875 3
0.825 0.805555555555556 0.840909090909091 0.90530303030303 0.85 0.791666666666667 0.903846153846154 0.927083333333333 3
0.8 0.833333333333333 0.763157894736842 0.911027568922306 0.82 0.78 0.86 0.894 3
0.85 0.866666666666667 0.828571428571429 0.916825396825397 0.84 0.863636363636364 0.821428571428571 0.897727272727273 3
0.9125 0.888888888888889 0.931818181818182 0.96969696969697 0.86 0.788461538461538 0.9375 0.909855769230769 3
0.9 0.933333333333333 0.857142857142857 0.966349206349206 0.83 0.851851851851852 0.804347826086957 0.895330112721417 3
0.875 0.833333333333333 0.909090909090909 0.966540404040404 0.86 0.8 0.933333333333333 0.941818181818182 3
0.875 0.857142857142857 0.888888888888889 0.948571428571429 0.83 0.74468085106383 0.905660377358491 0.920513849859494 3
0.875 0.868421052631579 0.880952380952381 0.944235588972431 0.81 0.75 0.875 0.935096153846154 3
0.8875 0.891891891891892 0.883720930232558 0.974230043997486 0.83 0.75 0.916666666666667 0.926682692307692 3
0.9125 0.923076923076923 0.902439024390244 0.977485928705441 0.81 0.785714285714286 0.840909090909091 0.886363636363636 3
0.825 0.757575757575758 0.872340425531915 0.916183107672469 0.81 0.727272727272727 0.911111111111111 0.830707070707071 3
0.8875 0.878048780487805 0.897435897435897 0.961851156973108 0.89 0.84 0.94 0.94 3
0.9875 0.975 1 0.995 0.82 0.75 0.895833333333333 0.850160256410256 3
0.875 0.902439024390244 0.846153846153846 0.950594121325829 0.86 0.730769230769231 1 0.969551282051282 3
0.8875 0.894736842105263 0.880952380952381 0.964912280701754 0.8 0.826086956521739 0.777777777777778 0.896537842190016 3
0.8625 0.823529411764706 0.891304347826087 0.936061381074169 0.89 0.8 0.963636363636364 0.906666666666667 3
0.85 0.891304347826087 0.794117647058823 0.943734015345269 0.84 0.82 0.86 0.9044 3
0.8375 0.875 0.8 0.91375 0.82 0.75 0.884615384615385 0.870592948717949 3
0.8125 0.764705882352941 0.847826086956522 0.940537084398977 0.78 0.78 0.78 0.8656 3
0.8875 0.828571428571429 0.933333333333333 0.96 0.83 0.702127659574468 0.943396226415094 0.900040144520273 3
0.925 0.925 0.925 0.98 0.85 0.793103448275862 0.928571428571429 0.956486042692939 3
0.9 0.9 0.9 0.97 0.87 0.849056603773585 0.893617021276596 0.961862705740666 3
0.8625 0.880952380952381 0.842105263157895 0.932330827067669 0.85 0.786885245901639 0.948717948717949 0.9281210592686 3
0.9125 0.957446808510638 0.848484848484849 0.972920696324952 0.84 0.784313725490196 0.897959183673469 0.92436974789916 3
0.8625 0.868421052631579 0.857142857142857 0.93984962406015 0.8 0.763636363636364 0.844444444444444 0.884848484848485 3
0.8625 0.861111111111111 0.863636363636364 0.929924242424242 0.86 0.8125 0.903846153846154 0.937099358974359 3
0.875 0.842105263157895 0.904761904761905 0.969924812030075 0.85 0.765957446808511 0.924528301886792 0.892412685668406 3
0.85 0.86046511627907 0.837837837837838 0.950974230043998 0.86 0.846153846153846 0.875 0.92948717948718 3
0.875 0.863636363636364 0.888888888888889 0.960227272727273 0.83 0.824561403508772 0.837209302325581 0.923296613627091 3
0.8875 0.829268292682927 0.948717948717949 0.92245153220763 0.87 0.880952380952381 0.862068965517241 0.935139573070608 3
0.9375 0.918918918918919 0.953488372093023 0.988686360779384 0.8 0.833333333333333 0.769230769230769 0.893429487179487 3
0.925 0.914285714285714 0.933333333333333 0.977142857142857 0.86 0.859649122807018 0.86046511627907 0.920032639738882 3
0.9125 0.894736842105263 0.928571428571429 0.973057644110276 0.86 0.826923076923077 0.895833333333333 0.92988782051282 3
0.8375 0.810810810810811 0.86046511627907 0.907605279698303 0.85 0.9 0.8 0.936 3
0.8625 0.871794871794872 0.853658536585366 0.939962476547842 0.81 0.803571428571429 0.818181818181818 0.894886363636364 3
0.9 0.886363636363636 0.916666666666667 0.97790404040404 0.79 0.857142857142857 0.725490196078431 0.893557422969188 3
0.8875 0.878787878787879 0.893617021276596 0.961315280464217 0.84 0.796296296296296 0.891304347826087 0.926731078904992 3
0.9625 0.976190476190476 0.947368421052632 0.993107769423559 0.92 0.927272727272727 0.911111111111111 0.956363636363636 3
0.9125 0.897435897435897 0.926829268292683 0.973108192620388 0.88 0.871794871794872 0.885245901639344 0.940311055065153 3
0.875 0.868421052631579 0.880952380952381 0.926691729323308 0.83 0.788461538461538 0.875 0.917467948717949 3
0.85 0.86046511627907 0.837837837837838 0.945317410433689 0.84 0.849056603773585 0.829787234042553 0.915696507426736 3
0.8625 0.857142857142857 0.866666666666667 0.959365079365079 0.82 0.872727272727273 0.755555555555556 0.924040404040404 3
0.8125 0.777777777777778 0.840909090909091 0.897727272727273 0.81 0.688888888888889 0.909090909090909 0.904646464646465 3
0.9 0.891891891891892 0.906976744186046 0.957259585166562 0.82 0.788461538461538 0.854166666666667 0.899839743589744 3
0.8125 0.756756756756757 0.86046511627907 0.928975487115022 0.84 0.86 0.82 0.9328 3
0.875 0.842105263157895 0.904761904761905 0.93609022556391 0.83 0.723404255319149 0.924528301886792 0.920915295062224 3
0.9125 0.9 0.925 0.98875 0.83 0.754716981132076 0.914893617021277 0.921718185467684 3
0.9 0.928571428571429 0.868421052631579 0.963659147869674 0.79 0.533333333333333 1 0.865050505050505 3
0.9375 0.909090909090909 0.957446808510638 0.981302385557705 0.83 0.833333333333333 0.826923076923077 0.909054487179487 3
0.925 0.931818181818182 0.916666666666667 0.984217171717172 0.84 0.857142857142857 0.827586206896552 0.900246305418719 3
0.8625 0.86046511627907 0.864864864864865 0.94343180389692 0.84 0.804347826086957 0.87037037037037 0.914251207729469 3
0.9 0.871794871794872 0.926829268292683 0.950594121325829 0.87 0.851063829787234 0.886792452830189 0.93014853472501 3
0.8625 0.893617021276596 0.818181818181818 0.922630560928433 0.88 0.866666666666667 0.9 0.962083333333333 3
0.85 0.85 0.85 0.933125 0.77 0.763636363636364 0.777777777777778 0.873535353535353 3
0.9375 0.914285714285714 0.955555555555556 0.987301587301587 0.76 0.754716981132076 0.765957446808511 0.902850260939382 3
0.925 0.953488372093023 0.891891891891892 0.949088623507228 0.85 0.714285714285714 0.980392156862745 0.90516206482593 3
0.875 0.878048780487805 0.871794871794872 0.958724202626642 0.83 0.938775510204082 0.725490196078431 0.926370548219288 3
0.8125 0.840909090909091 0.777777777777778 0.936237373737374 0.84 0.804347826086957 0.87037037037037 0.912238325281803 3
0.925 0.921052631578947 0.928571428571429 0.968671679197995 0.87 0.833333333333333 0.91304347826087 0.93719806763285 3
0.9 0.861111111111111 0.931818181818182 0.948232323232323 0.83 0.75 0.916666666666667 0.920272435897436 3
0.875 0.875 0.875 0.94875 0.86 0.859649122807018 0.86046511627907 0.894736842105263 3
0.875 0.837837837837838 0.906976744186046 0.945945945945946 0.85 0.76 0.94 0.9656 3
0.8875 0.888888888888889 0.886363636363636 0.962121212121212 0.87 0.8125 0.923076923076923 0.936698717948718 3
0.825 0.789473684210526 0.857142857142857 0.932330827067669 0.88 0.811320754716981 0.957446808510638 0.92934564431955 3
0.9375 0.948717948717949 0.926829268292683 0.983114446529081 0.86 0.714285714285714 0.938461538461538 0.899340659340659 3
0.9375 0.925 0.95 0.975 0.83 0.777777777777778 0.872727272727273 0.896969696969697 3
0.8125 0.810810810810811 0.813953488372093 0.920804525455688 0.91 0.892857142857143 0.931818181818182 0.943181818181818 3
0.8375 0.829268292682927 0.846153846153846 0.896810506566604 0.87 0.791666666666667 0.942307692307692 0.9375 3
1 1 1 1 0.79 0.653846153846154 0.9375 0.816907051282051 3
0.95 0.947368421052632 0.952380952380952 0.993107769423559 0.81 0.673076923076923 0.958333333333333 0.900641025641026 3
0.9 0.871794871794872 0.926829268292683 0.965603502188868 0.85 0.784313725490196 0.918367346938776 0.93797519007603 3
0.8875 0.875 0.90625 0.921223958333333 0.85 0.878048780487805 0.830508474576271 0.930963207937164 3
0.925 0.914285714285714 0.933333333333333 0.974603174603175 0.83 0.75 0.916666666666667 0.879807692307692 3
0.9125 0.897435897435897 0.926829268292683 0.956848030018762 0.8 0.666666666666667 0.909090909090909 0.855757575757576 3
0.8625 0.837837837837838 0.883720930232558 0.942803268384664 0.79 0.830188679245283 0.74468085106383 0.899237254114813 3
0.8375 0.88 0.766666666666667 0.931333333333333 0.89 0.96078431372549 0.816326530612245 0.965186074429772 3
0.8875 0.886363636363636 0.888888888888889 0.968434343434343 0.82 0.72 0.92 0.926 3
0.8125 0.853658536585366 0.769230769230769 0.908067542213884 0.84 0.854545454545454 0.822222222222222 0.925252525252525 3
0.9375 0.979591836734694 0.870967741935484 0.976300197498354 0.83 0.789473684210526 0.883720930232558 0.920848633210934 3
0.85 0.91304347826087 0.764705882352941 0.93925831202046 0.82 0.659574468085106 0.962264150943396 0.894018466479326 3
0.8625 0.893617021276596 0.818181818181818 0.96067053513862 0.87 0.897959183673469 0.843137254901961 0.935974389755902 3
