0.90625 0.9375 0.875 0.984375 0.87 0.854545454545454 0.888888888888889 0.932121212121212 1
0.75 0.8125 0.6875 0.8671875 0.83 0.863636363636364 0.803571428571429 0.929788961038961 1
0.9375 0.9375 0.9375 0.9765625 0.88 0.923076923076923 0.852459016393443 0.952080706179067 1
1 1 1 1 0.92 0.944444444444444 0.891304347826087 0.926328502415459 1
1 1 1 1 0.86 0.890909090909091 0.822222222222222 0.854141414141414 1
0.9375 0.944444444444444 0.928571428571429 0.976190476190476 0.78 0.764705882352941 0.795918367346939 0.851940776310524 1
0.875 0.882352941176471 0.866666666666667 0.968627450980392 0.71 0.880952380952381 0.586206896551724 0.854679802955665 1
1 1 1 1 0.69 0.423076923076923 0.979166666666667 0.717147435897436 1
0.8125 0.785714285714286 0.833333333333333 0.94047619047619 0.81 0.795454545454545 0.821428571428571 0.878652597402597 1
1 1 1 1 0.82 0.803921568627451 0.836734693877551 0.847939175670268 1
1 1 1 1 0.8 0.829268292682927 0.779661016949153 0.881562629185614 1
1 1 1 1 0.87 0.821428571428571 0.931818181818182 0.891030844155844 1
0.90625 0.928571428571429 0.888888888888889 0.964285714285714 0.8 0.761904761904762 0.827586206896552 0.883004926108374 1
0.9375 0.944444444444444 0.928571428571429 0.972222222222222 0.77 0.727272727272727 0.822222222222222 0.869090909090909 1
1 1 1 1 0.88 0.826086956521739 0.925925925925926 0.897946859903382 1
0.9375 0.928571428571429 0.944444444444444 0.988095238095238 0.83 0.787234042553192 0.867924528301887 0.868325973504617 1
1 1 1 1 0.81 0.740740740740741 0.891304347826087 0.884460547504026 1
1 1 1 1 0.83 0.804347826086957 0.851851851851852 0.905193236714976 1
1 1 1 1 0.73 0.636363636363636 0.803571428571429 0.723214285714286 1
1 1 1 1 0.85 0.816326530612245 0.882352941176471 0.893557422969188 1
1 1 1 1 0.75 0.55 0.883333333333333 0.738333333333333 1
0.875 0.941176470588235 0.8 0.933333333333333 0.82 0.787234042553192 0.849056603773585 0.915295062224006 1
1 1 1 1 0.71 0.686274509803922 0.73469387755102 0.734293717486995 1
0.78125 0.777777777777778 0.785714285714286 0.892857142857143 0.77 0.862745098039216 0.673469387755102 0.890356142456983 1
1 1 1 1 0.72 0.72 0.72 0.7332 1
1 1 1 1 0.83 0.745454545454545 0.933333333333333 0.866868686868687 1
1 1 1 1 0.81 0.8 0.822222222222222 0.844646464646465 1
1 1 1 1 0.84 0.862745098039216 0.816326530612245 0.892557022809124 1
1 1 1 1 0.79 0.673076923076923 0.916666666666667 0.791466346153846 1
1 1 1 1 0.75 0.591836734693878 0.901960784313726 0.747899159663866 1
0.8125 0.857142857142857 0.777777777777778 0.956349206349206 0.84 0.736842105263158 0.976744186046512 0.9265605875153 1
0.8125 0.75 0.85 0.920833333333333 0.75 0.612244897959184 0.882352941176471 0.789515806322529 1
0.84375 0.823529411764706 0.866666666666667 0.941176470588235 0.82 0.872340425531915 0.773584905660377 0.924126856684063 1
1 1 1 1 0.76 0.75 0.770833333333333 0.760416666666667 1
1 1 1 1 0.85 0.826923076923077 0.875 0.867988782051282 1
0.9375 0.9375 0.9375 0.98828125 0.81 0.859649122807018 0.744186046511628 0.884128926968584 1
0.875 0.882352941176471 0.866666666666667 0.949019607843137 0.82 0.75 0.875 0.891233766233766 1
0.90625 0.9375 0.875 0.9609375 0.82 0.714285714285714 0.896551724137931 0.907635467980296 1
0.9375 1 0.875 0.9609375 0.88 0.795918367346939 0.96078431372549 0.943177270908363 1
1 1 1 1 0.84 0.844444444444444 0.836363636363636 0.898383838383838 1
0.875 0.833333333333333 0.9 0.958333333333333 0.87 0.884615384615385 0.854166666666667 0.935496794871795 1
1 1 1 1 0.76 0.829787234042553 0.69811320754717 0.783018867924528 1
1 1 1 1 0.71 0.645833333333333 0.769230769230769 0.707532051282051 1
0.90625 0.846153846153846 0.947368421052632 0.979757085020243 0.75 0.777777777777778 0.717391304347826 0.837359098228663 1
0.8125 0.833333333333333 0.785714285714286 0.936507936507937 0.85 0.901960784313726 0.795918367346939 0.932372949179672 1
1 1 1 1 0.79 0.685185185185185 0.91304347826087 0.799114331723027 1
0.875 0.941176470588235 0.8 0.941176470588235 0.79 0.804878048780488 0.779661016949153 0.883009508061182 1
1 1 1 1 0.82 0.964285714285714 0.636363636363636 0.810876623376623 1
1 1 1 1 0.89 0.884615384615385 0.895833333333333 0.889222756410256 1
0.90625 0.923076923076923 0.894736842105263 0.975708502024291 0.75 0.714285714285714 0.784313725490196 0.844737895158063 1
0.875 0.8 0.941176470588235 0.972549019607843 0.84 0.78 0.9 0.9276 1
0.9375 0.933333333333333 0.941176470588235 0.988235294117647 0.83 0.745098039215686 0.918367346938776 0.893557422969188 1
1 1 1 1 0.84 0.938775510204082 0.745098039215686 0.907563025210084 1
0.96875 1 0.923076923076923 0.979757085020243 0.82 0.796296296296296 0.847826086956522 0.900563607085346 1
0.875 0.866666666666667 0.882352941176471 0.968627450980392 0.83 0.741935483870968 0.973684210526316 0.952037351443124 1
1 1 1 1 0.77 0.622641509433962 0.936170212765957 0.788237655560016 1
0.84375 0.785714285714286 0.888888888888889 0.968253968253968 0.77 0.717391304347826 0.814814814814815 0.863929146537842 1
1 1 1 1 0.81 0.638297872340426 0.962264150943396 0.846647932557206 1
0.65625 0.722222222222222 0.571428571428571 0.841269841269841 0.88 0.867924528301887 0.893617021276596 0.950622240064231 1
0.96875 1 0.9 0.981818181818182 0.8 0.903846153846154 0.6875 0.850761217948718 1
0.90625 0.9375 0.875 0.96875 0.75 0.787234042553192 0.716981132075472 0.845443596949016 1
1 1 1 1 0.84 0.73469387755102 0.941176470588235 0.869147659063625 1
1 1 1 1 0.77 0.638297872340426 0.886792452830189 0.863508631071859 1
0.96875 1 0.928571428571429 0.984126984126984 0.79 0.787234042553192 0.792452830188679 0.83741469289442 1
0.90625 0.933333333333333 0.882352941176471 0.984313725490196 0.77 0.666666666666667 0.844827586206897 0.89367816091954 1
1 1 1 1 0.77 0.740740740740741 0.804347826086957 0.830112721417069 1
1 1 1 1 0.82 0.684210526315789 1 0.861077111383109 1
1 1 1 1 0.66 0.652173913043478 0.666666666666667 0.723832528180354 1
0.90625 0.928571428571429 0.888888888888889 0.992063492063492 0.72 0.589285714285714 0.886363636363636 0.759334415584416 1
0.9375 0.944444444444444 0.928571428571429 0.956349206349206 0.86 0.976744186046512 0.771929824561403 0.943696450428397 1
1 1 1 1 0.8 0.857142857142857 0.745098039215686 0.858343337334934 1
1 1 1 1 0.69 0.482142857142857 0.954545454545455 0.760146103896104 1
0.90625 0.882352941176471 0.933333333333333 0.937254901960784 0.83 0.844444444444444 0.818181818181818 0.92969696969697 1
1 1 1 1 0.74 0.711111111111111 0.763636363636364 0.741616161616162 1
1 1 1 1 0.79 0.804347826086957 0.777777777777778 0.81622383252818 1
0.90625 0.875 0.9375 0.953125 0.78 0.714285714285714 0.843137254901961 0.839135654261705 1
0.875 0.875 0.875 0.95703125 0.9 0.857142857142857 0.931034482758621 0.958949096880131 1
0.875 0.888888888888889 0.857142857142857 0.952380952380952 0.8 0.886792452830189 0.702127659574468 0.885186672019269 1
1 1 1 1 0.71 0.863636363636364 0.589285714285714 0.762378246753247 1
0.875 0.846153846153846 0.894736842105263 0.97165991902834 0.69 0.58 0.8 0.7868 1
1 1 1 1 0.77 0.764705882352941 0.775510204081633 0.812324929971989 1
1 1 1 1 0.78 0.872727272727273 0.666666666666667 0.801010101010101 1
1 1 1 1 0.72 0.596153846153846 0.854166666666667 0.793870192307692 1
1 1 1 1 0.9 0.904761904761905 0.891891891891892 0.912483912483912 1
1 1 1 1 0.88 0.842105263157895 0.930232558139535 0.884944920440636 1
0.90625 0.866666666666667 0.941176470588235 0.988235294117647 0.76 0.714285714285714 0.793103448275862 0.807881773399015 1
1 1 1 1 0.77 0.611111111111111 0.956521739130435 0.779589371980676 1
0.90625 0.866666666666667 0.941176470588235 0.941176470588235 0.83 0.854166666666667 0.807692307692308 0.869791666666667 1
1 1 1 1 0.77 0.625 0.954545454545455 0.831980519480519 1
0.96875 1 0.933333333333333 0.980392156862745 0.76 0.711538461538462 0.8125 0.880208333333333 1
0.9375 1 0.875 0.9453125 0.78 0.733333333333333 0.818181818181818 0.858585858585859 1
0.96875 1 0.916666666666667 0.9625 0.86 0.9 0.82 0.9356 1
0.90625 0.947368421052632 0.846153846153846 0.975708502024291 0.71 0.739130434782609 0.685185185185185 0.768921095008052 1
0.96875 1 0.941176470588235 0.988235294117647 0.83 0.711111111111111 0.927272727272727 0.92 1
1 1 1 1 0.84 0.804347826086957 0.87037037037037 0.837359098228663 1
1 1 1 1 0.84 0.755102040816326 0.92156862745098 0.869347739095638 1
1 1 1 1 0.74 0.727272727272727 0.75 0.76663961038961 1
1 1 1 1 0.83 0.840909090909091 0.821428571428571 0.840503246753247 1
1 1 1 1 0.76 0.666666666666667 0.857142857142857 0.760104041616647 1
0.90625 0.833333333333333 0.95 0.979166666666667 0.85 0.811320754716981 0.893617021276596 0.909674829385789 1
0.90625 0.9375 0.875 0.984375 0.88 0.890909090909091 0.866666666666667 0.930505050505051 2
0.78125 0.875 0.6875 0.87109375 0.87 0.840909090909091 0.892857142857143 0.923701298701299 2
0.9375 0.9375 0.9375 0.9765625 0.86 0.923076923076923 0.819672131147541 0.94577553593947 2
1 1 1 1 0.93 0.962962962962963 0.891304347826087 0.927133655394525 2
1 1 1 1 0.83 0.890909090909091 0.755555555555556 0.851717171717172 2
0.9375 0.944444444444444 0.928571428571429 0.98015873015873 0.83 0.862745098039216 0.795918367346939 0.889955982392957 2
0.875 0.882352941176471 0.866666666666667 0.968627450980392 0.72 0.904761904761905 0.586206896551724 0.853448275862069 2
1 1 1 1 0.69 0.461538461538462 0.9375 0.732972756410256 2
0.8125 0.785714285714286 0.833333333333333 0.94047619047619 0.82 0.818181818181818 0.821428571428571 0.877840909090909 2
1 1 1 1 0.82 0.803921568627451 0.836734693877551 0.849339735894358 2
1 1 1 1 0.81 0.75609756097561 0.847457627118644 0.855725506407606 2
1 1 1 1 0.9 0.910714285714286 0.886363636363636 0.944602272727273 2
0.90625 0.928571428571429 0.888888888888889 0.98015873015873 0.81 0.738095238095238 0.862068965517241 0.875615763546798 2
0.96875 0.944444444444444 1 0.976190476190476 0.76 0.727272727272727 0.8 0.856969696969697 2
1 1 1 1 0.89 0.847826086956522 0.925925925925926 0.898550724637681 2
0.9375 0.928571428571429 0.944444444444444 0.988095238095238 0.82 0.765957446808511 0.867924528301887 0.866318747490967 2
1 1 1 1 0.84 0.796296296296296 0.891304347826087 0.89573268921095 2
1 1 1 1 0.82 0.804347826086957 0.833333333333333 0.903381642512077 2
1 1 1 1 0.74 0.636363636363636 0.821428571428571 0.724837662337662 2
1 1 1 1 0.81 0.73469387755102 0.882352941176471 0.868547418967587 2
1 1 1 1 0.81 0.575 0.966666666666667 0.763333333333333 2
0.84375 0.882352941176471 0.8 0.949019607843137 0.83 0.787234042553192 0.867924528301887 0.924929747089522 2
1 1 1 1 0.68 0.647058823529412 0.714285714285714 0.728691476590636 2
0.8125 0.833333333333333 0.785714285714286 0.904761904761905 0.78 0.862745098039216 0.693877551020408 0.883553421368547 2
1 1 1 1 0.73 0.72 0.74 0.7544 2
1 1 1 1 0.81 0.709090909090909 0.933333333333333 0.86020202020202 2
1 1 1 1 0.81 0.836363636363636 0.777777777777778 0.841010101010101 2
1 1 1 1 0.88 0.862745098039216 0.897959183673469 0.912565026010404 2
1 1 1 1 0.84 0.769230769230769 0.916666666666667 0.885416666666667 2
1 1 1 1 0.75 0.551020408163265 0.941176470588235 0.732292917166867 2
0.8125 0.857142857142857 0.777777777777778 0.956349206349206 0.8 0.701754385964912 0.930232558139535 0.915136678906569 2
0.8125 0.75 0.85 0.920833333333333 0.74 0.63265306122449 0.843137254901961 0.791116446578631 2
0.84375 0.823529411764706 0.866666666666667 0.941176470588235 0.85 0.936170212765957 0.773584905660377 0.924929747089522 2
0.96875 1 0.941176470588235 0.980392156862745 0.77 0.711538461538462 0.833333333333333 0.860176282051282 2
1 1 1 1 0.85 0.826923076923077 0.875 0.858173076923077 2
1 1 1 1 0.59 0.649122807017544 0.511627906976744 0.580375356997144 2
0.875 0.882352941176471 0.866666666666667 0.949019607843137 0.83 0.75 0.892857142857143 0.891233766233766 2
0.9375 0.9375 0.9375 0.96484375 0.84 0.761904761904762 0.896551724137931 0.917077175697865 2
0.9375 1 0.875 0.96484375 0.88 0.836734693877551 0.92156862745098 0.947178871548619 2
1 1 1 1 0.84 0.822222222222222 0.854545454545454 0.901616161616162 2
0.875 0.833333333333333 0.9 0.945833333333333 0.85 0.846153846153846 0.854166666666667 0.930689102564103 2
1 1 1 1 0.75 0.808510638297872 0.69811320754717 0.786431152147732 2
0.9375 0.944444444444444 0.928571428571429 0.984126984126984 0.78 0.854166666666667 0.711538461538462 0.858173076923077 2
0.90625 0.846153846153846 0.947368421052632 0.979757085020243 0.77 0.796296296296296 0.739130434782609 0.835346215780998 2
0.78125 0.777777777777778 0.785714285714286 0.932539682539683 0.85 0.941176470588235 0.755102040816326 0.942777110844338 2
1 1 1 1 0.8 0.703703703703704 0.91304347826087 0.808373590982287 2
0.875 0.941176470588235 0.8 0.945098039215686 0.78 0.780487804878049 0.779661016949153 0.870194295163291 2
1 1 1 1 0.82 0.964285714285714 0.636363636363636 0.83198051948052 2
1 1 1 1 0.88 0.865384615384615 0.895833333333333 0.879607371794872 2
0.90625 0.923076923076923 0.894736842105263 0.967611336032389 0.76 0.714285714285714 0.803921568627451 0.840736294517807 2
0.90625 0.866666666666667 0.941176470588235 0.968627450980392 0.85 0.78 0.92 0.9264 2
0.9375 0.933333333333333 0.941176470588235 0.984313725490196 0.73 0.745098039215686 0.714285714285714 0.84233693477391 2
1 1 1 1 0.85 0.897959183673469 0.803921568627451 0.899559823929572 2
0.96875 1 0.923076923076923 0.987854251012146 0.77 0.703703703703704 0.847826086956522 0.866747181964573 2
0.875 0.866666666666667 0.882352941176471 0.968627450980392 0.82 0.725806451612903 0.973684210526316 0.949490662139219 2
1 1 1 1 0.84 0.773584905660377 0.914893617021277 0.852870333199518 2
0.84375 0.785714285714286 0.888888888888889 0.968253968253968 0.79 0.717391304347826 0.851851851851852 0.871578099838969 2
1 1 1 1 0.61 0.191489361702128 0.981132075471698 0.62866318747491 2
0.6875 0.777777777777778 0.571428571428571 0.829365079365079 0.88 0.867924528301887 0.893617021276596 0.9542352468888 2
1 1 1 1 0.72 0.788461538461538 0.645833333333333 0.731570512820513 2
0.9375 1 0.875 0.96875 0.79 0.829787234042553 0.754716981132076 0.85949417904456 2
1 1 1 1 0.8 0.857142857142857 0.745098039215686 0.819127651060424 2
1 1 1 1 0.77 0.638297872340426 0.886792452830189 0.852268165395423 2
0.9375 0.944444444444444 0.928571428571429 0.988095238095238 0.77 0.765957446808511 0.773584905660377 0.831794460056202 2
0.9375 0.933333333333333 0.941176470588235 0.988235294117647 0.78 0.714285714285714 0.827586206896552 0.874589490968801 2
1 1 1 1 0.77 0.722222222222222 0.826086956521739 0.802536231884058 2
1 1 1 1 0.82 0.701754385964912 0.976744186046512 0.870257037943696 2
1 1 1 1 0.64 0.630434782608696 0.648148148148148 0.717391304347826 2
0.90625 0.928571428571429 0.888888888888889 0.992063492063492 0.74 0.625 0.886363636363636 0.774756493506493 2
0.9375 0.944444444444444 0.928571428571429 0.956349206349206 0.86 0.976744186046512 0.771929824561403 0.949408404732762 2
1 1 1 1 0.81 0.816326530612245 0.803921568627451 0.858143257302921 2
1 1 1 1 0.77 0.642857142857143 0.931818181818182 0.838474025974026 2
0.90625 0.882352941176471 0.933333333333333 0.937254901960784 0.84 0.866666666666667 0.818181818181818 0.927676767676768 2
1 1 1 1 0.74 0.711111111111111 0.763636363636364 0.734545454545455 2
1 1 1 1 0.8 0.804347826086957 0.796296296296296 0.830314009661836 2
0.875 0.8125 0.9375 0.95703125 0.76 0.714285714285714 0.803921568627451 0.82312925170068 2
0.90625 0.9375 0.875 0.95703125 0.92 0.880952380952381 0.948275862068966 0.972495894909688 2
0.8125 0.888888888888889 0.714285714285714 0.936507936507937 0.74 0.849056603773585 0.617021276595745 0.81493376154155 2
1 1 1 1 0.73 0.886363636363636 0.607142857142857 0.762987012987013 2
0.875 0.846153846153846 0.894736842105263 0.951417004048583 0.65 0.54 0.76 0.7532 2
1 1 1 1 0.77 0.764705882352941 0.775510204081633 0.812525010004002 2
1 1 1 1 0.8 0.909090909090909 0.666666666666667 0.8 2
1 1 1 1 0.79 0.653846153846154 0.9375 0.828926282051282 2
1 1 1 1 0.91 0.888888888888889 0.945945945945946 0.917631917631918 2
1 1 1 1 0.85 0.842105263157895 0.86046511627907 0.890248878008976 2
0.90625 0.866666666666667 0.941176470588235 0.968627450980392 0.84 0.785714285714286 0.879310344827586 0.854269293924466 2
1 1 1 1 0.77 0.62962962962963 0.934782608695652 0.788244766505636 2
0.90625 0.866666666666667 0.941176470588235 0.941176470588235 0.8 0.833333333333333 0.769230769230769 0.876602564102564 2
1 1 1 1 0.77 0.642857142857143 0.931818181818182 0.839082792207792 2
0.96875 1 0.933333333333333 0.972549019607843 0.77 0.711538461538462 0.833333333333333 0.866586538461538 2
0.9375 1 0.875 0.953125 0.8 0.777777777777778 0.818181818181818 0.854141414141414 2
0.96875 1 0.916666666666667 0.958333333333333 0.85 0.88 0.82 0.9336 2
0.9375 0.947368421052632 0.923076923076923 0.987854251012146 0.63 0.608695652173913 0.648148148148148 0.714170692431562 2
0.96875 1 0.941176470588235 0.984313725490196 0.86 0.822222222222222 0.890909090909091 0.913939393939394 2
0.9375 0.928571428571429 0.944444444444444 0.992063492063492 0.84 0.826086956521739 0.851851851851852 0.910829307568438 2
1 1 1 1 0.81 0.714285714285714 0.901960784313726 0.866546618647459 2
1 1 1 1 0.77 0.727272727272727 0.803571428571429 0.779017857142857 2
1 1 1 1 0.85 0.863636363636364 0.839285714285714 0.850243506493507 2
1 1 1 1 0.75 0.647058823529412 0.857142857142857 0.779311724689876 2
0.90625 0.833333333333333 0.95 0.983333333333333 0.85 0.811320754716981 0.893617021276596 0.911280610196708 2
0.90625 0.9375 0.875 0.98046875 0.86 0.872727272727273 0.844444444444444 0.924848484848485 3
0.75 0.8125 0.6875 0.8671875 0.88 0.863636363636364 0.892857142857143 0.918831168831169 3
0.9375 0.9375 0.9375 0.9765625 0.87 0.871794871794872 0.868852459016393 0.943673812526272 3
1 1 1 1 0.77 0.740740740740741 0.804347826086957 0.77073268921095 3
1 1 1 1 0.85 0.890909090909091 0.8 0.844242424242424 3
0.9375 0.944444444444444 0.928571428571429 0.972222222222222 0.7 0.588235294117647 0.816326530612245 0.782312925170068 3
0.875 0.882352941176471 0.866666666666667 0.968627450980392 0.74 0.857142857142857 0.655172413793103 0.839901477832512 3
1 1 1 1 0.67 0.384615384615385 0.979166666666667 0.692307692307692 3
0.8125 0.785714285714286 0.833333333333333 0.924603174603175 0.81 0.795454545454545 0.821428571428571 0.882305194805195 3
1 1 1 1 0.8 0.784313725490196 0.816326530612245 0.836734693877551 3
1 1 1 1 0.85 0.829268292682927 0.864406779661017 0.864200082678793 3
1 1 1 1 0.9 0.910714285714286 0.886363636363636 0.926136363636364 3
0.90625 0.928571428571429 0.888888888888889 0.964285714285714 0.8 0.761904761904762 0.827586206896552 0.86863711001642 3
0.9375 0.944444444444444 0.928571428571429 0.976190476190476 0.76 0.727272727272727 0.8 0.85010101010101 3
1 1 1 1 0.88 0.826086956521739 0.925925925925926 0.898349436392915 3
0.9375 0.928571428571429 0.944444444444444 0.988095238095238 0.8 0.765957446808511 0.830188679245283 0.852268165395423 3
1 1 1 1 0.78 0.685185185185185 0.891304347826087 0.865539452495974 3
1 1 1 1 0.82 0.804347826086957 0.833333333333333 0.886473429951691 3
0.9375 0.944444444444444 0.928571428571429 0.996031746031746 0.73 0.659090909090909 0.785714285714286 0.743100649350649 3
1 1 1 1 0.82 0.73469387755102 0.901960784313726 0.851340536214486 3
1 1 1 1 0.71 0.4 0.916666666666667 0.66625 3
0.84375 0.882352941176471 0.8 0.941176470588235 0.84 0.829787234042553 0.849056603773585 0.920112404656764 3
1 1 1 1 0.7 0.647058823529412 0.755102040816326 0.717086834733894 3
0.84375 0.888888888888889 0.785714285714286 0.916666666666667 0.78 0.901960784313726 0.653061224489796 0.882753101240496 3
1 1 1 1 0.71 0.7 0.72 0.7224 3
1 1 1 1 0.82 0.727272727272727 0.933333333333333 0.864242424242424 3
1 1 1 1 0.8 0.872727272727273 0.711111111111111 0.831111111111111 3
1 1 1 1 0.85 0.843137254901961 0.857142857142857 0.897559023609444 3
1 1 1 1 0.78 0.634615384615385 0.9375 0.806089743589744 3
1 1 1 1 0.73 0.530612244897959 0.92156862745098 0.723089235694278 3
0.8125 0.857142857142857 0.777777777777778 0.952380952380952 0.81 0.684210526315789 0.976744186046512 0.9265605875153 3
0.8125 0.75 0.85 0.916666666666667 0.75 0.591836734693878 0.901960784313726 0.773109243697479 3
0.84375 0.823529411764706 0.866666666666667 0.941176470588235 0.85 0.936170212765957 0.773584905660377 0.9313528703332 3
1 1 1 1 0.75 0.711538461538462 0.791666666666667 0.751602564102564 3
1 1 1 1 0.83 0.769230769230769 0.895833333333333 0.832532051282051 3
1 1 1 1 0.83 0.859649122807018 0.790697674418605 0.838637290901673 3
0.875 0.882352941176471 0.866666666666667 0.949019607843137 0.83 0.75 0.892857142857143 0.877029220779221 3
0.9375 0.9375 0.9375 0.96484375 0.83 0.738095238095238 0.896551724137931 0.913382594417077 3
0.9375 1 0.875 0.97265625 0.87 0.795918367346939 0.941176470588235 0.929971988795518 3
1 1 1 1 0.84 0.844444444444444 0.836363636363636 0.884646464646465 3
0.84375 0.833333333333333 0.85 0.945833333333333 0.85 0.807692307692308 0.895833333333333 0.932291666666667 3
1 1 1 1 0.78 0.723404255319149 0.830188679245283 0.805901244480128 3
1 1 1 1 0.61 0.5625 0.653846153846154 0.623397435897436 3
0.90625 0.846153846153846 0.947368421052632 0.979757085020243 0.76 0.796296296296296 0.717391304347826 0.83695652173913 3
0.84375 0.888888888888889 0.785714285714286 0.944444444444444 0.88 0.92156862745098 0.836734693877551 0.934773909563825 3
0.875 0.846153846153846 0.894736842105263 0.975708502024291 0.82 0.759259259259259 0.891304347826087 0.919887278582931 3
0.875 0.941176470588235 0.8 0.937254901960784 0.78 0.75609756097561 0.796610169491525 0.871021083092187 3
1 1 1 1 0.8 0.910714285714286 0.659090909090909 0.82913961038961 3
1 1 1 1 0.86 0.846153846153846 0.875 0.858974358974359 3
0.90625 0.923076923076923 0.894736842105263 0.979757085020243 0.75 0.63265306122449 0.862745098039216 0.776910764305722 3
0.875 0.866666666666667 0.882352941176471 0.968627450980392 0.84 0.78 0.9 0.9296 3
0.90625 0.933333333333333 0.882352941176471 0.984313725490196 0.8 0.647058823529412 0.959183673469388 0.897158863545418 3
1 1 1 1 0.85 0.897959183673469 0.803921568627451 0.924569827931172 3
0.96875 1 0.923076923076923 0.979757085020243 0.82 0.777777777777778 0.869565217391304 0.880032206119163 3
0.875 0.866666666666667 0.882352941176471 0.968627450980392 0.81 0.741935483870968 0.921052631578947 0.952037351443124 3
1 1 1 1 0.78 0.641509433962264 0.936170212765957 0.788839823364111 3
0.84375 0.785714285714286 0.888888888888889 0.964285714285714 0.74 0.652173913043478 0.814814814814815 0.853462157809984 3
1 1 1 1 0.79 0.595744680851064 0.962264150943396 0.839421918908069 3
0.6875 0.777777777777778 0.571428571428571 0.825396825396825 0.87 0.867924528301887 0.872340425531915 0.944199116820554 3
1 1 1 1 0.73 0.807692307692308 0.645833333333333 0.737980769230769 3
0.90625 0.9375 0.875 0.95703125 0.78 0.808510638297872 0.754716981132076 0.810919309514251 3
1 1 1 1 0.8 0.877551020408163 0.725490196078431 0.806922769107643 3
1 1 1 1 0.78 0.638297872340426 0.905660377358491 0.855479727017262 3
0.96875 1 0.928571428571429 0.976190476190476 0.79 0.787234042553192 0.792452830188679 0.843034925732637 3
0.90625 0.933333333333333 0.882352941176471 0.980392156862745 0.77 0.666666666666667 0.844827586206897 0.88752052545156 3
1 1 1 1 0.73 0.62962962962963 0.847826086956522 0.810789049919485 3
1 1 1 1 0.81 0.684210526315789 0.976744186046512 0.853325173398613 3
1 1 1 1 0.65 0.326086956521739 0.925925925925926 0.624194847020934 3
0.90625 0.928571428571429 0.888888888888889 0.992063492063492 0.74 0.625 0.886363636363636 0.769277597402597 3
0.9375 0.944444444444444 0.928571428571429 0.956349206349206 0.86 0.953488372093023 0.789473684210526 0.948184414524684 3
1 1 1 1 0.63 0.36734693877551 0.882352941176471 0.657863145258103 3
1 1 1 1 0.73 0.553571428571429 0.954545454545455 0.794642857142857 3
0.90625 0.882352941176471 0.933333333333333 0.949019607843137 0.83 0.844444444444444 0.818181818181818 0.931717171717172 3
1 1 1 1 0.71 0.688888888888889 0.727272727272727 0.71979797979798 3
1 1 1 1 0.8 0.760869565217391 0.833333333333333 0.807971014492754 3
0.84375 0.8125 0.875 0.953125 0.78 0.714285714285714 0.843137254901961 0.853141256502601 3
0.875 0.875 0.875 0.953125 0.91 0.880952380952381 0.931034482758621 0.960591133004926 3
0.8125 0.888888888888889 0.714285714285714 0.94047619047619 0.73 0.811320754716981 0.638297872340426 0.803693295865114 3
1 1 1 1 0.72 0.863636363636364 0.607142857142857 0.771915584415584 3
0.875 0.846153846153846 0.894736842105263 0.947368421052632 0.66 0.56 0.76 0.7648 3
1 1 1 1 0.77 0.764705882352941 0.775510204081633 0.793517406962785 3
1 1 1 1 0.76 0.872727272727273 0.622222222222222 0.793737373737374 3
1 1 1 1 0.84 0.730769230769231 0.958333333333333 0.847355769230769 3
1 1 1 1 0.9 0.904761904761905 0.891891891891892 0.904332904332904 3
1 1 1 1 0.79 0.807017543859649 0.767441860465116 0.792533659730722 3
0.90625 0.933333333333333 0.882352941176471 0.984313725490196 0.78 0.714285714285714 0.827586206896552 0.828817733990148 3
1 1 1 1 0.78 0.62962962962963 0.956521739130435 0.801529790660225 3
0.90625 0.866666666666667 0.941176470588235 0.945098039215686 0.81 0.854166666666667 0.769230769230769 0.875801282051282 3
1 1 1 1 0.75 0.589285714285714 0.954545454545455 0.837662337662338 3
0.96875 1 0.933333333333333 0.976470588235294 0.77 0.692307692307692 0.854166666666667 0.873798076923077 3
0.90625 0.9375 0.875 0.9375 0.84 0.777777777777778 0.890909090909091 0.865050505050505 3
0.9375 0.95 0.916666666666667 0.9625 0.85 0.86 0.84 0.9352 3
0.90625 0.947368421052632 0.846153846153846 0.979757085020243 0.68 0.695652173913043 0.666666666666667 0.738325281803543 3
0.96875 1 0.941176470588235 0.984313725490196 0.86 0.822222222222222 0.890909090909091 0.91030303030303 3
0.9375 0.928571428571429 0.944444444444444 0.992063492063492 0.81 0.826086956521739 0.796296296296296 0.893317230273752 3
1 1 1 1 0.85 0.775510204081633 0.92156862745098 0.879551820728291 3
1 1 1 1 0.79 0.75 0.821428571428571 0.78612012987013 3
1 1 1 1 0.81 0.818181818181818 0.803571428571429 0.810876623376623 3
1 1 1 1 0.77 0.686274509803922 0.857142857142857 0.783113245298119 3
0.90625 0.833333333333333 0.95 0.979166666666667 0.84 0.773584905660377 0.914893617021277 0.908470493777599 3
