0.858333333333333 0.865671641791045 0.849056603773585 0.954660658969304 0.87 0.823529411764706 0.918367346938776 0.935174069627851 1
0.9 0.864406779661017 0.934426229508197 0.972770213948319 0.78 0.777777777777778 0.781818181818182 0.871515151515152 1
0.866666666666667 0.818181818181818 0.907692307692308 0.899020979020979 0.84 0.785714285714286 0.909090909090909 0.934253246753247 1
0.891666666666667 0.888888888888889 0.894736842105263 0.959899749373434 0.88 0.847457627118644 0.926829268292683 0.953699875981811 1
0.883333333333333 0.870967741935484 0.896551724137931 0.972747497219132 0.85 0.781818181818182 0.933333333333333 0.938989898989899 1
0.883333333333333 0.870967741935484 0.896551724137931 0.947163515016685 0.87 0.901960784313726 0.836734693877551 0.945578231292517 1
0.925 0.929824561403509 0.920634920634921 0.962684489000278 0.89 0.87719298245614 0.906976744186046 0.926152590779274 1
0.916666666666667 0.933333333333333 0.9 0.975555555555556 0.85 0.803921568627451 0.897959183673469 0.929971988795518 1
0.883333333333333 0.890625 0.875 0.958426339285714 0.83 0.725490196078431 0.938775510204082 0.955982392957183 1
0.883333333333333 0.91304347826087 0.843137254901961 0.951690821256039 0.83 0.829787234042553 0.830188679245283 0.946206342834203 1
0.891666666666667 0.882352941176471 0.898550724637681 0.963910201761864 0.75 0.745098039215686 0.755102040816326 0.875950380152061 1
0.85 0.846153846153846 0.854545454545454 0.931468531468531 0.89 0.846153846153846 0.9375 0.947115384615385 1
0.825 0.833333333333333 0.814814814814815 0.901795735129069 0.85 0.816326530612245 0.882352941176471 0.925170068027211 1
0.925 0.917808219178082 0.936170212765957 0.952783445059749 0.88 0.88135593220339 0.878048780487805 0.947498966515089 1
0.875 0.836734693877551 0.901408450704225 0.947398677780972 0.82 0.792452830188679 0.851063829787234 0.90726615816941 1
0.933333333333333 0.927272727272727 0.938461538461538 0.964475524475525 0.81 0.717391304347826 0.888888888888889 0.878421900161031 1
0.883333333333333 0.879310344827586 0.887096774193548 0.954115684093437 0.87 0.872340425531915 0.867924528301887 0.950220794861501 1
0.891666666666667 0.882352941176471 0.898550724637681 0.956805910770105 0.86 0.857142857142857 0.862745098039216 0.928371348539416 1
0.883333333333333 0.876923076923077 0.890909090909091 0.963636363636364 0.9 0.931034482758621 0.857142857142857 0.942528735632184 1
0.858333333333333 0.857142857142857 0.859649122807018 0.927596769702033 0.86 0.9375 0.788461538461538 0.934695512820513 1
0.9 0.914285714285714 0.88 0.949428571428571 0.83 0.866666666666667 0.8 0.924848484848485 1
0.916666666666667 0.924528301886792 0.91044776119403 0.965361869895804 0.84 0.716981132075472 0.978723404255319 0.902047370533922 1
0.891666666666667 0.862745098039216 0.91304347826087 0.966183574879227 0.89 0.823529411764706 0.959183673469388 0.95078031212485 1
0.866666666666667 0.864406779661017 0.868852459016393 0.934704084467908 0.85 0.916666666666667 0.788461538461538 0.947516025641026 1
0.866666666666667 0.883333333333333 0.85 0.9525 0.89 0.854166666666667 0.923076923076923 0.932692307692308 1
0.891666666666667 0.851851851851852 0.924242424242424 0.955948372615039 0.86 0.814814814814815 0.91304347826087 0.946859903381642 1
0.858333333333333 0.887096774193548 0.827586206896552 0.895717463848721 0.88 0.892857142857143 0.863636363636364 0.956980519480519 1
0.9 0.883333333333333 0.916666666666667 0.955833333333333 0.88 0.830188679245283 0.936170212765957 0.915295062224006 1
0.858333333333333 0.88135593220339 0.836065573770492 0.961656015559878 0.89 0.810810810810811 0.936507936507937 0.942942942942943 1
0.941666666666667 0.909090909090909 0.960526315789474 0.988038277511962 0.89 0.872340425531915 0.905660377358491 0.967081493376154 1
0.883333333333333 0.879310344827586 0.887096774193548 0.975806451612903 0.82 0.880952380952381 0.775862068965517 0.914614121510673 1
0.908333333333333 0.907407407407407 0.909090909090909 0.975869809203142 0.83 0.823529411764706 0.836734693877551 0.916366546618647 1
0.941666666666667 0.928571428571429 0.953125 0.976841517857143 0.9 0.904761904761905 0.896551724137931 0.947454844006568 1
0.9 0.886792452830189 0.91044776119403 0.965925091523514 0.83 0.785714285714286 0.862068965517241 0.894499178981938 1
0.85 0.827586206896552 0.870967741935484 0.959121245828699 0.86 0.9375 0.788461538461538 0.964342948717949 1
0.808333333333333 0.766666666666667 0.85 0.901388888888889 0.86 0.916666666666667 0.807692307692308 0.955128205128205 1
0.9 0.943661971830986 0.836734693877551 0.970968669157804 0.81 0.86 0.76 0.9048 1
0.775 0.779661016949153 0.770491803278688 0.860516810225063 0.79 0.770833333333333 0.807692307692308 0.875 1
0.825 0.859375 0.785714285714286 0.902622767857143 0.8 0.793103448275862 0.80952380952381 0.892857142857143 1
0.9 0.924242424242424 0.87037037037037 0.939955106621773 0.8 0.847826086956522 0.759259259259259 0.912640901771336 1
0.883333333333333 0.901639344262295 0.864406779661017 0.963878855237566 0.91 0.886792452830189 0.936170212765957 0.954636692091529 1
0.875 0.88135593220339 0.868852459016393 0.941928313420395 0.85 0.727272727272727 0.946428571428571 0.915178571428571 1
0.808333333333333 0.767857142857143 0.84375 0.904296875 0.87 0.823529411764706 0.918367346938776 0.933573429371749 1
0.866666666666667 0.833333333333333 0.888888888888889 0.941550925925926 0.85 0.784313725490196 0.918367346938776 0.953581432573029 1
0.891666666666667 0.9 0.883333333333333 0.961944444444444 0.87 0.891304347826087 0.851851851851852 0.931964573268921 1
0.891666666666667 0.898305084745763 0.885245901639344 0.967213114754098 0.89 0.85 0.916666666666667 0.932916666666667 1
0.8 0.777777777777778 0.818181818181818 0.903759820426487 0.83 0.673913043478261 0.962962962962963 0.947665056360709 1
0.9 0.857142857142857 0.9375 0.958705357142857 0.83 0.836363636363636 0.822222222222222 0.94020202020202 1
0.875 0.878787878787879 0.87037037037037 0.955948372615039 0.88 0.851063829787234 0.905660377358491 0.936973103171417 1
0.883333333333333 0.88 0.885714285714286 0.940571428571429 0.87 0.869565217391304 0.87037037037037 0.931561996779388 1
0.883333333333333 0.867924528301887 0.895522388059702 0.939172064207266 0.89 0.810810810810811 0.936507936507937 0.897468897468897 1
0.866666666666667 0.87719298245614 0.857142857142857 0.951824004455583 0.91 0.851063829787234 0.962264150943396 0.955439582496989 1
0.85 0.836065573770492 0.864406779661017 0.943873298138372 0.84 0.916666666666667 0.769230769230769 0.950721153846154 1
0.85 0.861538461538462 0.836363636363636 0.950769230769231 0.74 0.684210526315789 0.813953488372093 0.844553243574051 1
0.916666666666667 0.935483870967742 0.896551724137931 0.952725250278087 0.86 0.888888888888889 0.836363636363636 0.936565656565657 1
0.883333333333333 0.842105263157895 0.920634920634921 0.958228905597327 0.88 0.882352941176471 0.877551020408163 0.940376150460184 1
0.866666666666667 0.863636363636364 0.87037037037037 0.939955106621773 0.83 0.869565217391304 0.796296296296296 0.916666666666667 1
0.866666666666667 0.839285714285714 0.890625 0.9453125 0.81 0.786885245901639 0.846153846153846 0.902059688944935 1
0.908333333333333 0.866666666666667 0.95 0.941944444444444 0.89 0.872727272727273 0.911111111111111 0.960808080808081 1
0.825 0.836065573770492 0.813559322033898 0.934426229508197 0.91 0.92 0.9 0.9652 1
0.908333333333333 0.925373134328358 0.886792452830189 0.953534215713883 0.85 0.854166666666667 0.846153846153846 0.935897435897436 1
0.85 0.876923076923077 0.818181818181818 0.947692307692308 0.89 0.8125 0.961538461538462 0.953125 1
0.883333333333333 0.882352941176471 0.884057971014493 0.957090082409776 0.85 0.833333333333333 0.869565217391304 0.910628019323672 1
0.908333333333333 0.890625 0.928571428571429 0.973772321428571 0.88 0.875 0.888888888888889 0.946614583333333 1
0.875 0.863636363636364 0.888888888888889 0.948933782267116 0.87 0.933333333333333 0.818181818181818 0.965656565656566 1
0.9 0.909090909090909 0.888888888888889 0.972222222222222 0.92 0.938775510204082 0.901960784313726 0.972789115646258 1
0.916666666666667 0.903225806451613 0.931034482758621 0.966907675194661 0.89 0.851851851851852 0.934782608695652 0.967391304347826 1
0.875 0.864406779661017 0.885245901639344 0.951931091969992 0.82 0.782608695652174 0.851851851851852 0.909017713365539 1
0.841666666666667 0.852941176470588 0.826923076923077 0.934389140271493 0.87 0.847826086956522 0.888888888888889 0.92109500805153 1
0.908333333333333 0.904761904761905 0.912280701754386 0.956836535783904 0.83 0.854166666666667 0.807692307692308 0.939102564102564 1
0.875 0.857142857142857 0.894736842105263 0.933723196881092 0.87 0.756756756756757 0.936507936507937 0.931359931359931 1
0.908333333333333 0.9 0.916666666666667 0.971666666666667 0.86 0.851851851851852 0.869565217391304 0.934380032206119 1
0.85 0.85 0.85 0.912222222222222 0.87 0.826086956521739 0.907407407407407 0.9585346215781 1
0.866666666666667 0.880597014925373 0.849056603773585 0.947901999436778 0.87 0.888888888888889 0.854545454545454 0.948282828282828 1
0.875 0.892307692307692 0.854545454545454 0.947692307692308 0.78 0.811320754716981 0.74468085106383 0.880369329586511 1
0.891666666666667 0.91304347826087 0.862745098039216 0.953680022733731 0.87 0.886363636363636 0.857142857142857 0.940746753246753 1
0.891666666666667 0.897058823529412 0.884615384615385 0.952488687782805 0.86 0.857142857142857 0.862745098039216 0.933173269307723 1
0.833333333333333 0.8 0.866666666666667 0.924722222222222 0.85 0.808510638297872 0.886792452830189 0.886792452830189 1
0.858333333333333 0.887096774193548 0.827586206896552 0.92992213570634 0.81 0.836734693877551 0.784313725490196 0.883153261304522 1
0.941666666666667 0.96 0.911111111111111 0.984 0.79 0.914893617021277 0.679245283018868 0.924929747089522 1
0.908333333333333 0.888888888888889 0.924242424242424 0.952861952861953 0.87 0.849056603773585 0.893617021276596 0.935768767563228 1
0.858333333333333 0.842105263157895 0.873015873015873 0.93734335839599 0.86 0.857142857142857 0.862068965517241 0.899835796387521 1
0.908333333333333 0.932203389830508 0.885245901639344 0.956376771325368 0.87 0.822222222222222 0.909090909090909 0.937373737373737 1
0.9 0.888888888888889 0.909090909090909 0.940796857463524 0.83 0.893617021276596 0.773584905660377 0.933761541549578 1
0.858333333333333 0.9 0.8 0.930285714285714 0.8 0.72 0.88 0.9056 1
0.858333333333333 0.866666666666667 0.85 0.956944444444444 0.86 0.82 0.9 0.9112 1
0.866666666666667 0.862068965517241 0.870967741935484 0.974694104560623 0.88 0.808510638297872 0.943396226415094 0.956242472902449 1
0.825 0.777777777777778 0.863636363636364 0.918069584736251 0.83 0.795918367346939 0.862745098039216 0.933173269307723 1
0.866666666666667 0.864406779661017 0.868852459016393 0.945540427896638 0.78 0.73469387755102 0.823529411764706 0.883153261304522 1
0.875 0.839285714285714 0.90625 0.977120535714286 0.85 0.867924528301887 0.829787234042553 0.937775993576877 1
0.875 0.866666666666667 0.883333333333333 0.955833333333333 0.82 0.792452830188679 0.851063829787234 0.890405459654757 1
0.85 0.833333333333333 0.866666666666667 0.936944444444444 0.89 0.836363636363636 0.955555555555556 0.963636363636364 1
0.908333333333333 0.92156862745098 0.898550724637681 0.96845694799659 0.85 0.784313725490196 0.918367346938776 0.923969587835134 1
0.916666666666667 0.932203389830508 0.901639344262295 0.968602389552654 0.91 0.902439024390244 0.915254237288136 0.959900785448532 1
0.883333333333333 0.890625 0.875 0.955357142857143 0.85 0.91304347826087 0.796296296296296 0.942834138486312 1
0.833333333333333 0.821428571428571 0.84375 0.936662946428571 0.85 0.833333333333333 0.865384615384615 0.94150641025641 1
0.883333333333333 0.885245901639344 0.88135593220339 0.960822450680745 0.89 0.901960784313726 0.877551020408163 0.969587835134054 1
0.891666666666667 0.898550724637681 0.882352941176471 0.961921000284172 0.84 0.807692307692308 0.875 0.909054487179487 1
0.808333333333333 0.781818181818182 0.830769230769231 0.896223776223776 0.8 0.722222222222222 0.891304347826087 0.926328502415459 1
0.933333333333333 0.901960784313726 0.956521739130435 0.972435350951975 0.83 0.785714285714286 0.886363636363636 0.925324675324675 1
0.85 0.880597014925373 0.811320754716981 0.95550549141087 0.89 0.843137254901961 0.938775510204082 0.931572629051621 2
0.9 0.88135593220339 0.918032786885246 0.972214504028897 0.77 0.733333333333333 0.8 0.854949494949495 2
0.85 0.8 0.892307692307692 0.89986013986014 0.87 0.839285714285714 0.909090909090909 0.935876623376623 2
0.891666666666667 0.904761904761905 0.87719298245614 0.960178223336118 0.87 0.830508474576271 0.926829268292683 0.952873088052914 2
0.891666666666667 0.887096774193548 0.896551724137931 0.973025583982202 0.82 0.727272727272727 0.933333333333333 0.941010101010101 2
0.883333333333333 0.887096774193548 0.879310344827586 0.942157953281424 0.88 0.901960784313726 0.857142857142857 0.945978391356543 2
0.908333333333333 0.912280701754386 0.904761904761905 0.963241436925647 0.86 0.859649122807018 0.86046511627907 0.924112607099143 2
0.908333333333333 0.916666666666667 0.9 0.978055555555556 0.86 0.803921568627451 0.918367346938776 0.9343737494998 2
0.891666666666667 0.890625 0.892857142857143 0.958984375 0.86 0.784313725490196 0.938775510204082 0.95718287314926 2
0.875 0.884057971014493 0.862745098039216 0.948564933219665 0.85 0.851063829787234 0.849056603773585 0.95303091128061 2
0.9 0.882352941176471 0.91304347826087 0.963057686842853 0.77 0.764705882352941 0.775510204081633 0.874749899959984 2
0.858333333333333 0.861538461538462 0.854545454545454 0.935384615384615 0.89 0.846153846153846 0.9375 0.943108974358974 2
0.825 0.833333333333333 0.814814814814815 0.902356902356902 0.86 0.816326530612245 0.901960784313726 0.926370548219288 2
0.925 0.931506849315068 0.914893617021277 0.954240746138152 0.88 0.898305084745763 0.853658536585366 0.944191814799504 2
0.875 0.836734693877551 0.901408450704225 0.94854843345789 0.83 0.792452830188679 0.872340425531915 0.926535527900442 2
0.933333333333333 0.927272727272727 0.938461538461538 0.967552447552448 0.79 0.695652173913043 0.87037037037037 0.869967793880837 2
0.875 0.879310344827586 0.870967741935484 0.952447163515017 0.84 0.808510638297872 0.867924528301887 0.949417904456042 2
0.9 0.882352941176471 0.91304347826087 0.955100880932083 0.85 0.857142857142857 0.843137254901961 0.933973589435774 2
0.883333333333333 0.876923076923077 0.890909090909091 0.964475524475524 0.9 0.948275862068966 0.833333333333333 0.94376026272578 2
0.858333333333333 0.857142857142857 0.859649122807018 0.92620439988861 0.84 0.895833333333333 0.788461538461538 0.928285256410256 2
0.9 0.914285714285714 0.88 0.948571428571429 0.83 0.866666666666667 0.8 0.921212121212121 2
0.916666666666667 0.924528301886792 0.91044776119403 0.965361869895804 0.85 0.716981132075472 1 0.898032918506624 2
0.883333333333333 0.843137254901961 0.91304347826087 0.966183574879227 0.89 0.823529411764706 0.959183673469388 0.948379351740696 2
0.875 0.88135593220339 0.868852459016393 0.934704084467908 0.85 0.895833333333333 0.807692307692308 0.94911858974359 2
0.866666666666667 0.883333333333333 0.85 0.9525 0.88 0.833333333333333 0.923076923076923 0.925480769230769 2
0.9 0.87037037037037 0.924242424242424 0.956228956228956 0.87 0.814814814814815 0.934782608695652 0.937600644122383 2
0.858333333333333 0.887096774193548 0.827586206896552 0.897107897664071 0.89 0.910714285714286 0.863636363636364 0.958198051948052 2
0.891666666666667 0.866666666666667 0.916666666666667 0.955277777777778 0.86 0.811320754716981 0.914893617021277 0.917703733440385 2
0.866666666666667 0.898305084745763 0.836065573770492 0.959433175882189 0.88 0.756756756756757 0.952380952380952 0.937794937794938 2
0.933333333333333 0.886363636363636 0.960526315789474 0.987141148325359 0.9 0.893617021276596 0.905660377358491 0.948615014050582 2
0.9 0.913793103448276 0.887096774193548 0.976084538375973 0.81 0.857142857142857 0.775862068965517 0.911740558292282 2
0.908333333333333 0.907407407407407 0.909090909090909 0.975589225589226 0.81 0.803921568627451 0.816326530612245 0.915966386554622 2
0.941666666666667 0.928571428571429 0.953125 0.977120535714286 0.88 0.857142857142857 0.896551724137931 0.950328407224959 2
0.9 0.886792452830189 0.91044776119403 0.967051534778936 0.85 0.80952380952381 0.879310344827586 0.896141215106732 2
0.866666666666667 0.862068965517241 0.870967741935484 0.960789766407119 0.86 0.9375 0.788461538461538 0.952323717948718 2
0.808333333333333 0.766666666666667 0.85 0.898611111111111 0.88 0.916666666666667 0.846153846153846 0.954326923076923 2
0.891666666666667 0.915492957746479 0.857142857142857 0.967231963207818 0.82 0.84 0.8 0.912 2
0.841666666666667 0.830508474576271 0.852459016393443 0.931647679911086 0.87 0.916666666666667 0.826923076923077 0.938701923076923 2
0.825 0.859375 0.785714285714286 0.904296875 0.85 0.862068965517241 0.833333333333333 0.89696223316913 2
0.908333333333333 0.924242424242424 0.888888888888889 0.939955106621773 0.81 0.869565217391304 0.759259259259259 0.918276972624799 2
0.883333333333333 0.901639344262295 0.864406779661017 0.964712420116699 0.91 0.886792452830189 0.936170212765957 0.95463669209153 2
0.866666666666667 0.88135593220339 0.852459016393443 0.942206168380106 0.84 0.727272727272727 0.928571428571429 0.906655844155844 2
0.8 0.75 0.84375 0.90625 0.88 0.843137254901961 0.918367346938776 0.929171668667467 2
0.875 0.833333333333333 0.902777777777778 0.942418981481482 0.87 0.784313725490196 0.959183673469388 0.953181272509004 2
0.891666666666667 0.9 0.883333333333333 0.962222222222222 0.87 0.891304347826087 0.851851851851852 0.935990338164251 2
0.9 0.915254237288136 0.885245901639344 0.969713809391498 0.89 0.85 0.916666666666667 0.935 2
0.8 0.777777777777778 0.818181818181818 0.904320987654321 0.83 0.695652173913043 0.944444444444444 0.939210950080515 2
0.9 0.857142857142857 0.9375 0.960379464285714 0.84 0.836363636363636 0.844444444444444 0.943030303030303 2
0.883333333333333 0.893939393939394 0.87037037037037 0.954826038159372 0.86 0.808510638297872 0.905660377358491 0.934965877157768 2
0.883333333333333 0.88 0.885714285714286 0.940857142857143 0.85 0.847826086956522 0.851851851851852 0.927536231884058 2
0.883333333333333 0.867924528301887 0.895522388059702 0.938045620951845 0.89 0.783783783783784 0.952380952380952 0.888030888030888 2
0.883333333333333 0.894736842105263 0.873015873015873 0.95349484823169 0.91 0.851063829787234 0.962264150943396 0.95303091128061 2
0.858333333333333 0.836065573770492 0.88135593220339 0.943039733259239 0.82 0.916666666666667 0.730769230769231 0.951121794871795 2
0.85 0.861538461538462 0.836363636363636 0.94993006993007 0.77 0.701754385964912 0.86046511627907 0.848633210934312 2
0.925 0.935483870967742 0.913793103448276 0.952169076751947 0.88 0.888888888888889 0.872727272727273 0.933333333333333 2
0.875 0.842105263157895 0.904761904761905 0.958507379560011 0.88 0.882352941176471 0.877551020408163 0.937174869947979 2
0.858333333333333 0.878787878787879 0.833333333333333 0.940796857463524 0.82 0.847826086956522 0.796296296296296 0.917471819645733 2
0.858333333333333 0.839285714285714 0.875 0.944475446428571 0.76 0.688524590163934 0.871794871794872 0.884825556956705 2
0.908333333333333 0.866666666666667 0.95 0.943055555555556 0.9 0.890909090909091 0.911111111111111 0.96 2
0.825 0.836065573770492 0.813559322033898 0.933870519588775 0.9 0.92 0.88 0.9636 2
0.908333333333333 0.925373134328358 0.886792452830189 0.952970994086173 0.86 0.854166666666667 0.865384615384615 0.935496794871795 2
0.866666666666667 0.907692307692308 0.818181818181818 0.949370629370629 0.86 0.770833333333333 0.942307692307692 0.953525641025641 2
0.9 0.882352941176471 0.91304347826087 0.954248366013072 0.83 0.814814814814815 0.847826086956522 0.906199677938808 2
0.916666666666667 0.90625 0.928571428571429 0.968191964285714 0.86 0.875 0.833333333333333 0.940538194444444 2
0.866666666666667 0.863636363636364 0.87037037037037 0.948933782267116 0.89 0.955555555555556 0.836363636363636 0.968080808080808 2
0.908333333333333 0.924242424242424 0.888888888888889 0.969977553310887 0.9 0.918367346938776 0.882352941176471 0.969587835134054 2
0.916666666666667 0.903225806451613 0.931034482758621 0.967741935483871 0.9 0.851851851851852 0.956521739130435 0.974235104669887 2
0.866666666666667 0.847457627118644 0.885245901639344 0.948041122534037 0.82 0.782608695652174 0.851851851851852 0.912640901771336 2
0.85 0.867647058823529 0.826923076923077 0.935803167420814 0.87 0.826086956521739 0.907407407407407 0.913446054750403 2
0.908333333333333 0.920634920634921 0.894736842105263 0.958228905597327 0.83 0.875 0.788461538461538 0.94150641025641 2
0.866666666666667 0.857142857142857 0.87719298245614 0.934280144806461 0.87 0.72972972972973 0.952380952380952 0.93007293007293 2
0.908333333333333 0.9 0.916666666666667 0.972222222222222 0.87 0.851851851851852 0.891304347826087 0.917874396135266 2
0.833333333333333 0.85 0.816666666666667 0.908333333333333 0.87 0.804347826086957 0.925925925925926 0.954911433172303 2
0.85 0.850746268656716 0.849056603773585 0.948183610250634 0.73 0.577777777777778 0.854545454545454 0.848888888888889 2
0.875 0.892307692307692 0.854545454545454 0.946293706293706 0.8 0.867924528301887 0.723404255319149 0.88277800080289 2
0.891666666666667 0.91304347826087 0.862745098039216 0.954532537652742 0.89 0.931818181818182 0.857142857142857 0.943587662337662 2
0.891666666666667 0.897058823529412 0.884615384615385 0.947398190045249 0.86 0.857142857142857 0.862745098039216 0.933573429371749 2
0.841666666666667 0.816666666666667 0.866666666666667 0.929722222222222 0.85 0.808510638297872 0.886792452830189 0.888398233641108 2
0.858333333333333 0.887096774193548 0.827586206896552 0.931590656284761 0.8 0.816326530612245 0.784313725490196 0.882753101240496 2
0.933333333333333 0.946666666666667 0.911111111111111 0.984296296296296 0.8 0.936170212765957 0.679245283018868 0.925732637494982 2
0.875 0.87037037037037 0.878787878787879 0.950897867564534 0.85 0.811320754716981 0.893617021276596 0.924929747089522 2
0.858333333333333 0.842105263157895 0.873015873015873 0.936229462545252 0.87 0.857142857142857 0.879310344827586 0.897372742200328 2
0.908333333333333 0.932203389830508 0.885245901639344 0.953320366768547 0.87 0.822222222222222 0.909090909090909 0.934949494949495 2
0.9 0.888888888888889 0.909090909090909 0.940796857463524 0.84 0.893617021276596 0.792452830188679 0.934162986752308 2
0.85 0.885714285714286 0.8 0.93 0.79 0.72 0.86 0.9032 2
0.858333333333333 0.866666666666667 0.85 0.958055555555556 0.84 0.8 0.88 0.9108 2
0.866666666666667 0.862068965517241 0.870967741935484 0.974694104560623 0.9 0.851063829787234 0.943396226415094 0.952228020875151 2
0.841666666666667 0.796296296296296 0.878787878787879 0.918069584736251 0.84 0.795918367346939 0.882352941176471 0.935974389755902 2
0.866666666666667 0.864406779661017 0.868852459016393 0.947485412614615 0.78 0.73469387755102 0.823529411764706 0.889955982392957 2
0.883333333333333 0.857142857142857 0.90625 0.979073660714286 0.87 0.867924528301887 0.872340425531915 0.935367322360498 2
0.875 0.866666666666667 0.883333333333333 0.956388888888889 0.83 0.811320754716981 0.851063829787234 0.888799678843838 2
0.858333333333333 0.85 0.866666666666667 0.940277777777778 0.88 0.818181818181818 0.955555555555556 0.957575757575758 2
0.908333333333333 0.92156862745098 0.898550724637681 0.96845694799659 0.87 0.823529411764706 0.918367346938776 0.924769907963185 2
0.916666666666667 0.932203389830508 0.901639344262295 0.966379549874965 0.92 0.902439024390244 0.932203389830508 0.967755270773047 2
0.858333333333333 0.859375 0.857142857142857 0.946986607142857 0.88 0.91304347826087 0.851851851851852 0.933977455716586 2
0.825 0.821428571428571 0.828125 0.937220982142857 0.83 0.8125 0.846153846153846 0.932692307692308 2
0.875 0.885245901639344 0.864406779661017 0.958321756043345 0.89 0.901960784313726 0.877551020408163 0.969187675070028 2
0.883333333333333 0.884057971014493 0.882352941176471 0.959931798806479 0.85 0.846153846153846 0.854166666666667 0.90625 2
0.816666666666667 0.781818181818182 0.846153846153846 0.897902097902098 0.83 0.777777777777778 0.891304347826087 0.92109500805153 2
0.925 0.901960784313726 0.942028985507246 0.974140380789997 0.84 0.767857142857143 0.931818181818182 0.930194805194805 2
0.85 0.865671641791045 0.830188679245283 0.956913545480146 0.88 0.823529411764706 0.938775510204082 0.936374549819928 3
0.908333333333333 0.88135593220339 0.934426229508197 0.973881633787163 0.8 0.777777777777778 0.818181818181818 0.853737373737374 3
0.858333333333333 0.8 0.907692307692308 0.901818181818182 0.84 0.785714285714286 0.909090909090909 0.931006493506494 3
0.891666666666667 0.904761904761905 0.87719298245614 0.960735171261487 0.86 0.830508474576271 0.902439024390244 0.944191814799504 3
0.883333333333333 0.870967741935484 0.896551724137931 0.971078976640712 0.84 0.763636363636364 0.933333333333333 0.938585858585859 3
0.883333333333333 0.887096774193548 0.879310344827586 0.942157953281424 0.88 0.901960784313726 0.857142857142857 0.938375350140056 3
0.916666666666667 0.929824561403509 0.904761904761905 0.962684489000278 0.87 0.87719298245614 0.86046511627907 0.917584659322725 3
0.916666666666667 0.95 0.883333333333333 0.976111111111111 0.87 0.803921568627451 0.938775510204082 0.929971988795518 3
0.891666666666667 0.890625 0.892857142857143 0.957310267857143 0.85 0.764705882352941 0.938775510204082 0.956782713085234 3
0.875 0.898550724637681 0.843137254901961 0.950269963057687 0.85 0.872340425531915 0.830188679245283 0.946607788036933 3
0.9 0.901960784313726 0.898550724637681 0.961921000284172 0.8 0.784313725490196 0.816326530612245 0.874749899959984 3
0.866666666666667 0.876923076923077 0.854545454545454 0.928671328671329 0.86 0.807692307692308 0.916666666666667 0.934695512820513 3
0.816666666666667 0.818181818181818 0.814814814814815 0.900112233445567 0.85 0.816326530612245 0.882352941176471 0.921968787515006 3
0.933333333333333 0.931506849315068 0.936170212765957 0.951326143981347 0.88 0.88135593220339 0.878048780487805 0.93840429929723 3
0.875 0.836734693877551 0.901408450704225 0.946248922104053 0.84 0.811320754716981 0.872340425531915 0.901244480128462 3
0.925 0.909090909090909 0.938461538461538 0.966713286713287 0.79 0.695652173913043 0.87037037037037 0.871980676328502 3
0.883333333333333 0.879310344827586 0.887096774193548 0.953559510567297 0.78 0.680851063829787 0.867924528301887 0.827378562826174 3
0.891666666666667 0.862745098039216 0.91304347826087 0.953680022733731 0.83 0.836734693877551 0.823529411764706 0.92156862745098 3
0.875 0.861538461538462 0.890909090909091 0.960839160839161 0.87 0.896551724137931 0.833333333333333 0.942939244663383 3
0.85 0.857142857142857 0.842105263157895 0.928989139515455 0.87 0.916666666666667 0.826923076923077 0.928685897435897 3
0.875 0.9 0.84 0.943714285714286 0.82 0.866666666666667 0.781818181818182 0.919191919191919 3
0.916666666666667 0.924528301886792 0.91044776119403 0.965361869895804 0.82 0.679245283018868 0.978723404255319 0.900441589723003 3
0.883333333333333 0.843137254901961 0.91304347826087 0.962773515203183 0.89 0.823529411764706 0.959183673469388 0.945578231292517 3
0.875 0.88135593220339 0.868852459016393 0.931925534870797 0.84 0.916666666666667 0.769230769230769 0.948717948717949 3
0.875 0.883333333333333 0.866666666666667 0.951388888888889 0.87 0.8125 0.923076923076923 0.92948717948718 3
0.891666666666667 0.851851851851852 0.924242424242424 0.952581369248036 0.85 0.796296296296296 0.91304347826087 0.94122383252818 3
0.858333333333333 0.887096774193548 0.827586206896552 0.89321468298109 0.9 0.928571428571429 0.863636363636364 0.956980519480519 3
0.883333333333333 0.883333333333333 0.883333333333333 0.950277777777778 0.87 0.830188679245283 0.914893617021277 0.916900843034926 3
0.841666666666667 0.88135593220339 0.80327868852459 0.960822450680745 0.88 0.837837837837838 0.904761904761905 0.932646932646933 3
0.933333333333333 0.909090909090909 0.947368421052632 0.987739234449761 0.88 0.829787234042553 0.924528301886792 0.967482938578884 3
0.891666666666667 0.896551724137931 0.887096774193548 0.976084538375973 0.8 0.833333333333333 0.775862068965517 0.913382594417077 3
0.891666666666667 0.888888888888889 0.893939393939394 0.972783389450056 0.81 0.823529411764706 0.795918367346939 0.913165266106443 3
0.933333333333333 0.910714285714286 0.953125 0.977120535714286 0.9 0.904761904761905 0.896551724137931 0.94991789819376 3
0.9 0.886792452830189 0.91044776119403 0.965925091523514 0.86 0.80952380952381 0.896551724137931 0.895320197044335 3
0.883333333333333 0.879310344827586 0.887096774193548 0.96412680756396 0.82 0.770833333333333 0.865384615384615 0.906650641025641 3
0.8 0.766666666666667 0.833333333333333 0.900833333333333 0.87 0.916666666666667 0.826923076923077 0.952323717948718 3
0.891666666666667 0.915492957746479 0.857142857142857 0.968669157803967 0.79 0.82 0.76 0.902 3
0.841666666666667 0.813559322033898 0.868852459016393 0.931925534870797 0.84 0.916666666666667 0.769230769230769 0.934294871794872 3
0.825 0.859375 0.785714285714286 0.904017857142857 0.81 0.827586206896552 0.785714285714286 0.895730706075534 3
0.891666666666667 0.909090909090909 0.87037037037037 0.940796857463524 0.81 0.869565217391304 0.759259259259259 0.917874396135266 3
0.883333333333333 0.901639344262295 0.864406779661017 0.963323145318144 0.9 0.886792452830189 0.914893617021277 0.954636692091529 3
0.875 0.88135593220339 0.868852459016393 0.941650458460684 0.85 0.75 0.928571428571429 0.922077922077922 3
0.816666666666667 0.767857142857143 0.859375 0.905133928571429 0.88 0.843137254901961 0.918367346938776 0.933173269307723 3
0.866666666666667 0.833333333333333 0.888888888888889 0.939525462962963 0.85 0.745098039215686 0.959183673469388 0.953181272509004 3
0.9 0.916666666666667 0.883333333333333 0.963611111111111 0.87 0.891304347826087 0.851851851851852 0.937600644122383 3
0.891666666666667 0.898305084745763 0.885245901639344 0.968880244512365 0.9 0.875 0.916666666666667 0.93625 3
0.808333333333333 0.796296296296296 0.818181818181818 0.904040404040404 0.84 0.717391304347826 0.944444444444444 0.924718196457327 3
0.9 0.857142857142857 0.9375 0.956473214285714 0.82 0.818181818181818 0.822222222222222 0.93010101010101 3
0.858333333333333 0.863636363636364 0.851851851851852 0.952300785634119 0.86 0.829787234042553 0.886792452830189 0.931754315535929 3
0.883333333333333 0.88 0.885714285714286 0.941428571428571 0.87 0.847826086956522 0.888888888888889 0.92512077294686 3
0.883333333333333 0.867924528301887 0.895522388059702 0.938045620951845 0.88 0.756756756756757 0.952380952380952 0.892320892320892 3
0.858333333333333 0.87719298245614 0.841269841269841 0.950710108604845 0.91 0.851063829787234 0.962264150943396 0.950220794861501 3
0.85 0.819672131147541 0.88135593220339 0.944151153098083 0.85 0.9375 0.769230769230769 0.950320512820513 3
0.85 0.861538461538462 0.836363636363636 0.945734265734266 0.75 0.666666666666667 0.86046511627907 0.844145246838025 3
0.916666666666667 0.935483870967742 0.896551724137931 0.952725250278087 0.87 0.888888888888889 0.854545454545454 0.935353535353535 3
0.875 0.842105263157895 0.904761904761905 0.958785853522696 0.87 0.882352941176471 0.857142857142857 0.939975990396158 3
0.866666666666667 0.863636363636364 0.87037037037037 0.939393939393939 0.82 0.847826086956522 0.796296296296296 0.911433172302737 3
0.866666666666667 0.857142857142857 0.875 0.946707589285714 0.79 0.754098360655738 0.846153846153846 0.899117276166456 3
0.908333333333333 0.866666666666667 0.95 0.938611111111111 0.88 0.872727272727273 0.888888888888889 0.961616161616162 3
0.833333333333333 0.852459016393443 0.813559322033898 0.934148374548486 0.88 0.88 0.88 0.9516 3
0.9 0.925373134328358 0.867924528301887 0.956068713038581 0.84 0.833333333333333 0.846153846153846 0.938701923076923 3
0.866666666666667 0.907692307692308 0.818181818181818 0.949370629370629 0.85 0.75 0.942307692307692 0.951522435897436 3
0.9 0.882352941176471 0.91304347826087 0.953680022733731 0.81 0.759259259259259 0.869565217391304 0.899355877616747 3
0.9 0.90625 0.892857142857143 0.963448660714286 0.84 0.84375 0.833333333333333 0.93359375 3
0.866666666666667 0.863636363636364 0.87037037037037 0.949214365881033 0.89 0.955555555555556 0.836363636363636 0.969292929292929 3
0.916666666666667 0.924242424242424 0.907407407407407 0.970819304152638 0.92 0.959183673469388 0.882352941176471 0.969187675070028 3
0.925 0.919354838709677 0.931034482758621 0.966073414905451 0.9 0.87037037037037 0.934782608695652 0.97061191626409 3
0.866666666666667 0.830508474576271 0.901639344262295 0.949430397332592 0.81 0.760869565217391 0.851851851851852 0.912640901771336 3
0.841666666666667 0.852941176470588 0.826923076923077 0.933823529411765 0.87 0.826086956521739 0.907407407407407 0.901368760064412 3
0.908333333333333 0.904761904761905 0.912280701754386 0.958785853522696 0.82 0.854166666666667 0.788461538461538 0.933092948717949 3
0.875 0.857142857142857 0.894736842105263 0.932052353104985 0.87 0.72972972972973 0.952380952380952 0.930501930501931 3
0.908333333333333 0.9 0.916666666666667 0.972777777777778 0.85 0.833333333333333 0.869565217391304 0.927133655394525 3
0.841666666666667 0.85 0.833333333333333 0.909166666666667 0.87 0.826086956521739 0.907407407407407 0.956119162640902 3
0.866666666666667 0.865671641791045 0.867924528301887 0.948746831878344 0.85 0.822222222222222 0.872727272727273 0.947878787878788 3
0.883333333333333 0.907692307692308 0.854545454545454 0.943496503496503 0.77 0.792452830188679 0.74468085106383 0.850260939381774 3
0.891666666666667 0.91304347826087 0.862745098039216 0.95282750781472 0.91 0.954545454545455 0.875 0.943181818181818 3
0.883333333333333 0.882352941176471 0.884615384615385 0.94881221719457 0.83 0.816326530612245 0.843137254901961 0.933173269307723 3
0.841666666666667 0.816666666666667 0.866666666666667 0.930277777777778 0.84 0.787234042553192 0.886792452830189 0.880770774789241 3
0.858333333333333 0.887096774193548 0.827586206896552 0.931868743047831 0.79 0.795918367346939 0.784313725490196 0.875550220088035 3
0.933333333333333 0.96 0.888888888888889 0.984592592592593 0.83 0.978723404255319 0.69811320754717 0.924929747089522 3
0.883333333333333 0.87037037037037 0.893939393939394 0.948653198653199 0.87 0.849056603773585 0.893617021276596 0.927338418305901 3
0.841666666666667 0.824561403508772 0.857142857142857 0.930659983291562 0.84 0.833333333333333 0.844827586206897 0.894909688013136 3
0.9 0.915254237288136 0.885245901639344 0.950541817171436 0.87 0.822222222222222 0.909090909090909 0.935757575757576 3
0.9 0.888888888888889 0.909090909090909 0.94023569023569 0.86 0.936170212765957 0.792452830188679 0.933761541549578 3
0.858333333333333 0.9 0.8 0.928285714285714 0.8 0.74 0.86 0.8952 3
0.858333333333333 0.866666666666667 0.85 0.956666666666667 0.88 0.82 0.94 0.9084 3
0.875 0.862068965517241 0.887096774193548 0.973025583982202 0.89 0.808510638297872 0.962264150943396 0.950622240064231 3
0.816666666666667 0.777777777777778 0.848484848484849 0.915544332210999 0.86 0.836734693877551 0.882352941176471 0.932372949179672 3
0.866666666666667 0.864406779661017 0.868852459016393 0.942484023339817 0.79 0.755102040816326 0.823529411764706 0.887955182072829 3
0.883333333333333 0.857142857142857 0.90625 0.973493303571429 0.86 0.867924528301887 0.851063829787234 0.936973103171417 3
0.891666666666667 0.883333333333333 0.9 0.954166666666667 0.83 0.792452830188679 0.872340425531915 0.892412685668406 3
0.841666666666667 0.833333333333333 0.85 0.934166666666667 0.9 0.836363636363636 0.977777777777778 0.967272727272727 3
0.891666666666667 0.901960784313726 0.884057971014493 0.970161977834612 0.86 0.803921568627451 0.918367346938776 0.923569427771108 3
0.916666666666667 0.932203389830508 0.901639344262295 0.967490969713809 0.89 0.853658536585366 0.915254237288136 0.961554361306325 3
0.866666666666667 0.875 0.857142857142857 0.943080357142857 0.88 0.91304347826087 0.851851851851852 0.933574879227053 3
0.816666666666667 0.803571428571429 0.828125 0.932477678571429 0.85 0.8125 0.884615384615385 0.938301282051282 3
0.866666666666667 0.885245901639344 0.847457627118644 0.957766046123923 0.9 0.92156862745098 0.877551020408163 0.968387354941977 3
0.891666666666667 0.898550724637681 0.882352941176471 0.959079283887468 0.82 0.807692307692308 0.833333333333333 0.901442307692308 3
0.816666666666667 0.763636363636364 0.861538461538462 0.898741258741259 0.82 0.740740740740741 0.91304347826087 0.918276972624799 3
0.925 0.901960784313726 0.942028985507246 0.972435350951975 0.81 0.75 0.886363636363636 0.922077922077922 3
