0.818181818181818 0.829545454545455 0.807486631016043 0.909516285853184 0.86 0.9 0.82 0.9612 NA 1 75 1 968.317
0.925619834710744 0.926136363636364 0.925133689839572 0.974416626154594 0.95 0.96 0.94 0.9924 5 2 75 1 968.317
0.925619834710744 0.931818181818182 0.919786096256685 0.975935828877005 0.95 0.94 0.96 0.9928 8 2 75 1 968.317
0.922865013774105 0.931818181818182 0.914438502673797 0.975966212931454 0.95 0.94 0.96 0.9932 10 2 75 1 968.317
0.823691460055096 0.846590909090909 0.802139037433155 0.91027588721439 0.85 0.9 0.8 0.9592 1 3 75 1 968.317
0.922865013774105 0.920454545454545 0.925133689839572 0.972168206125425 0.92 0.92 0.92 0.9784 2 3 75 1 968.317
0.818181818181818 0.829545454545455 0.807486631016043 0.909455517744288 0.86 0.9 0.82 0.9596 NA 1 75 2 761.653
0.925619834710744 0.926136363636364 0.925133689839572 0.974629314535732 0.95 0.96 0.94 0.9924 5 2 75 2 761.653
0.925619834710744 0.931818181818182 0.919786096256685 0.975875060768109 0.95 0.94 0.96 0.9928 8 2 75 2 761.653
0.922865013774105 0.931818181818182 0.914438502673797 0.976239669421488 0.95 0.94 0.96 0.9932 10 2 75 2 761.653
0.818181818181818 0.840909090909091 0.796791443850267 0.910123966942149 0.85 0.9 0.8 0.9604 1 3 75 2 761.653
0.920110192837466 0.920454545454545 0.919786096256685 0.97225935828877 0.92 0.92 0.92 0.978 2 3 75 2 761.653
0.818181818181818 0.829545454545455 0.807486631016043 0.909941662615459 0.86 0.9 0.82 0.9588 NA 1 75 3 1511.8
0.928374655647383 0.931818181818182 0.925133689839572 0.975206611570248 0.95 0.96 0.94 0.9924 5 2 75 3 1511.8
0.925619834710744 0.926136363636364 0.925133689839572 0.976968886728245 0.94 0.94 0.94 0.9936 8 2 75 3 1511.8
0.925619834710744 0.926136363636364 0.925133689839572 0.977151191054934 0.94 0.94 0.94 0.9924 10 2 75 3 1511.8
0.820936639118457 0.840909090909091 0.802139037433155 0.910670879922217 0.85 0.9 0.8 0.9584 1 3 75 3 1511.8
0.917355371900826 0.914772727272727 0.919786096256685 0.972198590179874 0.92 0.92 0.92 0.9776 2 3 75 3 1511.8
