0.864130434782609 0.882352941176471 0.845303867403315 0.93701066564245 0.82 0.772727272727273 0.857142857142857 0.919642857142857 NA 1 2 1 378.366
0.907608695652174 0.919786096256685 0.895027624309392 0.97654149555352 0.94 0.909090909090909 0.964285714285714 0.987012987012987 5 2 2 1 378.366
0.915760869565217 0.919786096256685 0.911602209944751 0.97908234112329 0.95 0.931818181818182 0.964285714285714 0.988230519480519 8 2 2 1 378.366
0.915760869565217 0.919786096256685 0.911602209944751 0.980589121635596 0.91 0.840909090909091 0.964285714285714 0.988230519480519 10 2 2 1 378.366
0.861413043478261 0.882352941176471 0.839779005524862 0.937749283540639 0.82 0.772727272727273 0.857142857142857 0.92086038961039 1 3 2 1 378.366
0.929347826086957 0.935828877005348 0.922651933701657 0.977900552486188 0.86 0.75 0.946428571428571 0.97362012987013 2 3 2 1 378.366
0.869565217391304 0.893048128342246 0.845303867403315 0.936744763199102 0.82 0.772727272727273 0.857142857142857 0.92086038961039 NA 1 2 2 359.402
0.907608695652174 0.919786096256685 0.895027624309392 0.976630129701303 0.94 0.909090909090909 0.964285714285714 0.987012987012987 5 2 2 2 359.402
0.91304347826087 0.919786096256685 0.906077348066298 0.97908234112329 0.95 0.931818181818182 0.964285714285714 0.988636363636364 8 2 2 2 359.402
0.923913043478261 0.925133689839572 0.922651933701657 0.980648211067451 0.92 0.863636363636364 0.964285714285714 0.987418831168831 10 2 2 2 359.402
0.864130434782609 0.882352941176471 0.845303867403315 0.93712884450616 0.82 0.772727272727273 0.857142857142857 0.920048701298701 1 3 2 2 359.402
0.929347826086957 0.935828877005348 0.922651933701657 0.977811918338405 0.88 0.795454545454545 0.946428571428571 0.970779220779221 2 3 2 2 359.402
0.861413043478261 0.877005347593583 0.845303867403315 0.93712884450616 0.82 0.75 0.875 0.918831168831169 NA 1 2 3 620.427
0.907608695652174 0.919786096256685 0.895027624309392 0.976630129701303 0.95 0.931818181818182 0.964285714285714 0.986607142857143 5 2 2 3 620.427
0.915760869565217 0.919786096256685 0.911602209944751 0.979170975271073 0.95 0.931818181818182 0.964285714285714 0.987824675324675 8 2 2 3 620.427
0.915760869565217 0.919786096256685 0.911602209944751 0.980589121635596 0.92 0.863636363636364 0.964285714285714 0.987824675324675 10 2 2 3 620.427
0.861413043478261 0.877005347593583 0.845303867403315 0.937335657517653 0.81 0.75 0.857142857142857 0.917613636363636 1 3 2 3 620.427
0.926630434782609 0.941176470588235 0.911602209944751 0.978166454929536 0.86 0.75 0.946428571428571 0.97362012987013 2 3 2 3 620.427
