0.820175438596491 0.85 0.787037037037037 0.906481481481481 0.88 0.862745098039216 0.897959183673469 0.966386554621849 NA 1 67 1 213.463
0.93859649122807 0.941666666666667 0.935185185185185 0.985493827160494 0.95 0.92156862745098 0.979591836734694 0.992797118847539 5 2 67 1 213.463
0.934210526315789 0.933333333333333 0.935185185185185 0.987345679012346 0.95 0.92156862745098 0.979591836734694 0.991596638655462 8 2 67 1 213.463
0.93859649122807 0.941666666666667 0.935185185185185 0.987808641975309 0.95 0.92156862745098 0.979591836734694 0.991196478591437 10 2 67 1 213.463
0.81140350877193 0.85 0.768518518518518 0.906867283950617 0.87 0.882352941176471 0.857142857142857 0.967987194877951 1 3 67 1 213.463
0.942982456140351 0.941666666666667 0.944444444444444 0.986574074074074 0.95 0.941176470588235 0.959183673469388 0.984793917567027 2 3 67 1 213.463
0.820175438596491 0.85 0.787037037037037 0.906404320987654 0.88 0.862745098039216 0.897959183673469 0.967987194877951 NA 1 67 2 252.824
0.934210526315789 0.933333333333333 0.935185185185185 0.985725308641975 0.95 0.92156862745098 0.979591836734694 0.992797118847539 5 2 67 2 252.824
0.934210526315789 0.933333333333333 0.935185185185185 0.987422839506173 0.95 0.92156862745098 0.979591836734694 0.991596638655462 8 2 67 2 252.824
0.934210526315789 0.933333333333333 0.935185185185185 0.987731481481481 0.95 0.92156862745098 0.979591836734694 0.990796318527411 10 2 67 2 252.824
0.820175438596491 0.858333333333333 0.777777777777778 0.90787037037037 0.87 0.882352941176471 0.857142857142857 0.969187675070028 1 3 67 2 252.824
0.942982456140351 0.941666666666667 0.944444444444444 0.986496913580247 0.95 0.941176470588235 0.959183673469388 0.984393757503001 2 3 67 2 252.824
0.824561403508772 0.858333333333333 0.787037037037037 0.905401234567901 0.89 0.882352941176471 0.897959183673469 0.962785114045618 NA 1 67 3 363.172
0.93859649122807 0.941666666666667 0.935185185185185 0.985185185185185 0.96 0.941176470588235 0.979591836734694 0.992797118847539 5 2 67 3 363.172
0.93859649122807 0.941666666666667 0.935185185185185 0.986882716049383 0.95 0.92156862745098 0.979591836734694 0.990796318527411 8 2 67 3 363.172
0.93859649122807 0.941666666666667 0.935185185185185 0.987962962962963 0.95 0.92156862745098 0.979591836734694 0.990396158463385 10 2 67 3 363.172
0.81140350877193 0.858333333333333 0.759259259259259 0.90570987654321 0.88 0.882352941176471 0.877551020408163 0.963985594237695 1 3 67 3 363.172
0.942982456140351 0.941666666666667 0.944444444444444 0.986882716049383 0.94 0.941176470588235 0.938775510204082 0.985994397759104 2 3 67 3 363.172
