0.906976744186046 0.916666666666667 0.894736842105263 0.973684210526316 0.84 0.792452830188679 0.893617021276596 0.934564431955038 NA 1 44 1 29.044
1 1 1 1 0.83 0.735849056603774 0.936170212765957 0.879566439181052 5 2 44 1 29.044
1 1 1 1 0.85 0.773584905660377 0.936170212765957 0.877559213167403 8 2 44 1 29.044
1 1 1 1 0.85 0.754716981132076 0.957446808510638 0.87294259333601 10 2 44 1 29.044
0.86046511627907 0.916666666666667 0.789473684210526 0.975877192982456 0.88 0.924528301886792 0.829787234042553 0.949417904456042 1 3 44 1 29.044
0.953488372093023 1 0.894736842105263 0.99780701754386 0.79 0.773584905660377 0.808510638297872 0.913689281413087 2 3 44 1 29.044
0.906976744186046 0.916666666666667 0.894736842105263 0.975877192982456 0.82 0.754716981132076 0.893617021276596 0.931754315535929 NA 1 44 2 60.605
1 1 1 1 0.83 0.735849056603774 0.936170212765957 0.878763548775592 5 2 44 2 60.605
1 1 1 1 0.8 0.811320754716981 0.787234042553192 0.827378562826174 8 2 44 2 60.605
1 1 1 1 0.83 0.735849056603774 0.936170212765957 0.878161380971497 10 2 44 2 60.605
0.883720930232558 0.916666666666667 0.842105263157895 0.978070175438596 0.87 0.886792452830189 0.851063829787234 0.945002007226014 1 3 44 2 60.605
0.953488372093023 1 0.894736842105263 1 0.8 0.773584905660377 0.829787234042553 0.905660377358491 2 3 44 2 60.605
0.906976744186046 0.916666666666667 0.894736842105263 0.975877192982456 0.83 0.754716981132076 0.914893617021277 0.931754315535929 NA 1 44 3 53.915
1 1 1 1 0.84 0.735849056603774 0.957446808510638 0.869128863910076 5 2 44 3 53.915
1 1 1 1 0.86 0.773584905660377 0.957446808510638 0.870734644720996 8 2 44 3 53.915
1 1 1 1 0.86 0.773584905660377 0.957446808510638 0.870734644720996 10 2 44 3 53.915
0.883720930232558 0.916666666666667 0.842105263157895 0.973684210526316 0.85 0.867924528301887 0.829787234042553 0.946206342834203 1 3 44 3 53.915
0.953488372093023 1 0.894736842105263 1 0.8 0.773584905660377 0.829787234042553 0.908470493777599 2 3 44 3 53.915
