0.860869565217391 0.868421052631579 0.853448275862069 0.932546884452511 0.81 0.82 0.8 0.8952 NA 1 81 1 331.063
0.921739130434783 0.929824561403509 0.913793103448276 0.975801572897762 0.87 0.88 0.86 0.9576 5 2 81 1 331.063
0.921739130434783 0.929824561403509 0.913793103448276 0.97678463399879 0.86 0.86 0.86 0.9572 8 2 81 1 331.063
0.921739130434783 0.929824561403509 0.913793103448276 0.976557773744707 0.85 0.84 0.86 0.9572 10 2 81 1 331.063
0.847826086956522 0.842105263157895 0.853448275862069 0.932622504537205 0.78 0.78 0.78 0.9048 1 3 81 1 331.063
0.91304347826087 0.929824561403509 0.896551724137931 0.968617664851785 0.86 0.82 0.9 0.9448 2 3 81 1 331.063
0.847826086956522 0.850877192982456 0.844827586206897 0.93118572292801 0.79 0.82 0.76 0.8884 NA 1 81 2 336.655
0.917391304347826 0.921052631578947 0.913793103448276 0.975650332728373 0.87 0.88 0.86 0.9584 5 2 81 2 336.655
0.921739130434783 0.929824561403509 0.913793103448276 0.976482153660012 0.86 0.86 0.86 0.958 8 2 81 2 336.655
0.917391304347826 0.921052631578947 0.913793103448276 0.976709013914096 0.85 0.84 0.86 0.9584 10 2 81 2 336.655
0.856521739130435 0.850877192982456 0.862068965517241 0.928312159709619 0.78 0.76 0.8 0.9076 1 3 81 2 336.655
0.921739130434783 0.93859649122807 0.905172413793103 0.968466424682396 0.86 0.86 0.86 0.9472 2 3 81 2 336.655
0.856521739130435 0.868421052631579 0.844827586206897 0.930580762250454 0.78 0.8 0.76 0.8876 NA 1 81 3 610.875
0.91304347826087 0.921052631578947 0.905172413793103 0.975347852389595 0.86 0.88 0.84 0.9596 5 2 81 3 610.875
0.917391304347826 0.929824561403509 0.905172413793103 0.976255293405929 0.85 0.86 0.84 0.956 8 2 81 3 610.875
0.917391304347826 0.929824561403509 0.905172413793103 0.976482153660012 0.86 0.86 0.86 0.9556 10 2 81 3 610.875
0.847826086956522 0.842105263157895 0.853448275862069 0.92967332123412 0.79 0.8 0.78 0.9064 1 3 81 3 610.875
0.921739130434783 0.93859649122807 0.905172413793103 0.968617664851785 0.86 0.84 0.88 0.9508 2 3 81 3 610.875
