0.907692307692308 0.90625 0.909090909090909 0.966856060606061 0.78 0.884615384615385 0.666666666666667 0.909455128205128 NA 1 98 1 82.82
1 1 1 1 0.82 0.826923076923077 0.8125 0.83974358974359 5 2 98 1 82.82
1 1 1 1 0.77 0.75 0.791666666666667 0.818108974358974 8 2 98 1 82.82
1 1 1 1 0.81 0.788461538461538 0.833333333333333 0.82431891025641 10 2 98 1 82.82
0.907692307692308 0.875 0.939393939393939 0.955492424242424 0.79 0.865384615384615 0.708333333333333 0.916266025641026 1 3 98 1 82.82
0.969230769230769 0.96875 0.96969696969697 0.994318181818182 0.85 0.923076923076923 0.770833333333333 0.944310897435897 2 3 98 1 82.82
0.907692307692308 0.90625 0.909090909090909 0.965909090909091 0.78 0.884615384615385 0.666666666666667 0.91025641025641 NA 1 98 2 83.633
1 1 1 1 0.81 0.788461538461538 0.833333333333333 0.840544871794872 5 2 98 2 83.633
1 1 1 1 0.79 0.788461538461538 0.791666666666667 0.827323717948718 8 2 98 2 83.633
0.984615384615385 0.96875 1 1 0.82 0.807692307692308 0.833333333333333 0.825520833333333 10 2 98 2 83.633
0.907692307692308 0.875 0.939393939393939 0.953598484848485 0.79 0.865384615384615 0.708333333333333 0.915064102564103 1 3 98 2 83.633
0.969230769230769 0.96875 0.96969696969697 0.994318181818182 0.86 0.923076923076923 0.791666666666667 0.943910256410256 2 3 98 2 83.633
0.907692307692308 0.90625 0.909090909090909 0.966856060606061 0.77 0.865384615384615 0.666666666666667 0.903846153846154 NA 1 98 3 142.176
1 1 1 1 0.83 0.807692307692308 0.854166666666667 0.865985576923077 5 2 98 3 142.176
1 1 1 1 0.76 0.75 0.770833333333333 0.807091346153846 8 2 98 3 142.176
1 1 1 1 0.82 0.769230769230769 0.875 0.842147435897436 10 2 98 3 142.176
0.923076923076923 0.90625 0.939393939393939 0.953598484848485 0.8 0.846153846153846 0.75 0.906650641025641 1 3 98 3 142.176
0.969230769230769 0.96875 0.96969696969697 0.994318181818182 0.86 0.923076923076923 0.791666666666667 0.94150641025641 2 3 98 3 142.176
