0.9 0.892857142857143 0.90625 0.962053571428571 0.74 0.755102040816326 0.725490196078431 0.847138855542217 NA 1 17 1 173.115
1 1 1 1 0.81 0.918367346938776 0.705882352941177 0.869347739095638 5 2 17 1 173.115
1 1 1 1 0.74 0.755102040816326 0.725490196078431 0.808923569427771 8 2 17 1 173.115
1 1 1 1 0.84 0.816326530612245 0.862745098039216 0.903161264505802 10 2 17 1 173.115
0.9 0.928571428571429 0.875 0.954241071428571 0.8 0.877551020408163 0.725490196078431 0.888355342136855 1 3 17 1 173.115
0.983333333333333 1 0.96875 1 0.84 0.897959183673469 0.784313725490196 0.924769907963185 2 3 17 1 173.115
0.883333333333333 0.892857142857143 0.875 0.963169642857143 0.74 0.755102040816326 0.725490196078431 0.846738695478191 NA 1 17 2 95.611
1 1 1 1 0.85 0.918367346938776 0.784313725490196 0.879951980792317 5 2 17 2 95.611
1 1 1 1 0.82 0.795918367346939 0.843137254901961 0.880952380952381 8 2 17 2 95.611
1 1 1 1 0.82 0.795918367346939 0.843137254901961 0.889955982392957 10 2 17 2 95.611
0.9 0.928571428571429 0.875 0.953125 0.79 0.857142857142857 0.725490196078431 0.883953581432573 1 3 17 2 95.611
0.983333333333333 1 0.96875 1 0.84 0.897959183673469 0.784313725490196 0.922769107643057 2 3 17 2 95.611
0.9 0.892857142857143 0.90625 0.959821428571429 0.73 0.73469387755102 0.725490196078431 0.841136454581833 NA 1 17 3 253.571
1 1 1 1 0.85 0.816326530612245 0.882352941176471 0.876750700280112 5 2 17 3 253.571
1 1 1 1 0.76 0.836734693877551 0.686274509803922 0.834333733493397 8 2 17 3 253.571
1 1 1 1 0.84 0.816326530612245 0.862745098039216 0.874149659863946 10 2 17 3 253.571
0.9 0.928571428571429 0.875 0.955357142857143 0.81 0.877551020408163 0.745098039215686 0.877150860344138 1 3 17 3 253.571
0.983333333333333 1 0.96875 1 0.84 0.877551020408163 0.803921568627451 0.917567026810724 2 3 17 3 253.571
