0.931034482758621 0.924242424242424 0.936708860759494 0.957038741848869 0.86 0.790697674418605 0.912280701754386 0.930232558139535 NA 1 92 1 136.239
1 1 1 1 0.86 0.837209302325581 0.87719298245614 0.857201142390861 5 2 92 1 136.239
0.993103448275862 0.984848484848485 1 0.990889911775988 0.87 0.813953488372093 0.912280701754386 0.87780497756018 8 2 92 1 136.239
1 1 1 1 0.91 0.906976744186046 0.912280701754386 0.924316605467156 10 2 92 1 136.239
0.931034482758621 0.909090909090909 0.949367088607595 0.954545454545455 0.86 0.790697674418605 0.912280701754386 0.92860057119543 1 3 92 1 136.239
0.951724137931034 0.96969696969697 0.936708860759494 0.988108937476026 0.88 0.813953488372093 0.929824561403509 0.952264381884945 2 3 92 1 136.239
0.937931034482759 0.939393939393939 0.936708860759494 0.957422324510932 0.86 0.790697674418605 0.912280701754386 0.930640554875561 NA 1 92 2 106.47
1 1 1 1 0.86 0.837209302325581 0.87719298245614 0.855773153814769 5 2 92 2 106.47
1 1 1 1 0.9 0.86046511627907 0.929824561403509 0.910240718074255 8 2 92 2 106.47
1 1 1 1 0.88 0.837209302325581 0.912280701754386 0.906160750713994 10 2 92 2 106.47
0.924137931034483 0.909090909090909 0.936708860759494 0.955504411200614 0.86 0.790697674418605 0.912280701754386 0.929416564667483 1 3 92 2 106.47
0.951724137931034 0.96969696969697 0.936708860759494 0.988684311469122 0.88 0.813953488372093 0.929824561403509 0.952672378620971 2 3 92 2 106.47
0.924137931034483 0.909090909090909 0.936708860759494 0.956463367855773 0.86 0.790697674418605 0.912280701754386 0.929416564667483 NA 1 92 3 220.61
0.993103448275862 1 0.987341772151899 0.999041043344841 0.91 0.930232558139535 0.894736842105263 0.961240310077519 5 2 92 3 220.61
0.993103448275862 1 0.987341772151899 1 0.87 0.837209302325581 0.894736842105263 0.87515299877601 8 2 92 3 220.61
0.993103448275862 1 0.987341772151899 0.999041043344841 0.9 0.930232558139535 0.87719298245614 0.961240310077519 10 2 92 3 220.61
0.924137931034483 0.893939393939394 0.949367088607595 0.954929037207518 0.86 0.790697674418605 0.912280701754386 0.926152590779274 1 3 92 3 220.61
0.951724137931034 0.96969696969697 0.936708860759494 0.988300728807058 0.88 0.813953488372093 0.929824561403509 0.954712362301102 2 3 92 3 220.61
