0.862718707940781 0.872727272727273 0.85195530726257 0.934056446346949 0.83 0.878787878787879 0.805970149253731 0.897783808231569 NA 1 19 1 1009.928
0.928667563930013 0.932467532467532 0.924581005586592 0.983515925415367 0.87 0.878787878787879 0.865671641791045 0.961555857078245 5 2 19 1 1009.928
0.93135935397039 0.932467532467532 0.930167597765363 0.984067329318726 0.88 0.878787878787879 0.880597014925373 0.962008141112619 8 2 19 1 1009.928
0.930013458950202 0.92987012987013 0.930167597765363 0.984299499383298 0.86 0.878787878787879 0.850746268656716 0.963817277250113 10 2 19 1 1009.928
0.858681022880215 0.872727272727273 0.843575418994413 0.934172531379235 0.83 0.878787878787879 0.805970149253731 0.891904115784713 1 3 19 1 1009.928
0.934051144010767 0.945454545454545 0.921787709497207 0.984241456867155 0.84 0.848484848484849 0.835820895522388 0.94708276797829 2 3 19 1 1009.928
0.864064602960969 0.872727272727273 0.854748603351955 0.934433722701879 0.82 0.848484848484849 0.805970149253731 0.898236092265943 NA 1 19 2 965.188
0.930013458950202 0.932467532467532 0.927374301675978 0.983530436044402 0.87 0.878787878787879 0.865671641791045 0.960199004975124 5 2 19 2 965.188
0.928667563930013 0.92987012987013 0.927374301675978 0.984103605891315 0.88 0.878787878787879 0.880597014925373 0.962008141112619 8 2 19 2 965.188
0.927321668909825 0.927272727272727 0.927374301675978 0.984321265326852 0.86 0.878787878787879 0.850746268656716 0.964269561284487 10 2 19 2 965.188
0.858681022880215 0.875324675324675 0.840782122905028 0.934266850467968 0.81 0.848484848484849 0.791044776119403 0.891904115784713 1 3 19 2 965.188
0.93135935397039 0.94025974025974 0.921787709497207 0.984343031270406 0.85 0.848484848484849 0.850746268656716 0.94708276797829 2 3 19 2 965.188
0.861372812920592 0.872727272727273 0.849162011173184 0.933838786911413 0.83 0.878787878787879 0.805970149253731 0.899592944369064 NA 1 19 3 1964.964
0.928667563930013 0.932467532467532 0.924581005586592 0.983370819125009 0.87 0.878787878787879 0.865671641791045 0.961103573043872 5 2 19 3 1964.964
0.930013458950202 0.932467532467532 0.927374301675978 0.983965754915476 0.89 0.878787878787879 0.895522388059702 0.962912709181366 8 2 19 3 1964.964
0.932705248990579 0.935064935064935 0.930167597765363 0.984176159036494 0.88 0.878787878787879 0.880597014925373 0.965174129353234 10 2 19 3 1964.964
0.861372812920592 0.872727272727273 0.849162011173184 0.933592106217805 0.84 0.878787878787879 0.82089552238806 0.895974672094075 1 3 19 3 1964.964
0.938088829071332 0.948051948051948 0.927374301675978 0.984147137778423 0.84 0.848484848484849 0.835820895522388 0.949344188150158 2 3 19 3 1964.964
