0.893617021276596 0.896551724137931 0.888888888888889 0.959770114942529 0.8 0.808510638297872 0.792452830188679 0.928944199116821 NA 1 83 1 116.358
0.957446808510638 0.931034482758621 1 0.977011494252874 0.77 0.872340425531915 0.679245283018868 0.801284624648736 5 2 83 1 116.358
1 1 1 1 0.71 0.872340425531915 0.566037735849057 0.72179847450823 8 2 83 1 116.358
1 1 1 1 0.76 0.74468085106383 0.773584905660377 0.834805299076676 10 2 83 1 116.358
0.893617021276596 0.862068965517241 0.944444444444444 0.954022988505747 0.83 0.872340425531915 0.792452830188679 0.934965877157768 1 3 83 1 116.358
0.957446808510638 0.96551724137931 0.944444444444444 0.992337164750958 0.84 0.978723404255319 0.716981132075472 0.940987555198715 2 3 83 1 116.358
0.893617021276596 0.896551724137931 0.888888888888889 0.961685823754789 0.82 0.851063829787234 0.792452830188679 0.9313528703332 NA 1 83 2 170.21
1 1 1 1 0.72 0.914893617021277 0.547169811320755 0.789441991168206 5 2 83 2 170.21
1 1 1 1 0.82 0.872340425531915 0.773584905660377 0.847450822962666 8 2 83 2 170.21
1 1 1 1 0.79 0.872340425531915 0.716981132075472 0.791047771979125 10 2 83 2 170.21
0.914893617021277 0.896551724137931 0.944444444444444 0.955938697318008 0.83 0.872340425531915 0.792452830188679 0.937775993576877 1 3 83 2 170.21
0.957446808510638 0.96551724137931 0.944444444444444 0.992337164750958 0.85 0.978723404255319 0.735849056603774 0.940987555198715 2 3 83 2 170.21
0.893617021276596 0.896551724137931 0.888888888888889 0.959770114942529 0.81 0.829787234042553 0.792452830188679 0.928141308711361 NA 1 83 3 164.793
1 1 1 1 0.76 0.872340425531915 0.660377358490566 0.783219590525893 5 2 83 3 164.793
1 1 1 1 0.7 0.893617021276596 0.528301886792453 0.769971898835809 8 2 83 3 164.793
1 1 1 1 0.76 0.872340425531915 0.660377358490566 0.801686069851465 10 2 83 3 164.793
0.893617021276596 0.862068965517241 0.944444444444444 0.950191570881226 0.83 0.872340425531915 0.792452830188679 0.934564431955038 1 3 83 3 164.793
0.957446808510638 0.96551724137931 0.944444444444444 0.992337164750958 0.83 0.978723404255319 0.69811320754717 0.940184664793256 2 3 83 3 164.793
