1 1 1 1 0.76 0.8 0.727272727272727 0.806868686868687 NA 1 31 1 52.143
1 1 1 1 0.76 0.8 0.727272727272727 0.807474747474747 5 2 31 1 52.143
1 1 1 1 0.77 0.822222222222222 0.727272727272727 0.815353535353535 8 2 31 1 52.143
1 1 1 1 0.77 0.822222222222222 0.727272727272727 0.813333333333333 10 2 31 1 52.143
0.976190476190476 0.952380952380952 1 1 0.77 0.711111111111111 0.818181818181818 0.873535353535353 1 3 31 1 52.143
1 1 1 1 0.74 0.733333333333333 0.745454545454545 0.863838383838384 2 3 31 1 52.143
1 1 1 1 0.76 0.8 0.727272727272727 0.806060606060606 NA 1 31 2 84.93
1 1 1 1 0.76 0.8 0.727272727272727 0.791515151515152 5 2 31 2 84.93
1 1 1 1 0.76 0.8 0.727272727272727 0.798181818181818 8 2 31 2 84.93
1 1 1 1 0.76 0.8 0.727272727272727 0.797777777777778 10 2 31 2 84.93
0.976190476190476 0.952380952380952 1 1 0.78 0.733333333333333 0.818181818181818 0.876363636363636 1 3 31 2 84.93
1 1 1 1 0.74 0.733333333333333 0.745454545454545 0.865858585858586 2 3 31 2 84.93
1 1 1 1 0.74 0.777777777777778 0.709090909090909 0.79959595959596 NA 1 31 3 88.657
1 1 1 1 0.73 0.777777777777778 0.690909090909091 0.800606060606061 5 2 31 3 88.657
1 1 1 1 0.74 0.777777777777778 0.709090909090909 0.806868686868687 8 2 31 3 88.657
1 1 1 1 0.76 0.8 0.727272727272727 0.807676767676768 10 2 31 3 88.657
0.976190476190476 0.952380952380952 1 1 0.75 0.711111111111111 0.781818181818182 0.86949494949495 1 3 31 3 88.657
1 1 1 1 0.75 0.733333333333333 0.763636363636364 0.86020202020202 2 3 31 3 88.657
