0.839050131926121 0.844262295081967 0.834183673469388 0.915119326419092 0.83 0.847826086956522 0.814814814814815 0.920692431561997 NA 1 83 1 1061.646
0.91688654353562 0.915300546448087 0.918367346938776 0.978908776625404 0.97 0.956521739130435 0.981481481481482 0.989935587761675 5 2 83 1 1061.646
0.922163588390501 0.920765027322404 0.923469387755102 0.979550016728003 0.96 0.956521739130435 0.962962962962963 0.989533011272142 8 2 83 1 1061.646
0.924802110817942 0.920765027322404 0.928571428571429 0.979717296754767 0.98 0.956521739130435 1 0.989533011272142 10 2 83 1 1061.646
0.841688654353562 0.849726775956284 0.834183673469388 0.915202966432475 0.84 0.869565217391304 0.814814814814815 0.919082125603865 1 3 83 1 1061.646
0.927440633245383 0.931693989071038 0.923469387755102 0.976636556261849 0.92 0.934782608695652 0.907407407407407 0.977053140096618 2 3 83 1 1061.646
0.839050131926121 0.844262295081967 0.834183673469388 0.915154176424668 0.84 0.869565217391304 0.814814814814815 0.919887278582931 NA 1 83 2 936.678
0.91688654353562 0.915300546448087 0.918367346938776 0.979006356641017 0.97 0.956521739130435 0.981481481481482 0.989935587761675 5 2 83 2 936.678
0.923482849604222 0.920765027322404 0.926020408163265 0.979570926731348 0.96 0.956521739130435 0.962962962962963 0.988727858293076 8 2 83 2 936.678
0.924802110817942 0.920765027322404 0.928571428571429 0.979717296754767 0.97 0.934782608695652 1 0.989130434782609 10 2 83 2 936.678
0.841688654353562 0.846994535519126 0.836734693877551 0.9153981264637 0.85 0.891304347826087 0.814814814814815 0.920692431561997 1 3 83 2 936.678
0.926121372031662 0.92896174863388 0.923469387755102 0.97667837626854 0.92 0.934782608695652 0.907407407407407 0.977053140096618 2 3 83 2 936.678
0.836411609498681 0.846994535519126 0.826530612244898 0.915105386416862 0.83 0.847826086956522 0.814814814814815 0.92109500805153 NA 1 83 3 1951.773
0.919525065963061 0.912568306010929 0.926020408163265 0.978964536634326 0.97 0.956521739130435 0.981481481481482 0.989935587761675 5 2 83 3 1951.773
0.923482849604222 0.918032786885246 0.928571428571429 0.979668506746961 0.97 0.956521739130435 0.981481481481482 0.989533011272142 8 2 83 3 1951.773
0.926121372031662 0.920765027322404 0.931122448979592 0.979947306791569 0.97 0.956521739130435 0.981481481481482 0.989533011272142 10 2 83 3 1951.773
0.836411609498681 0.844262295081967 0.829081632653061 0.915126296420207 0.83 0.847826086956522 0.814814814814815 0.919887278582931 1 3 83 3 1951.773
0.926121372031662 0.92896174863388 0.923469387755102 0.976322906211665 0.91 0.91304347826087 0.907407407407407 0.977455716586151 2 3 83 3 1951.773
