0.842857142857143 0.84375 0.842105263157895 0.935032894736842 0.86 0.863636363636364 0.857142857142857 0.920454545454545 NA 1 7 1 42.853
1 1 1 1 0.85 0.818181818181818 0.875 0.858969155844156 5 2 7 1 42.853
1 1 1 1 0.84 0.795454545454545 0.875 0.870535714285714 8 2 7 1 42.853
1 1 1 1 0.85 0.818181818181818 0.875 0.893060064935065 10 2 7 1 42.853
0.871428571428571 0.9375 0.815789473684211 0.938322368421053 0.85 0.886363636363636 0.821428571428571 0.914772727272727 1 3 7 1 42.853
0.971428571428571 1 0.947368421052632 0.995888157894737 0.89 0.886363636363636 0.892857142857143 0.94237012987013 2 3 7 1 42.853
0.842857142857143 0.84375 0.842105263157895 0.936677631578947 0.86 0.863636363636364 0.857142857142857 0.920454545454545 NA 1 7 2 48.258
1 1 1 1 0.86 0.818181818181818 0.892857142857143 0.864448051948052 5 2 7 2 48.258
1 1 1 1 0.86 0.818181818181818 0.892857142857143 0.858157467532468 8 2 7 2 48.258
1 1 1 1 0.85 0.795454545454545 0.892857142857143 0.87601461038961 10 2 7 2 48.258
0.871428571428571 0.9375 0.815789473684211 0.939144736842105 0.84 0.863636363636364 0.821428571428571 0.912337662337662 1 3 7 2 48.258
0.957142857142857 0.96875 0.947368421052632 0.995888157894737 0.88 0.863636363636364 0.892857142857143 0.944805194805195 2 3 7 2 48.258
0.857142857142857 0.84375 0.868421052631579 0.934210526315789 0.86 0.863636363636364 0.857142857142857 0.91599025974026 NA 1 7 3 75.921
1 1 1 1 0.83 0.840909090909091 0.821428571428571 0.892857142857143 5 2 7 3 75.921
1 1 1 1 0.85 0.840909090909091 0.857142857142857 0.877840909090909 8 2 7 3 75.921
1 1 1 1 0.84 0.909090909090909 0.785714285714286 0.890625 10 2 7 3 75.921
0.871428571428571 0.90625 0.842105263157895 0.939144736842105 0.85 0.863636363636364 0.839285714285714 0.907467532467532 1 3 7 3 75.921
0.971428571428571 1 0.947368421052632 0.995065789473684 0.85 0.863636363636364 0.839285714285714 0.938717532467532 2 3 7 3 75.921
