0.878378378378378 0.878378378378378 0.878378378378378 0.951059167275384 0.82 0.87037037037037 0.760869565217391 0.931964573268921 NA 1 17 1 112.826
0.966216216216216 0.959459459459459 0.972972972972973 0.994338933528123 0.93 0.981481481481482 0.869565217391304 0.985909822866345 5 2 17 1 112.826
0.972972972972973 0.972972972972973 0.972972972972973 0.995069393718042 0.92 0.981481481481482 0.847826086956522 0.984702093397746 8 2 17 1 112.826
0.966216216216216 0.959459459459459 0.972972972972973 0.994338933528123 0.93 0.981481481481482 0.869565217391304 0.984702093397746 10 2 17 1 112.826
0.864864864864865 0.878378378378378 0.851351351351351 0.950146092037984 0.82 0.907407407407407 0.717391304347826 0.926328502415459 1 3 17 1 112.826
0.939189189189189 0.932432432432432 0.945945945945946 0.987947406866326 0.86 0.925925925925926 0.782608695652174 0.963768115942029 2 3 17 1 112.826
0.871621621621622 0.864864864864865 0.878378378378378 0.951972242512783 0.8 0.87037037037037 0.717391304347826 0.931159420289855 NA 1 17 2 90.581
0.966216216216216 0.959459459459459 0.972972972972973 0.994338933528123 0.93 0.981481481481482 0.869565217391304 0.984299516908213 5 2 17 2 90.581
0.966216216216216 0.959459459459459 0.972972972972973 0.994521548575603 0.93 0.981481481481482 0.869565217391304 0.984702093397746 8 2 17 2 90.581
0.966216216216216 0.959459459459459 0.972972972972973 0.994338933528123 0.93 0.981481481481482 0.869565217391304 0.985104669887279 10 2 17 2 90.581
0.864864864864865 0.878378378378378 0.851351351351351 0.950693937180424 0.82 0.907407407407407 0.717391304347826 0.925523349436393 1 3 17 2 90.581
0.939189189189189 0.932432432432432 0.945945945945946 0.987947406866326 0.86 0.925925925925926 0.782608695652174 0.96256038647343 2 3 17 2 90.581
0.858108108108108 0.864864864864865 0.851351351351351 0.948867786705625 0.81 0.87037037037037 0.739130434782609 0.930756843800322 NA 1 17 3 204.651
0.972972972972973 0.972972972972973 0.972972972972973 0.993791088385683 0.94 1 0.869565217391304 0.987520128824477 5 2 17 3 204.651
0.972972972972973 0.972972972972973 0.972972972972973 0.994886778670563 0.92 0.981481481481482 0.847826086956522 0.98389694041868 8 2 17 3 204.651
0.966216216216216 0.959459459459459 0.972972972972973 0.993973703433163 0.94 0.981481481481482 0.891304347826087 0.986312399355878 10 2 17 3 204.651
0.858108108108108 0.878378378378378 0.837837837837838 0.946676406135866 0.82 0.907407407407407 0.717391304347826 0.925523349436393 1 3 17 3 204.651
0.939189189189189 0.932432432432432 0.945945945945946 0.986851716581446 0.86 0.925925925925926 0.782608695652174 0.962157809983897 2 3 17 3 204.651
