0.885057471264368 0.901960784313726 0.861111111111111 0.953703703703704 0.79 0.9 0.68 0.8968 NA 1 4 1 100.086
1 1 1 1 0.83 0.9 0.76 0.846 5 2 4 1 100.086
1 1 1 1 0.84 0.92 0.76 0.8492 8 2 4 1 100.086
1 1 1 1 0.82 0.88 0.76 0.8426 10 2 4 1 100.086
0.862068965517241 0.882352941176471 0.833333333333333 0.953159041394335 0.78 0.9 0.66 0.8976 1 3 4 1 100.086
0.977011494252874 0.980392156862745 0.972222222222222 0.988562091503268 0.83 0.86 0.8 0.9168 2 3 4 1 100.086
0.885057471264368 0.901960784313726 0.861111111111111 0.954248366013072 0.79 0.9 0.68 0.9008 NA 1 4 2 147.016
1 1 1 1 0.84 0.92 0.76 0.8668 5 2 4 2 147.016
1 1 1 1 0.81 0.88 0.74 0.8276 8 2 4 2 147.016
1 1 1 1 0.83 0.92 0.74 0.8568 10 2 4 2 147.016
0.908045977011494 0.941176470588235 0.861111111111111 0.947167755991285 0.79 0.9 0.68 0.9016 1 3 4 2 147.016
0.977011494252874 0.980392156862745 0.972222222222222 0.990196078431373 0.83 0.88 0.78 0.9224 2 3 4 2 147.016
0.885057471264368 0.901960784313726 0.861111111111111 0.955337690631808 0.77 0.9 0.64 0.8952 NA 1 4 3 184.388
1 1 1 1 0.84 0.9 0.78 0.8462 5 2 4 3 184.388
1 1 1 1 0.83 0.9 0.76 0.846 8 2 4 3 184.388
1 1 1 1 0.83 0.9 0.76 0.8636 10 2 4 3 184.388
0.896551724137931 0.92156862745098 0.861111111111111 0.952069716775599 0.77 0.9 0.64 0.9 1 3 4 3 184.388
0.96551724137931 0.96078431372549 0.972222222222222 0.990196078431373 0.81 0.86 0.76 0.9188 2 3 4 3 184.388
