0.85558583106267 0.873626373626374 0.837837837837838 0.932313632313632 0.81 0.854166666666667 0.769230769230769 0.905849358974359 NA 1 54 1 450.695
0.918256130790191 0.928571428571429 0.908108108108108 0.977012177012177 0.93 0.9375 0.923076923076923 0.963541666666667 5 2 54 1 450.695
0.901907356948229 0.901098901098901 0.902702702702703 0.979150579150579 0.9 0.916666666666667 0.884615384615385 0.969951923076923 8 2 54 1 450.695
0.91008174386921 0.912087912087912 0.908108108108108 0.98019008019008 0.9 0.916666666666667 0.884615384615385 0.969951923076923 10 2 54 1 450.695
0.852861035422343 0.862637362637363 0.843243243243243 0.932551232551233 0.82 0.854166666666667 0.788461538461538 0.911858974358974 1 3 54 1 450.695
0.91008174386921 0.923076923076923 0.897297297297297 0.97959607959608 0.9 0.895833333333333 0.903846153846154 0.962740384615385 2 3 54 1 450.695
0.852861035422343 0.868131868131868 0.837837837837838 0.932432432432432 0.81 0.854166666666667 0.769230769230769 0.904246794871795 NA 1 54 2 417.591
0.918256130790191 0.928571428571429 0.908108108108108 0.977012177012177 0.93 0.9375 0.923076923076923 0.963141025641026 5 2 54 2 417.591
0.901907356948229 0.901098901098901 0.902702702702703 0.979299079299079 0.9 0.916666666666667 0.884615384615385 0.96875 8 2 54 2 417.591
0.91008174386921 0.912087912087912 0.908108108108108 0.98010098010098 0.9 0.916666666666667 0.884615384615385 0.96875 10 2 54 2 417.591
0.85558583106267 0.862637362637363 0.848648648648649 0.932699732699733 0.82 0.833333333333333 0.807692307692308 0.911057692307692 1 3 54 2 417.591
0.912806539509537 0.923076923076923 0.902702702702703 0.97953667953668 0.9 0.895833333333333 0.903846153846154 0.959935897435897 2 3 54 2 417.591
0.85558583106267 0.868131868131868 0.843243243243243 0.931244431244431 0.82 0.854166666666667 0.788461538461538 0.908253205128205 NA 1 54 3 673.926
0.920980926430518 0.928571428571429 0.913513513513514 0.977012177012177 0.93 0.9375 0.923076923076923 0.962339743589744 5 2 54 3 673.926
0.907356948228883 0.906593406593407 0.908108108108108 0.978794178794179 0.92 0.9375 0.903846153846154 0.967948717948718 8 2 54 3 673.926
0.91008174386921 0.912087912087912 0.908108108108108 0.979388179388179 0.9 0.916666666666667 0.884615384615385 0.967948717948718 10 2 54 3 673.926
0.852861035422343 0.868131868131868 0.837837837837838 0.931363231363231 0.83 0.854166666666667 0.807692307692308 0.910657051282051 1 3 54 3 673.926
0.912806539509537 0.923076923076923 0.902702702702703 0.979180279180279 0.9 0.895833333333333 0.903846153846154 0.961939102564103 2 3 54 3 673.926
