0.810810810810811 0.8 0.82051282051282 0.926739926739927 0.83 0.849056603773585 0.808510638297872 0.912484945804898 NA 1 44 1 163.534
1 1 1 1 0.78 0.735849056603774 0.829787234042553 0.806503412284223 5 2 44 1 163.534
1 1 1 1 0.76 0.716981132075472 0.808510638297872 0.805299076676034 8 2 44 1 163.534
1 1 1 1 0.75 0.716981132075472 0.787234042553192 0.808109193095143 10 2 44 1 163.534
0.837837837837838 0.8 0.871794871794872 0.915018315018315 0.84 0.830188679245283 0.851063829787234 0.897230028101164 1 3 44 1 163.534
0.932432432432432 0.971428571428571 0.897435897435897 0.986080586080586 0.82 0.773584905660377 0.872340425531915 0.935768767563228 2 3 44 1 163.534
0.810810810810811 0.8 0.82051282051282 0.928205128205128 0.82 0.849056603773585 0.787234042553192 0.914893617021277 NA 1 44 2 108.115
1 1 1 1 0.8 0.773584905660377 0.829787234042553 0.812725812926536 5 2 44 2 108.115
1 1 1 1 0.76 0.716981132075472 0.808510638297872 0.795865114411883 8 2 44 2 108.115
1 1 1 1 0.82 0.773584905660377 0.872340425531915 0.830590124448013 10 2 44 2 108.115
0.837837837837838 0.8 0.871794871794872 0.912087912087912 0.83 0.830188679245283 0.829787234042553 0.894821356884785 1 3 44 2 108.115
0.932432432432432 0.971428571428571 0.897435897435897 0.986080586080586 0.82 0.792452830188679 0.851063829787234 0.936571657968687 2 3 44 2 108.115
0.810810810810811 0.8 0.82051282051282 0.928205128205128 0.83 0.849056603773585 0.808510638297872 0.910477719791248 NA 1 44 3 250.026
0.986486486486487 0.971428571428571 1 0.982417582417582 0.75 0.735849056603774 0.765957446808511 0.779606583701325 5 2 44 3 250.026
1 1 1 1 0.78 0.773584905660377 0.787234042553192 0.815335206744279 8 2 44 3 250.026
1 1 1 1 0.8 0.754716981132076 0.851063829787234 0.832998795664392 10 2 44 3 250.026
0.837837837837838 0.8 0.871794871794872 0.914285714285714 0.82 0.830188679245283 0.808510638297872 0.894419911682055 1 3 44 3 250.026
0.932432432432432 0.971428571428571 0.897435897435897 0.983882783882784 0.81 0.773584905660377 0.851063829787234 0.932958651144119 2 3 44 3 250.026
