0.869369369369369 0.891666666666667 0.843137254901961 0.941258169934641 0.92 0.888888888888889 0.956521739130435 0.945652173913043 NA 1 58 1 369.08
0.932432432432432 0.925 0.941176470588235 0.977042483660131 0.94 0.944444444444444 0.934782608695652 0.987520128824477 5 2 58 1 369.08
0.927927927927928 0.916666666666667 0.941176470588235 0.977369281045752 0.94 0.944444444444444 0.934782608695652 0.985909822866345 8 2 58 1 369.08
0.932432432432432 0.925 0.941176470588235 0.978349673202614 0.94 0.944444444444444 0.934782608695652 0.984299516908213 10 2 58 1 369.08
0.855855855855856 0.875 0.833333333333333 0.938398692810458 0.88 0.888888888888889 0.869565217391304 0.942431561996779 1 3 58 1 369.08
0.932432432432432 0.933333333333333 0.931372549019608 0.975326797385621 0.96 0.944444444444444 0.978260869565217 0.986312399355878 2 3 58 1 369.08
0.855855855855856 0.875 0.833333333333333 0.94093137254902 0.92 0.888888888888889 0.956521739130435 0.946457326892109 NA 1 58 2 345.821
0.932432432432432 0.925 0.941176470588235 0.97671568627451 0.94 0.944444444444444 0.934782608695652 0.987520128824477 5 2 58 2 345.821
0.927927927927928 0.916666666666667 0.941176470588235 0.977369281045752 0.94 0.944444444444444 0.934782608695652 0.985909822866345 8 2 58 2 345.821
0.932432432432432 0.925 0.941176470588235 0.978349673202614 0.94 0.944444444444444 0.934782608695652 0.984299516908213 10 2 58 2 345.821
0.86036036036036 0.883333333333333 0.833333333333333 0.938071895424837 0.88 0.888888888888889 0.869565217391304 0.942028985507246 1 3 58 2 345.821
0.932432432432432 0.933333333333333 0.931372549019608 0.975653594771242 0.96 0.944444444444444 0.978260869565217 0.985909822866345 2 3 58 2 345.821
0.855855855855856 0.875 0.833333333333333 0.941176470588235 0.92 0.888888888888889 0.956521739130435 0.947665056360709 NA 1 58 3 639.362
0.932432432432432 0.925 0.941176470588235 0.97687908496732 0.94 0.944444444444444 0.934782608695652 0.987520128824477 5 2 58 3 639.362
0.923423423423423 0.916666666666667 0.931372549019608 0.977450980392157 0.94 0.944444444444444 0.934782608695652 0.986312399355878 8 2 58 3 639.362
0.932432432432432 0.925 0.941176470588235 0.978839869281046 0.94 0.944444444444444 0.934782608695652 0.98389694041868 10 2 58 3 639.362
0.851351351351351 0.875 0.823529411764706 0.938725490196078 0.88 0.888888888888889 0.869565217391304 0.944444444444444 1 3 58 3 639.362
0.932432432432432 0.933333333333333 0.931372549019608 0.975816993464052 0.95 0.944444444444444 0.956521739130435 0.985507246376812 2 3 58 3 639.362
