0.814814814814815 0.862068965517241 0.76 0.908965517241379 0.88 0.842105263157895 0.930232558139535 0.9359445124439 NA 1 76 1 36.794
1 1 1 1 0.81 0.771929824561403 0.86046511627907 0.814973480212158 5 2 76 1 36.794
1 1 1 1 0.78 0.701754385964912 0.883720930232558 0.794777641778866 8 2 76 1 36.794
1 1 1 1 0.83 0.771929824561403 0.906976744186046 0.843737250101999 10 2 76 1 36.794
0.814814814814815 0.896551724137931 0.72 0.893793103448276 0.87 0.87719298245614 0.86046511627907 0.934720522235822 1 3 76 1 36.794
0.888888888888889 0.96551724137931 0.8 0.977931034482759 0.83 0.842105263157895 0.813953488372093 0.92860057119543 2 3 76 1 36.794
0.814814814814815 0.862068965517241 0.76 0.910344827586207 0.88 0.842105263157895 0.930232558139535 0.940024479804162 NA 1 76 2 91.663
1 1 1 1 0.84 0.807017543859649 0.883720930232558 0.841085271317829 5 2 76 2 91.663
1 1 1 1 0.82 0.771929824561403 0.883720930232558 0.851489188086495 8 2 76 2 91.663
0.962962962962963 0.96551724137931 0.96 0.97448275862069 0.78 0.789473684210526 0.767441860465116 0.782945736434108 10 2 76 2 91.663
0.814814814814815 0.896551724137931 0.72 0.897931034482759 0.87 0.87719298245614 0.86046511627907 0.935536515707874 1 3 76 2 91.663
0.888888888888889 0.96551724137931 0.8 0.977931034482759 0.83 0.842105263157895 0.813953488372093 0.927784577723378 2 3 76 2 91.663
0.814814814814815 0.862068965517241 0.76 0.913103448275862 0.87 0.842105263157895 0.906976744186046 0.936352509179927 NA 1 76 3 75.81
1 1 1 1 0.77 0.684210526315789 0.883720930232558 0.777233782129743 5 2 76 3 75.81
0.981481481481482 0.96551724137931 1 0.979310344827586 0.77 0.631578947368421 0.953488372093023 0.812729498164015 8 2 76 3 75.81
1 1 1 1 0.75 0.719298245614035 0.790697674418605 0.797225622195022 10 2 76 3 75.81
0.833333333333333 0.931034482758621 0.72 0.907586206896552 0.88 0.894736842105263 0.86046511627907 0.932680538555692 1 3 76 3 75.81
0.888888888888889 0.96551724137931 0.8 0.977931034482759 0.83 0.842105263157895 0.813953488372093 0.931456548347613 2 3 76 3 75.81
