0.877300613496933 0.871794871794872 0.882352941176471 0.942383107088989 0.82 0.711111111111111 0.909090909090909 0.915151515151515 NA 1 55 1 152.134
0.932515337423313 0.923076923076923 0.941176470588235 0.987782805429864 0.86 0.755555555555556 0.945454545454545 0.975353535353535 5 2 55 1 152.134
0.926380368098159 0.923076923076923 0.929411764705882 0.98868778280543 0.88 0.777777777777778 0.963636363636364 0.979393939393939 8 2 55 1 152.134
0.926380368098159 0.923076923076923 0.929411764705882 0.988989441930618 0.88 0.777777777777778 0.963636363636364 0.979393939393939 10 2 55 1 152.134
0.883435582822086 0.897435897435897 0.870588235294118 0.943438914027149 0.81 0.688888888888889 0.909090909090909 0.922020202020202 1 3 55 1 152.134
0.920245398773006 0.961538461538462 0.882352941176471 0.986274509803922 0.87 0.8 0.927272727272727 0.955959595959596 2 3 55 1 152.134
0.883435582822086 0.884615384615385 0.882352941176471 0.941628959276018 0.81 0.688888888888889 0.909090909090909 0.915555555555556 NA 1 55 2 197.176
0.926380368098159 0.923076923076923 0.929411764705882 0.987481146304676 0.88 0.8 0.945454545454545 0.972525252525253 5 2 55 2 197.176
0.926380368098159 0.923076923076923 0.929411764705882 0.988235294117647 0.88 0.777777777777778 0.963636363636364 0.977373737373737 8 2 55 2 197.176
0.926380368098159 0.923076923076923 0.929411764705882 0.988838612368024 0.88 0.777777777777778 0.963636363636364 0.978585858585859 10 2 55 2 197.176
0.883435582822086 0.884615384615385 0.882352941176471 0.942533936651584 0.79 0.644444444444444 0.909090909090909 0.922424242424242 1 3 55 2 197.176
0.914110429447853 0.948717948717949 0.882352941176471 0.986123680241327 0.86 0.777777777777778 0.927272727272727 0.95959595959596 2 3 55 2 197.176
0.883435582822086 0.884615384615385 0.882352941176471 0.942232277526395 0.8 0.666666666666667 0.909090909090909 0.913939393939394 NA 1 55 3 246.403
0.926380368098159 0.923076923076923 0.929411764705882 0.987330316742081 0.88 0.8 0.945454545454545 0.972929292929293 5 2 55 3 246.403
0.932515337423313 0.935897435897436 0.929411764705882 0.988386123680241 0.88 0.777777777777778 0.963636363636364 0.977777777777778 8 2 55 3 246.403
0.932515337423313 0.935897435897436 0.929411764705882 0.989291101055807 0.88 0.777777777777778 0.963636363636364 0.977777777777778 10 2 55 3 246.403
0.883435582822086 0.884615384615385 0.882352941176471 0.942383107088989 0.8 0.666666666666667 0.909090909090909 0.92040404040404 1 3 55 3 246.403
0.920245398773006 0.961538461538462 0.882352941176471 0.98657616892911 0.87 0.8 0.927272727272727 0.955959595959596 2 3 55 3 246.403
