0.874015748031496 0.886138613861386 0.860335195530726 0.942004535649096 0.81 0.829787234042553 0.792452830188679 0.918506623845845 NA 1 46 1 603.284
0.921259842519685 0.925742574257426 0.916201117318436 0.979313015100393 0.95 0.936170212765957 0.962264150943396 0.986350863107186 5 2 46 1 603.284
0.923884514435696 0.930693069306931 0.916201117318436 0.97947895348194 0.95 0.936170212765957 0.962264150943396 0.985547972701726 8 2 46 1 603.284
0.921259842519685 0.925742574257426 0.916201117318436 0.979727861054262 0.95 0.936170212765957 0.962264150943396 0.984343637093537 10 2 46 1 603.284
0.871391076115486 0.881188118811881 0.860335195530726 0.941534376901377 0.82 0.851063829787234 0.792452830188679 0.915696507426736 1 3 46 1 603.284
0.937007874015748 0.945544554455445 0.927374301675978 0.97701753415565 0.88 0.872340425531915 0.886792452830189 0.981934965877158 2 3 46 1 603.284
0.871391076115486 0.881188118811881 0.860335195530726 0.941091874550584 0.82 0.851063829787234 0.792452830188679 0.918105178643115 NA 1 46 2 638.635
0.921259842519685 0.925742574257426 0.916201117318436 0.979395984291167 0.95 0.936170212765957 0.962264150943396 0.987153753512646 5 2 46 2 638.635
0.921259842519685 0.925742574257426 0.916201117318436 0.979451297085016 0.95 0.936170212765957 0.962264150943396 0.985949417904456 8 2 46 2 638.635
0.921259842519685 0.925742574257426 0.916201117318436 0.979589579069639 0.95 0.936170212765957 0.962264150943396 0.985146527498996 10 2 46 2 638.635
0.871391076115486 0.886138613861386 0.854748603351955 0.941119530947508 0.83 0.851063829787234 0.811320754716981 0.918908069048575 1 3 46 2 638.635
0.939632545931758 0.945544554455445 0.932960893854749 0.976768626583329 0.88 0.872340425531915 0.886792452830189 0.981934965877158 2 3 46 2 638.635
0.871391076115486 0.881188118811881 0.860335195530726 0.942502350793739 0.82 0.851063829787234 0.792452830188679 0.916499397832196 NA 1 46 3 1060.663
0.923884514435696 0.930693069306931 0.916201117318436 0.979147076718845 0.94 0.936170212765957 0.943396226415094 0.985547972701726 5 2 46 3 1060.663
0.923884514435696 0.930693069306931 0.916201117318436 0.979285358703468 0.95 0.936170212765957 0.962264150943396 0.983942191890807 8 2 46 3 1060.663
0.923884514435696 0.930693069306931 0.916201117318436 0.979506609878865 0.95 0.936170212765957 0.962264150943396 0.982737856282617 10 2 46 3 1060.663
0.871391076115486 0.886138613861386 0.854748603351955 0.942281099618342 0.82 0.851063829787234 0.792452830188679 0.916097952629466 1 3 46 3 1060.663
0.931758530183727 0.935643564356436 0.927374301675978 0.976823939377178 0.88 0.872340425531915 0.886792452830189 0.981533520674428 2 3 46 3 1060.663
