0.842857142857143 0.848484848484849 0.837837837837838 0.902538902538903 0.78 0.679245283018868 0.893617021276596 0.838619028502609 NA 1 77 1 91.505
0.957142857142857 0.939393939393939 0.972972972972973 0.990990990990991 0.66 0.547169811320755 0.787234042553192 0.686069851465275 5 2 77 1 91.505
1 1 1 1 0.66 0.509433962264151 0.829787234042553 0.678241670012043 8 2 77 1 91.505
1 1 1 1 0.75 0.641509433962264 0.872340425531915 0.748093135287033 10 2 77 1 91.505
0.857142857142857 0.818181818181818 0.891891891891892 0.9000819000819 0.76 0.622641509433962 0.914893617021277 0.829787234042553 1 3 77 1 91.505
0.871428571428571 0.878787878787879 0.864864864864865 0.964782964782965 0.77 0.641509433962264 0.914893617021277 0.913689281413087 2 3 77 1 91.505
0.842857142857143 0.848484848484849 0.837837837837838 0.900900900900901 0.77 0.660377358490566 0.893617021276596 0.843034925732637 NA 1 77 2 95.68
0.957142857142857 0.96969696969697 0.945945945945946 0.981981981981982 0.71 0.566037735849057 0.872340425531915 0.714773183460458 5 2 77 2 95.68
0.971428571428571 0.96969696969697 0.972972972972973 0.985257985257985 0.72 0.566037735849057 0.893617021276596 0.746286631874749 8 2 77 2 95.68
0.971428571428571 0.96969696969697 0.972972972972973 0.984438984438984 0.73 0.584905660377358 0.893617021276596 0.752509032517061 10 2 77 2 95.68
0.857142857142857 0.818181818181818 0.891891891891892 0.897624897624898 0.76 0.622641509433962 0.914893617021277 0.832195905258932 1 3 77 2 95.68
0.885714285714286 0.909090909090909 0.864864864864865 0.965601965601966 0.78 0.660377358490566 0.914893617021277 0.913689281413087 2 3 77 2 95.68
0.828571428571429 0.848484848484849 0.810810810810811 0.895986895986896 0.78 0.69811320754717 0.872340425531915 0.845042151746287 NA 1 77 3 162.377
0.942857142857143 0.939393939393939 0.945945945945946 0.98034398034398 0.72 0.547169811320755 0.914893617021277 0.707747892412686 5 2 77 3 162.377
0.957142857142857 0.939393939393939 0.972972972972973 0.97952497952498 0.71 0.528301886792453 0.914893617021277 0.747691690084303 8 2 77 3 162.377
0.942857142857143 0.939393939393939 0.945945945945946 0.97952497952498 0.72 0.547169811320755 0.914893617021277 0.751103974307507 10 2 77 3 162.377
0.814285714285714 0.757575757575758 0.864864864864865 0.898443898443898 0.77 0.641509433962264 0.914893617021277 0.871136089923725 1 3 77 3 162.377
0.914285714285714 0.939393939393939 0.891891891891892 0.957411957411957 0.77 0.641509433962264 0.914893617021277 0.904857486953031 2 3 77 3 162.377
