0.874439461883408 0.877358490566038 0.871794871794872 0.944363812288341 0.82 0.821428571428571 0.818181818181818 0.915178571428571 NA 1 44 1 365.487
0.946188340807175 0.933962264150943 0.957264957264957 0.990485405579745 0.85 0.821428571428571 0.886363636363636 0.951704545454545 5 2 44 1 365.487
0.94170403587444 0.933962264150943 0.948717948717949 0.992662473794549 0.82 0.767857142857143 0.886363636363636 0.95211038961039 8 2 44 1 365.487
0.95067264573991 0.943396226415094 0.957264957264957 0.993146266731172 0.83 0.785714285714286 0.886363636363636 0.949675324675325 10 2 44 1 365.487
0.874439461883408 0.886792452830189 0.863247863247863 0.943396226415094 0.8 0.821428571428571 0.772727272727273 0.915178571428571 1 3 44 1 365.487
0.914798206278027 0.924528301886792 0.905982905982906 0.979841960974036 0.84 0.803571428571429 0.886363636363636 0.926948051948052 2 3 44 1 365.487
0.874439461883408 0.877358490566038 0.871794871794872 0.944121915820029 0.81 0.821428571428571 0.795454545454545 0.916396103896104 NA 1 44 2 353.277
0.946188340807175 0.933962264150943 0.957264957264957 0.990485405579745 0.86 0.839285714285714 0.886363636363636 0.951704545454545 5 2 44 2 353.277
0.94170403587444 0.933962264150943 0.948717948717949 0.992501209482342 0.82 0.767857142857143 0.886363636363636 0.951704545454545 8 2 44 2 353.277
0.946188340807175 0.933962264150943 0.957264957264957 0.993146266731172 0.83 0.785714285714286 0.886363636363636 0.950892857142857 10 2 44 2 353.277
0.869955156950673 0.886792452830189 0.854700854700855 0.943799387195614 0.79 0.821428571428571 0.75 0.914772727272727 1 3 44 2 353.277
0.914798206278027 0.924528301886792 0.905982905982906 0.98032575391066 0.86 0.821428571428571 0.909090909090909 0.92775974025974 2 3 44 2 353.277
0.869955156950673 0.877358490566038 0.863247863247863 0.942831801322367 0.82 0.821428571428571 0.818181818181818 0.916801948051948 NA 1 44 3 650.327
0.946188340807175 0.933962264150943 0.957264957264957 0.991372359296888 0.88 0.857142857142857 0.909090909090909 0.95211038961039 5 2 44 3 650.327
0.94170403587444 0.933962264150943 0.948717948717949 0.992743105950653 0.82 0.767857142857143 0.886363636363636 0.951298701298701 8 2 44 3 650.327
0.955156950672646 0.943396226415094 0.965811965811966 0.993710691823899 0.83 0.803571428571429 0.863636363636364 0.948051948051948 10 2 44 3 650.327
0.865470852017937 0.858490566037736 0.871794871794872 0.941783583293017 0.82 0.821428571428571 0.818181818181818 0.917613636363636 1 3 44 3 650.327
0.914798206278027 0.924528301886792 0.905982905982906 0.980567650378971 0.82 0.785714285714286 0.863636363636364 0.928977272727273 2 3 44 3 650.327
