0.884408602150538 0.894009216589862 0.870967741935484 0.960338932659432 0.87 0.88135593220339 0.853658536585366 0.923935510541546 NA 1 44 1 564.522
0.940860215053763 0.95852534562212 0.916129032258065 0.988672513750557 0.91 0.88135593220339 0.951219512195122 0.982224059528731 5 2 44 1 564.522
0.938172043010753 0.95852534562212 0.909677419354839 0.988880630295823 0.91 0.88135593220339 0.951219512195122 0.980570483670938 8 2 44 1 564.522
0.932795698924731 0.953917050691244 0.903225806451613 0.98920767058124 0.93 0.898305084745763 0.975609756097561 0.981397271599835 10 2 44 1 564.522
0.897849462365591 0.91705069124424 0.870967741935484 0.960071354244091 0.88 0.898305084745763 0.853658536585366 0.928482844150475 1 3 44 1 564.522
0.938172043010753 0.949308755760369 0.92258064516129 0.985848074921956 0.91 0.88135593220339 0.951219512195122 0.968995452666391 2 3 44 1 564.522
0.884408602150538 0.894009216589862 0.870967741935484 0.960398394529508 0.87 0.88135593220339 0.853658536585366 0.925589086399339 NA 1 44 2 484.262
0.940860215053763 0.95852534562212 0.916129032258065 0.988702244685595 0.91 0.88135593220339 0.951219512195122 0.981397271599835 5 2 44 2 484.262
0.938172043010753 0.95852534562212 0.909677419354839 0.989029284971012 0.91 0.88135593220339 0.951219512195122 0.980570483670938 8 2 44 2 484.262
0.932795698924731 0.953917050691244 0.903225806451613 0.989237401516278 0.92 0.898305084745763 0.951219512195122 0.981397271599835 10 2 44 2 484.262
0.895161290322581 0.921658986175115 0.858064516129032 0.960101085179129 0.88 0.898305084745763 0.853658536585366 0.926415874328235 1 3 44 2 484.262
0.938172043010753 0.949308755760369 0.92258064516129 0.986175115207373 0.91 0.88135593220339 0.951219512195122 0.968995452666391 2 3 44 2 484.262
0.889784946236559 0.903225806451613 0.870967741935484 0.958882116842575 0.88 0.88135593220339 0.878048780487805 0.926415874328235 NA 1 44 3 961.35
0.935483870967742 0.953917050691244 0.909677419354839 0.98834547346514 0.91 0.88135593220339 0.951219512195122 0.980983877635387 5 2 44 3 961.35
0.938172043010753 0.953917050691244 0.916129032258065 0.988583320945444 0.91 0.88135593220339 0.951219512195122 0.98015708970649 8 2 44 3 961.35
0.940860215053763 0.95852534562212 0.916129032258065 0.989118477776126 0.92 0.898305084745763 0.951219512195122 0.980983877635387 10 2 44 3 961.35
0.89247311827957 0.912442396313364 0.864516129032258 0.958733462167385 0.88 0.898305084745763 0.853658536585366 0.927242662257131 1 3 44 3 961.35
0.938172043010753 0.949308755760369 0.92258064516129 0.985431841831426 0.92 0.898305084745763 0.951219512195122 0.968995452666391 2 3 44 3 961.35
