0.864314789687924 0.873925501432665 0.855670103092783 0.933920184326352 0.82 0.75609756097561 0.864406779661017 0.893757751136833 NA 1 69 1 794.754
0.922659430122117 0.925501432664756 0.920103092783505 0.981345818686675 0.96 0.926829268292683 0.983050847457627 0.974782968168665 5 2 69 1 794.754
0.924016282225237 0.925501432664756 0.922680412371134 0.982424009688949 0.94 0.902439024390244 0.966101694915254 0.97354278627532 8 2 69 1 794.754
0.925373134328358 0.925501432664756 0.925257731958763 0.982534782737128 0.94 0.902439024390244 0.966101694915254 0.973956180239768 10 2 69 1 794.754
0.864314789687924 0.868194842406877 0.860824742268041 0.933233391427643 0.81 0.731707317073171 0.864406779661017 0.895411326994626 1 3 69 1 794.754
0.925373134328358 0.922636103151863 0.927835051546392 0.980518713260272 0.9 0.853658536585366 0.932203389830508 0.954940057875155 2 3 69 1 794.754
0.864314789687924 0.873925501432665 0.855670103092783 0.934008802764895 0.82 0.75609756097561 0.864406779661017 0.893757751136833 NA 1 69 2 798.797
0.924016282225237 0.92836676217765 0.920103092783505 0.981294124597525 0.96 0.926829268292683 0.983050847457627 0.974782968168665 5 2 69 2 798.797
0.924016282225237 0.925501432664756 0.922680412371134 0.982416624819071 0.94 0.902439024390244 0.966101694915254 0.97354278627532 8 2 69 2 798.797
0.925373134328358 0.925501432664756 0.925257731958763 0.982490473517857 0.94 0.902439024390244 0.966101694915254 0.973956180239768 10 2 69 2 798.797
0.864314789687924 0.868194842406877 0.860824742268041 0.933174312468614 0.81 0.731707317073171 0.864406779661017 0.895411326994626 1 3 69 2 798.797
0.925373134328358 0.922636103151863 0.927835051546392 0.980503943520515 0.9 0.853658536585366 0.932203389830508 0.955353451839603 2 3 69 2 798.797
0.867028493894166 0.873925501432665 0.860824742268041 0.933957108675745 0.82 0.75609756097561 0.864406779661017 0.890863993385697 NA 1 69 3 1341.504
0.922659430122117 0.922636103151863 0.922680412371134 0.981375358166189 0.96 0.926829268292683 0.983050847457627 0.975609756097561 5 2 69 3 1341.504
0.924016282225237 0.925501432664756 0.922680412371134 0.982468318908221 0.94 0.902439024390244 0.966101694915254 0.972715998346424 8 2 69 3 1341.504
0.925373134328358 0.925501432664756 0.925257731958763 0.9825790919564 0.94 0.902439024390244 0.966101694915254 0.972715998346424 10 2 69 3 1341.504
0.864314789687924 0.871060171919771 0.858247422680412 0.932982305851771 0.81 0.731707317073171 0.864406779661017 0.894171145101281 1 3 69 3 1341.504
0.922659430122117 0.925501432664756 0.920103092783505 0.980171624375978 0.9 0.853658536585366 0.932203389830508 0.957007027697396 2 3 69 3 1341.504
