0.840909090909091 0.777777777777778 0.884615384615385 0.955128205128205 0.82 0.8 0.84 0.9028 NA 1 70 1 107.636
1 1 1 1 0.82 0.76 0.88 0.8418 5 2 70 1 107.636
1 1 1 1 0.86 0.84 0.88 0.8714 8 2 70 1 107.636
1 1 1 1 0.84 0.82 0.86 0.8738 10 2 70 1 107.636
0.886363636363636 0.777777777777778 0.961538461538462 0.944444444444444 0.81 0.7 0.92 0.882 1 3 70 1 107.636
0.909090909090909 0.777777777777778 1 0.995726495726496 0.72 0.6 0.84 0.8468 2 3 70 1 107.636
0.863636363636364 0.777777777777778 0.923076923076923 0.955128205128205 0.82 0.8 0.84 0.9044 NA 1 70 2 147.482
1 1 1 1 0.82 0.76 0.88 0.8226 5 2 70 2 147.482
1 1 1 1 0.84 0.82 0.86 0.8374 8 2 70 2 147.482
1 1 1 1 0.82 0.76 0.88 0.8432 10 2 70 2 147.482
0.886363636363636 0.777777777777778 0.961538461538462 0.944444444444444 0.8 0.7 0.9 0.8792 1 3 70 2 147.482
0.909090909090909 0.777777777777778 1 0.997863247863248 0.73 0.62 0.84 0.8444 2 3 70 2 147.482
0.840909090909091 0.777777777777778 0.884615384615385 0.955128205128205 0.82 0.8 0.84 0.8996 NA 1 70 3 171.547
1 1 1 1 0.79 0.76 0.82 0.7994 5 2 70 3 171.547
1 1 1 1 0.8 0.78 0.82 0.8128 8 2 70 3 171.547
1 1 1 1 0.79 0.72 0.86 0.8232 10 2 70 3 171.547
0.886363636363636 0.777777777777778 0.961538461538462 0.92948717948718 0.78 0.68 0.88 0.8784 1 3 70 3 171.547
0.909090909090909 0.777777777777778 1 0.995726495726496 0.72 0.6 0.84 0.8496 2 3 70 3 171.547
