0.845188284518828 0.861702127659574 0.826979472140763 0.927146377987147 0.84 0.87719298245614 0.790697674418605 0.927376580987352 NA 1 32 1 1079.219
0.930264993026499 0.925531914893617 0.935483870967742 0.979706120920946 0.95 0.929824561403509 0.976744186046512 0.989800081599347 5 2 32 1 1079.219
0.927475592747559 0.928191489361702 0.926686217008798 0.981008610469832 0.94 0.912280701754386 0.976744186046512 0.988984088127295 8 2 32 1 1079.219
0.927475592747559 0.928191489361702 0.926686217008798 0.981359580707556 0.94 0.912280701754386 0.976744186046512 0.988168094655243 10 2 32 1 1079.219
0.849372384937239 0.867021276595745 0.829912023460411 0.927364759468397 0.83 0.859649122807018 0.790697674418605 0.929824561403509 1 3 32 1 1079.219
0.924686192468619 0.933510638297872 0.914956011730205 0.978910588382105 0.94 0.929824561403509 0.953488372093023 0.977152182782538 2 3 32 1 1079.219
0.847977684797768 0.867021276595745 0.826979472140763 0.927629936981344 0.84 0.87719298245614 0.790697674418605 0.930640554875561 NA 1 32 2 988.957
0.930264993026499 0.925531914893617 0.935483870967742 0.979729518936794 0.95 0.929824561403509 0.976744186046512 0.990208078335373 5 2 32 2 988.957
0.933054393305439 0.930851063829787 0.935483870967742 0.98045485742809 0.94 0.912280701754386 0.976744186046512 0.988984088127295 8 2 32 2 988.957
0.930264993026499 0.930851063829787 0.929618768328446 0.981375179384788 0.94 0.912280701754386 0.976744186046512 0.988168094655243 10 2 32 2 988.957
0.846582984658299 0.867021276595745 0.824046920821114 0.927785923753666 0.83 0.859649122807018 0.790697674418605 0.930232558139535 1 3 32 2 988.957
0.924686192468619 0.933510638297872 0.914956011730205 0.979035377799963 0.95 0.929824561403509 0.976744186046512 0.977560179518564 2 3 32 2 988.957
0.845188284518828 0.861702127659574 0.826979472140763 0.925812691083796 0.83 0.859649122807018 0.790697674418605 0.924928600571195 NA 1 32 3 1932.28
0.930264993026499 0.925531914893617 0.935483870967742 0.979752916952642 0.94 0.912280701754386 0.976744186046512 0.989800081599347 5 2 32 3 1932.28
0.927475592747559 0.925531914893617 0.929618768328446 0.981148998564922 0.93 0.894736842105263 0.976744186046512 0.988984088127295 8 2 32 3 1932.28
0.927475592747559 0.928191489361702 0.926686217008798 0.981445373432333 0.94 0.912280701754386 0.976744186046512 0.988984088127295 10 2 32 3 1932.28
0.842398884239888 0.86436170212766 0.818181818181818 0.926257253384913 0.82 0.842105263157895 0.790697674418605 0.924112607099143 1 3 32 3 1932.28
0.921896792189679 0.936170212765957 0.906158357771261 0.978887190366257 0.94 0.947368421052632 0.930232558139535 0.976336189310485 2 3 32 3 1932.28
