0.833333333333333 0.831325301204819 0.835616438356164 0.921769268856247 0.77 0.770833333333333 0.769230769230769 0.883814102564103 NA 1 84 1 202.477
0.923076923076923 0.91566265060241 0.931506849315068 0.980194751609176 0.92 0.875 0.961538461538462 0.971554487179487 5 2 84 1 202.477
0.923076923076923 0.91566265060241 0.931506849315068 0.980689882818947 0.91 0.875 0.942307692307692 0.971153846153846 8 2 84 1 202.477
0.916666666666667 0.903614457831325 0.931506849315068 0.980689882818947 0.92 0.875 0.961538461538462 0.970352564102564 10 2 84 1 202.477
0.826923076923077 0.855421686746988 0.794520547945205 0.922099356329427 0.78 0.8125 0.75 0.88661858974359 1 3 84 1 202.477
0.916666666666667 0.927710843373494 0.904109589041096 0.982670407658029 0.84 0.8125 0.865384615384615 0.932692307692308 2 3 84 1 202.477
0.833333333333333 0.831325301204819 0.835616438356164 0.920448918963525 0.77 0.770833333333333 0.769230769230769 0.883413461538462 NA 1 84 2 201.501
0.923076923076923 0.91566265060241 0.931506849315068 0.980689882818947 0.92 0.875 0.961538461538462 0.970352564102564 5 2 84 2 201.501
0.916666666666667 0.903614457831325 0.931506849315068 0.981185014028718 0.91 0.875 0.942307692307692 0.971554487179487 8 2 84 2 201.501
0.916666666666667 0.903614457831325 0.931506849315068 0.981845188975078 0.93 0.895833333333333 0.961538461538462 0.969951923076923 10 2 84 2 201.501
0.814102564102564 0.843373493975904 0.780821917808219 0.919953787753755 0.77 0.770833333333333 0.769230769230769 0.882211538461538 1 3 84 2 201.501
0.916666666666667 0.927710843373494 0.904109589041096 0.983660670077571 0.85 0.8125 0.884615384615385 0.933894230769231 2 3 84 2 201.501
0.833333333333333 0.831325301204819 0.835616438356164 0.92440996864169 0.77 0.770833333333333 0.769230769230769 0.881810897435897 NA 1 84 3 368.352
0.923076923076923 0.91566265060241 0.931506849315068 0.980194751609176 0.92 0.875 0.961538461538462 0.971554487179487 5 2 84 3 368.352
0.923076923076923 0.91566265060241 0.931506849315068 0.980359795345767 0.91 0.854166666666667 0.961538461538462 0.972355769230769 8 2 84 3 368.352
0.923076923076923 0.91566265060241 0.931506849315068 0.980524839082357 0.92 0.875 0.961538461538462 0.970753205128205 10 2 84 3 368.352
0.826923076923077 0.855421686746988 0.794520547945205 0.921769268856247 0.77 0.770833333333333 0.769230769230769 0.879807692307692 1 3 84 3 368.352
0.923076923076923 0.939759036144578 0.904109589041096 0.98283545139462 0.86 0.833333333333333 0.884615384615385 0.93349358974359 2 3 84 3 368.352
