0.892857142857143 0.925925925925926 0.862068965517241 0.960408684546616 0.77 0.770833333333333 0.769230769230769 0.856570512820513 NA 1 39 1 82.586
0.964285714285714 0.962962962962963 0.96551724137931 0.98978288633461 0.82 0.8125 0.826923076923077 0.893028846153846 5 2 39 1 82.586
0.964285714285714 0.962962962962963 0.96551724137931 0.992337164750958 0.83 0.791666666666667 0.865384615384615 0.910657051282051 8 2 39 1 82.586
0.964285714285714 0.962962962962963 0.96551724137931 0.992337164750958 0.84 0.8125 0.865384615384615 0.910657051282051 10 2 39 1 82.586
0.839285714285714 0.888888888888889 0.793103448275862 0.950191570881226 0.77 0.770833333333333 0.769230769230769 0.870592948717949 1 3 39 1 82.586
0.946428571428571 0.962962962962963 0.931034482758621 0.98978288633461 0.83 0.708333333333333 0.942307692307692 0.909054487179487 2 3 39 1 82.586
0.839285714285714 0.814814814814815 0.862068965517241 0.954022988505747 0.78 0.770833333333333 0.788461538461538 0.852163461538462 NA 1 39 2 95.351
0.964285714285714 0.962962962962963 0.96551724137931 0.98978288633461 0.83 0.791666666666667 0.865384615384615 0.89823717948718 5 2 39 2 95.351
0.964285714285714 0.962962962962963 0.96551724137931 0.98978288633461 0.83 0.791666666666667 0.865384615384615 0.90224358974359 8 2 39 2 95.351
0.964285714285714 0.962962962962963 0.96551724137931 0.992337164750958 0.85 0.8125 0.884615384615385 0.90625 10 2 39 2 95.351
0.857142857142857 0.925925925925926 0.793103448275862 0.943805874840358 0.78 0.791666666666667 0.769230769230769 0.864182692307692 1 3 39 2 95.351
0.928571428571429 0.925925925925926 0.931034482758621 0.987228607918263 0.85 0.770833333333333 0.923076923076923 0.913060897435897 2 3 39 2 95.351
0.857142857142857 0.851851851851852 0.862068965517241 0.950191570881226 0.79 0.791666666666667 0.788461538461538 0.85536858974359 NA 1 39 3 141.801
0.964285714285714 0.962962962962963 0.96551724137931 0.98978288633461 0.84 0.833333333333333 0.846153846153846 0.899439102564103 5 2 39 3 141.801
0.964285714285714 0.962962962962963 0.96551724137931 0.98978288633461 0.86 0.833333333333333 0.884615384615385 0.916266025641026 8 2 39 3 141.801
0.964285714285714 0.962962962962963 0.96551724137931 0.98978288633461 0.85 0.8125 0.884615384615385 0.915064102564103 10 2 39 3 141.801
0.857142857142857 0.925925925925926 0.793103448275862 0.943805874840358 0.77 0.791666666666667 0.75 0.864182692307692 1 3 39 3 141.801
0.946428571428571 0.962962962962963 0.931034482758621 0.987228607918263 0.84 0.729166666666667 0.942307692307692 0.907051282051282 2 3 39 3 141.801
