0.923076923076923 0.921052631578947 0.925373134328358 0.958758837391987 0.84 0.9 0.78 0.9404 NA 1 59 1 228.523
0.937062937062937 0.947368421052632 0.925373134328358 0.987038491751767 0.92 0.9 0.94 0.9828 5 2 59 1 228.523
0.958041958041958 0.960526315789474 0.955223880597015 0.991358994501178 0.87 0.86 0.88 0.9724 8 2 59 1 228.523
0.965034965034965 0.973684210526316 0.955223880597015 0.992340926944226 0.87 0.86 0.88 0.9688 10 2 59 1 228.523
0.909090909090909 0.907894736842105 0.91044776119403 0.958562450903378 0.85 0.92 0.78 0.9456 1 3 59 1 228.523
0.937062937062937 0.921052631578947 0.955223880597015 0.987038491751767 0.87 0.9 0.84 0.9428 2 3 59 1 228.523
0.923076923076923 0.921052631578947 0.925373134328358 0.959151610369207 0.85 0.9 0.8 0.9428 NA 1 59 2 169.947
0.93006993006993 0.934210526315789 0.925373134328358 0.982717989002357 0.92 0.92 0.92 0.9864 5 2 59 2 169.947
0.958041958041958 0.960526315789474 0.955223880597015 0.992340926944226 0.87 0.86 0.88 0.9724 8 2 59 2 169.947
0.965034965034965 0.973684210526316 0.955223880597015 0.992537313432836 0.88 0.88 0.88 0.9696 10 2 59 2 169.947
0.909090909090909 0.907894736842105 0.91044776119403 0.959151610369207 0.86 0.94 0.78 0.9472 1 3 59 2 169.947
0.93006993006993 0.907894736842105 0.955223880597015 0.987824037706206 0.86 0.9 0.82 0.9432 2 3 59 2 169.947
0.909090909090909 0.894736842105263 0.925373134328358 0.95777690494894 0.85 0.9 0.8 0.9412 NA 1 59 3 377.018
0.93006993006993 0.934210526315789 0.925373134328358 0.981932443047918 0.93 0.94 0.92 0.9856 5 2 59 3 377.018
0.944055944055944 0.960526315789474 0.925373134328358 0.99057344854674 0.89 0.88 0.9 0.9748 8 2 59 3 377.018
0.965034965034965 0.973684210526316 0.955223880597015 0.991555380989788 0.88 0.88 0.88 0.9692 10 2 59 3 377.018
0.909090909090909 0.881578947368421 0.940298507462687 0.95738413197172 0.82 0.88 0.76 0.9364 1 3 59 3 377.018
0.944055944055944 0.934210526315789 0.955223880597015 0.986449332285939 0.87 0.88 0.86 0.9424 2 3 59 3 377.018
