0.857142857142857 0.852941176470588 0.862068965517241 0.938133874239351 0.78 0.833333333333333 0.741379310344828 0.880131362889984 NA 1 11 1 72.159
0.968253968253968 0.970588235294118 0.96551724137931 0.99290060851927 0.83 0.904761904761905 0.775862068965517 0.936371100164204 5 2 11 1 72.159
0.952380952380952 0.941176470588235 0.96551724137931 0.991886409736308 0.85 0.928571428571429 0.793103448275862 0.94047619047619 8 2 11 1 72.159
0.952380952380952 0.941176470588235 0.96551724137931 0.991886409736308 0.86 0.952380952380952 0.793103448275862 0.930213464696223 10 2 11 1 72.159
0.888888888888889 0.882352941176471 0.896551724137931 0.935091277890467 0.76 0.833333333333333 0.706896551724138 0.872331691297209 1 3 11 1 72.159
0.968253968253968 0.970588235294118 0.96551724137931 0.991886409736308 0.74 0.80952380952381 0.689655172413793 0.884646962233169 2 3 11 1 72.159
0.857142857142857 0.852941176470588 0.862068965517241 0.937119675456389 0.78 0.833333333333333 0.741379310344828 0.883004926108374 NA 1 11 2 82.106
0.952380952380952 0.941176470588235 0.96551724137931 0.99290060851927 0.84 0.928571428571429 0.775862068965517 0.938423645320197 5 2 11 2 82.106
0.952380952380952 0.941176470588235 0.96551724137931 0.991886409736308 0.85 0.928571428571429 0.793103448275862 0.944170771756979 8 2 11 2 82.106
0.952380952380952 0.941176470588235 0.96551724137931 0.991886409736308 0.86 0.952380952380952 0.793103448275862 0.932266009852217 10 2 11 2 82.106
0.888888888888889 0.882352941176471 0.896551724137931 0.932048681541582 0.78 0.833333333333333 0.741379310344828 0.87807881773399 1 3 11 2 82.106
0.968253968253968 0.970588235294118 0.96551724137931 0.991886409736308 0.75 0.833333333333333 0.689655172413793 0.887110016420361 2 3 11 2 82.106
0.857142857142857 0.852941176470588 0.862068965517241 0.937119675456389 0.78 0.833333333333333 0.741379310344828 0.876436781609195 NA 1 11 3 130.229
0.968253968253968 0.970588235294118 0.96551724137931 0.991886409736308 0.85 0.928571428571429 0.793103448275862 0.934729064039409 5 2 11 3 130.229
0.952380952380952 0.941176470588235 0.96551724137931 0.991886409736308 0.85 0.952380952380952 0.775862068965517 0.942939244663383 8 2 11 3 130.229
0.968253968253968 0.970588235294118 0.96551724137931 0.991886409736308 0.84 0.952380952380952 0.758620689655172 0.942939244663383 10 2 11 3 130.229
0.857142857142857 0.852941176470588 0.862068965517241 0.931034482758621 0.77 0.833333333333333 0.724137931034483 0.873973727422003 1 3 11 3 130.229
0.968253968253968 0.970588235294118 0.96551724137931 0.990872210953347 0.75 0.833333333333333 0.689655172413793 0.886699507389163 2 3 11 3 130.229
