0.910714285714286 0.916666666666667 0.90625 0.98828125 0.84 0.723404255319149 0.943396226415094 0.93095142513047 NA 1 16 1 101.825
1 1 1 1 0.83 0.680851063829787 0.962264150943396 0.826575672420715 5 2 16 1 101.825
1 1 1 1 0.83 0.659574468085106 0.981132075471698 0.868325973504617 8 2 16 1 101.825
1 1 1 1 0.83 0.680851063829787 0.962264150943396 0.841228422320353 10 2 16 1 101.825
0.928571428571429 0.916666666666667 0.9375 0.986979166666667 0.85 0.702127659574468 0.981132075471698 0.919710959454035 1 3 16 1 101.825
0.946428571428571 0.916666666666667 0.96875 0.994791666666667 0.84 0.680851063829787 0.981132075471698 0.942191890806905 2 3 16 1 101.825
0.928571428571429 0.916666666666667 0.9375 0.986979166666667 0.84 0.723404255319149 0.943396226415094 0.92974708952228 NA 1 16 2 134.059
1 1 1 1 0.83 0.680851063829787 0.962264150943396 0.828582898434364 5 2 16 2 134.059
1 1 1 1 0.85 0.723404255319149 0.962264150943396 0.863910076274588 8 2 16 2 134.059
1 1 1 1 0.83 0.659574468085106 0.981132075471698 0.826174227217985 10 2 16 2 134.059
0.946428571428571 0.958333333333333 0.9375 0.986979166666667 0.85 0.702127659574468 0.981132075471698 0.927338418305901 1 3 16 2 134.059
0.946428571428571 0.916666666666667 0.96875 0.994791666666667 0.83 0.659574468085106 0.981132075471698 0.947009233239663 2 3 16 2 134.059
0.928571428571429 0.916666666666667 0.9375 0.986979166666667 0.83 0.723404255319149 0.924528301886792 0.924528301886792 NA 1 16 3 161.771
1 1 1 1 0.82 0.680851063829787 0.943396226415094 0.832195905258932 5 2 16 3 161.771
1 1 1 1 0.82 0.659574468085106 0.962264150943396 0.82677639502208 8 2 16 3 161.771
1 1 1 1 0.82 0.680851063829787 0.943396226415094 0.85006021678041 10 2 16 3 161.771
0.928571428571429 0.916666666666667 0.9375 0.985677083333333 0.84 0.680851063829787 0.981132075471698 0.918506623845845 1 3 16 3 161.771
0.946428571428571 0.916666666666667 0.96875 0.994791666666667 0.83 0.659574468085106 0.981132075471698 0.939783219590526 2 3 16 3 161.771
