0.88 0.857142857142857 0.9 0.948571428571429 0.86 0.877551020408163 0.843137254901961 0.908763505402161 NA 1 56 1 87.195
1 1 1 1 0.92 0.897959183673469 0.941176470588235 0.919567827130852 5 2 56 1 87.195
1 1 1 1 0.92 0.897959183673469 0.941176470588235 0.927771108443377 8 2 56 1 87.195
1 1 1 1 0.81 0.836734693877551 0.784313725490196 0.874349739895958 10 2 56 1 87.195
0.88 0.857142857142857 0.9 0.948571428571429 0.86 0.857142857142857 0.862745098039216 0.90796318527411 1 3 56 1 87.195
0.946666666666667 0.971428571428571 0.925 0.988571428571429 0.91 0.897959183673469 0.92156862745098 0.971188475390156 2 3 56 1 87.195
0.893333333333333 0.885714285714286 0.9 0.949285714285714 0.84 0.877551020408163 0.803921568627451 0.906762705082033 NA 1 56 2 105.544
0.946666666666667 0.942857142857143 0.95 0.991428571428571 0.94 0.918367346938776 0.96078431372549 0.965186074429772 5 2 56 2 105.544
1 1 1 1 0.91 0.877551020408163 0.941176470588235 0.927370948379352 8 2 56 2 105.544
1 1 1 1 0.89 0.857142857142857 0.92156862745098 0.903961584633854 10 2 56 2 105.544
0.893333333333333 0.885714285714286 0.9 0.949285714285714 0.85 0.857142857142857 0.843137254901961 0.910764305722289 1 3 56 2 105.544
0.946666666666667 0.971428571428571 0.925 0.989285714285714 0.9 0.877551020408163 0.92156862745098 0.970388155262105 2 3 56 2 105.544
0.88 0.857142857142857 0.9 0.945714285714286 0.84 0.857142857142857 0.823529411764706 0.909163665466186 NA 1 56 3 162.809
1 1 1 1 0.92 0.918367346938776 0.92156862745098 0.92797118847539 5 2 56 3 162.809
1 1 1 1 0.91 0.877551020408163 0.941176470588235 0.926170468187275 8 2 56 3 162.809
1 1 1 1 0.9 0.857142857142857 0.941176470588235 0.915366146458583 10 2 56 3 162.809
0.893333333333333 0.885714285714286 0.9 0.948571428571429 0.84 0.877551020408163 0.803921568627451 0.912765106042417 1 3 56 3 162.809
0.946666666666667 0.971428571428571 0.925 0.986428571428571 0.91 0.918367346938776 0.901960784313726 0.971588635454182 2 3 56 3 162.809
