0.858490566037736 0.88034188034188 0.831578947368421 0.929824561403509 0.86 0.92156862745098 0.795918367346939 0.923969587835134 NA 1 54 1 322.755
0.943396226415094 0.957264957264957 0.926315789473684 0.989113810166442 0.96 0.980392156862745 0.938775510204082 0.98359343737495 5 2 54 1 322.755
0.938679245283019 0.957264957264957 0.91578947368421 0.989833558254611 0.95 0.96078431372549 0.938775510204082 0.983193277310924 8 2 54 1 322.755
0.938679245283019 0.957264957264957 0.91578947368421 0.990913180386865 0.94 0.941176470588235 0.938775510204082 0.982793117246899 10 2 54 1 322.755
0.872641509433962 0.905982905982906 0.831578947368421 0.931354026090868 0.86 0.92156862745098 0.795918367346939 0.931572629051621 1 3 54 1 322.755
0.952830188679245 0.974358974358974 0.926315789473684 0.985425101214575 0.88 0.901960784313726 0.857142857142857 0.964785914365746 2 3 54 1 322.755
0.858490566037736 0.88034188034188 0.831578947368421 0.930274403958614 0.86 0.92156862745098 0.795918367346939 0.92436974789916 NA 1 54 2 307.348
0.943396226415094 0.957264957264957 0.926315789473684 0.988843904633378 0.96 0.980392156862745 0.938775510204082 0.983193277310924 5 2 54 2 307.348
0.938679245283019 0.957264957264957 0.91578947368421 0.98974358974359 0.95 0.96078431372549 0.938775510204082 0.983193277310924 8 2 54 2 307.348
0.943396226415094 0.957264957264957 0.926315789473684 0.990913180386865 0.94 0.941176470588235 0.938775510204082 0.981992797118848 10 2 54 2 307.348
0.882075471698113 0.931623931623932 0.821052631578947 0.93225371120108 0.84 0.92156862745098 0.755102040816326 0.933973589435774 1 3 54 2 307.348
0.952830188679245 0.974358974358974 0.926315789473684 0.98344579397211 0.88 0.901960784313726 0.857142857142857 0.965586234493798 2 3 54 2 307.348
0.858490566037736 0.88034188034188 0.831578947368421 0.928744939271255 0.86 0.92156862745098 0.795918367346939 0.920768307322929 NA 1 54 3 567.512
0.943396226415094 0.957264957264957 0.926315789473684 0.9889338731444 0.96 0.980392156862745 0.938775510204082 0.983193277310924 5 2 54 3 567.512
0.938679245283019 0.957264957264957 0.91578947368421 0.989473684210526 0.94 0.941176470588235 0.938775510204082 0.984393757503001 8 2 54 3 567.512
0.938679245283019 0.957264957264957 0.91578947368421 0.990463337831759 0.94 0.941176470588235 0.938775510204082 0.982392957182873 10 2 54 3 567.512
0.863207547169811 0.888888888888889 0.831578947368421 0.929194781826361 0.86 0.92156862745098 0.795918367346939 0.929571828731493 1 3 54 3 567.512
0.952830188679245 0.974358974358974 0.926315789473684 0.986504723346829 0.88 0.901960784313726 0.857142857142857 0.965986394557823 2 3 54 3 567.512
