0.906666666666667 0.948717948717949 0.861111111111111 0.967948717948718 0.84 0.821428571428571 0.863636363636364 0.918425324675325 NA 1 24 1 178.318
1 1 1 1 0.87 0.839285714285714 0.909090909090909 0.870535714285714 5 2 24 1 178.318
1 1 1 1 0.9 0.875 0.931818181818182 0.907061688311688 8 2 24 1 178.318
1 1 1 1 0.92 0.928571428571429 0.909090909090909 0.941558441558442 10 2 24 1 178.318
0.866666666666667 0.974358974358974 0.75 0.971509971509972 0.85 0.857142857142857 0.840909090909091 0.914366883116883 1 3 24 1 178.318
0.973333333333333 1 0.944444444444444 0.995014245014245 0.85 0.821428571428571 0.886363636363636 0.939935064935065 2 3 24 1 178.318
0.893333333333333 0.948717948717949 0.833333333333333 0.965811965811966 0.84 0.803571428571429 0.886363636363636 0.917207792207792 NA 1 24 2 133.999
1 1 1 1 0.86 0.875 0.840909090909091 0.895292207792208 5 2 24 2 133.999
1 1 1 1 0.9 0.928571428571429 0.863636363636364 0.920251623376623 8 2 24 2 133.999
1 1 1 1 0.92 0.910714285714286 0.931818181818182 0.935470779220779 10 2 24 2 133.999
0.88 0.974358974358974 0.777777777777778 0.974358974358974 0.85 0.857142857142857 0.840909090909091 0.914772727272727 1 3 24 2 133.999
0.973333333333333 1 0.944444444444444 0.995726495726496 0.85 0.821428571428571 0.886363636363636 0.940340909090909 2 3 24 2 133.999
0.893333333333333 0.923076923076923 0.861111111111111 0.967236467236467 0.83 0.803571428571429 0.863636363636364 0.921266233766234 NA 1 24 3 265.837
1 1 1 1 0.87 0.839285714285714 0.909090909090909 0.870535714285714 5 2 24 3 265.837
1 1 1 1 0.89 0.857142857142857 0.931818181818182 0.930600649350649 8 2 24 3 265.837
1 1 1 1 0.92 0.928571428571429 0.909090909090909 0.938311688311688 10 2 24 3 265.837
0.866666666666667 0.948717948717949 0.777777777777778 0.973646723646724 0.85 0.857142857142857 0.840909090909091 0.913961038961039 1 3 24 3 265.837
0.973333333333333 1 0.944444444444444 0.995014245014245 0.85 0.821428571428571 0.886363636363636 0.945211038961039 2 3 24 3 265.837
