0.904411764705882 0.873015873015873 0.931506849315068 0.945857795172864 0.85 0.918367346938776 0.784313725490196 0.922769107643057 NA 1 42 1 91.278
0.955882352941177 0.952380952380952 0.958904109589041 0.992172211350294 0.87 0.938775510204082 0.803921568627451 0.956782713085234 5 2 42 1 91.278
1 1 1 1 0.76 0.795918367346939 0.725490196078431 0.862745098039216 8 2 42 1 91.278
0.992647058823529 1 0.986301369863014 0.991846053489889 0.82 0.938775510204082 0.705882352941177 0.854141656662665 10 2 42 1 91.278
0.904411764705882 0.904761904761905 0.904109589041096 0.943248532289628 0.84 0.897959183673469 0.784313725490196 0.931572629051621 1 3 42 1 91.278
0.941176470588235 0.936507936507937 0.945205479452055 0.98825831702544 0.9 0.918367346938776 0.882352941176471 0.952380952380952 2 3 42 1 91.278
0.911764705882353 0.873015873015873 0.945205479452055 0.946727549467275 0.86 0.918367346938776 0.803921568627451 0.921968787515006 NA 1 42 2 154.987
0.963235294117647 0.968253968253968 0.958904109589041 0.993041965644705 0.87 0.938775510204082 0.803921568627451 0.954781912765106 5 2 42 2 154.987
1 1 1 1 0.76 0.857142857142857 0.666666666666667 0.848139255702281 8 2 42 2 154.987
1 1 1 1 0.81 0.959183673469388 0.666666666666667 0.84593837535014 10 2 42 2 154.987
0.904411764705882 0.904761904761905 0.904109589041096 0.945205479452055 0.85 0.897959183673469 0.803921568627451 0.931572629051621 1 3 42 2 154.987
0.941176470588235 0.936507936507937 0.945205479452055 0.988693194172646 0.93 0.959183673469388 0.901960784313726 0.95438175270108 2 3 42 2 154.987
0.911764705882353 0.888888888888889 0.931506849315068 0.945857795172864 0.85 0.897959183673469 0.803921568627451 0.921968787515006 NA 1 42 3 175.338
0.955882352941177 0.952380952380952 0.958904109589041 0.992172211350294 0.87 0.938775510204082 0.803921568627451 0.958383353341337 5 2 42 3 175.338
1 1 1 1 0.81 0.857142857142857 0.764705882352941 0.855342136854742 8 2 42 3 175.338
1 1 1 1 0.78 0.795918367346939 0.764705882352941 0.852541016406563 10 2 42 3 175.338
0.911764705882353 0.904761904761905 0.917808219178082 0.944988040878452 0.87 0.897959183673469 0.843137254901961 0.933173269307723 1 3 42 3 175.338
0.941176470588235 0.936507936507937 0.945205479452055 0.99043270276147 0.9 0.918367346938776 0.882352941176471 0.951180472188876 2 3 42 3 175.338
