0.831775700934579 0.84070796460177 0.821782178217822 0.925874003329537 0.9 0.946428571428571 0.840909090909091 0.965503246753247 NA 1 28 1 242.405
0.929906542056075 0.929203539823009 0.930693069306931 0.976079908875843 0.97 0.982142857142857 0.954545454545455 0.992694805194805 5 2 28 1 242.405
0.94392523364486 0.946902654867257 0.940594059405941 0.984929466397967 0.96 0.964285714285714 0.954545454545455 0.993100649350649 8 2 28 1 242.405
0.962616822429907 0.982300884955752 0.940594059405941 0.992026636291948 0.93 0.946428571428571 0.909090909090909 0.986201298701299 10 2 28 1 242.405
0.841121495327103 0.876106194690266 0.801980198019802 0.924822570752651 0.9 0.946428571428571 0.840909090909091 0.965909090909091 1 3 28 1 242.405
0.911214953271028 0.893805309734513 0.930693069306931 0.978270393411023 0.9 0.928571428571429 0.863636363636364 0.977272727272727 2 3 28 1 242.405
0.831775700934579 0.84070796460177 0.821782178217822 0.925435906422501 0.9 0.946428571428571 0.840909090909091 0.966314935064935 NA 1 28 2 187.588
0.929906542056075 0.929203539823009 0.930693069306931 0.976342767020065 0.97 0.982142857142857 0.954545454545455 0.993506493506493 5 2 28 2 187.588
0.94392523364486 0.946902654867257 0.940594059405941 0.984754227635153 0.96 0.964285714285714 0.954545454545455 0.993506493506494 8 2 28 2 187.588
0.962616822429907 0.982300884955752 0.940594059405941 0.992552352580391 0.93 0.946428571428571 0.909090909090909 0.986201298701299 10 2 28 2 187.588
0.841121495327103 0.876106194690266 0.801980198019802 0.924472093227022 0.91 0.946428571428571 0.863636363636364 0.965909090909091 1 3 28 2 187.588
0.911214953271028 0.893805309734513 0.930693069306931 0.977832296503987 0.9 0.928571428571429 0.863636363636364 0.97849025974026 2 3 28 2 187.588
0.836448598130841 0.849557522123894 0.821782178217822 0.925961622710944 0.9 0.946428571428571 0.840909090909091 0.966720779220779 NA 1 28 3 395.799
0.929906542056075 0.929203539823009 0.930693069306931 0.976079908875843 0.97 0.982142857142857 0.954545454545455 0.993912337662338 5 2 28 3 395.799
0.94392523364486 0.955752212389381 0.930693069306931 0.984666608253746 0.96 0.964285714285714 0.954545454545455 0.993100649350649 8 2 28 3 395.799
0.948598130841122 0.964601769911504 0.930693069306931 0.986418995881889 0.96 0.964285714285714 0.954545454545455 0.993912337662338 10 2 28 3 395.799
0.827102803738318 0.858407079646018 0.792079207920792 0.924734951371243 0.89 0.946428571428571 0.818181818181818 0.966314935064935 1 3 28 3 395.799
0.911214953271028 0.893805309734513 0.930693069306931 0.979146587225094 0.9 0.928571428571429 0.863636363636364 0.974431818181818 2 3 28 3 395.799
