0.830275229357798 0.855855855855856 0.803738317757009 0.914035530857961 0.83 0.883720930232558 0.789473684210526 0.933088535291718 NA 1 95 1 234.219
0.963302752293578 0.963963963963964 0.962616822429907 0.987286351772333 0.88 0.837209302325581 0.912280701754386 0.949816401468788 5 2 95 1 234.219
0.954128440366973 0.954954954954955 0.953271028037383 0.989138671381662 0.87 0.813953488372093 0.912280701754386 0.945736434108527 8 2 95 1 234.219
0.954128440366973 0.954954954954955 0.953271028037383 0.989896438494569 0.87 0.813953488372093 0.912280701754386 0.944920440636475 10 2 95 1 234.219
0.830275229357798 0.846846846846847 0.813084112149533 0.913193567399175 0.82 0.906976744186046 0.754385964912281 0.939208486332109 1 3 95 1 234.219
0.972477064220184 0.963963963963964 0.981308411214953 0.990822598299234 0.88 0.86046511627907 0.894736842105263 0.940840473276214 2 3 95 1 234.219
0.830275229357798 0.855855855855856 0.803738317757009 0.914456512587354 0.83 0.883720930232558 0.789473684210526 0.933496532027744 NA 1 95 2 222.606
0.963302752293578 0.963963963963964 0.962616822429907 0.987033762734697 0.89 0.86046511627907 0.912280701754386 0.952264381884945 5 2 95 2 222.606
0.954128440366973 0.954954954954955 0.953271028037383 0.989307064073419 0.87 0.813953488372093 0.912280701754386 0.946552427580579 8 2 95 2 222.606
0.954128440366973 0.954954954954955 0.953271028037383 0.989475456765176 0.87 0.813953488372093 0.912280701754386 0.946144430844553 10 2 95 2 222.606
0.830275229357798 0.846846846846847 0.813084112149533 0.912940978361539 0.83 0.906976744186046 0.771929824561403 0.938800489596083 1 3 95 2 222.606
0.977064220183486 0.972972972972973 0.981308411214953 0.990654205607477 0.88 0.86046511627907 0.894736842105263 0.941656466748266 2 3 95 2 222.606
0.839449541284404 0.855855855855856 0.822429906542056 0.912856782015661 0.83 0.883720930232558 0.789473684210526 0.935536515707874 NA 1 95 3 377.241
0.963302752293578 0.963963963963964 0.962616822429907 0.987538940809969 0.87 0.837209302325581 0.894736842105263 0.94859241126071 5 2 95 3 377.241
0.954128440366973 0.954954954954955 0.953271028037383 0.989643849456934 0.87 0.813953488372093 0.912280701754386 0.940024479804162 8 2 95 3 377.241
0.954128440366973 0.954954954954955 0.953271028037383 0.990064831186326 0.87 0.813953488372093 0.912280701754386 0.94124847001224 10 2 95 3 377.241
0.839449541284404 0.855855855855856 0.822429906542056 0.912688389323903 0.82 0.906976744186046 0.754385964912281 0.939208486332109 1 3 95 3 377.241
0.977064220183486 0.972972972972973 0.981308411214953 0.989643849456934 0.88 0.86046511627907 0.894736842105263 0.938800489596083 2 3 95 3 377.241
