0.945454545454545 0.961538461538462 0.931034482758621 0.993368700265252 0.75 0.592592592592593 0.934782608695652 0.909822866344606 NA 1 10 1 62.105
0.981818181818182 0.961538461538462 1 0.994694960212202 0.8 0.666666666666667 0.956521739130435 0.823067632850242 5 2 10 1 62.105
1 1 1 1 0.8 0.648148148148148 0.978260869565217 0.813607085346216 8 2 10 1 62.105
1 1 1 1 0.74 0.574074074074074 0.934782608695652 0.789855072463768 10 2 10 1 62.105
0.963636363636364 1 0.931034482758621 0.992042440318302 0.79 0.740740740740741 0.847826086956522 0.893317230273752 1 3 10 1 62.105
0.927272727272727 0.923076923076923 0.931034482758621 0.992042440318302 0.79 0.685185185185185 0.91304347826087 0.913848631239936 2 3 10 1 62.105
0.945454545454545 0.961538461538462 0.931034482758621 0.994694960212202 0.75 0.592592592592593 0.934782608695652 0.908212560386473 NA 1 10 2 73.35
1 1 1 1 0.79 0.648148148148148 0.956521739130435 0.813405797101449 5 2 10 2 73.35
1 1 1 1 0.81 0.666666666666667 0.978260869565217 0.846618357487923 8 2 10 2 73.35
0.981818181818182 0.961538461538462 1 0.978779840848806 0.76 0.611111111111111 0.934782608695652 0.826489533011272 10 2 10 2 73.35
0.963636363636364 1 0.931034482758621 0.990716180371353 0.78 0.740740740740741 0.826086956521739 0.893317230273752 1 3 10 2 73.35
0.927272727272727 0.923076923076923 0.931034482758621 0.992042440318302 0.79 0.685185185185185 0.91304347826087 0.915458937198068 2 3 10 2 73.35
1 1 1 1 0.78 0.62962962962963 0.956521739130435 0.788647342995169 NA 1 10 3 113.726
1 1 1 1 0.78 0.62962962962963 0.956521739130435 0.789049919484702 5 2 10 3 113.726
1 1 1 1 0.78 0.62962962962963 0.956521739130435 0.789049919484702 8 2 10 3 113.726
1 1 1 1 0.78 0.62962962962963 0.956521739130435 0.789049919484702 10 2 10 3 113.726
0.963636363636364 1 0.931034482758621 0.992042440318302 0.78 0.685185185185185 0.891304347826087 0.890096618357488 1 3 10 3 113.726
0.927272727272727 0.923076923076923 0.931034482758621 0.993368700265252 0.79 0.685185185185185 0.91304347826087 0.911433172302738 2 3 10 3 113.726
