0.865806451612903 0.860724233983287 0.870192307692308 0.942388043711163 0.92 0.915254237288136 0.926829268292683 0.96692848284415 NA 1 12 1 1231.042
0.925161290322581 0.916434540389972 0.932692307692308 0.985155078208699 0.95 0.932203389830508 0.975609756097561 0.995452666391071 5 2 12 1 1231.042
0.929032258064516 0.924791086350975 0.932692307692308 0.985168470109278 0.96 0.949152542372881 0.975609756097561 0.995039272426623 8 2 12 1 1231.042
0.927741935483871 0.922005571030641 0.932692307692308 0.985570227126634 0.95 0.932203389830508 0.975609756097561 0.995039272426623 10 2 12 1 1231.042
0.865806451612903 0.860724233983287 0.870192307692308 0.942160381401329 0.93 0.932203389830508 0.926829268292683 0.965688300950806 1 3 12 1 1231.042
0.935483870967742 0.930362116991644 0.939903846153846 0.983835976001714 0.96 0.949152542372881 0.975609756097561 0.996279454319967 2 3 12 1 1231.042
0.860645161290323 0.852367688022284 0.867788461538462 0.942669273623313 0.92 0.915254237288136 0.926829268292683 0.966101694915254 NA 1 12 2 1003.424
0.927741935483871 0.919220055710306 0.935096153846154 0.985161774158989 0.94 0.915254237288136 0.975609756097561 0.995452666391071 5 2 12 2 1003.424
0.929032258064516 0.924791086350975 0.932692307692308 0.98514838225841 0.96 0.949152542372881 0.975609756097561 0.995452666391071 8 2 12 2 1003.424
0.927741935483871 0.922005571030641 0.932692307692308 0.985449700021427 0.95 0.932203389830508 0.975609756097561 0.995039272426623 10 2 12 2 1003.424
0.864516129032258 0.857938718662953 0.870192307692308 0.942408131562031 0.93 0.932203389830508 0.926829268292683 0.966101694915254 1 3 12 2 1003.424
0.932903225806452 0.930362116991644 0.935096153846154 0.983902935504607 0.96 0.949152542372881 0.975609756097561 0.996279454319967 2 3 12 2 1003.424
0.865806451612903 0.857938718662953 0.872596153846154 0.941611313477609 0.92 0.915254237288136 0.926829268292683 0.967755270773047 NA 1 12 3 2125.083
0.930322580645161 0.924791086350975 0.935096153846154 0.985195253910435 0.96 0.949152542372881 0.975609756097561 0.995866060355519 5 2 12 3 2125.083
0.932903225806452 0.919220055710306 0.944711538461538 0.985443004071138 0.96 0.949152542372881 0.975609756097561 0.993799090533278 8 2 12 3 2125.083
0.929032258064516 0.919220055710306 0.9375 0.985737625883865 0.96 0.949152542372881 0.975609756097561 0.993799090533278 10 2 12 3 2125.083
0.861935483870968 0.860724233983287 0.862980769230769 0.94150417827298 0.93 0.932203389830508 0.926829268292683 0.967755270773047 1 3 12 3 2125.083
0.935483870967742 0.930362116991644 0.939903846153846 0.984344868223698 0.96 0.949152542372881 0.975609756097561 0.994212484497726 2 3 12 3 2125.083
