0.853503184713376 0.819444444444444 0.882352941176471 0.919117647058823 0.83 0.877551020408163 0.784313725490196 0.902761104441777 NA 1 94 1 124.058
0.89171974522293 0.888888888888889 0.894117647058824 0.963071895424837 0.87 0.897959183673469 0.843137254901961 0.941576630652261 5 2 94 1 124.058
0.89171974522293 0.888888888888889 0.894117647058824 0.965359477124183 0.85 0.877551020408163 0.823529411764706 0.939975990396158 8 2 94 1 124.058
0.89171974522293 0.888888888888889 0.894117647058824 0.965032679738562 0.85 0.877551020408163 0.823529411764706 0.938775510204082 10 2 94 1 124.058
0.866242038216561 0.833333333333333 0.894117647058824 0.924019607843137 0.82 0.877551020408163 0.764705882352941 0.9015606242497 1 3 94 1 124.058
0.910828025477707 0.875 0.941176470588235 0.970098039215686 0.81 0.816326530612245 0.803921568627451 0.897959183673469 2 3 94 1 124.058
0.853503184713376 0.819444444444444 0.882352941176471 0.918627450980392 0.82 0.877551020408163 0.764705882352941 0.901960784313726 NA 1 94 2 105.569
0.89171974522293 0.888888888888889 0.894117647058824 0.963562091503268 0.87 0.897959183673469 0.843137254901961 0.942777110844338 5 2 94 2 105.569
0.89171974522293 0.888888888888889 0.894117647058824 0.965686274509804 0.85 0.877551020408163 0.823529411764706 0.939975990396158 8 2 94 2 105.569
0.89171974522293 0.888888888888889 0.894117647058824 0.965686274509804 0.85 0.877551020408163 0.823529411764706 0.939975990396158 10 2 94 2 105.569
0.878980891719745 0.861111111111111 0.894117647058824 0.924183006535948 0.8 0.877551020408163 0.725490196078431 0.905562224889956 1 3 94 2 105.569
0.917197452229299 0.888888888888889 0.941176470588235 0.970098039215686 0.81 0.795918367346939 0.823529411764706 0.898359343737495 2 3 94 2 105.569
0.840764331210191 0.791666666666667 0.882352941176471 0.918954248366013 0.81 0.857142857142857 0.764705882352941 0.903161264505802 NA 1 94 3 215.455
0.89171974522293 0.888888888888889 0.894117647058824 0.963071895424837 0.87 0.897959183673469 0.843137254901961 0.942376950780312 5 2 94 3 215.455
0.89171974522293 0.888888888888889 0.894117647058824 0.965686274509804 0.85 0.877551020408163 0.823529411764706 0.940376150460184 8 2 94 3 215.455
0.89171974522293 0.888888888888889 0.894117647058824 0.965032679738562 0.85 0.877551020408163 0.823529411764706 0.938375350140056 10 2 94 3 215.455
0.859872611464968 0.819444444444444 0.894117647058824 0.925653594771242 0.82 0.857142857142857 0.784313725490196 0.901160464185674 1 3 94 3 215.455
0.923566878980892 0.902777777777778 0.941176470588235 0.969771241830065 0.78 0.755102040816326 0.803921568627451 0.896358543417367 2 3 94 3 215.455
