0.822368421052632 0.815789473684211 0.828947368421053 0.917590027700831 0.87 0.914893617021277 0.830188679245283 0.939783219590526 NA 1 99 1 180.586
0.901315789473684 0.894736842105263 0.907894736842105 0.981648199445983 0.93 0.957446808510638 0.905660377358491 0.97671617824167 5 2 99 1 180.586
0.947368421052632 0.960526315789474 0.934210526315789 0.988746537396122 0.93 0.957446808510638 0.905660377358491 0.972300281011642 8 2 99 1 180.586
0.960526315789474 0.960526315789474 0.960526315789474 0.992382271468144 0.93 0.957446808510638 0.905660377358491 0.970694500200723 10 2 99 1 180.586
0.822368421052632 0.842105263157895 0.802631578947368 0.915858725761773 0.86 0.914893617021277 0.811320754716981 0.943797671617824 1 3 99 1 180.586
0.914473684210526 0.894736842105263 0.934210526315789 0.980782548476454 0.91 0.936170212765957 0.886792452830189 0.964672822159775 2 3 99 1 180.586
0.815789473684211 0.802631578947368 0.828947368421053 0.918109418282548 0.87 0.914893617021277 0.830188679245283 0.940987555198715 NA 1 99 2 155.177
0.901315789473684 0.894736842105263 0.907894736842105 0.981301939058172 0.93 0.957446808510638 0.905660377358491 0.97591328783621 5 2 99 2 155.177
0.947368421052632 0.960526315789474 0.934210526315789 0.988919667590028 0.93 0.957446808510638 0.905660377358491 0.971497390606182 8 2 99 2 155.177
0.960526315789474 0.960526315789474 0.960526315789474 0.992209141274238 0.93 0.957446808510638 0.905660377358491 0.970293054997993 10 2 99 2 155.177
0.809210526315789 0.828947368421053 0.789473684210526 0.914646814404432 0.86 0.914893617021277 0.811320754716981 0.942593336009635 1 3 99 2 155.177
0.914473684210526 0.894736842105263 0.934210526315789 0.98095567867036 0.92 0.957446808510638 0.886792452830189 0.964271376957045 2 3 99 2 155.177
0.815789473684211 0.802631578947368 0.828947368421053 0.919667590027701 0.86 0.893617021276596 0.830188679245283 0.942593336009635 NA 1 99 3 307.565
0.901315789473684 0.894736842105263 0.907894736842105 0.981128808864266 0.93 0.957446808510638 0.905660377358491 0.975511842633481 5 2 99 3 307.565
0.947368421052632 0.960526315789474 0.934210526315789 0.98840027700831 0.93 0.957446808510638 0.905660377358491 0.971095945403452 8 2 99 3 307.565
0.960526315789474 0.960526315789474 0.960526315789474 0.991343490304709 0.93 0.957446808510638 0.905660377358491 0.971497390606182 10 2 99 3 307.565
0.828947368421053 0.842105263157895 0.815789473684211 0.916031855955679 0.85 0.914893617021277 0.792452830188679 0.939381774387796 1 3 99 3 307.565
0.907894736842105 0.881578947368421 0.934210526315789 0.979224376731302 0.9 0.914893617021277 0.886792452830189 0.967884383781614 2 3 99 3 307.565
