0.915254237288136 0.931034482758621 0.9 0.980459770114943 0.8 0.710526315789474 0.854838709677419 0.885398981324278 NA 1 64 1 122.93
1 1 1 1 0.77 0.815789473684211 0.741935483870968 0.791383701188455 5 2 64 1 122.93
1 1 1 1 0.78 0.736842105263158 0.806451612903226 0.808786078098472 8 2 64 1 122.93
0.983050847457627 0.96551724137931 1 0.981609195402299 0.76 0.684210526315789 0.806451612903226 0.813667232597623 10 2 64 1 122.93
0.949152542372881 0.96551724137931 0.933333333333333 0.973563218390805 0.78 0.763157894736842 0.790322580645161 0.854838709677419 1 3 64 1 122.93
0.949152542372881 0.931034482758621 0.966666666666667 0.995402298850575 0.76 0.657894736842105 0.82258064516129 0.851018675721562 2 3 64 1 122.93
0.915254237288136 0.931034482758621 0.9 0.979310344827586 0.81 0.736842105263158 0.854838709677419 0.891765704584041 NA 1 64 2 97.136
1 1 1 1 0.81 0.815789473684211 0.806451612903226 0.833191850594228 5 2 64 2 97.136
1 1 1 1 0.79 0.763157894736842 0.806451612903226 0.800297113752122 8 2 64 2 97.136
1 1 1 1 0.78 0.736842105263158 0.806451612903226 0.808786078098472 10 2 64 2 97.136
0.949152542372881 0.96551724137931 0.933333333333333 0.973563218390805 0.79 0.789473684210526 0.790322580645161 0.853565365025467 1 3 64 2 97.136
0.949152542372881 0.931034482758621 0.966666666666667 0.995402298850575 0.76 0.657894736842105 0.82258064516129 0.853140916808149 2 3 64 2 97.136
0.915254237288136 0.931034482758621 0.9 0.980459770114943 0.79 0.710526315789474 0.838709677419355 0.882003395585739 NA 1 64 3 233.105
1 1 1 1 0.81 0.736842105263158 0.854838709677419 0.792020373514431 5 2 64 3 233.105
1 1 1 1 0.76 0.684210526315789 0.806451612903226 0.784168081494058 8 2 64 3 233.105
1 1 1 1 0.78 0.710526315789474 0.82258064516129 0.810696095076401 10 2 64 3 233.105
0.949152542372881 0.931034482758621 0.966666666666667 0.972413793103448 0.77 0.736842105263158 0.790322580645161 0.84804753820034 1 3 64 3 233.105
0.966101694915254 0.96551724137931 0.966666666666667 0.995402298850575 0.77 0.657894736842105 0.838709677419355 0.843378607809847 2 3 64 3 233.105
