0.850066934404284 0.863753213367609 0.835195530726257 0.937872499317833 0.92 0.98 0.86 0.9784 NA 1 10 1 1096.379
0.941097724230254 0.946015424164524 0.935754189944134 0.982479068231104 0.94 0.96 0.92 0.9816 5 2 10 1 1096.379
0.941097724230254 0.940874035989717 0.941340782122905 0.983592078241013 0.95 0.96 0.94 0.9824 8 2 10 1 1096.379
0.94243641231593 0.943444730077121 0.941340782122905 0.983721331016358 0.95 0.96 0.94 0.982 10 2 10 1 1096.379
0.854082998661312 0.87146529562982 0.835195530726257 0.937901222156798 0.91 0.96 0.86 0.9784 1 3 10 1 1096.379
0.941097724230254 0.943444730077121 0.93854748603352 0.982486248940845 0.96 0.98 0.94 0.9852 2 3 10 1 1096.379
0.852744310575636 0.863753213367609 0.840782122905028 0.937951487124987 0.92 0.98 0.86 0.9796 NA 1 10 2 702.784
0.941097724230254 0.946015424164524 0.935754189944134 0.982507791070069 0.93 0.96 0.9 0.982 5 2 10 2 702.784
0.94243641231593 0.940874035989717 0.94413407821229 0.983635162499461 0.95 0.96 0.94 0.982 8 2 10 2 702.784
0.94243641231593 0.943444730077121 0.941340782122905 0.983793138113771 0.95 0.96 0.94 0.982 10 2 10 2 702.784
0.85140562248996 0.866323907455013 0.835195530726257 0.937937125705505 0.92 0.98 0.86 0.9792 1 3 10 2 702.784
0.94243641231593 0.943444730077121 0.941340782122905 0.982471887521363 0.96 0.98 0.94 0.9856 2 3 10 2 702.784
0.852744310575636 0.868894601542416 0.835195530726257 0.937793511510678 0.9 0.96 0.84 0.978 NA 1 10 3 1762.067
0.938420348058902 0.943444730077121 0.932960893854749 0.982493429650587 0.94 0.96 0.92 0.9816 5 2 10 3 1762.067
0.938420348058902 0.938303341902314 0.93854748603352 0.983369476239031 0.95 0.96 0.94 0.9804 8 2 10 3 1762.067
0.939759036144578 0.940874035989717 0.93854748603352 0.983606439660496 0.95 0.96 0.94 0.982 10 2 10 3 1762.067
0.855421686746988 0.868894601542416 0.840782122905028 0.937937125705505 0.91 0.96 0.86 0.9772 1 3 10 3 1762.067
0.941097724230254 0.940874035989717 0.941340782122905 0.982543694618776 0.95 0.96 0.94 0.984 2 3 10 3 1762.067
