0.892561983471074 0.894179894179894 0.890804597701149 0.955725840783312 0.89 0.941176470588235 0.836734693877551 0.955582232893157 NA 1 67 1 877.643
0.947658402203857 0.936507936507937 0.959770114942529 0.992306756674573 0.92 0.901960784313726 0.938775510204082 0.967587034813926 5 2 67 1 877.643
0.944903581267218 0.936507936507937 0.954022988505747 0.991911451681567 0.92 0.901960784313726 0.938775510204082 0.967987194877951 8 2 67 1 877.643
0.947658402203857 0.936507936507937 0.959770114942529 0.992063492063492 0.92 0.901960784313726 0.938775510204082 0.974789915966387 10 2 67 1 877.643
0.881542699724518 0.883597883597884 0.879310344827586 0.954175028887672 0.89 0.941176470588235 0.836734693877551 0.946778711484594 1 3 67 1 877.643
0.950413223140496 0.947089947089947 0.954022988505747 0.990269415556772 0.92 0.941176470588235 0.897959183673469 0.969987995198079 2 3 67 1 877.643
0.889807162534435 0.888888888888889 0.890804597701149 0.956181961929088 0.87 0.941176470588235 0.795918367346939 0.954781912765106 NA 1 67 2 899.175
0.944903581267218 0.931216931216931 0.959770114942529 0.992063492063492 0.92 0.901960784313726 0.938775510204082 0.964785914365746 5 2 67 2 899.175
0.944903581267218 0.936507936507937 0.954022988505747 0.991911451681567 0.92 0.901960784313726 0.938775510204082 0.965186074429772 8 2 67 2 899.175
0.944903581267218 0.931216931216931 0.959770114942529 0.992124308216262 0.91 0.901960784313726 0.918367346938776 0.974389755902361 10 2 67 2 899.175
0.881542699724518 0.883597883597884 0.879310344827586 0.954661558109834 0.88 0.941176470588235 0.816326530612245 0.946378551420568 1 3 67 2 899.175
0.950413223140496 0.947089947089947 0.954022988505747 0.990117375174846 0.91 0.92156862745098 0.897959183673469 0.968787515006002 2 3 67 2 899.175
0.887052341597796 0.888888888888889 0.885057471264368 0.95505686310284 0.88 0.941176470588235 0.816326530612245 0.955182072829132 NA 1 67 3 1396.108
0.944903581267218 0.931216931216931 0.959770114942529 0.992702061667579 0.92 0.901960784313726 0.938775510204082 0.965586234493798 5 2 67 3 1396.108
0.944903581267218 0.936507936507937 0.954022988505747 0.992397980903728 0.92 0.901960784313726 0.938775510204082 0.965986394557823 8 2 67 3 1396.108
0.944903581267218 0.931216931216931 0.959770114942529 0.992245940521803 0.92 0.901960784313726 0.938775510204082 0.974389755902361 10 2 67 3 1396.108
0.884297520661157 0.899470899470899 0.867816091954023 0.953962172352977 0.88 0.941176470588235 0.816326530612245 0.948379351740696 1 3 67 3 1396.108
0.950413223140496 0.947089947089947 0.954022988505747 0.990147783251232 0.92 0.941176470588235 0.897959183673469 0.969987995198079 2 3 67 3 1396.108
