0.818181818181818 0.848101265822785 0.78125 0.929588607594937 0.86 0.901960784313726 0.816326530612245 0.941176470588235 NA 1 64 1 161.495
0.951048951048951 0.949367088607595 0.953125 0.980023734177215 0.95 0.941176470588235 0.959183673469388 0.987595038015206 5 2 64 1 161.495
0.951048951048951 0.962025316455696 0.9375 0.981408227848101 0.94 0.92156862745098 0.959183673469388 0.98999599839936 8 2 64 1 161.495
0.951048951048951 0.962025316455696 0.9375 0.982397151898734 0.94 0.92156862745098 0.959183673469388 0.990396158463385 10 2 64 1 161.495
0.818181818181818 0.835443037974684 0.796875 0.929193037974684 0.86 0.901960784313726 0.816326530612245 0.938775510204082 1 3 64 1 161.495
0.916083916083916 0.924050632911392 0.90625 0.979825949367089 0.89 0.862745098039216 0.918367346938776 0.952380952380952 2 3 64 1 161.495
0.818181818181818 0.848101265822785 0.78125 0.92939082278481 0.86 0.901960784313726 0.816326530612245 0.941176470588235 NA 1 64 2 123.575
0.951048951048951 0.949367088607595 0.953125 0.980617088607595 0.95 0.941176470588235 0.959183673469388 0.987595038015206 5 2 64 2 123.575
0.951048951048951 0.962025316455696 0.9375 0.982397151898734 0.94 0.92156862745098 0.959183673469388 0.989595838335334 8 2 64 2 123.575
0.951048951048951 0.962025316455696 0.9375 0.983386075949367 0.95 0.941176470588235 0.959183673469388 0.98999599839936 10 2 64 2 123.575
0.818181818181818 0.835443037974684 0.796875 0.927808544303797 0.87 0.901960784313726 0.836734693877551 0.938375350140056 1 3 64 2 123.575
0.923076923076923 0.924050632911392 0.921875 0.979825949367089 0.89 0.862745098039216 0.918367346938776 0.953181272509004 2 3 64 2 123.575
0.818181818181818 0.848101265822785 0.78125 0.930181962025316 0.84 0.862745098039216 0.816326530612245 0.937575030012005 NA 1 64 3 283.394
0.951048951048951 0.962025316455696 0.9375 0.978441455696203 0.95 0.941176470588235 0.959183673469388 0.989195678271308 5 2 64 3 283.394
0.951048951048951 0.962025316455696 0.9375 0.981408227848101 0.95 0.941176470588235 0.959183673469388 0.991196478591437 8 2 64 3 283.394
0.951048951048951 0.962025316455696 0.9375 0.981606012658228 0.95 0.941176470588235 0.959183673469388 0.991596638655462 10 2 64 3 283.394
0.818181818181818 0.835443037974684 0.796875 0.930973101265823 0.85 0.901960784313726 0.795918367346939 0.942777110844338 1 3 64 3 283.394
0.916083916083916 0.924050632911392 0.90625 0.979825949367089 0.9 0.882352941176471 0.918367346938776 0.952380952380952 2 3 64 3 283.394
