0.838961038961039 0.849350649350649 0.828571428571429 0.922671614100185 0.82 0.859649122807018 0.767441860465116 0.909016727866177 NA 1 52 1 1306.318
0.927272727272727 0.924675324675325 0.92987012987013 0.981905886321471 0.92 0.912280701754386 0.930232558139535 0.968992248062015 5 2 52 1 1306.318
0.927272727272727 0.922077922077922 0.932467532467532 0.982607522347782 0.91 0.929824561403509 0.883720930232558 0.967360261117911 8 2 52 1 1306.318
0.92987012987013 0.927272727272727 0.932467532467532 0.982661494349806 0.92 0.929824561403509 0.906976744186046 0.968992248062015 10 2 52 1 1306.318
0.844155844155844 0.844155844155844 0.844155844155844 0.92218586608197 0.82 0.87719298245614 0.744186046511628 0.908608731130151 1 3 52 1 1306.318
0.935064935064935 0.932467532467532 0.937662337662338 0.980516107269354 0.89 0.859649122807018 0.930232558139535 0.962464300285598 2 3 52 1 1306.318
0.838961038961039 0.846753246753247 0.831168831168831 0.922496205093608 0.81 0.859649122807018 0.744186046511628 0.908200734394125 NA 1 52 2 1386.537
0.927272727272727 0.924675324675325 0.92987012987013 0.981851914319447 0.92 0.912280701754386 0.930232558139535 0.968992248062015 5 2 52 2 1386.537
0.927272727272727 0.922077922077922 0.932467532467532 0.982553550345758 0.91 0.929824561403509 0.883720930232558 0.967360261117911 8 2 52 2 1386.537
0.928571428571429 0.924675324675325 0.932467532467532 0.982661494349806 0.92 0.929824561403509 0.906976744186046 0.968992248062015 10 2 52 2 1386.537
0.84025974025974 0.836363636363636 0.844155844155844 0.922152133580705 0.83 0.87719298245614 0.767441860465116 0.907792737658099 1 3 52 2 1386.537
0.935064935064935 0.932467532467532 0.937662337662338 0.980482374768089 0.89 0.859649122807018 0.930232558139535 0.962872297021624 2 3 52 2 1386.537
0.837662337662338 0.846753246753247 0.828571428571429 0.921949738573115 0.81 0.859649122807018 0.744186046511628 0.909832721338229 NA 1 52 3 2334.603
0.925974025974026 0.924675324675325 0.927272727272727 0.981919379321977 0.92 0.912280701754386 0.930232558139535 0.969400244798042 5 2 52 3 2334.603
0.928571428571429 0.924675324675325 0.932467532467532 0.982789677854613 0.91 0.929824561403509 0.883720930232558 0.967768257853937 8 2 52 3 2334.603
0.92987012987013 0.927272727272727 0.932467532467532 0.982884128858155 0.91 0.929824561403509 0.883720930232558 0.968992248062015 10 2 52 3 2334.603
0.838961038961039 0.841558441558442 0.836363636363636 0.921551695058189 0.82 0.87719298245614 0.744186046511628 0.908608731130151 1 3 52 3 2334.603
0.932467532467532 0.92987012987013 0.935064935064935 0.980576825771631 0.89 0.859649122807018 0.930232558139535 0.962872297021624 2 3 52 3 2334.603
