0.891891891891892 0.923076923076923 0.857142857142857 0.928937728937729 0.86 0.804878048780488 0.898305084745763 0.933856965688301 NA 1 98 1 76.413
1 1 1 1 0.66 0.682926829268293 0.644067796610169 0.731707317073171 5 2 98 1 76.413
1 1 1 1 0.79 0.75609756097561 0.813559322033898 0.81314592806945 8 2 98 1 76.413
1 1 1 1 0.81 0.75609756097561 0.847457627118644 0.85489871847871 10 2 98 1 76.413
0.864864864864865 0.897435897435897 0.828571428571429 0.928937728937729 0.82 0.780487804878049 0.847457627118644 0.909466721785862 1 3 98 1 76.413
0.959459459459459 0.948717948717949 0.971428571428571 0.995604395604396 0.84 0.804878048780488 0.864406779661017 0.920214964861513 2 3 98 1 76.413
0.891891891891892 0.923076923076923 0.857142857142857 0.92967032967033 0.86 0.804878048780488 0.898305084745763 0.934270359652749 NA 1 98 2 80.766
1 1 1 1 0.77 0.75609756097561 0.779661016949153 0.798057048367094 5 2 98 2 80.766
1 1 1 1 0.75 0.75609756097561 0.745762711864407 0.788548987184787 8 2 98 2 80.766
1 1 1 1 0.76 0.75609756097561 0.76271186440678 0.813559322033898 10 2 98 2 80.766
0.864864864864865 0.897435897435897 0.828571428571429 0.928937728937729 0.82 0.780487804878049 0.847457627118644 0.909053327821414 1 3 98 2 80.766
0.959459459459459 0.948717948717949 0.971428571428571 0.996336996336996 0.83 0.780487804878049 0.864406779661017 0.919388176932617 2 3 98 2 80.766
0.891891891891892 0.923076923076923 0.857142857142857 0.92967032967033 0.85 0.780487804878049 0.898305084745763 0.934683753617197 NA 1 98 3 124.393
1 1 1 1 0.77 0.707317073170732 0.813559322033898 0.810458867300537 5 2 98 3 124.393
1 1 1 1 0.76 0.682926829268293 0.813559322033898 0.794129805704837 8 2 98 3 124.393
1 1 1 1 0.76 0.75609756097561 0.76271186440678 0.784415047540306 10 2 98 3 124.393
0.851351351351351 0.897435897435897 0.8 0.93040293040293 0.82 0.780487804878049 0.847457627118644 0.908226539892518 1 3 98 3 124.393
0.959459459459459 0.948717948717949 0.971428571428571 0.995604395604396 0.84 0.780487804878049 0.88135593220339 0.915254237288136 2 3 98 3 124.393
