0.832679738562092 0.830645161290323 0.834605597964377 0.919272757120578 0.84 0.884615384615385 0.791666666666667 0.914663461538462 NA 1 99 1 1062.637
0.933333333333333 0.932795698924731 0.933842239185751 0.980854469342527 0.9 0.903846153846154 0.895833333333333 0.963541666666667 5 2 99 1 1062.637
0.928104575163399 0.93010752688172 0.926208651399491 0.982530301786643 0.89 0.923076923076923 0.854166666666667 0.96113782051282 8 2 99 1 1062.637
0.930718954248366 0.932795698924731 0.928753180661578 0.98295438999699 0.88 0.903846153846154 0.854166666666667 0.960336538461538 10 2 99 1 1062.637
0.830065359477124 0.830645161290323 0.829516539440204 0.918828148512955 0.84 0.884615384615385 0.791666666666667 0.915064102564103 1 3 99 1 1062.637
0.924183006535948 0.935483870967742 0.913486005089059 0.979034994117486 0.87 0.884615384615385 0.854166666666667 0.951923076923077 2 3 99 1 1062.637
0.832679738562092 0.833333333333333 0.83206106870229 0.918855509042655 0.84 0.884615384615385 0.791666666666667 0.912660256410256 NA 1 99 2 940.206
0.93202614379085 0.93010752688172 0.933842239185751 0.980861309474951 0.9 0.903846153846154 0.895833333333333 0.963141025641026 5 2 99 2 940.206
0.929411764705882 0.93010752688172 0.928753180661578 0.982516621521793 0.9 0.942307692307692 0.854166666666667 0.961538461538462 8 2 99 2 940.206
0.929411764705882 0.93010752688172 0.928753180661578 0.98292702946729 0.89 0.923076923076923 0.854166666666667 0.96073717948718 10 2 99 2 940.206
0.831372549019608 0.833333333333333 0.829516539440204 0.918075733946209 0.84 0.884615384615385 0.791666666666667 0.915865384615385 1 3 99 2 940.206
0.924183006535948 0.935483870967742 0.913486005089059 0.979069194779611 0.86 0.884615384615385 0.833333333333333 0.951121794871795 2 3 99 2 940.206
0.831372549019608 0.830645161290323 0.83206106870229 0.920161974335823 0.84 0.884615384615385 0.791666666666667 0.911057692307692 NA 1 99 3 1964.889
0.933333333333333 0.935483870967742 0.931297709923664 0.980847629210101 0.9 0.903846153846154 0.895833333333333 0.961939102564103 5 2 99 3 1964.889
0.930718954248366 0.935483870967742 0.926208651399491 0.982612383375742 0.89 0.923076923076923 0.854166666666667 0.959535256410256 8 2 99 3 1964.889
0.929411764705882 0.93010752688172 0.928753180661578 0.983056991983365 0.88 0.903846153846154 0.854166666666667 0.96073717948718 10 2 99 3 1964.889
0.836601307189543 0.838709677419355 0.834605597964377 0.919026512353279 0.84 0.884615384615385 0.791666666666667 0.911057692307692 1 3 99 3 1964.889
0.926797385620915 0.932795698924731 0.921119592875318 0.979725847492407 0.87 0.884615384615385 0.854166666666667 0.950320512820513 2 3 99 3 1964.889
