0.868421052631579 0.858310626702997 0.877862595419847 0.931422509723984 0.87 0.923076923076923 0.8125 0.921875 NA 1 7 1 925.848
0.921052631578947 0.923705722070845 0.918575063613232 0.983145093634517 0.92 0.961538461538462 0.875 0.977564102564103 5 2 7 1 925.848
0.923684210526316 0.929155313351499 0.918575063613232 0.983380826590677 0.92 0.961538461538462 0.875 0.977163461538462 8 2 7 1 925.848
0.925 0.929155313351499 0.921119592875318 0.983519493035478 0.92 0.961538461538462 0.875 0.977163461538462 10 2 7 1 925.848
0.863157894736842 0.847411444141689 0.877862595419847 0.931373976468304 0.87 0.923076923076923 0.8125 0.918269230769231 1 3 7 1 925.848
0.931578947368421 0.93732970027248 0.926208651399491 0.981342429852112 0.87 0.923076923076923 0.8125 0.965544871794872 2 3 7 1 925.848
0.871052631578947 0.863760217983651 0.877862595419847 0.931720642580305 0.87 0.923076923076923 0.8125 0.921875 NA 1 7 2 845.576
0.921052631578947 0.923705722070845 0.918575063613232 0.983068827089877 0.92 0.961538461538462 0.875 0.977564102564103 5 2 7 2 845.576
0.923684210526316 0.929155313351499 0.918575063613232 0.983318426690517 0.92 0.961538461538462 0.875 0.977163461538462 8 2 7 2 845.576
0.925 0.929155313351499 0.921119592875318 0.983512559713238 0.92 0.961538461538462 0.875 0.977163461538462 10 2 7 2 845.576
0.861842105263158 0.852861035422343 0.870229007633588 0.931477976301905 0.87 0.923076923076923 0.8125 0.919070512820513 1 3 7 2 845.576
0.934210526315789 0.94550408719346 0.923664122137405 0.981384029785552 0.87 0.923076923076923 0.8125 0.96474358974359 2 3 7 2 845.576
0.867105263157895 0.85558583106267 0.877862595419847 0.930902510555983 0.87 0.923076923076923 0.8125 0.923878205128205 NA 1 7 3 1717.215
0.921052631578947 0.923705722070845 0.918575063613232 0.983249093468117 0.92 0.961538461538462 0.875 0.977163461538462 5 2 7 3 1717.215
0.925 0.931880108991826 0.918575063613232 0.983443226490838 0.92 0.961538461538462 0.875 0.97636217948718 8 2 7 3 1717.215
0.925 0.931880108991826 0.918575063613232 0.983588826257878 0.92 0.961538461538462 0.875 0.97636217948718 10 2 7 3 1717.215
0.860526315789474 0.844686648501362 0.875318066157761 0.930895577233743 0.88 0.923076923076923 0.833333333333333 0.920272435897436 1 3 7 3 1717.215
0.935526315789474 0.940054495912807 0.931297709923664 0.981349363174352 0.87 0.923076923076923 0.8125 0.964342948717949 2 3 7 3 1717.215
