0.928571428571429 0.921052631578947 0.9375 0.989309210526316 0.85 0.846153846153846 0.854166666666667 0.891426282051282 NA 1 8 1 69.914
1 1 1 1 0.83 0.884615384615385 0.770833333333333 0.886217948717949 5 2 8 1 69.914
1 1 1 1 0.79 0.807692307692308 0.770833333333333 0.847956730769231 8 2 8 1 69.914
1 1 1 1 0.82 0.865384615384615 0.770833333333333 0.896634615384615 10 2 8 1 69.914
0.928571428571429 0.947368421052632 0.90625 0.986842105263158 0.8 0.826923076923077 0.770833333333333 0.897836538461538 1 3 8 1 69.914
0.971428571428571 0.973684210526316 0.96875 0.995888157894737 0.83 0.807692307692308 0.854166666666667 0.908253205128205 2 3 8 1 69.914
0.928571428571429 0.947368421052632 0.90625 0.988486842105263 0.85 0.846153846153846 0.854166666666667 0.899439102564103 NA 1 8 2 126.307
1 1 1 1 0.76 0.846153846153846 0.666666666666667 0.820713141025641 5 2 8 2 126.307
1 1 1 1 0.83 0.788461538461538 0.875 0.897435897435897 8 2 8 2 126.307
1 1 1 1 0.85 0.865384615384615 0.833333333333333 0.897435897435897 10 2 8 2 126.307
0.914285714285714 0.973684210526316 0.84375 0.986019736842105 0.81 0.865384615384615 0.75 0.905048076923077 1 3 8 2 126.307
0.971428571428571 0.973684210526316 0.96875 0.994243421052632 0.83 0.807692307692308 0.854166666666667 0.921474358974359 2 3 8 2 126.307
0.942857142857143 0.947368421052632 0.9375 0.989309210526316 0.84 0.846153846153846 0.833333333333333 0.891826923076923 NA 1 8 3 144.346
1 1 1 1 0.86 0.884615384615385 0.833333333333333 0.874599358974359 5 2 8 3 144.346
1 1 1 1 0.73 0.711538461538462 0.75 0.864182692307692 8 2 8 3 144.346
1 1 1 1 0.84 0.884615384615385 0.791666666666667 0.900040064102564 10 2 8 3 144.346
0.928571428571429 0.973684210526316 0.875 0.985197368421053 0.79 0.846153846153846 0.729166666666667 0.89863782051282 1 3 8 3 144.346
0.971428571428571 0.973684210526316 0.96875 0.995065789473684 0.83 0.807692307692308 0.854166666666667 0.919871794871795 2 3 8 3 144.346
