0.888888888888889 0.884615384615385 0.893939393939394 0.94988344988345 0.85 0.956521739130435 0.759259259259259 0.955314009661836 NA 1 23 1 193.544
0.965277777777778 0.961538461538462 0.96969696969697 0.992812742812743 0.91 0.956521739130435 0.87037037037037 0.973832528180354 5 2 23 1 193.544
1 1 1 1 0.82 0.891304347826087 0.759259259259259 0.8335346215781 8 2 23 1 193.544
0.965277777777778 0.961538461538462 0.96969696969697 0.993006993006993 0.92 0.956521739130435 0.888888888888889 0.973832528180354 10 2 23 1 193.544
0.888888888888889 0.897435897435897 0.878787878787879 0.947940947940948 0.85 0.956521739130435 0.759259259259259 0.964975845410628 1 3 23 1 193.544
0.944444444444444 0.948717948717949 0.939393939393939 0.987956487956488 0.85 0.956521739130435 0.759259259259259 0.973027375201288 2 3 23 1 193.544
0.888888888888889 0.871794871794872 0.909090909090909 0.94949494949495 0.84 0.934782608695652 0.759259259259259 0.95450885668277 NA 1 23 2 204.558
0.958333333333333 0.948717948717949 0.96969696969697 0.993006993006993 0.91 0.956521739130435 0.87037037037037 0.973832528180354 5 2 23 2 204.558
0.972222222222222 0.974358974358974 0.96969696969697 0.996697746697747 0.83 0.934782608695652 0.740740740740741 0.955314009661836 8 2 23 2 204.558
0.965277777777778 0.961538461538462 0.96969696969697 0.993006993006993 0.92 0.956521739130435 0.888888888888889 0.973832528180354 10 2 23 2 204.558
0.888888888888889 0.897435897435897 0.878787878787879 0.948912198912199 0.84 0.956521739130435 0.740740740740741 0.965378421900161 1 3 23 2 204.558
0.944444444444444 0.948717948717949 0.939393939393939 0.988150738150738 0.85 0.956521739130435 0.759259259259259 0.972222222222222 2 3 23 2 204.558
0.888888888888889 0.884615384615385 0.893939393939394 0.952602952602953 0.84 0.934782608695652 0.759259259259259 0.954911433172303 NA 1 23 3 343.893
0.965277777777778 0.961538461538462 0.96969696969697 0.992812742812743 0.92 0.956521739130435 0.888888888888889 0.973832528180354 5 2 23 3 343.893
0.972222222222222 0.987179487179487 0.954545454545455 0.997474747474748 0.86 0.956521739130435 0.777777777777778 0.949677938808374 8 2 23 3 343.893
0.965277777777778 0.961538461538462 0.96969696969697 0.993201243201243 0.92 0.956521739130435 0.888888888888889 0.973429951690821 10 2 23 3 343.893
0.888888888888889 0.884615384615385 0.893939393939394 0.9496891996892 0.85 0.956521739130435 0.759259259259259 0.963768115942029 1 3 23 3 343.893
0.944444444444444 0.948717948717949 0.939393939393939 0.99009324009324 0.87 0.956521739130435 0.796296296296296 0.972624798711755 2 3 23 3 343.893
