0.844444444444444 0.827272727272727 0.860869565217391 0.930830039525692 0.82 0.826923076923077 0.8125 0.897836538461538 NA 1 68 1 426.157
0.924444444444444 0.927272727272727 0.921739130434783 0.978893280632411 0.91 0.903846153846154 0.916666666666667 0.963541666666667 5 2 68 1 426.157
0.924444444444444 0.927272727272727 0.921739130434783 0.981818181818182 0.91 0.903846153846154 0.916666666666667 0.96474358974359 8 2 68 1 426.157
0.924444444444444 0.927272727272727 0.921739130434783 0.981739130434783 0.91 0.903846153846154 0.916666666666667 0.965544871794872 10 2 68 1 426.157
0.871111111111111 0.863636363636364 0.878260869565217 0.929723320158103 0.83 0.846153846153846 0.8125 0.905849358974359 1 3 68 1 426.157
0.911111111111111 0.927272727272727 0.895652173913044 0.980869565217391 0.86 0.846153846153846 0.875 0.94150641025641 2 3 68 1 426.157
0.853333333333333 0.836363636363636 0.869565217391304 0.931383399209486 0.83 0.826923076923077 0.833333333333333 0.901041666666667 NA 1 68 2 406.5
0.924444444444444 0.927272727272727 0.921739130434783 0.979130434782609 0.91 0.903846153846154 0.916666666666667 0.962339743589744 5 2 68 2 406.5
0.924444444444444 0.927272727272727 0.921739130434783 0.981343873517787 0.91 0.903846153846154 0.916666666666667 0.965544871794872 8 2 68 2 406.5
0.924444444444444 0.927272727272727 0.921739130434783 0.981343873517787 0.91 0.903846153846154 0.916666666666667 0.965945512820513 10 2 68 2 406.5
0.857777777777778 0.854545454545454 0.860869565217391 0.930197628458498 0.84 0.846153846153846 0.833333333333333 0.908653846153846 1 3 68 2 406.5
0.911111111111111 0.927272727272727 0.895652173913044 0.978418972332016 0.87 0.884615384615385 0.854166666666667 0.938701923076923 2 3 68 2 406.5
0.835555555555556 0.818181818181818 0.852173913043478 0.930513833992095 0.84 0.826923076923077 0.854166666666667 0.901842948717949 NA 1 68 3 778.488
0.924444444444444 0.927272727272727 0.921739130434783 0.979367588932806 0.9 0.884615384615385 0.916666666666667 0.962740384615385 5 2 68 3 778.488
0.92 0.918181818181818 0.921739130434783 0.981739130434783 0.91 0.903846153846154 0.916666666666667 0.965144230769231 8 2 68 3 778.488
0.928888888888889 0.936363636363636 0.921739130434783 0.981897233201581 0.91 0.903846153846154 0.916666666666667 0.965544871794872 10 2 68 3 778.488
0.871111111111111 0.863636363636364 0.878260869565217 0.930276679841897 0.84 0.846153846153846 0.833333333333333 0.908653846153846 1 3 68 3 778.488
0.915555555555556 0.936363636363636 0.895652173913044 0.97897233201581 0.86 0.846153846153846 0.875 0.94511217948718 2 3 68 3 778.488
