0.855263157894737 0.869109947643979 0.841269841269841 0.918557300756254 0.93 0.931034482758621 0.928571428571429 0.956486042692939 NA 1 32 1 584.114
0.931578947368421 0.926701570680628 0.936507936507937 0.975290174243054 0.91 0.862068965517241 0.976190476190476 0.975369458128079 5 2 32 1 584.114
0.931578947368421 0.93717277486911 0.925925925925926 0.975871907809081 0.92 0.879310344827586 0.976190476190476 0.974548440065681 8 2 32 1 584.114
0.931578947368421 0.931937172774869 0.931216931216931 0.976176625391285 0.92 0.879310344827586 0.976190476190476 0.974548440065681 10 2 32 1 584.114
0.852631578947368 0.863874345549738 0.841269841269841 0.918114075182138 0.9 0.879310344827586 0.928571428571429 0.956486042692939 1 3 32 1 584.114
0.91578947368421 0.926701570680628 0.904761904761905 0.971993684035569 0.92 0.879310344827586 0.976190476190476 0.986042692939245 2 3 32 1 584.114
0.855263157894737 0.869109947643979 0.841269841269841 0.918612703953018 0.92 0.913793103448276 0.928571428571429 0.955665024630542 NA 1 32 2 559.536
0.931578947368421 0.926701570680628 0.936507936507937 0.975317875841436 0.91 0.862068965517241 0.976190476190476 0.975369458128079 5 2 32 2 559.536
0.931578947368421 0.93717277486911 0.925925925925926 0.976176625391285 0.91 0.862068965517241 0.976190476190476 0.974548440065681 8 2 32 2 559.536
0.931578947368421 0.931937172774869 0.931216931216931 0.976342834981578 0.92 0.879310344827586 0.976190476190476 0.974137931034483 10 2 32 2 559.536
0.855263157894737 0.863874345549738 0.846560846560847 0.917753954403169 0.91 0.896551724137931 0.928571428571429 0.954844006568144 1 3 32 2 559.536
0.91578947368421 0.926701570680628 0.904761904761905 0.972215296822627 0.92 0.879310344827586 0.976190476190476 0.986453201970443 2 3 32 2 559.536
0.85 0.858638743455497 0.841269841269841 0.918862018338458 0.92 0.913793103448276 0.928571428571429 0.957717569786535 NA 1 32 3 1063.654
0.928947368421053 0.921465968586387 0.936507936507937 0.974819247070556 0.93 0.896551724137931 0.976190476190476 0.975779967159278 5 2 32 3 1063.654
0.934210526315789 0.93717277486911 0.931216931216931 0.975844206210698 0.92 0.879310344827586 0.976190476190476 0.976190476190476 8 2 32 3 1063.654
0.928947368421053 0.931937172774869 0.925925925925926 0.976010415800992 0.92 0.879310344827586 0.976190476190476 0.975369458128079 10 2 32 3 1063.654
0.855263157894737 0.858638743455497 0.851851851851852 0.918501897559489 0.9 0.879310344827586 0.928571428571429 0.955254515599343 1 3 32 3 1063.654
0.921052631578947 0.93717277486911 0.904761904761905 0.972215296822627 0.92 0.879310344827586 0.976190476190476 0.985632183908046 2 3 32 3 1063.654
