0.788732394366197 0.75 0.82051282051282 0.862179487179487 0.83 0.772727272727273 0.875 0.917207792207792 NA 1 17 1 142.989
1 1 1 1 0.81 0.727272727272727 0.875 0.820819805194805 5 2 17 1 142.989
1 1 1 1 0.82 0.772727272727273 0.857142857142857 0.86038961038961 8 2 17 1 142.989
1 1 1 1 0.77 0.727272727272727 0.803571428571429 0.810064935064935 10 2 17 1 142.989
0.788732394366197 0.71875 0.846153846153846 0.838141025641026 0.86 0.840909090909091 0.875 0.912743506493507 1 3 17 1 142.989
0.957746478873239 0.9375 0.974358974358974 0.995192307692308 0.86 0.818181818181818 0.892857142857143 0.937905844155844 2 3 17 1 142.989
0.774647887323944 0.71875 0.82051282051282 0.861378205128205 0.86 0.818181818181818 0.892857142857143 0.918019480519481 NA 1 17 2 114.07
1 1 1 1 0.79 0.659090909090909 0.892857142857143 0.835430194805195 5 2 17 2 114.07
0.985915492957746 0.96875 1 1 0.85 0.75 0.928571428571429 0.867694805194805 8 2 17 2 114.07
1 1 1 1 0.74 0.613636363636364 0.839285714285714 0.803977272727273 10 2 17 2 114.07
0.830985915492958 0.75 0.897435897435897 0.846153846153846 0.86 0.863636363636364 0.857142857142857 0.912743506493506 1 3 17 2 114.07
0.957746478873239 0.9375 0.974358974358974 0.995192307692308 0.89 0.840909090909091 0.928571428571429 0.943587662337662 2 3 17 2 114.07
0.788732394366197 0.75 0.82051282051282 0.854967948717949 0.83 0.772727272727273 0.875 0.91599025974026 NA 1 17 3 229.46
1 1 1 1 0.82 0.681818181818182 0.928571428571429 0.838474025974026 5 2 17 3 229.46
1 1 1 1 0.79 0.75 0.821428571428571 0.845170454545455 8 2 17 3 229.46
1 1 1 1 0.82 0.704545454545455 0.910714285714286 0.827922077922078 10 2 17 3 229.46
0.788732394366197 0.71875 0.846153846153846 0.83573717948718 0.84 0.795454545454545 0.875 0.911931818181818 1 3 17 3 229.46
0.957746478873239 0.9375 0.974358974358974 0.99599358974359 0.85 0.818181818181818 0.875 0.928571428571429 2 3 17 3 229.46
