0.850948509485095 0.877659574468085 0.823204419889503 0.93781591630422 0.9 0.929824561403509 0.86046511627907 0.962872297021624 NA 1 8 1 354.739
0.943089430894309 0.946808510638298 0.939226519337017 0.985629481603385 0.93 0.929824561403509 0.930232558139535 0.975520195838433 5 2 8 1 354.739
0.943089430894309 0.946808510638298 0.939226519337017 0.986217232867051 0.93 0.929824561403509 0.930232558139535 0.975928192574459 8 2 8 1 354.739
0.94579945799458 0.957446808510638 0.933701657458563 0.987363347831198 0.93 0.929824561403509 0.930232558139535 0.976744186046512 10 2 8 1 354.739
0.850948509485095 0.888297872340426 0.812154696132597 0.937580815798754 0.91 0.947368421052632 0.86046511627907 0.964096287229702 1 3 8 1 354.739
0.943089430894309 0.952127659574468 0.933701657458563 0.983719289996474 0.9 0.894736842105263 0.906976744186046 0.967768257853937 2 3 8 1 354.739
0.856368563685637 0.882978723404255 0.828729281767956 0.937639590925121 0.9 0.929824561403509 0.86046511627907 0.964504283965728 NA 1 8 2 395.917
0.943089430894309 0.946808510638298 0.939226519337017 0.985688256729752 0.93 0.929824561403509 0.930232558139535 0.975520195838433 5 2 8 2 395.917
0.948509485094851 0.952127659574468 0.94475138121547 0.986334783119784 0.93 0.929824561403509 0.930232558139535 0.976336189310485 8 2 8 2 395.917
0.948509485094851 0.962765957446808 0.933701657458563 0.987392735394381 0.93 0.929824561403509 0.930232558139535 0.975928192574459 10 2 8 2 395.917
0.850948509485095 0.893617021276596 0.806629834254144 0.937639590925121 0.91 0.947368421052632 0.86046511627907 0.96532027743778 1 3 8 2 395.917
0.943089430894309 0.952127659574468 0.933701657458563 0.983572352180557 0.91 0.912280701754386 0.906976744186046 0.968992248062015 2 3 8 2 395.917
0.856368563685637 0.882978723404255 0.828729281767956 0.93790407899377 0.9 0.929824561403509 0.86046511627907 0.96328029375765 NA 1 8 3 613.842
0.943089430894309 0.946808510638298 0.939226519337017 0.985423768661103 0.93 0.929824561403509 0.930232558139535 0.975112199102407 5 2 8 3 613.842
0.943089430894309 0.946808510638298 0.939226519337017 0.986040907487951 0.93 0.929824561403509 0.930232558139535 0.975928192574459 8 2 8 3 613.842
0.951219512195122 0.968085106382979 0.933701657458563 0.987333960268015 0.93 0.929824561403509 0.930232558139535 0.975928192574459 10 2 8 3 613.842
0.856368563685637 0.888297872340426 0.823204419889503 0.937081227224638 0.89 0.912280701754386 0.86046511627907 0.964096287229702 1 3 8 3 613.842
0.943089430894309 0.946808510638298 0.939226519337017 0.983484189491007 0.9 0.912280701754386 0.883720930232558 0.966544267645859 2 3 8 3 613.842
