0.845070422535211 0.888888888888889 0.8 0.933333333333333 0.84 0.893617021276596 0.792452830188679 0.894018466479326 NA 1 20 1 113.841
0.985915492957746 1 0.971428571428571 0.982936507936508 0.81 0.829787234042553 0.792452830188679 0.821758329987957 5 2 20 1 113.841
1 1 1 1 0.78 0.872340425531915 0.69811320754717 0.786431152147732 8 2 20 1 113.841
1 1 1 1 0.81 0.829787234042553 0.792452830188679 0.863709353673224 10 2 20 1 113.841
0.859154929577465 0.916666666666667 0.8 0.924603174603175 0.79 0.893617021276596 0.69811320754717 0.897631473303894 1 3 20 1 113.841
0.943661971830986 0.916666666666667 0.971428571428571 0.992857142857143 0.79 0.872340425531915 0.716981132075472 0.915295062224006 2 3 20 1 113.841
0.830985915492958 0.888888888888889 0.771428571428571 0.930952380952381 0.84 0.893617021276596 0.792452830188679 0.893215576073866 NA 1 20 2 102.205
1 1 1 1 0.77 0.872340425531915 0.679245283018868 0.796467282215978 5 2 20 2 102.205
1 1 1 1 0.75 0.872340425531915 0.641509433962264 0.803291850662385 8 2 20 2 102.205
1 1 1 1 0.8 0.851063829787234 0.754716981132076 0.833199518265757 10 2 20 2 102.205
0.845070422535211 0.888888888888889 0.8 0.923809523809524 0.81 0.893617021276596 0.735849056603774 0.898032918506624 1 3 20 2 102.205
0.943661971830986 0.916666666666667 0.971428571428571 0.992857142857143 0.8 0.872340425531915 0.735849056603774 0.916499397832196 2 3 20 2 102.205
0.845070422535211 0.888888888888889 0.8 0.927777777777778 0.84 0.872340425531915 0.811320754716981 0.892011240465676 NA 1 20 3 190.381
0.971830985915493 0.972222222222222 0.971428571428571 0.996825396825397 0.82 0.893617021276596 0.754716981132076 0.943396226415094 5 2 20 3 190.381
1 1 1 1 0.78 0.872340425531915 0.69811320754717 0.80108390204737 8 2 20 3 190.381
1 1 1 1 0.82 0.765957446808511 0.867924528301887 0.865515857085508 10 2 20 3 190.381
0.859154929577465 0.916666666666667 0.8 0.922222222222222 0.79 0.893617021276596 0.69811320754717 0.895222802087515 1 3 20 3 190.381
0.943661971830986 0.916666666666667 0.971428571428571 0.992857142857143 0.81 0.872340425531915 0.754716981132076 0.920112404656764 2 3 20 3 190.381
