0.906976744186046 0.956521739130435 0.85 0.980434782608696 0.82 0.82 0.82 0.8884 NA 1 14 1 103.914
1 1 1 1 0.85 0.82 0.88 0.8692 5 2 14 1 103.914
1 1 1 1 0.86 0.84 0.88 0.8794 8 2 14 1 103.914
1 1 1 1 0.85 0.86 0.84 0.8938 10 2 14 1 103.914
0.906976744186046 0.956521739130435 0.85 0.980434782608696 0.79 0.8 0.78 0.8724 1 3 14 1 103.914
0.953488372093023 0.956521739130435 0.95 0.989130434782609 0.75 0.7 0.8 0.8516 2 3 14 1 103.914
0.906976744186046 0.956521739130435 0.85 0.980434782608696 0.82 0.82 0.82 0.8908 NA 1 14 2 125.702
1 1 1 1 0.83 0.8 0.86 0.8558 5 2 14 2 125.702
1 1 1 1 0.84 0.8 0.88 0.8544 8 2 14 2 125.702
1 1 1 1 0.83 0.84 0.82 0.8536 10 2 14 2 125.702
0.906976744186046 0.956521739130435 0.85 0.980434782608696 0.79 0.8 0.78 0.8776 1 3 14 2 125.702
0.953488372093023 0.956521739130435 0.95 0.989130434782609 0.77 0.72 0.82 0.8556 2 3 14 2 125.702
0.906976744186046 0.956521739130435 0.85 0.980434782608696 0.83 0.82 0.84 0.8884 NA 1 14 3 184.711
1 1 1 1 0.87 0.86 0.88 0.8824 5 2 14 3 184.711
1 1 1 1 0.86 0.86 0.86 0.8516 8 2 14 3 184.711
1 1 1 1 0.85 0.84 0.86 0.8592 10 2 14 3 184.711
0.906976744186046 0.956521739130435 0.85 0.980434782608696 0.78 0.8 0.76 0.8724 1 3 14 3 184.711
0.953488372093023 0.956521739130435 0.95 0.98695652173913 0.75 0.7 0.8 0.842 2 3 14 3 184.711
