0.854838709677419 0.866666666666667 0.84375 0.945833333333333 0.87 0.867924528301887 0.872340425531915 0.948615014050582 NA 1 90 1 64.028
0.935483870967742 0.966666666666667 0.90625 0.989583333333333 0.94 0.962264150943396 0.914893617021277 0.978723404255319 5 2 90 1 64.028
1 1 1 1 0.89 0.943396226415094 0.829787234042553 0.910076274588519 8 2 90 1 64.028
1 1 1 1 0.91 0.905660377358491 0.914893617021277 0.935367322360498 10 2 90 1 64.028
0.870967741935484 0.9 0.84375 0.939583333333333 0.9 0.943396226415094 0.851063829787234 0.958249698916098 1 3 90 1 64.028
0.919354838709677 0.966666666666667 0.875 0.967708333333333 0.9 0.924528301886792 0.872340425531915 0.956643918105179 2 3 90 1 64.028
0.870967741935484 0.866666666666667 0.875 0.94375 0.89 0.905660377358491 0.872340425531915 0.959052589321558 NA 1 90 2 79.635
0.935483870967742 0.966666666666667 0.90625 0.991666666666667 0.94 0.962264150943396 0.914893617021277 0.978723404255319 5 2 90 2 79.635
1 1 1 1 0.93 0.924528301886792 0.936170212765957 0.947009233239663 8 2 90 2 79.635
1 1 1 1 0.93 0.924528301886792 0.936170212765957 0.945604175030108 10 2 90 2 79.635
0.887096774193548 0.933333333333333 0.84375 0.941666666666667 0.9 0.962264150943396 0.829787234042553 0.965074267362505 1 3 90 2 79.635
0.919354838709677 1 0.84375 0.966666666666667 0.93 0.962264150943396 0.893617021276596 0.964271376957045 2 3 90 2 79.635
0.870967741935484 0.866666666666667 0.875 0.942708333333333 0.88 0.905660377358491 0.851063829787234 0.950220794861501 NA 1 90 3 124.358
0.935483870967742 0.966666666666667 0.90625 0.991666666666667 0.93 0.943396226415094 0.914893617021277 0.97631473303894 5 2 90 3 124.358
1 1 1 1 0.92 0.943396226415094 0.893617021276596 0.925933360096347 8 2 90 3 124.358
1 1 1 1 0.95 0.943396226415094 0.957446808510638 0.946607788036933 10 2 90 3 124.358
0.870967741935484 0.9 0.84375 0.938541666666667 0.89 0.943396226415094 0.829787234042553 0.960256924929747 1 3 90 3 124.358
0.919354838709677 1 0.84375 0.965625 0.92 0.943396226415094 0.893617021276596 0.960256924929747 2 3 90 3 124.358
