0.867647058823529 0.852941176470588 0.882352941176471 0.942906574394464 0.84 0.785714285714286 0.879310344827586 0.888752052545156 NA 1 42 1 40.056
1 1 1 1 0.83 0.857142857142857 0.810344827586207 0.880336617405583 5 2 42 1 40.056
1 1 1 1 0.84 0.80952380952381 0.862068965517241 0.875615763546798 8 2 42 1 40.056
1 1 1 1 0.69 0.761904761904762 0.637931034482759 0.713054187192118 10 2 42 1 40.056
0.838235294117647 0.852941176470588 0.823529411764706 0.94636678200692 0.86 0.80952380952381 0.896551724137931 0.9064039408867 1 3 42 1 40.056
0.911764705882353 0.911764705882353 0.911764705882353 0.978373702422145 0.85 0.761904761904762 0.913793103448276 0.933497536945813 2 3 42 1 40.056
0.867647058823529 0.852941176470588 0.882352941176471 0.939446366782007 0.83 0.761904761904762 0.879310344827586 0.885057471264368 NA 1 42 2 57.326
1 1 1 1 0.79 0.714285714285714 0.844827586206897 0.855500821018062 5 2 42 2 57.326
1 1 1 1 0.86 0.785714285714286 0.913793103448276 0.870689655172414 8 2 42 2 57.326
0.985294117647059 1 0.970588235294118 0.980536332179931 0.78 0.761904761904762 0.793103448275862 0.840311986863711 10 2 42 2 57.326
0.838235294117647 0.852941176470588 0.823529411764706 0.942906574394464 0.84 0.80952380952381 0.862068965517241 0.912151067323481 1 3 42 2 57.326
0.911764705882353 0.911764705882353 0.911764705882353 0.976643598615917 0.85 0.785714285714286 0.896551724137931 0.928981937602627 2 3 42 2 57.326
0.852941176470588 0.852941176470588 0.852941176470588 0.940311418685121 0.85 0.761904761904762 0.913793103448276 0.882594417077176 NA 1 42 3 87.421
1 1 1 1 0.87 0.785714285714286 0.931034482758621 0.900862068965517 5 2 42 3 87.421
1 1 1 1 0.89 0.80952380952381 0.948275862068966 0.923645320197044 8 2 42 3 87.421
1 1 1 1 0.78 0.738095238095238 0.810344827586207 0.832512315270936 10 2 42 3 87.421
0.838235294117647 0.852941176470588 0.823529411764706 0.944636678200692 0.86 0.80952380952381 0.896551724137931 0.905172413793103 1 3 42 3 87.421
0.897058823529412 0.911764705882353 0.882352941176471 0.97923875432526 0.87 0.761904761904762 0.948275862068966 0.929392446633826 2 3 42 3 87.421
