0.850515463917526 0.856777493606138 0.844155844155844 0.925492410402896 0.85 0.86 0.84 0.8852 NA 1 78 1 2100.317
0.930412371134021 0.928388746803069 0.932467532467532 0.979692430331817 0.95 0.96 0.94 0.9724 5 2 78 1 2100.317
0.930412371134021 0.930946291560102 0.92987012987013 0.979984721161192 0.95 0.96 0.94 0.9724 8 2 78 1 2100.317
0.931701030927835 0.933503836317136 0.92987012987013 0.980277011990567 0.94 0.94 0.94 0.9732 10 2 78 1 2100.317
0.85180412371134 0.856777493606138 0.846753246753247 0.924881256850566 0.86 0.88 0.84 0.884 1 3 78 1 2100.317
0.929123711340206 0.941176470588235 0.916883116883117 0.97639751552795 0.93 0.94 0.92 0.9572 2 3 78 1 2100.317
0.849226804123711 0.854219948849105 0.844155844155844 0.925944132593749 0.85 0.86 0.84 0.8868 NA 1 78 2 1578.154
0.931701030927835 0.928388746803069 0.935064935064935 0.979619357624473 0.95 0.96 0.94 0.9728 5 2 78 2 1578.154
0.929123711340206 0.930946291560102 0.927272727272727 0.980051150895141 0.95 0.96 0.94 0.9724 8 2 78 2 1578.154
0.931701030927835 0.933503836317136 0.92987012987013 0.980237154150198 0.95 0.96 0.94 0.9732 10 2 78 2 1578.154
0.85180412371134 0.856777493606138 0.846753246753247 0.925399408775368 0.86 0.88 0.84 0.8864 1 3 78 2 1578.154
0.927835051546392 0.938618925831202 0.916883116883117 0.976271299033447 0.92 0.92 0.92 0.9576 2 3 78 2 1578.154
0.850515463917526 0.856777493606138 0.844155844155844 0.92462882386156 0.85 0.86 0.84 0.8888 NA 1 78 3 3491.269
0.931701030927835 0.928388746803069 0.935064935064935 0.979831932773109 0.95 0.96 0.94 0.9732 5 2 78 3 3491.269
0.930412371134021 0.930946291560102 0.92987012987013 0.980097651708905 0.95 0.96 0.94 0.9736 8 2 78 3 3491.269
0.929123711340206 0.930946291560102 0.927272727272727 0.980449729298834 0.95 0.96 0.94 0.9744 10 2 78 3 3491.269
0.846649484536082 0.849104859335038 0.844155844155844 0.924117314910154 0.86 0.88 0.84 0.8872 1 3 78 3 3491.269
0.927835051546392 0.938618925831202 0.916883116883117 0.976716378250905 0.92 0.94 0.9 0.9572 2 3 78 3 3491.269
