0.846461949265688 0.85378590078329 0.83879781420765 0.923547204268858 0.8 0.760869565217391 0.833333333333333 0.914251207729469 NA 1 60 1 1378.691
0.926568758344459 0.934725848563969 0.918032786885246 0.980917119662144 0.91 0.869565217391304 0.944444444444444 0.964573268921095 5 2 60 1 1378.691
0.923898531375167 0.929503916449086 0.918032786885246 0.981487822625519 0.89 0.869565217391304 0.907407407407407 0.964975845410628 8 2 60 1 1378.691
0.925233644859813 0.932114882506527 0.918032786885246 0.981509223986646 0.89 0.869565217391304 0.907407407407407 0.964573268921095 10 2 60 1 1378.691
0.853137516688919 0.872062663185379 0.833333333333333 0.923333190657592 0.81 0.804347826086957 0.814814814814815 0.912640901771337 1 3 60 1 1378.691
0.918558077436582 0.932114882506527 0.904371584699454 0.980160938235672 0.88 0.804347826086957 0.944444444444444 0.954106280193237 2 3 60 1 1378.691
0.846461949265688 0.85378590078329 0.83879781420765 0.923932428769136 0.8 0.760869565217391 0.833333333333333 0.914251207729469 NA 1 60 2 956.9
0.927903871829105 0.934725848563969 0.920765027322404 0.980888584513975 0.91 0.869565217391304 0.944444444444444 0.964573268921095 5 2 60 2 956.9
0.925233644859813 0.932114882506527 0.918032786885246 0.981402217181013 0.89 0.869565217391304 0.907407407407407 0.964975845410628 8 2 60 2 956.9
0.925233644859813 0.932114882506527 0.918032786885246 0.981452153690308 0.89 0.869565217391304 0.907407407407407 0.964573268921095 10 2 60 2 956.9
0.851802403204272 0.866840731070496 0.836065573770492 0.923104909472242 0.8 0.782608695652174 0.814814814814815 0.911030595813205 1 3 60 2 956.9
0.921228304405875 0.93733681462141 0.904371584699454 0.980061065217081 0.88 0.804347826086957 0.944444444444444 0.953703703703704 2 3 60 2 956.9
0.845126835781041 0.85378590078329 0.836065573770492 0.92430338569533 0.81 0.782608695652174 0.833333333333333 0.918679549114332 NA 1 60 3 2346.742
0.923898531375167 0.932114882506527 0.915300546448087 0.98083864800468 0.91 0.869565217391304 0.944444444444444 0.964170692431562 5 2 60 3 2346.742
0.923898531375167 0.929503916449086 0.918032786885246 0.981473555051435 0.89 0.869565217391304 0.907407407407407 0.964573268921095 8 2 60 3 2346.742
0.925233644859813 0.932114882506527 0.918032786885246 0.981573428070025 0.89 0.869565217391304 0.907407407407407 0.964573268921095 10 2 60 3 2346.742
0.854472630173565 0.869451697127937 0.83879781420765 0.923768351667166 0.81 0.782608695652174 0.833333333333333 0.915056360708535 1 3 60 3 2346.742
0.917222963951936 0.932114882506527 0.901639344262295 0.979996861133701 0.88 0.804347826086957 0.944444444444444 0.959339774557166 2 3 60 3 2346.742
