0.861111111111111 0.806451612903226 0.902439024390244 0.938630999213218 0.9 0.916666666666667 0.875 0.957083333333333 NA 1 86 1 69.321
0.944444444444444 0.903225806451613 0.975609756097561 0.982690794649882 0.95 0.983333333333333 0.9 0.989583333333333 5 2 86 1 69.321
1 1 1 1 0.96 0.966666666666667 0.95 0.964583333333333 8 2 86 1 69.321
1 1 1 1 0.94 0.966666666666667 0.9 0.93125 10 2 86 1 69.321
0.847222222222222 0.838709677419355 0.853658536585366 0.93705743509048 0.87 0.866666666666667 0.875 0.960833333333333 1 3 86 1 69.321
0.930555555555556 0.903225806451613 0.951219512195122 0.980330448465775 0.87 0.833333333333333 0.925 0.964583333333333 2 3 86 1 69.321
0.861111111111111 0.806451612903226 0.902439024390244 0.938630999213218 0.92 0.916666666666667 0.925 0.95875 NA 1 86 2 60.212
0.930555555555556 0.903225806451613 0.951219512195122 0.982690794649882 0.95 0.983333333333333 0.9 0.99 5 2 86 2 60.212
1 1 1 1 0.92 0.933333333333333 0.9 0.958541666666667 8 2 86 2 60.212
1 1 1 1 0.76 0.716666666666667 0.825 0.894166666666667 10 2 86 2 60.212
0.875 0.806451612903226 0.926829268292683 0.93705743509048 0.87 0.85 0.9 0.96 1 3 86 2 60.212
0.916666666666667 0.870967741935484 0.951219512195122 0.979543666404406 0.89 0.866666666666667 0.925 0.964583333333333 2 3 86 2 60.212
0.847222222222222 0.806451612903226 0.878048780487805 0.935483870967742 0.9 0.883333333333333 0.925 0.95875 NA 1 86 3 106.804
0.930555555555556 0.903225806451613 0.951219512195122 0.98426435877262 0.95 0.983333333333333 0.9 0.990416666666667 5 2 86 3 106.804
1 1 1 1 0.96 0.966666666666667 0.95 0.967708333333333 8 2 86 3 106.804
1 1 1 1 0.93 0.933333333333333 0.925 0.953333333333333 10 2 86 3 106.804
0.847222222222222 0.806451612903226 0.878048780487805 0.932336742722266 0.87 0.85 0.9 0.95875 1 3 86 3 106.804
0.902777777777778 0.838709677419355 0.951219512195122 0.979543666404406 0.88 0.85 0.925 0.961666666666667 2 3 86 3 106.804
