0.873362445414847 0.88034188034188 0.866071428571429 0.94551282051282 0.93 0.909090909090909 0.946428571428571 0.961038961038961 NA 1 59 1 500.66
0.960698689956332 0.957264957264957 0.964285714285714 0.993513431013431 0.91 0.931818181818182 0.892857142857143 0.960633116883117 5 2 59 1 500.66
0.96943231441048 0.965811965811966 0.973214285714286 0.99496336996337 0.91 0.931818181818182 0.892857142857143 0.965909090909091 8 2 59 1 500.66
0.982532751091703 0.982905982905983 0.982142857142857 0.997786935286935 0.93 0.931818181818182 0.928571428571429 0.965503246753247 10 2 59 1 500.66
0.873362445414847 0.888888888888889 0.857142857142857 0.944062881562882 0.91 0.886363636363636 0.928571428571429 0.961038961038961 1 3 59 1 500.66
0.951965065502183 0.974358974358974 0.928571428571429 0.988400488400488 0.93 0.931818181818182 0.928571428571429 0.985795454545455 2 3 59 1 500.66
0.864628820960699 0.88034188034188 0.848214285714286 0.945589133089133 0.92 0.909090909090909 0.928571428571429 0.95900974025974 NA 1 59 2 415.843
0.956331877729258 0.957264957264957 0.955357142857143 0.993437118437118 0.91 0.931818181818182 0.892857142857143 0.959821428571429 5 2 59 2 415.843
0.965065502183406 0.965811965811966 0.964285714285714 0.994887057387057 0.91 0.931818181818182 0.892857142857143 0.963068181818182 8 2 59 2 415.843
0.991266375545852 0.991452991452991 0.991071428571429 0.998550061050061 0.91 0.886363636363636 0.928571428571429 0.962662337662338 10 2 59 2 415.843
0.860262008733624 0.871794871794872 0.848214285714286 0.944139194139194 0.89 0.886363636363636 0.892857142857143 0.959415584415584 1 3 59 2 415.843
0.947598253275109 0.965811965811966 0.928571428571429 0.988782051282051 0.93 0.931818181818182 0.928571428571429 0.986201298701299 2 3 59 2 415.843
0.864628820960699 0.88034188034188 0.848214285714286 0.943452380952381 0.92 0.909090909090909 0.928571428571429 0.95413961038961 NA 1 59 3 851.365
0.960698689956332 0.957264957264957 0.964285714285714 0.993818681318681 0.91 0.931818181818182 0.892857142857143 0.956574675324675 5 2 59 3 851.365
0.973799126637555 0.974358974358974 0.973214285714286 0.995192307692308 0.91 0.931818181818182 0.892857142857143 0.957386363636364 8 2 59 3 851.365
0.978165938864629 0.974358974358974 0.982142857142857 0.997100122100122 0.92 0.931818181818182 0.910714285714286 0.965503246753247 10 2 59 3 851.365
0.868995633187773 0.888888888888889 0.848214285714286 0.942460317460317 0.9 0.886363636363636 0.910714285714286 0.953327922077922 1 3 59 3 851.365
0.951965065502183 0.974358974358974 0.928571428571429 0.989087301587302 0.93 0.931818181818182 0.928571428571429 0.986201298701299 2 3 59 3 851.365
