0.898305084745763 0.896551724137931 0.9 0.917241379310345 0.84 0.833333333333333 0.844827586206897 0.917077175697865 NA 1 19 1 79.67
1 1 1 1 0.86 0.785714285714286 0.913793103448276 0.88136288998358 5 2 19 1 79.67
1 1 1 1 0.84 0.785714285714286 0.879310344827586 0.879720853858785 8 2 19 1 79.67
1 1 1 1 0.88 0.833333333333333 0.913793103448276 0.900656814449918 10 2 19 1 79.67
0.847457627118644 0.931034482758621 0.766666666666667 0.929885057471264 0.83 0.880952380952381 0.793103448275862 0.91256157635468 1 3 19 1 79.67
0.983050847457627 1 0.966666666666667 0.989655172413793 0.83 0.904761904761905 0.775862068965517 0.938834154351396 2 3 19 1 79.67
0.88135593220339 0.862068965517241 0.9 0.914942528735632 0.84 0.833333333333333 0.844827586206897 0.918308702791461 NA 1 19 2 129.121
1 1 1 1 0.85 0.785714285714286 0.896551724137931 0.868021346469622 5 2 19 2 129.121
1 1 1 1 0.87 0.833333333333333 0.896551724137931 0.924261083743842 8 2 19 2 129.121
1 1 1 1 0.85 0.761904761904762 0.913793103448276 0.883004926108374 10 2 19 2 129.121
0.864406779661017 0.931034482758621 0.8 0.928735632183908 0.82 0.857142857142857 0.793103448275862 0.912972085385878 1 3 19 2 129.121
0.983050847457627 1 0.966666666666667 0.989655172413793 0.83 0.904761904761905 0.775862068965517 0.94047619047619 2 3 19 2 129.121
0.88135593220339 0.862068965517241 0.9 0.919540229885057 0.84 0.833333333333333 0.844827586206897 0.913793103448276 NA 1 19 3 162.484
1 1 1 1 0.87 0.857142857142857 0.879310344827586 0.913793103448276 5 2 19 3 162.484
1 1 1 1 0.85 0.761904761904762 0.913793103448276 0.877668308702791 8 2 19 3 162.484
1 1 1 1 0.85 0.761904761904762 0.913793103448276 0.880952380952381 10 2 19 3 162.484
0.864406779661017 0.931034482758621 0.8 0.931034482758621 0.82 0.833333333333333 0.810344827586207 0.910509031198686 1 3 19 3 162.484
0.983050847457627 1 0.966666666666667 0.993103448275862 0.85 0.928571428571429 0.793103448275862 0.941707717569787 2 3 19 3 162.484
