0.916666666666667 0.944444444444444 0.888888888888889 0.990740740740741 0.82 0.788461538461538 0.854166666666667 0.914663461538462 NA 1 43 1 32.606
1 1 1 1 0.84 0.730769230769231 0.958333333333333 0.893229166666667 5 2 43 1 32.606
1 1 1 1 0.88 0.826923076923077 0.9375 0.902844551282051 8 2 43 1 32.606
1 1 1 1 0.71 0.769230769230769 0.645833333333333 0.75801282051282 10 2 43 1 32.606
0.916666666666667 0.944444444444444 0.888888888888889 0.990740740740741 0.8 0.846153846153846 0.75 0.912259615384615 1 3 43 1 32.606
0.944444444444444 0.944444444444444 0.944444444444444 0.990740740740741 0.85 0.807692307692308 0.895833333333333 0.955128205128205 2 3 43 1 32.606
0.916666666666667 0.944444444444444 0.888888888888889 0.990740740740741 0.82 0.788461538461538 0.854166666666667 0.912660256410256 NA 1 43 2 50.286
1 1 1 1 0.84 0.769230769230769 0.916666666666667 0.940304487179487 5 2 43 2 50.286
1 1 1 1 0.84 0.711538461538462 0.979166666666667 0.883413461538462 8 2 43 2 50.286
1 1 1 1 0.82 0.75 0.895833333333333 0.872796474358974 10 2 43 2 50.286
0.916666666666667 0.944444444444444 0.888888888888889 0.987654320987654 0.8 0.826923076923077 0.770833333333333 0.90625 1 3 43 2 50.286
0.944444444444444 0.944444444444444 0.944444444444444 0.990740740740741 0.84 0.807692307692308 0.875 0.955528846153846 2 3 43 2 50.286
0.916666666666667 0.944444444444444 0.888888888888889 0.987654320987654 0.82 0.769230769230769 0.875 0.915865384615385 NA 1 43 3 52.181
1 1 1 1 0.88 0.807692307692308 0.958333333333333 0.909254807692308 5 2 43 3 52.181
1 1 1 1 0.88 0.788461538461538 0.979166666666667 0.908653846153846 8 2 43 3 52.181
0.972222222222222 1 0.944444444444444 1 0.84 0.75 0.9375 0.898838141025641 10 2 43 3 52.181
0.916666666666667 0.944444444444444 0.888888888888889 0.990740740740741 0.8 0.884615384615385 0.708333333333333 0.912259615384615 1 3 43 3 52.181
0.944444444444444 0.944444444444444 0.944444444444444 0.990740740740741 0.86 0.826923076923077 0.895833333333333 0.955929487179487 2 3 43 3 52.181
