0.91304347826087 0.909090909090909 0.916666666666667 0.984848484848485 0.83 0.807692307692308 0.854166666666667 0.90625 NA 1 28 1 83.847
1 1 1 1 0.85 0.846153846153846 0.854166666666667 0.869591346153846 5 2 28 1 83.847
0.978260869565217 0.954545454545455 1 1 0.83 0.846153846153846 0.8125 0.885616987179487 8 2 28 1 83.847
1 1 1 1 0.85 0.846153846153846 0.854166666666667 0.862780448717949 10 2 28 1 83.847
0.91304347826087 0.909090909090909 0.916666666666667 0.981060606060606 0.86 0.865384615384615 0.854166666666667 0.911057692307692 1 3 28 1 83.847
0.978260869565217 0.954545454545455 1 0.998106060606061 0.83 0.826923076923077 0.833333333333333 0.932692307692308 2 3 28 1 83.847
0.91304347826087 0.909090909090909 0.916666666666667 0.982954545454545 0.83 0.807692307692308 0.854166666666667 0.907051282051282 NA 1 28 2 87.018
1 1 1 1 0.84 0.826923076923077 0.854166666666667 0.870192307692308 5 2 28 2 87.018
1 1 1 1 0.84 0.826923076923077 0.854166666666667 0.875801282051282 8 2 28 2 87.018
1 1 1 1 0.83 0.826923076923077 0.833333333333333 0.868189102564103 10 2 28 2 87.018
0.91304347826087 0.909090909090909 0.916666666666667 0.981060606060606 0.84 0.846153846153846 0.833333333333333 0.909054487179487 1 3 28 2 87.018
0.978260869565217 0.954545454545455 1 0.998106060606061 0.84 0.846153846153846 0.833333333333333 0.935096153846154 2 3 28 2 87.018
0.91304347826087 0.909090909090909 0.916666666666667 0.984848484848485 0.83 0.807692307692308 0.854166666666667 0.90224358974359 NA 1 28 3 128.445
1 1 1 1 0.86 0.846153846153846 0.875 0.873597756410256 5 2 28 3 128.445
1 1 1 1 0.83 0.846153846153846 0.8125 0.850160256410256 8 2 28 3 128.445
1 1 1 1 0.85 0.846153846153846 0.854166666666667 0.85957532051282 10 2 28 3 128.445
0.91304347826087 0.909090909090909 0.916666666666667 0.982954545454545 0.85 0.846153846153846 0.854166666666667 0.90625 1 3 28 3 128.445
0.978260869565217 0.954545454545455 1 0.998106060606061 0.83 0.826923076923077 0.833333333333333 0.927884615384615 2 3 28 3 128.445
