0.862615587846764 0.875 0.850393700787402 0.933273300943765 0.85 0.764705882352941 0.938775510204082 0.942777110844338 NA 1 58 1 1194.013
0.920739762219287 0.922872340425532 0.918635170603675 0.976133634891383 0.9 0.862745098039216 0.938775510204082 0.979591836734694 5 2 58 1 1194.013
0.922060766182299 0.922872340425532 0.921259842519685 0.977013179203663 0.9 0.862745098039216 0.938775510204082 0.981592637054822 8 2 58 1 1194.013
0.92338177014531 0.925531914893617 0.921259842519685 0.977215614005696 0.9 0.862745098039216 0.938775510204082 0.981192476990796 10 2 58 1 1194.013
0.85997357992074 0.88031914893617 0.83989501312336 0.932526386329368 0.85 0.764705882352941 0.938775510204082 0.937174869947979 1 3 58 1 1194.013
0.918097754293263 0.920212765957447 0.916010498687664 0.977885743005529 0.91 0.862745098039216 0.959183673469388 0.97719087635054 2 3 58 1 1194.013
0.863936591809775 0.877659574468085 0.850393700787402 0.933008041547998 0.85 0.764705882352941 0.938775510204082 0.942777110844338 NA 1 58 2 1198.563
0.920739762219287 0.922872340425532 0.918635170603675 0.976161556933043 0.9 0.862745098039216 0.938775510204082 0.97999199679872 5 2 58 2 1198.563
0.922060766182299 0.922872340425532 0.921259842519685 0.976992237672419 0.9 0.862745098039216 0.938775510204082 0.981992797118848 8 2 58 2 1198.563
0.922060766182299 0.922872340425532 0.921259842519685 0.977250516557771 0.9 0.862745098039216 0.938775510204082 0.981592637054822 10 2 58 2 1198.563
0.861294583883752 0.88031914893617 0.84251968503937 0.932484503266879 0.85 0.764705882352941 0.938775510204082 0.937174869947979 1 3 58 2 1198.563
0.916776750330251 0.917553191489362 0.916010498687664 0.977822918411794 0.91 0.862745098039216 0.959183673469388 0.976790716286515 2 3 58 2 1198.563
0.862615587846764 0.872340425531915 0.853018372703412 0.933161612777126 0.84 0.745098039215686 0.938775510204082 0.942376950780312 NA 1 58 3 2225.271
0.922060766182299 0.920212765957447 0.923884514435696 0.976147595912213 0.9 0.862745098039216 0.938775510204082 0.978791516606643 5 2 58 3 2225.271
0.920739762219287 0.917553191489362 0.923884514435696 0.977096945328642 0.9 0.862745098039216 0.938775510204082 0.980792316926771 8 2 58 3 2225.271
0.922060766182299 0.920212765957447 0.923884514435696 0.977180711453622 0.9 0.862745098039216 0.938775510204082 0.981992797118848 10 2 58 3 2225.271
0.85997357992074 0.877659574468085 0.84251968503937 0.932309990506506 0.85 0.764705882352941 0.938775510204082 0.936774709883954 1 3 58 3 2225.271
0.919418758256275 0.925531914893617 0.913385826771654 0.977899704026358 0.9 0.843137254901961 0.959183673469388 0.97719087635054 2 3 58 3 2225.271
