0.90625 0.892857142857143 0.916666666666667 0.970238095238095 0.8 0.868421052631579 0.758064516129032 0.951188455008489 NA 1 45 1 108.134
0.984375 0.964285714285714 1 0.998015873015873 0.89 1 0.82258064516129 0.952249575551783 5 2 45 1 108.134
1 1 1 1 0.86 0.973684210526316 0.790322580645161 0.922538200339559 8 2 45 1 108.134
1 1 1 1 0.85 0.973684210526316 0.774193548387097 0.900042444821732 10 2 45 1 108.134
0.890625 0.857142857142857 0.916666666666667 0.961309523809524 0.79 0.868421052631579 0.741935483870968 0.939728353140917 1 3 45 1 108.134
0.984375 0.964285714285714 1 0.999007936507937 0.92 0.894736842105263 0.935483870967742 0.965195246179966 2 3 45 1 108.134
0.90625 0.892857142857143 0.916666666666667 0.969246031746032 0.8 0.868421052631579 0.758064516129032 0.950764006791171 NA 1 45 2 115.004
1 1 1 1 0.89 0.973684210526316 0.838709677419355 0.953735144312394 5 2 45 2 115.004
1 1 1 1 0.86 1 0.774193548387097 0.904499151103565 8 2 45 2 115.004
1 1 1 1 0.88 1 0.806451612903226 0.971561969439728 10 2 45 2 115.004
0.890625 0.857142857142857 0.916666666666667 0.962301587301587 0.78 0.868421052631579 0.725806451612903 0.937606112054329 1 3 45 2 115.004
0.984375 0.964285714285714 1 0.999007936507937 0.92 0.894736842105263 0.935483870967742 0.963921901528014 2 3 45 2 115.004
0.90625 0.892857142857143 0.916666666666667 0.967261904761905 0.85 0.868421052631579 0.838709677419355 0.949066213921901 NA 1 45 3 186.758
1 1 1 1 0.89 1 0.82258064516129 0.940789473684211 5 2 45 3 186.758
1 1 1 1 0.86 1 0.774193548387097 0.931239388794567 8 2 45 3 186.758
1 1 1 1 0.86 1 0.774193548387097 0.916383701188455 10 2 45 3 186.758
0.890625 0.857142857142857 0.916666666666667 0.959325396825397 0.82 0.868421052631579 0.790322580645161 0.935483870967742 1 3 45 3 186.758
0.984375 0.964285714285714 1 0.999007936507937 0.88 0.763157894736842 0.951612903225806 0.963073005093379 2 3 45 3 186.758
