0.837333333333333 0.805882352941176 0.863414634146341 0.914863701578192 0.84 0.875 0.807692307692308 0.923076923076923 NA 1 14 1 753.313
0.904 0.888235294117647 0.917073170731707 0.966972740315638 0.94 0.916666666666667 0.961538461538462 0.973958333333333 5 2 14 1 753.313
0.912 0.888235294117647 0.931707317073171 0.970502152080344 0.92 0.895833333333333 0.942307692307692 0.969551282051282 8 2 14 1 753.313
0.906666666666667 0.876470588235294 0.931707317073171 0.970731707317073 0.92 0.895833333333333 0.942307692307692 0.969150641025641 10 2 14 1 753.313
0.826666666666667 0.782352941176471 0.863414634146341 0.915093256814921 0.83 0.854166666666667 0.807692307692308 0.926682692307692 1 3 14 1 753.313
0.912 0.888235294117647 0.931707317073171 0.970932568149211 0.86 0.854166666666667 0.865384615384615 0.948317307692308 2 3 14 1 753.313
0.837333333333333 0.805882352941176 0.863414634146341 0.914634146341463 0.84 0.875 0.807692307692308 0.925080128205128 NA 1 14 2 461.257
0.901333333333333 0.882352941176471 0.917073170731707 0.96700143472023 0.94 0.916666666666667 0.961538461538462 0.973557692307692 5 2 14 2 461.257
0.909333333333333 0.882352941176471 0.931707317073171 0.9706456241033 0.91 0.895833333333333 0.923076923076923 0.96875 8 2 14 2 461.257
0.912 0.882352941176471 0.936585365853659 0.970875179340029 0.91 0.895833333333333 0.923076923076923 0.969551282051282 10 2 14 2 461.257
0.834666666666667 0.794117647058823 0.868292682926829 0.914261119081779 0.83 0.875 0.788461538461538 0.926682692307692 1 3 14 2 461.257
0.909333333333333 0.888235294117647 0.926829268292683 0.971076040172166 0.86 0.854166666666667 0.865384615384615 0.950320512820513 2 3 14 2 461.257
0.842666666666667 0.811764705882353 0.868292682926829 0.916183644189383 0.82 0.833333333333333 0.807692307692308 0.920272435897436 NA 1 14 3 1208.159
0.904 0.888235294117647 0.917073170731707 0.967288378766141 0.94 0.916666666666667 0.961538461538462 0.97275641025641 5 2 14 3 1208.159
0.914666666666667 0.894117647058824 0.931707317073171 0.97038737446198 0.92 0.895833333333333 0.942307692307692 0.96875 8 2 14 3 1208.159
0.906666666666667 0.876470588235294 0.931707317073171 0.970846484935438 0.91 0.875 0.942307692307692 0.969150641025641 10 2 14 3 1208.159
0.834666666666667 0.794117647058823 0.868292682926829 0.916269727403156 0.83 0.854166666666667 0.807692307692308 0.921875 1 3 14 3 1208.159
0.906666666666667 0.888235294117647 0.921951219512195 0.971276901004304 0.86 0.854166666666667 0.865384615384615 0.943509615384615 2 3 14 3 1208.159
