0.863945578231292 0.883116883116883 0.842857142857143 0.943970315398887 0.87 0.884615384615385 0.854166666666667 0.915064102564103 NA 1 77 1 271.682
0.979591836734694 0.987012987012987 0.971428571428571 0.998330241187384 0.89 0.884615384615385 0.895833333333333 0.943108974358974 5 2 77 1 271.682
1 1 1 1 0.9 0.884615384615385 0.916666666666667 0.899839743589744 8 2 77 1 271.682
1 1 1 1 0.88 0.865384615384615 0.895833333333333 0.889222756410256 10 2 77 1 271.682
0.877551020408163 0.909090909090909 0.842857142857143 0.942857142857143 0.86 0.903846153846154 0.8125 0.924679487179487 1 3 77 1 271.682
0.938775510204082 0.948051948051948 0.928571428571429 0.992207792207792 0.87 0.903846153846154 0.833333333333333 0.935897435897436 2 3 77 1 271.682
0.863945578231292 0.883116883116883 0.842857142857143 0.943413729128015 0.84 0.826923076923077 0.854166666666667 0.912660256410256 NA 1 77 2 203.158
0.959183673469388 0.974025974025974 0.942857142857143 0.995176252319109 0.93 0.903846153846154 0.958333333333333 0.973157051282051 5 2 77 2 203.158
1 1 1 1 0.88 0.884615384615385 0.875 0.877403846153846 8 2 77 2 203.158
1 1 1 1 0.89 0.884615384615385 0.895833333333333 0.899439102564103 10 2 77 2 203.158
0.877551020408163 0.909090909090909 0.842857142857143 0.943228200371057 0.85 0.903846153846154 0.791666666666667 0.918669871794872 1 3 77 2 203.158
0.952380952380952 0.948051948051948 0.957142857142857 0.99239332096475 0.87 0.884615384615385 0.854166666666667 0.935096153846154 2 3 77 2 203.158
0.863945578231292 0.883116883116883 0.842857142857143 0.947495361781076 0.87 0.884615384615385 0.854166666666667 0.919871794871795 NA 1 77 3 475.921
1 1 1 1 0.88 0.884615384615385 0.875 0.879807692307692 5 2 77 3 475.921
1 1 1 1 0.9 0.884615384615385 0.916666666666667 0.89863782051282 8 2 77 3 475.921
1 1 1 1 0.91 0.903846153846154 0.916666666666667 0.91025641025641 10 2 77 3 475.921
0.870748299319728 0.909090909090909 0.828571428571429 0.944712430426716 0.86 0.903846153846154 0.8125 0.935496794871795 1 3 77 3 475.921
0.945578231292517 0.961038961038961 0.928571428571429 0.992207792207792 0.87 0.923076923076923 0.8125 0.9375 2 3 77 3 475.921
