0.861744966442953 0.838983050847458 0.882352941176471 0.927485658965134 0.87 0.872727272727273 0.866666666666667 0.955555555555555 NA 1 5 1 740.397
0.923489932885906 0.92090395480226 0.925831202046036 0.978687127024723 0.93 0.890909090909091 0.977777777777778 0.984242424242424 5 2 5 1 740.397
0.923489932885906 0.915254237288136 0.930946291560102 0.978925542213938 0.92 0.890909090909091 0.955555555555556 0.983838383838384 8 2 5 1 740.397
0.923489932885906 0.918079096045198 0.928388746803069 0.979438496105885 0.93 0.909090909090909 0.955555555555556 0.982626262626263 10 2 5 1 740.397
0.861744966442953 0.844632768361582 0.877237851662404 0.926654818154233 0.87 0.872727272727273 0.866666666666667 0.95030303030303 1 3 5 1 740.397
0.930201342281879 0.918079096045198 0.941176470588235 0.977198838267805 0.93 0.909090909090909 0.955555555555556 0.972121212121212 2 3 5 1 740.397
0.861744966442953 0.838983050847458 0.882352941176471 0.927138873235366 0.87 0.872727272727273 0.866666666666667 0.955151515151515 NA 1 5 2 859.223
0.923489932885906 0.92090395480226 0.925831202046036 0.97853540826795 0.93 0.890909090909091 0.977777777777778 0.983434343434343 5 2 5 2 859.223
0.923489932885906 0.918079096045198 0.928388746803069 0.97886774459231 0.92 0.890909090909091 0.955555555555556 0.983838383838384 8 2 5 2 859.223
0.922147651006711 0.918079096045198 0.925831202046036 0.97936624907885 0.93 0.909090909090909 0.955555555555556 0.982626262626263 10 2 5 2 859.223
0.859060402684564 0.84180790960452 0.874680306905371 0.926495874694756 0.87 0.872727272727273 0.866666666666667 0.94989898989899 1 3 5 2 859.223
0.930201342281879 0.918079096045198 0.941176470588235 0.977234961781323 0.93 0.909090909090909 0.955555555555556 0.972525252525253 2 3 5 2 859.223
0.859060402684564 0.836158192090395 0.879795396419437 0.927868568208418 0.87 0.872727272727273 0.866666666666667 0.955555555555556 NA 1 5 3 1563.538
0.920805369127517 0.92090395480226 0.920716112531969 0.978781048159868 0.93 0.890909090909091 0.977777777777778 0.983838383838384 5 2 5 3 1563.538
0.919463087248322 0.915254237288136 0.923273657289003 0.97888941870042 0.92 0.890909090909091 0.955555555555556 0.983838383838384 8 2 5 3 1563.538
0.922147651006711 0.918079096045198 0.925831202046036 0.979633563078879 0.93 0.909090909090909 0.955555555555556 0.982626262626263 10 2 5 3 1563.538
0.864429530201342 0.844632768361582 0.882352941176471 0.927514557775947 0.87 0.872727272727273 0.866666666666667 0.949090909090909 1 3 5 3 1563.538
0.931543624161074 0.918079096045198 0.943734015345269 0.977827387403008 0.93 0.909090909090909 0.955555555555556 0.974141414141414 2 3 5 3 1563.538
