0.866760168302945 0.889473684210526 0.840840840840841 0.935269480006322 0.85 0.896551724137931 0.785714285714286 0.897783251231527 NA 1 55 1 1360.669
0.922861150070126 0.926315789473684 0.918918918918919 0.980820293978189 0.96 1 0.904761904761905 0.977832512315271 5 2 55 1 1360.669
0.925666199158485 0.926315789473684 0.924924924924925 0.981002054686265 0.96 1 0.904761904761905 0.977422003284072 8 2 55 1 1360.669
0.925666199158485 0.926315789473684 0.924924924924925 0.981333965544492 0.95 0.982758620689655 0.904761904761905 0.977422003284072 10 2 55 1 1360.669
0.863955119214586 0.886842105263158 0.837837837837838 0.935332701122175 0.84 0.879310344827586 0.785714285714286 0.896141215106732 1 3 55 1 1360.669
0.935483870967742 0.939473684210526 0.930930930930931 0.982147937411095 0.92 0.948275862068966 0.880952380952381 0.961412151067323 2 3 55 1 1360.669
0.863955119214586 0.886842105263158 0.837837837837838 0.934913861229651 0.85 0.896551724137931 0.785714285714286 0.899425287356322 NA 1 55 2 1240.979
0.921458625525947 0.926315789473684 0.915915915915916 0.98072546230441 0.94 0.96551724137931 0.904761904761905 0.979064039408867 5 2 55 2 1240.979
0.924263674614306 0.926315789473684 0.921921921921922 0.98087561245456 0.96 1 0.904761904761905 0.977832512315271 8 2 55 2 1240.979
0.924263674614306 0.926315789473684 0.921921921921922 0.981168010115379 0.95 0.982758620689655 0.904761904761905 0.977422003284072 10 2 55 2 1240.979
0.863955119214586 0.884210526315789 0.840840840840841 0.935071914019282 0.85 0.879310344827586 0.80952380952381 0.897783251231527 1 3 55 2 1240.979
0.936886395511921 0.939473684210526 0.933933933933934 0.982053105737316 0.92 0.948275862068966 0.880952380952381 0.962233169129721 2 3 55 2 1240.979
0.863955119214586 0.886842105263158 0.837837837837838 0.935893788525367 0.86 0.896551724137931 0.80952380952381 0.893267651888342 NA 1 55 3 2313.163
0.922861150070126 0.926315789473684 0.918918918918919 0.981120594278489 0.96 0.982758620689655 0.928571428571429 0.97824302134647 5 2 55 3 2313.163
0.927068723702665 0.928947368421053 0.924924924924925 0.981128496917971 0.96 1 0.904761904761905 0.977422003284072 8 2 55 3 2313.163
0.927068723702665 0.928947368421053 0.924924924924925 0.981515726252568 0.95 1 0.880952380952381 0.97824302134647 10 2 55 3 2313.163
0.862552594670407 0.886842105263158 0.834834834834835 0.935680417259365 0.85 0.896551724137931 0.785714285714286 0.894909688013136 1 3 55 3 2313.163
0.935483870967742 0.942105263157895 0.927927927927928 0.982685316895843 0.92 0.948275862068966 0.880952380952381 0.95935960591133 2 3 55 3 2313.163
