0.902439024390244 0.918918918918919 0.888888888888889 0.96996996996997 0.88 0.827586206896552 0.952380952380952 0.944581280788177 NA 1 87 1 103.466
1 1 1 1 0.85 0.862068965517241 0.833333333333333 0.853448275862069 5 2 87 1 103.466
1 1 1 1 0.86 0.879310344827586 0.833333333333333 0.86576354679803 8 2 87 1 103.466
1 1 1 1 0.84 0.862068965517241 0.80952380952381 0.863711001642036 10 2 87 1 103.466
0.926829268292683 0.972972972972973 0.888888888888889 0.959159159159159 0.84 0.810344827586207 0.880952380952381 0.923234811165846 1 3 87 1 103.466
0.926829268292683 0.945945945945946 0.911111111111111 0.987387387387387 0.87 0.793103448275862 0.976190476190476 0.947454844006568 2 3 87 1 103.466
0.902439024390244 0.918918918918919 0.888888888888889 0.971171171171171 0.87 0.810344827586207 0.952380952380952 0.944581280788177 NA 1 87 2 96.765
1 1 1 1 0.85 0.862068965517241 0.833333333333333 0.844622331691297 5 2 87 2 96.765
0.98780487804878 1 0.977777777777778 1 0.87 0.879310344827586 0.857142857142857 0.856527093596059 8 2 87 2 96.765
1 1 1 1 0.77 0.775862068965517 0.761904761904762 0.786535303776683 10 2 87 2 96.765
0.926829268292683 0.972972972972973 0.888888888888889 0.961561561561562 0.83 0.810344827586207 0.857142857142857 0.92487684729064 1 3 87 2 96.765
0.926829268292683 0.945945945945946 0.911111111111111 0.987387387387387 0.86 0.793103448275862 0.952380952380952 0.945812807881773 2 3 87 2 96.765
0.902439024390244 0.918918918918919 0.888888888888889 0.96996996996997 0.88 0.827586206896552 0.952380952380952 0.942118226600985 NA 1 87 3 181.283
1 1 1 1 0.81 0.862068965517241 0.738095238095238 0.811165845648604 5 2 87 3 181.283
1 1 1 1 0.78 0.724137931034483 0.857142857142857 0.846674876847291 8 2 87 3 181.283
1 1 1 1 0.85 0.862068965517241 0.833333333333333 0.863711001642036 10 2 87 3 181.283
0.926829268292683 0.972972972972973 0.888888888888889 0.96036036036036 0.84 0.810344827586207 0.880952380952381 0.919129720853859 1 3 87 3 181.283
0.926829268292683 0.945945945945946 0.911111111111111 0.987387387387387 0.86 0.775862068965517 0.976190476190476 0.943349753694581 2 3 87 3 181.283
