0.828309305373526 0.835897435897436 0.820375335120643 0.904853234343851 0.87 0.891304347826087 0.851851851851852 0.926731078904992 NA 1 100 1 1256.098
0.929226736566186 0.938461538461538 0.919571045576407 0.983467381590706 0.93 0.956521739130435 0.907407407407407 0.977053140096618 5 2 100 1 1256.098
0.929226736566186 0.941025641025641 0.916890080428954 0.98374235237506 0.93 0.956521739130435 0.907407407407407 0.985104669887279 8 2 100 1 1256.098
0.929226736566186 0.938461538461538 0.919571045576407 0.983762975183887 0.93 0.956521739130435 0.907407407407407 0.993961352657005 10 2 100 1 1256.098
0.838794233289646 0.838461538461538 0.839142091152815 0.9047363717605 0.86 0.891304347826087 0.833333333333333 0.926328502415459 1 3 100 1 1256.098
0.942332896461337 0.948717948717949 0.935656836461126 0.98290369148278 0.92 0.978260869565217 0.87037037037037 0.988727858293076 2 3 100 1 1256.098
0.830930537352556 0.841025641025641 0.820375335120643 0.904495772324191 0.87 0.891304347826087 0.851851851851852 0.92914653784219 NA 1 100 2 1219.38
0.930537352555701 0.941025641025641 0.919571045576407 0.983467381590706 0.93 0.956521739130435 0.907407407407407 0.977053140096618 5 2 100 2 1219.38
0.929226736566186 0.941025641025641 0.916890080428954 0.983646112600536 0.93 0.956521739130435 0.907407407407407 0.985104669887279 8 2 100 2 1219.38
0.929226736566186 0.938461538461538 0.919571045576407 0.983673609678972 0.94 0.978260869565217 0.907407407407407 0.993558776167472 10 2 100 2 1219.38
0.836173001310616 0.838461538461538 0.833780160857909 0.904715748951674 0.85 0.891304347826087 0.814814814814815 0.928341384863124 1 3 100 2 1219.38
0.941022280471822 0.946153846153846 0.935656836461126 0.982931188561215 0.93 1 0.87037037037037 0.988325281803543 2 3 100 2 1219.38
0.828309305373526 0.838461538461538 0.81769436997319 0.904433903897711 0.85 0.891304347826087 0.814814814814815 0.922705314009662 NA 1 100 3 2224.157
0.926605504587156 0.933333333333333 0.919571045576407 0.983474255860315 0.93 0.956521739130435 0.907407407407407 0.976247987117552 5 2 100 3 2224.157
0.929226736566186 0.941025641025641 0.916890080428954 0.98374235237506 0.94 0.956521739130435 0.925925925925926 0.984702093397746 8 2 100 3 2224.157
0.930537352555701 0.941025641025641 0.919571045576407 0.983893586306455 0.94 0.956521739130435 0.925925925925926 0.993558776167472 10 2 100 3 2224.157
0.833551769331586 0.835897435897436 0.831099195710456 0.904818862995807 0.85 0.891304347826087 0.814814814814815 0.922302737520129 1 3 100 3 2224.157
0.937090432503277 0.943589743589744 0.93029490616622 0.983075548223001 0.91 0.978260869565217 0.851851851851852 0.988325281803543 2 3 100 3 2224.157
