0.953488372093023 0.947368421052632 0.958333333333333 0.984649122807018 0.81 0.73469387755102 0.882352941176471 0.87515006002401 NA 1 57 1 53.598
1 1 1 1 0.82 0.755102040816326 0.882352941176471 0.837134853941577 5 2 57 1 53.598
1 1 1 1 0.84 0.755102040816326 0.92156862745098 0.837935174069628 8 2 57 1 53.598
1 1 1 1 0.82 0.836734693877551 0.803921568627451 0.873149259703881 10 2 57 1 53.598
0.953488372093023 1 0.916666666666667 0.973684210526316 0.84 0.877551020408163 0.803921568627451 0.897158863545418 1 3 57 1 53.598
1 1 1 1 0.8 0.775510204081633 0.823529411764706 0.91156462585034 2 3 57 1 53.598
0.953488372093023 0.947368421052632 0.958333333333333 0.984649122807018 0.81 0.73469387755102 0.882352941176471 0.879151660664266 NA 1 57 2 66.883
0.767441860465116 0.789473684210526 0.75 0.698464912280702 0.67 0.816326530612245 0.529411764705882 0.674269707883153 5 2 57 2 66.883
1 1 1 1 0.77 0.755102040816326 0.784313725490196 0.797519007603041 8 2 57 2 66.883
1 1 1 1 0.84 0.836734693877551 0.843137254901961 0.873549419767907 10 2 57 2 66.883
0.953488372093023 1 0.916666666666667 0.973684210526316 0.85 0.877551020408163 0.823529411764706 0.901160464185674 1 3 57 2 66.883
1 1 1 1 0.81 0.755102040816326 0.862745098039216 0.912765106042417 2 3 57 2 66.883
0.953488372093023 0.947368421052632 0.958333333333333 0.982456140350877 0.79 0.693877551020408 0.882352941176471 0.87374949979992 NA 1 57 3 96.352
1 1 1 1 0.82 0.775510204081633 0.862745098039216 0.856942777110844 5 2 57 3 96.352
0.976744186046512 1 0.958333333333333 0.974780701754386 0.81 0.836734693877551 0.784313725490196 0.870548219287715 8 2 57 3 96.352
1 1 1 1 0.82 0.795918367346939 0.843137254901961 0.854541816726691 10 2 57 3 96.352
0.953488372093023 1 0.916666666666667 0.973684210526316 0.84 0.857142857142857 0.823529411764706 0.889955982392957 1 3 57 3 96.352
1 1 1 1 0.79 0.73469387755102 0.843137254901961 0.904361744697879 2 3 57 3 96.352
