0.853494623655914 0.858310626702997 0.848806366047745 0.935053014260005 0.89 0.903846153846154 0.875 0.943910256410256 NA 1 21 1 905.31
0.932795698924731 0.931880108991826 0.93368700265252 0.982617682984121 0.93 0.942307692307692 0.916666666666667 0.979166666666667 5 2 21 1 905.31
0.931451612903226 0.931880108991826 0.931034482758621 0.982942923843046 0.92 0.942307692307692 0.895833333333333 0.979567307692308 8 2 21 1 905.31
0.932795698924731 0.931880108991826 0.93368700265252 0.983065792611973 0.92 0.942307692307692 0.895833333333333 0.979166666666667 10 2 21 1 905.31
0.856182795698925 0.858310626702997 0.854111405835544 0.935146972730361 0.89 0.903846153846154 0.875 0.944310897435897 1 3 21 1 905.31
0.935483870967742 0.942779291553134 0.928381962864722 0.986282063328009 0.94 0.942307692307692 0.9375 0.985576923076923 2 3 21 1 905.31
0.854838709677419 0.858310626702997 0.851458885941645 0.935313206947145 0.89 0.903846153846154 0.875 0.944711538461538 NA 1 21 2 758.033
0.932795698924731 0.931880108991826 0.93368700265252 0.982559862386979 0.92 0.942307692307692 0.895833333333333 0.978766025641026 5 2 21 2 758.033
0.934139784946237 0.934604904632153 0.93368700265252 0.982885103245904 0.92 0.942307692307692 0.895833333333333 0.979567307692308 8 2 21 2 758.033
0.934139784946237 0.934604904632153 0.93368700265252 0.983036882313402 0.92 0.942307692307692 0.895833333333333 0.979166666666667 10 2 21 2 758.033
0.856182795698925 0.85558583106267 0.856763925729443 0.935486668738571 0.88 0.884615384615385 0.875 0.945913461538461 1 3 21 2 758.033
0.935483870967742 0.942779291553134 0.928381962864722 0.986368794223722 0.93 0.923076923076923 0.9375 0.985176282051282 2 3 21 2 758.033
0.853494623655914 0.858310626702997 0.848806366047745 0.934698863102509 0.9 0.923076923076923 0.875 0.943509615384615 NA 1 21 3 1747.557
0.932795698924731 0.934604904632153 0.931034482758621 0.982733324178405 0.93 0.942307692307692 0.916666666666667 0.978365384615385 5 2 21 3 1747.557
0.932795698924731 0.934604904632153 0.931034482758621 0.98297906171626 0.92 0.942307692307692 0.895833333333333 0.979166666666667 8 2 21 3 1747.557
0.936827956989247 0.93732970027248 0.936339522546419 0.983159751082329 0.93 0.942307692307692 0.916666666666667 0.979567307692308 10 2 21 3 1747.557
0.853494623655914 0.85558583106267 0.851458885941645 0.93472777340108 0.89 0.903846153846154 0.875 0.945112179487179 1 3 21 3 1747.557
0.938172043010753 0.942779291553134 0.93368700265252 0.985899001871942 0.95 0.942307692307692 0.958333333333333 0.985576923076923 2 3 21 3 1747.557
