0.907894736842105 0.911764705882353 0.904761904761905 0.971288515406162 0.83 0.731707317073171 0.898305084745763 0.88797023563456 NA 1 50 1 82.708
0.973684210526316 0.970588235294118 0.976190476190476 0.997198879551821 0.81 0.682926829268293 0.898305084745763 0.922695328648202 5 2 50 1 82.708
1 1 1 1 0.8 0.707317073170732 0.864406779661017 0.788135593220339 8 2 50 1 82.708
1 1 1 1 0.84 0.75609756097561 0.898305084745763 0.837949565936337 10 2 50 1 82.708
0.881578947368421 0.852941176470588 0.904761904761905 0.96218487394958 0.82 0.731707317073171 0.88135593220339 0.886730053741215 1 3 50 1 82.708
0.947368421052632 0.941176470588235 0.952380952380952 0.992997198879552 0.85 0.878048780487805 0.830508474576271 0.923935510541546 2 3 50 1 82.708
0.921052631578947 0.941176470588235 0.904761904761905 0.970588235294118 0.83 0.731707317073171 0.898305084745763 0.887556841670112 NA 1 50 2 88.994
0.973684210526316 0.970588235294118 0.976190476190476 0.997198879551821 0.79 0.634146341463415 0.898305084745763 0.914634146341463 5 2 50 2 88.994
1 1 1 1 0.83 0.75609756097561 0.88135593220339 0.842910293509715 8 2 50 2 88.994
1 1 1 1 0.85 0.75609756097561 0.915254237288136 0.842496899545267 10 2 50 2 88.994
0.868421052631579 0.852941176470588 0.880952380952381 0.961484593837535 0.83 0.731707317073171 0.898305084745763 0.897064902852418 1 3 50 2 88.994
0.947368421052632 0.941176470588235 0.952380952380952 0.992296918767507 0.84 0.853658536585366 0.830508474576271 0.923522116577098 2 3 50 2 88.994
0.907894736842105 0.911764705882353 0.904761904761905 0.971988795518207 0.84 0.75609756097561 0.898305084745763 0.885076477883423 NA 1 50 3 149.94
0.973684210526316 0.970588235294118 0.976190476190476 0.997198879551821 0.8 0.658536585365854 0.898305084745763 0.914427449359239 5 2 50 3 149.94
1 1 1 1 0.77 0.731707317073171 0.796610169491525 0.780901198842497 8 2 50 3 149.94
1 1 1 1 0.83 0.75609756097561 0.88135593220339 0.836295990078545 10 2 50 3 149.94
0.894736842105263 0.882352941176471 0.904761904761905 0.964285714285714 0.84 0.731707317073171 0.915254237288136 0.894997933030178 1 3 50 3 149.94
0.947368421052632 0.941176470588235 0.952380952380952 0.992997198879552 0.85 0.878048780487805 0.830508474576271 0.916907813145928 2 3 50 3 149.94
