0.831111111111111 0.859504132231405 0.798076923076923 0.930626191989828 0.78 0.807692307692308 0.75 0.864583333333333 NA 1 61 1 535.86
0.933333333333333 0.933884297520661 0.932692307692308 0.977749523204069 0.9 0.884615384615385 0.916666666666667 0.96113782051282 5 2 61 1 535.86
0.946666666666667 0.942148760330578 0.951923076923077 0.987841703750795 0.88 0.865384615384615 0.895833333333333 0.944711538461538 8 2 61 1 535.86
0.942222222222222 0.942148760330578 0.942307692307692 0.989431023521933 0.88 0.884615384615385 0.875 0.947916666666667 10 2 61 1 535.86
0.848888888888889 0.884297520661157 0.807692307692308 0.929752066115702 0.79 0.788461538461538 0.791666666666667 0.857772435897436 1 3 61 1 535.86
0.937777777777778 0.942148760330578 0.932692307692308 0.976557533375715 0.85 0.788461538461538 0.916666666666667 0.917467948717949 2 3 61 1 535.86
0.831111111111111 0.859504132231405 0.798076923076923 0.930228862047044 0.79 0.807692307692308 0.770833333333333 0.86698717948718 NA 1 61 2 338.113
0.933333333333333 0.933884297520661 0.932692307692308 0.977670057215512 0.9 0.884615384615385 0.916666666666667 0.962339743589744 5 2 61 2 338.113
0.942222222222222 0.942148760330578 0.942307692307692 0.988318499682136 0.88 0.865384615384615 0.895833333333333 0.94551282051282 8 2 61 2 338.113
0.942222222222222 0.942148760330578 0.942307692307692 0.989431023521933 0.87 0.846153846153846 0.895833333333333 0.948717948717949 10 2 61 2 338.113
0.848888888888889 0.884297520661157 0.807692307692308 0.928480610298792 0.79 0.788461538461538 0.791666666666667 0.859375 1 3 61 2 338.113
0.937777777777778 0.942148760330578 0.932692307692308 0.976239669421488 0.85 0.788461538461538 0.916666666666667 0.918269230769231 2 3 61 2 338.113
0.831111111111111 0.851239669421488 0.807692307692308 0.932612841703751 0.79 0.807692307692308 0.770833333333333 0.862580128205128 NA 1 61 3 835.385
0.928888888888889 0.933884297520661 0.923076923076923 0.977431659249841 0.9 0.884615384615385 0.916666666666667 0.96073717948718 5 2 61 3 835.385
0.942222222222222 0.942148760330578 0.942307692307692 0.987921169739352 0.88 0.865384615384615 0.895833333333333 0.942708333333333 8 2 61 3 835.385
0.937777777777778 0.933884297520661 0.942307692307692 0.989351557533376 0.89 0.884615384615385 0.895833333333333 0.94551282051282 10 2 61 3 835.385
0.853333333333333 0.884297520661157 0.817307692307692 0.932136045772409 0.79 0.788461538461538 0.791666666666667 0.854567307692308 1 3 61 3 835.385
0.937777777777778 0.942148760330578 0.932692307692308 0.976160203432931 0.85 0.788461538461538 0.916666666666667 0.913461538461538 2 3 61 3 835.385
