0.84 0.858974358974359 0.819444444444444 0.924679487179487 0.79 0.777777777777778 0.8 0.880808080808081 NA 1 50 1 217.495
0.906666666666667 0.91025641025641 0.902777777777778 0.980947293447293 0.88 0.866666666666667 0.890909090909091 0.955151515151515 5 2 50 1 217.495
0.92 0.923076923076923 0.916666666666667 0.981303418803419 0.88 0.866666666666667 0.890909090909091 0.951111111111111 8 2 50 1 217.495
0.92 0.923076923076923 0.916666666666667 0.982549857549858 0.88 0.866666666666667 0.890909090909091 0.951515151515152 10 2 50 1 217.495
0.833333333333333 0.858974358974359 0.805555555555556 0.921474358974359 0.81 0.822222222222222 0.8 0.891313131313131 1 3 50 1 217.495
0.913333333333333 0.923076923076923 0.902777777777778 0.978276353276353 0.85 0.844444444444444 0.854545454545454 0.908686868686869 2 3 50 1 217.495
0.833333333333333 0.858974358974359 0.805555555555556 0.923433048433048 0.8 0.8 0.8 0.884444444444444 NA 1 50 2 207.992
0.926666666666667 0.923076923076923 0.930555555555556 0.981125356125356 0.87 0.844444444444444 0.890909090909091 0.950707070707071 5 2 50 2 207.992
0.933333333333333 0.935897435897436 0.930555555555556 0.98201566951567 0.86 0.844444444444444 0.872727272727273 0.947878787878788 8 2 50 2 207.992
0.933333333333333 0.935897435897436 0.930555555555556 0.98272792022792 0.87 0.844444444444444 0.890909090909091 0.947474747474747 10 2 50 2 207.992
0.846666666666667 0.884615384615385 0.805555555555556 0.92022792022792 0.79 0.777777777777778 0.8 0.893737373737374 1 3 50 2 207.992
0.906666666666667 0.91025641025641 0.902777777777778 0.978988603988604 0.85 0.844444444444444 0.854545454545454 0.909494949494949 2 3 50 2 207.992
0.846666666666667 0.884615384615385 0.805555555555556 0.922008547008547 0.82 0.822222222222222 0.818181818181818 0.884040404040404 NA 1 50 3 386.889
0.92 0.923076923076923 0.916666666666667 0.980947293447293 0.87 0.866666666666667 0.872727272727273 0.953939393939394 5 2 50 3 386.889
0.913333333333333 0.923076923076923 0.902777777777778 0.98201566951567 0.87 0.866666666666667 0.872727272727273 0.95030303030303 8 2 50 3 386.889
0.926666666666667 0.923076923076923 0.930555555555556 0.982905982905983 0.87 0.866666666666667 0.872727272727273 0.949090909090909 10 2 50 3 386.889
0.84 0.871794871794872 0.805555555555556 0.918625356125356 0.81 0.822222222222222 0.8 0.894545454545455 1 3 50 3 386.889
0.906666666666667 0.91025641025641 0.902777777777778 0.979166666666667 0.85 0.844444444444444 0.854545454545454 0.902626262626263 2 3 50 3 386.889
