0.909090909090909 0.92 0.894736842105263 0.957894736842105 0.84 0.84 0.84 0.9128 NA 1 48 1 37.195
1 1 1 1 0.87 0.9 0.84 0.9168 5 2 48 1 37.195
0.977272727272727 1 0.947368421052632 0.969473684210526 0.81 0.86 0.76 0.82 8 2 48 1 37.195
1 1 1 1 0.83 0.9 0.76 0.8756 10 2 48 1 37.195
0.886363636363636 0.96 0.789473684210526 0.949473684210526 0.8 0.86 0.74 0.8888 1 3 48 1 37.195
0.909090909090909 0.92 0.894736842105263 0.972631578947368 0.78 0.88 0.68 0.904 2 3 48 1 37.195
0.909090909090909 0.92 0.894736842105263 0.957894736842105 0.82 0.82 0.82 0.914 NA 1 48 2 70.921
1 1 1 1 0.86 0.9 0.82 0.9238 5 2 48 2 70.921
1 1 1 1 0.75 0.88 0.62 0.809 8 2 48 2 70.921
1 1 1 1 0.74 0.88 0.6 0.7988 10 2 48 2 70.921
0.886363636363636 0.92 0.842105263157895 0.947368421052632 0.8 0.84 0.76 0.894 1 3 48 2 70.921
0.909090909090909 0.92 0.894736842105263 0.970526315789474 0.81 0.88 0.74 0.9036 2 3 48 2 70.921
0.909090909090909 0.92 0.894736842105263 0.957894736842105 0.81 0.8 0.82 0.914 NA 1 48 3 58.243
1 1 1 1 0.81 0.88 0.74 0.8772 5 2 48 3 58.243
0.977272727272727 1 0.947368421052632 0.995789473684211 0.77 0.9 0.64 0.7928 8 2 48 3 58.243
1 1 1 1 0.8 0.88 0.72 0.8506 10 2 48 3 58.243
0.909090909090909 0.96 0.842105263157895 0.953684210526316 0.8 0.84 0.76 0.8944 1 3 48 3 58.243
0.909090909090909 0.92 0.894736842105263 0.972631578947368 0.81 0.88 0.74 0.8936 2 3 48 3 58.243
