0.854166666666667 0.867977528089888 0.840659340659341 0.926379799975306 0.87 0.886792452830189 0.851063829787234 0.938177438779607 NA 1 75 1 1426.715
0.931944444444444 0.935393258426966 0.928571428571429 0.977836769971602 0.95 0.962264150943396 0.936170212765957 0.982737856282617 5 2 75 1 1426.715
0.9375 0.938202247191011 0.936813186813187 0.980352512655883 0.91 0.943396226415094 0.872340425531915 0.97751906864713 8 2 75 1 1426.715
0.938888888888889 0.932584269662921 0.945054945054945 0.98053772070626 0.91 0.943396226415094 0.872340425531915 0.97671617824167 10 2 75 1 1426.715
0.852777777777778 0.876404494382023 0.82967032967033 0.926703914063465 0.86 0.886792452830189 0.829787234042553 0.936170212765957 1 3 75 1 1426.715
0.931944444444444 0.938202247191011 0.925824175824176 0.978816829238178 0.91 0.905660377358491 0.914893617021277 0.971497390606182 2 3 75 1 1426.715
0.854166666666667 0.867977528089888 0.840659340659341 0.926117421903939 0.85 0.867924528301887 0.829787234042553 0.938578883982336 NA 1 75 2 1188.331
0.931944444444444 0.935393258426966 0.928571428571429 0.977890788986295 0.95 0.962264150943396 0.936170212765957 0.983139301485347 5 2 75 2 1188.331
0.9375 0.938202247191011 0.936813186813187 0.980283059636992 0.91 0.943396226415094 0.872340425531915 0.977920513849859 8 2 75 2 1188.331
0.938888888888889 0.932584269662921 0.945054945054945 0.980429682676874 0.91 0.943396226415094 0.872340425531915 0.977920513849859 10 2 75 2 1188.331
0.852777777777778 0.870786516853933 0.835164835164835 0.926302629954315 0.86 0.886792452830189 0.829787234042553 0.937374548374147 1 3 75 2 1188.331
0.933333333333333 0.941011235955056 0.925824175824176 0.978901716261267 0.91 0.905660377358491 0.914893617021277 0.970694500200723 2 3 75 2 1188.331
0.852777777777778 0.862359550561798 0.843406593406593 0.926063402889246 0.85 0.867924528301887 0.829787234042553 0.934965877157768 NA 1 75 3 2423.387
0.931944444444444 0.935393258426966 0.928571428571429 0.978045129028275 0.94 0.943396226415094 0.936170212765957 0.982737856282617 5 2 75 3 2423.387
0.938888888888889 0.938202247191011 0.93956043956044 0.980491418693666 0.91 0.943396226415094 0.872340425531915 0.97751906864713 8 2 75 3 2423.387
0.934722222222222 0.929775280898876 0.93956043956044 0.980653475737745 0.91 0.943396226415094 0.872340425531915 0.97631473303894 10 2 75 3 2423.387
0.855555555555556 0.879213483146067 0.832417582417582 0.926379799975306 0.85 0.867924528301887 0.829787234042553 0.934965877157768 1 3 75 3 2423.387
0.934722222222222 0.943820224719101 0.925824175824176 0.978963452278059 0.89 0.886792452830189 0.893617021276596 0.970293054997993 2 3 75 3 2423.387
