0.968253968253968 0.967741935483871 0.96875 0.988911290322581 0.8 0.810344827586207 0.785714285714286 0.900246305418719 NA 1 39 1 67.805
1 1 1 1 0.82 0.827586206896552 0.80952380952381 0.86247947454844 5 2 39 1 67.805
0.984126984126984 1 0.96875 1 0.86 0.913793103448276 0.785714285714286 0.876436781609195 8 2 39 1 67.805
1 1 1 1 0.83 0.862068965517241 0.785714285714286 0.875 10 2 39 1 67.805
0.936507936507937 1 0.875 0.988911290322581 0.81 0.879310344827586 0.714285714285714 0.899014778325123 1 3 39 1 67.805
0.968253968253968 0.967741935483871 0.96875 0.990927419354839 0.8 0.793103448275862 0.80952380952381 0.922413793103448 2 3 39 1 67.805
0.968253968253968 0.967741935483871 0.96875 0.987903225806452 0.79 0.793103448275862 0.785714285714286 0.898604269293924 NA 1 39 2 93.5
1 1 1 1 0.87 0.896551724137931 0.833333333333333 0.856937602627258 5 2 39 2 93.5
1 1 1 1 0.87 0.913793103448276 0.80952380952381 0.88752052545156 8 2 39 2 93.5
1 1 1 1 0.86 0.862068965517241 0.857142857142857 0.920771756978653 10 2 39 2 93.5
0.952380952380952 1 0.90625 0.988911290322581 0.81 0.862068965517241 0.738095238095238 0.903530377668309 1 3 39 2 93.5
0.968253968253968 0.967741935483871 0.96875 0.992943548387097 0.81 0.793103448275862 0.833333333333333 0.913793103448276 2 3 39 2 93.5
0.952380952380952 0.967741935483871 0.9375 0.984879032258065 0.78 0.775862068965517 0.785714285714286 0.889573070607553 NA 1 39 3 128.754
1 1 1 1 0.87 0.896551724137931 0.833333333333333 0.894088669950739 5 2 39 3 128.754
1 1 1 1 0.82 0.862068965517241 0.761904761904762 0.831691297208539 8 2 39 3 128.754
1 1 1 1 0.85 0.879310344827586 0.80952380952381 0.894088669950739 10 2 39 3 128.754
0.952380952380952 0.967741935483871 0.9375 0.982862903225806 0.79 0.827586206896552 0.738095238095238 0.892446633825944 1 3 39 3 128.754
0.968253968253968 0.967741935483871 0.96875 0.992943548387097 0.82 0.775862068965517 0.880952380952381 0.904761904761905 2 3 39 3 128.754
