0.870967741935484 0.8875 0.853333333333333 0.948166666666667 0.9 0.945454545454545 0.844444444444444 0.953939393939394 NA 1 82 1 307.677
0.948387096774194 0.9625 0.933333333333333 0.992833333333333 0.9 0.963636363636364 0.822222222222222 0.965656565656566 5 2 82 1 307.677
0.948387096774194 0.9625 0.933333333333333 0.993166666666667 0.9 0.963636363636364 0.822222222222222 0.966868686868687 8 2 82 1 307.677
0.954838709677419 0.9625 0.946666666666667 0.9935 0.91 0.963636363636364 0.844444444444444 0.968080808080808 10 2 82 1 307.677
0.87741935483871 0.9 0.853333333333333 0.943166666666667 0.87 0.909090909090909 0.822222222222222 0.951515151515152 1 3 82 1 307.677
0.935483870967742 0.95 0.92 0.981333333333333 0.88 0.890909090909091 0.866666666666667 0.951515151515152 2 3 82 1 307.677
0.870967741935484 0.8875 0.853333333333333 0.947833333333333 0.9 0.945454545454545 0.844444444444444 0.953939393939394 NA 1 82 2 242.417
0.954838709677419 0.9625 0.946666666666667 0.993 0.9 0.963636363636364 0.822222222222222 0.966464646464646 5 2 82 2 242.417
0.954838709677419 0.9625 0.946666666666667 0.993166666666667 0.9 0.963636363636364 0.822222222222222 0.966464646464646 8 2 82 2 242.417
0.954838709677419 0.9625 0.946666666666667 0.993666666666667 0.91 0.963636363636364 0.844444444444444 0.968080808080808 10 2 82 2 242.417
0.87741935483871 0.9 0.853333333333333 0.941833333333333 0.87 0.909090909090909 0.822222222222222 0.951515151515152 1 3 82 2 242.417
0.935483870967742 0.95 0.92 0.982 0.89 0.909090909090909 0.866666666666667 0.951111111111111 2 3 82 2 242.417
0.870967741935484 0.9 0.84 0.947833333333333 0.9 0.945454545454545 0.844444444444444 0.951515151515152 NA 1 82 3 568.325
0.954838709677419 0.9625 0.946666666666667 0.993 0.9 0.963636363636364 0.822222222222222 0.965656565656566 5 2 82 3 568.325
0.948387096774194 0.9625 0.933333333333333 0.993333333333333 0.9 0.963636363636364 0.822222222222222 0.965252525252525 8 2 82 3 568.325
0.961290322580645 0.9625 0.96 0.993833333333333 0.9 0.963636363636364 0.822222222222222 0.967676767676768 10 2 82 3 568.325
0.87741935483871 0.9 0.853333333333333 0.942166666666667 0.87 0.909090909090909 0.822222222222222 0.949090909090909 1 3 82 3 568.325
0.935483870967742 0.95 0.92 0.981833333333333 0.87 0.890909090909091 0.844444444444444 0.951111111111111 2 3 82 3 568.325
