0.881944444444444 0.882352941176471 0.881578947368421 0.951238390092879 0.77 0.787878787878788 0.761194029850746 0.871551334237901 NA 1 39 1 253.5
0.930555555555556 0.911764705882353 0.947368421052632 0.99109907120743 0.87 0.939393939393939 0.835820895522388 0.940298507462687 5 2 39 1 253.5
0.951388888888889 0.941176470588235 0.960526315789474 0.993421052631579 0.84 0.878787878787879 0.82089552238806 0.931252826775215 8 2 39 1 253.5
0.958333333333333 0.955882352941177 0.960526315789474 0.994969040247678 0.84 0.878787878787879 0.82089552238806 0.928991406603347 10 2 39 1 253.5
0.875 0.897058823529412 0.855263157894737 0.950270897832817 0.76 0.787878787878788 0.746268656716418 0.874265038444143 1 3 39 1 253.5
0.923611111111111 0.955882352941177 0.894736842105263 0.980069659442725 0.81 0.818181818181818 0.805970149253731 0.905020352781547 2 3 39 1 253.5
0.881944444444444 0.882352941176471 0.881578947368421 0.952786377708978 0.77 0.787878787878788 0.761194029850746 0.873812754409769 NA 1 39 2 255.765
0.9375 0.926470588235294 0.947368421052632 0.990712074303406 0.87 0.939393939393939 0.835820895522388 0.94075079149706 5 2 39 2 255.765
0.951388888888889 0.941176470588235 0.960526315789474 0.993614551083591 0.84 0.878787878787879 0.82089552238806 0.931252826775215 8 2 39 2 255.765
0.958333333333333 0.955882352941177 0.960526315789474 0.994775541795666 0.84 0.878787878787879 0.82089552238806 0.930348258706468 10 2 39 2 255.765
0.875 0.882352941176471 0.868421052631579 0.95046439628483 0.78 0.787878787878788 0.776119402985075 0.874265038444143 1 3 39 2 255.765
0.923611111111111 0.955882352941177 0.894736842105263 0.981424148606811 0.81 0.818181818181818 0.805970149253731 0.905020352781547 2 3 39 2 255.765
0.881944444444444 0.882352941176471 0.881578947368421 0.950270897832817 0.79 0.787878787878788 0.791044776119403 0.867933061962913 NA 1 39 3 464.826
0.923611111111111 0.911764705882353 0.934210526315789 0.990905572755418 0.87 0.939393939393939 0.835820895522388 0.939846223428313 5 2 39 3 464.826
0.951388888888889 0.941176470588235 0.960526315789474 0.994388544891641 0.84 0.878787878787879 0.82089552238806 0.933514246947083 8 2 39 3 464.826
1 1 1 1 0.85 0.878787878787879 0.835820895522388 0.854590682948892 10 2 39 3 464.826
0.875 0.897058823529412 0.855263157894737 0.948916408668731 0.79 0.787878787878788 0.791044776119403 0.871551334237901 1 3 39 3 464.826
0.902777777777778 0.911764705882353 0.894736842105263 0.980069659442725 0.82 0.818181818181818 0.82089552238806 0.903211216644052 2 3 39 3 464.826
