0.816666666666667 0.785714285714286 0.84375 0.847098214285714 0.81 0.897959183673469 0.725490196078431 0.871948779511805 NA 1 48 1 75.096
1 1 1 1 0.81 0.938775510204082 0.686274509803922 0.827531012404962 5 2 48 1 75.096
0.95 0.892857142857143 1 0.969308035714286 0.8 0.857142857142857 0.745098039215686 0.821728691476591 8 2 48 1 75.096
1 1 1 1 0.84 0.918367346938776 0.764705882352941 0.843337334933974 10 2 48 1 75.096
0.816666666666667 0.785714285714286 0.84375 0.847098214285714 0.82 0.897959183673469 0.745098039215686 0.879551820728291 1 3 48 1 75.096
0.9 0.892857142857143 0.90625 0.956473214285714 0.83 0.897959183673469 0.764705882352941 0.889555822328931 2 3 48 1 75.096
0.8 0.75 0.84375 0.845982142857143 0.82 0.897959183673469 0.745098039215686 0.87234893957583 NA 1 48 2 106.551
1 1 1 1 0.78 0.938775510204082 0.627450980392157 0.793717486994798 5 2 48 2 106.551
1 1 1 1 0.61 0.612244897959184 0.607843137254902 0.639855942376951 8 2 48 2 106.551
1 1 1 1 0.64 0.73469387755102 0.549019607843137 0.661464585834334 10 2 48 2 106.551
0.816666666666667 0.785714285714286 0.84375 0.845982142857143 0.79 0.857142857142857 0.725490196078431 0.873149259703882 1 3 48 2 106.551
0.9 0.892857142857143 0.90625 0.956473214285714 0.82 0.897959183673469 0.745098039215686 0.889555822328932 2 3 48 2 106.551
0.8 0.75 0.84375 0.844866071428571 0.83 0.897959183673469 0.764705882352941 0.867547018807523 NA 1 48 3 148.714
0.966666666666667 0.964285714285714 0.96875 0.997767857142857 0.76 0.836734693877551 0.686274509803922 0.821928771508603 5 2 48 3 148.714
1 1 1 1 0.79 0.897959183673469 0.686274509803922 0.81172468987595 8 2 48 3 148.714
1 1 1 1 0.76 0.816326530612245 0.705882352941177 0.800120048019208 10 2 48 3 148.714
0.816666666666667 0.821428571428571 0.8125 0.84375 0.78 0.857142857142857 0.705882352941177 0.872749099639856 1 3 48 3 148.714
0.9 0.892857142857143 0.90625 0.955357142857143 0.83 0.897959183673469 0.764705882352941 0.87875150060024 2 3 48 3 148.714
