0.892405063291139 0.902439024390244 0.881578947368421 0.965500641848524 0.86 0.830508474576271 0.902439024390244 0.938817693261678 NA 1 11 1 280.743
0.943037974683544 0.963414634146341 0.921052631578947 0.989569961489089 0.91 0.932203389830508 0.878048780487805 0.977263331955353 5 2 11 1 280.743
0.943037974683544 0.963414634146341 0.921052631578947 0.990211810012837 0.92 0.932203389830508 0.902439024390244 0.98015708970649 8 2 11 1 280.743
0.968354430379747 0.975609756097561 0.960526315789474 0.997753530166881 0.9 0.88135593220339 0.926829268292683 0.975609756097561 10 2 11 1 280.743
0.892405063291139 0.914634146341463 0.868421052631579 0.963896020539153 0.85 0.813559322033898 0.902439024390244 0.932203389830509 1 3 11 1 280.743
0.936708860759494 0.963414634146341 0.907894736842105 0.987965340179718 0.79 0.694915254237288 0.926829268292683 0.960727573377429 2 3 11 1 280.743
0.892405063291139 0.902439024390244 0.881578947368421 0.965661103979461 0.86 0.830508474576271 0.902439024390244 0.93840429929723 NA 1 11 2 415.371
0.943037974683544 0.963414634146341 0.921052631578947 0.98892811296534 0.91 0.932203389830508 0.878048780487805 0.977263331955353 5 2 11 2 415.371
0.943037974683544 0.963414634146341 0.921052631578947 0.990211810012837 0.91 0.915254237288136 0.902439024390244 0.98015708970649 8 2 11 2 415.371
0.968354430379747 0.975609756097561 0.960526315789474 0.997432605905006 0.9 0.88135593220339 0.926829268292683 0.976849937990905 10 2 11 2 415.371
0.89873417721519 0.914634146341463 0.881578947368421 0.963575096277279 0.84 0.796610169491525 0.902439024390244 0.933030177759405 1 3 11 2 415.371
0.936708860759494 0.963414634146341 0.907894736842105 0.988125802310655 0.8 0.711864406779661 0.926829268292683 0.961140967341877 2 3 11 2 415.371
0.892405063291139 0.902439024390244 0.881578947368421 0.964537869062901 0.86 0.830508474576271 0.902439024390244 0.936750723439438 NA 1 11 3 443.352
0.943037974683544 0.963414634146341 0.921052631578947 0.989569961489089 0.91 0.932203389830508 0.878048780487805 0.976436544026457 5 2 11 3 443.352
0.943037974683544 0.963414634146341 0.921052631578947 0.990532734274711 0.92 0.932203389830508 0.902439024390244 0.97809011988425 8 2 11 3 443.352
0.968354430379747 0.975609756097561 0.960526315789474 0.997432605905006 0.89 0.864406779661017 0.926829268292683 0.975196362133113 10 2 11 3 443.352
0.892405063291139 0.914634146341463 0.868421052631579 0.96293324775353 0.85 0.813559322033898 0.902439024390244 0.930963207937164 1 3 11 3 443.352
0.943037974683544 0.963414634146341 0.921052631578947 0.989249037227214 0.79 0.694915254237288 0.926829268292683 0.962381149235221 2 3 11 3 443.352
