0.878048780487805 0.869565217391304 0.888888888888889 0.942028985507246 0.83 0.8 0.86 0.9056 NA 1 30 1 54.828
1 1 1 1 0.85 0.88 0.82 0.8838 5 2 30 1 54.828
1 1 1 1 0.79 0.78 0.8 0.7924 8 2 30 1 54.828
0.975609756097561 1 0.944444444444444 0.955314009661836 0.72 0.82 0.62 0.725 10 2 30 1 54.828
0.926829268292683 0.956521739130435 0.888888888888889 0.942028985507246 0.85 0.84 0.86 0.9472 1 3 30 1 54.828
0.975609756097561 1 0.944444444444444 0.958937198067633 0.79 0.84 0.74 0.9196 2 3 30 1 54.828
0.878048780487805 0.869565217391304 0.888888888888889 0.942028985507246 0.83 0.8 0.86 0.906 NA 1 30 2 83.543
0.975609756097561 1 0.944444444444444 0.96256038647343 0.8 0.88 0.72 0.8032 5 2 30 2 83.543
1 1 1 1 0.73 0.66 0.8 0.7452 8 2 30 2 83.543
1 1 1 1 0.86 0.82 0.9 0.8894 10 2 30 2 83.543
0.926829268292683 0.956521739130435 0.888888888888889 0.942028985507246 0.85 0.84 0.86 0.9476 1 3 30 2 83.543
0.975609756097561 1 0.944444444444444 0.958937198067633 0.79 0.84 0.74 0.9204 2 3 30 2 83.543
0.878048780487805 0.869565217391304 0.888888888888889 0.942028985507246 0.8 0.74 0.86 0.9044 NA 1 30 3 99.58
1 1 1 1 0.77 0.74 0.8 0.8088 5 2 30 3 99.58
1 1 1 1 0.81 0.78 0.84 0.8384 8 2 30 3 99.58
1 1 1 1 0.77 0.72 0.82 0.7916 10 2 30 3 99.58
0.926829268292683 0.956521739130435 0.888888888888889 0.942028985507246 0.87 0.88 0.86 0.9416 1 3 30 3 99.58
0.951219512195122 1 0.888888888888889 0.956521739130435 0.79 0.84 0.74 0.9136 2 3 30 3 99.58
