0.816593886462882 0.818965517241379 0.814159292035398 0.884421727189503 0.82 0.810344827586207 0.833333333333333 0.895730706075534 NA 1 88 1 528.207
0.921397379912664 0.922413793103448 0.920353982300885 0.980164784864205 0.92 0.913793103448276 0.928571428571429 0.9688013136289 5 2 88 1 528.207
0.925764192139738 0.931034482758621 0.920353982300885 0.981003967043027 0.92 0.913793103448276 0.928571428571429 0.968390804597701 8 2 88 1 528.207
0.925764192139738 0.922413793103448 0.929203539823009 0.98764113518462 0.92 0.931034482758621 0.904761904761905 0.97495894909688 10 2 88 1 528.207
0.825327510917031 0.827586206896552 0.823008849557522 0.885947512969179 0.81 0.810344827586207 0.80952380952381 0.887931034482759 1 3 88 1 528.207
0.912663755458515 0.922413793103448 0.902654867256637 0.96750076289289 0.89 0.862068965517241 0.928571428571429 0.959770114942529 2 3 88 1 528.207
0.816593886462882 0.818965517241379 0.814159292035398 0.884726884345438 0.82 0.810344827586207 0.833333333333333 0.894088669950739 NA 1 88 2 479.25
0.921397379912664 0.922413793103448 0.920353982300885 0.980088495575221 0.92 0.913793103448276 0.928571428571429 0.969211822660099 5 2 88 2 479.25
0.925764192139738 0.931034482758621 0.920353982300885 0.980546231309124 0.92 0.913793103448276 0.928571428571429 0.969211822660099 8 2 88 2 479.25
0.930131004366812 0.922413793103448 0.938053097345133 0.987946292340555 0.92 0.931034482758621 0.904761904761905 0.974548440065681 10 2 88 2 479.25
0.825327510917031 0.827586206896552 0.823008849557522 0.885947512969179 0.81 0.810344827586207 0.80952380952381 0.890804597701149 1 3 88 2 479.25
0.91703056768559 0.931034482758621 0.902654867256637 0.967577052181874 0.89 0.862068965517241 0.928571428571429 0.95935960591133 2 3 88 2 479.25
0.820960698689956 0.827586206896552 0.814159292035398 0.886023802258163 0.81 0.810344827586207 0.80952380952381 0.896141215106732 NA 1 88 3 1000.368
0.91703056768559 0.922413793103448 0.911504424778761 0.980088495575221 0.92 0.913793103448276 0.928571428571429 0.967980295566502 5 2 88 3 1000.368
0.925764192139738 0.931034482758621 0.920353982300885 0.980775099176076 0.91 0.896551724137931 0.928571428571429 0.9688013136289 8 2 88 3 1000.368
0.921397379912664 0.922413793103448 0.920353982300885 0.987564845895636 0.93 0.948275862068966 0.904761904761905 0.973727422003284 10 2 88 3 1000.368
0.838427947598253 0.844827586206897 0.831858407079646 0.886405248703082 0.82 0.810344827586207 0.833333333333333 0.885878489326765 1 3 88 3 1000.368
0.912663755458515 0.922413793103448 0.902654867256637 0.96910283796155 0.89 0.862068965517241 0.928571428571429 0.95935960591133 2 3 88 3 1000.368
