0.868852459016393 0.885714285714286 0.846153846153846 0.942857142857143 0.69 0.659574468085106 0.716981132075472 0.773183460457648 NA 1 50 1 69.389
1 1 1 1 0.86 0.808510638297872 0.905660377358491 0.870734644720996 5 2 50 1 69.389
1 1 1 1 0.82 0.723404255319149 0.905660377358491 0.824167001204336 8 2 50 1 69.389
1 1 1 1 0.79 0.74468085106383 0.830188679245283 0.822962665596146 10 2 50 1 69.389
0.868852459016393 0.914285714285714 0.807692307692308 0.93956043956044 0.71 0.723404255319149 0.69811320754717 0.81413087113609 1 3 50 1 69.389
0.950819672131147 1 0.884615384615385 0.997802197802198 0.73 0.723404255319149 0.735849056603774 0.83701324769169 2 3 50 1 69.389
0.868852459016393 0.885714285714286 0.846153846153846 0.942857142857143 0.68 0.659574468085106 0.69811320754717 0.773584905660377 NA 1 50 2 53.236
1 1 1 1 0.73 0.574468085106383 0.867924528301887 0.722802087515054 5 2 50 2 53.236
1 1 1 1 0.83 0.765957446808511 0.886792452830189 0.830590124448013 8 2 50 2 53.236
1 1 1 1 0.81 0.723404255319149 0.886792452830189 0.815134484142915 10 2 50 2 53.236
0.868852459016393 0.914285714285714 0.807692307692308 0.938461538461538 0.72 0.74468085106383 0.69811320754717 0.822561220393416 1 3 50 2 53.236
0.950819672131147 1 0.884615384615385 0.997802197802198 0.76 0.765957446808511 0.754716981132076 0.839020473705339 2 3 50 2 53.236
0.868852459016393 0.885714285714286 0.846153846153846 0.93956043956044 0.69 0.638297872340426 0.735849056603774 0.770373344038539 NA 1 50 3 107.464
1 1 1 1 0.85 0.787234042553192 0.905660377358491 0.858892011240466 5 2 50 3 107.464
1 1 1 1 0.67 0.723404255319149 0.622641509433962 0.745885186672019 8 2 50 3 107.464
1 1 1 1 0.81 0.808510638297872 0.811320754716981 0.849056603773585 10 2 50 3 107.464
0.868852459016393 0.914285714285714 0.807692307692308 0.936263736263736 0.73 0.74468085106383 0.716981132075472 0.812926535527901 1 3 50 3 107.464
0.967213114754098 1 0.923076923076923 0.998901098901099 0.73 0.723404255319149 0.735849056603774 0.832195905258932 2 3 50 3 107.464
