0.904109589041096 0.928571428571429 0.870967741935484 0.976958525345622 0.84 0.844444444444444 0.836363636363636 0.943434343434344 NA 1 91 1 64.076
0.958904109589041 0.952380952380952 0.967741935483871 0.990015360983103 0.9 0.911111111111111 0.890909090909091 0.954747474747475 5 2 91 1 64.076
1 1 1 1 0.92 0.888888888888889 0.945454545454545 0.931111111111111 8 2 91 1 64.076
1 1 1 1 0.9 0.888888888888889 0.909090909090909 0.913535353535354 10 2 91 1 64.076
0.931506849315068 0.952380952380952 0.903225806451613 0.976958525345622 0.83 0.844444444444444 0.818181818181818 0.945858585858586 1 3 91 1 64.076
0.917808219178082 0.880952380952381 0.967741935483871 0.994623655913978 0.86 0.866666666666667 0.854545454545454 0.944646464646465 2 3 91 1 64.076
0.931506849315068 0.952380952380952 0.903225806451613 0.978494623655914 0.84 0.844444444444444 0.836363636363636 0.943434343434343 NA 1 91 2 59.909
0.958904109589041 0.952380952380952 0.967741935483871 0.991551459293395 0.89 0.911111111111111 0.872727272727273 0.954343434343434 5 2 91 2 59.909
1 1 1 1 0.9 0.866666666666667 0.927272727272727 0.932121212121212 8 2 91 2 59.909
1 1 1 1 0.9 0.866666666666667 0.927272727272727 0.892121212121212 10 2 91 2 59.909
0.945205479452055 0.952380952380952 0.935483870967742 0.977726574500768 0.84 0.844444444444444 0.836363636363636 0.947474747474747 1 3 91 2 59.909
0.917808219178082 0.880952380952381 0.967741935483871 0.993855606758833 0.86 0.866666666666667 0.854545454545454 0.946262626262626 2 3 91 2 59.909
0.904109589041096 0.928571428571429 0.870967741935484 0.976190476190476 0.84 0.844444444444444 0.836363636363636 0.947070707070707 NA 1 91 3 107.615
0.972602739726027 0.976190476190476 0.967741935483871 0.986175115207373 0.9 0.888888888888889 0.909090909090909 0.953535353535354 5 2 91 3 107.615
1 1 1 1 0.84 0.866666666666667 0.818181818181818 0.859393939393939 8 2 91 3 107.615
1 1 1 1 0.86 0.888888888888889 0.836363636363636 0.881212121212121 10 2 91 3 107.615
0.931506849315068 0.976190476190476 0.870967741935484 0.973118279569892 0.83 0.844444444444444 0.818181818181818 0.95030303030303 1 3 91 3 107.615
0.917808219178082 0.880952380952381 0.967741935483871 0.993087557603687 0.85 0.844444444444444 0.854545454545454 0.943434343434343 2 3 91 3 107.615
