0.923076923076923 0.96 0.888888888888889 0.971851851851852 0.86 0.891304347826087 0.833333333333333 0.946457326892109 NA 1 67 1 85.995
1 1 1 1 0.77 0.91304347826087 0.648148148148148 0.794484702093398 5 2 67 1 85.995
1 1 1 1 0.86 0.956521739130435 0.777777777777778 0.888687600644122 8 2 67 1 85.995
1 1 1 1 0.81 0.891304347826087 0.740740740740741 0.82950885668277 10 2 67 1 85.995
0.865384615384615 0.84 0.888888888888889 0.965925925925926 0.87 0.891304347826087 0.851851851851852 0.946054750402576 1 3 67 1 85.995
0.961538461538462 0.96 0.962962962962963 0.995555555555556 0.87 0.934782608695652 0.814814814814815 0.959339774557166 2 3 67 1 85.995
0.903846153846154 0.92 0.888888888888889 0.968888888888889 0.87 0.91304347826087 0.833333333333333 0.94524959742351 NA 1 67 2 172.654
1 1 1 1 0.85 0.934782608695652 0.777777777777778 0.871175523349436 5 2 67 2 172.654
1 1 1 1 0.88 0.891304347826087 0.87037037037037 0.902777777777778 8 2 67 2 172.654
1 1 1 1 0.87 0.91304347826087 0.833333333333333 0.893317230273752 10 2 67 2 172.654
0.865384615384615 0.84 0.888888888888889 0.965925925925926 0.87 0.91304347826087 0.833333333333333 0.948470209339775 1 3 67 2 172.654
0.961538461538462 0.96 0.962962962962963 0.995555555555556 0.85 0.934782608695652 0.777777777777778 0.956924315619968 2 3 67 2 172.654
0.923076923076923 0.96 0.888888888888889 0.97037037037037 0.87 0.91304347826087 0.833333333333333 0.940821256038647 NA 1 67 3 156.153
1 1 1 1 0.82 0.847826086956522 0.796296296296296 0.883454106280193 5 2 67 3 156.153
1 1 1 1 0.82 0.91304347826087 0.740740740740741 0.838164251207729 8 2 67 3 156.153
1 1 1 1 0.88 0.91304347826087 0.851851851851852 0.902375201288245 10 2 67 3 156.153
0.865384615384615 0.84 0.888888888888889 0.964444444444444 0.87 0.91304347826087 0.833333333333333 0.943236714975845 1 3 67 3 156.153
0.961538461538462 0.96 0.962962962962963 0.997037037037037 0.82 0.934782608695652 0.722222222222222 0.946054750402576 2 3 67 3 156.153
