0.881578947368421 0.878048780487805 0.885714285714286 0.968641114982578 0.81 0.87037037037037 0.739130434782609 0.893719806763285 NA 1 81 1 127.362
0.986842105263158 0.975609756097561 1 0.984668989547038 0.82 0.833333333333333 0.804347826086957 0.847826086956522 5 2 81 1 127.362
1 1 1 1 0.76 0.796296296296296 0.717391304347826 0.803945249597424 8 2 81 1 127.362
1 1 1 1 0.88 0.944444444444444 0.804347826086957 0.88305152979066 10 2 81 1 127.362
0.921052631578947 0.926829268292683 0.914285714285714 0.967247386759582 0.74 0.814814814814815 0.652173913043478 0.859500805152979 1 3 81 1 127.362
0.960526315789474 0.975609756097561 0.942857142857143 0.987456445993031 0.8 0.907407407407407 0.673913043478261 0.886876006441224 2 3 81 1 127.362
0.894736842105263 0.902439024390244 0.885714285714286 0.969337979094077 0.82 0.888888888888889 0.739130434782609 0.895330112721417 NA 1 81 2 154.789
0.960526315789474 0.951219512195122 0.971428571428571 0.952613240418118 0.76 0.833333333333333 0.673913043478261 0.791867954911433 5 2 81 2 154.789
1 1 1 1 0.89 0.944444444444444 0.826086956521739 0.900966183574879 8 2 81 2 154.789
1 1 1 1 0.75 0.777777777777778 0.717391304347826 0.789855072463768 10 2 81 2 154.789
0.921052631578947 0.926829268292683 0.914285714285714 0.96794425087108 0.73 0.796296296296296 0.652173913043478 0.857487922705314 1 3 81 2 154.789
0.960526315789474 0.975609756097561 0.942857142857143 0.98815331010453 0.81 0.925925925925926 0.673913043478261 0.886876006441224 2 3 81 2 154.789
0.868421052631579 0.878048780487805 0.857142857142857 0.966550522648084 0.78 0.814814814814815 0.739130434782609 0.888486312399356 NA 1 81 3 209.046
1 1 1 1 0.89 0.944444444444444 0.826086956521739 0.896940418679549 5 2 81 3 209.046
1 1 1 1 0.9 0.962962962962963 0.826086956521739 0.886876006441224 8 2 81 3 209.046
1 1 1 1 0.88 0.944444444444444 0.804347826086957 0.908212560386473 10 2 81 3 209.046
0.894736842105263 0.902439024390244 0.885714285714286 0.965156794425087 0.75 0.814814814814815 0.673913043478261 0.857487922705314 1 3 81 3 209.046
0.960526315789474 0.975609756097561 0.942857142857143 0.98815331010453 0.79 0.888888888888889 0.673913043478261 0.886876006441224 2 3 81 3 209.046
