0.883561643835616 0.94047619047619 0.806451612903226 0.931259600614439 0.84 0.88 0.8 0.9152 NA 1 76 1 230.499
0.952054794520548 0.988095238095238 0.903225806451613 0.975806451612903 0.91 0.9 0.92 0.9696 5 2 76 1 230.499
0.952054794520548 0.988095238095238 0.903225806451613 0.975614439324117 0.91 0.9 0.92 0.9668 8 2 76 1 230.499
0.952054794520548 0.988095238095238 0.903225806451613 0.976574500768049 0.91 0.9 0.92 0.9672 10 2 76 1 230.499
0.876712328767123 0.928571428571429 0.806451612903226 0.930875576036866 0.81 0.88 0.74 0.908 1 3 76 1 230.499
0.924657534246575 0.964285714285714 0.870967741935484 0.964861751152074 0.87 0.9 0.84 0.9496 2 3 76 1 230.499
0.883561643835616 0.94047619047619 0.806451612903226 0.932027649769585 0.84 0.88 0.8 0.916 NA 1 76 2 313.43
0.952054794520548 0.988095238095238 0.903225806451613 0.97542242703533 0.91 0.9 0.92 0.97 5 2 76 2 313.43
0.952054794520548 0.988095238095238 0.903225806451613 0.975038402457757 0.91 0.9 0.92 0.9668 8 2 76 2 313.43
0.945205479452055 0.976190476190476 0.903225806451613 0.97599846390169 0.91 0.9 0.92 0.9664 10 2 76 2 313.43
0.883561643835616 0.928571428571429 0.82258064516129 0.931643625192012 0.83 0.88 0.78 0.908 1 3 76 2 313.43
0.931506849315068 0.964285714285714 0.887096774193548 0.965821812596006 0.85 0.86 0.84 0.9476 2 3 76 2 313.43
0.883561643835616 0.928571428571429 0.82258064516129 0.930875576036866 0.84 0.88 0.8 0.9112 NA 1 76 3 501.7
0.952054794520548 0.988095238095238 0.903225806451613 0.975614439324117 0.91 0.9 0.92 0.9672 5 2 76 3 501.7
0.952054794520548 0.988095238095238 0.903225806451613 0.977150537634409 0.91 0.9 0.92 0.9656 8 2 76 3 501.7
0.952054794520548 0.988095238095238 0.903225806451613 0.977342549923195 0.91 0.9 0.92 0.9648 10 2 76 3 501.7
0.86986301369863 0.916666666666667 0.806451612903226 0.932219662058372 0.81 0.86 0.76 0.9048 1 3 76 3 501.7
0.931506849315068 0.952380952380952 0.903225806451613 0.965437788018433 0.86 0.9 0.82 0.9472 2 3 76 3 501.7
