0.836363636363636 0.833333333333333 0.839285714285714 0.932457010582011 0.87 0.916666666666667 0.826923076923077 0.936698717948718 NA 1 73 1 338.918
0.927272727272727 0.916666666666667 0.9375 0.979497354497355 0.93 1 0.865384615384615 0.985977564102564 5 2 73 1 338.918
0.945454545454545 0.944444444444444 0.946428571428571 0.983630952380952 0.92 0.979166666666667 0.865384615384615 0.983173076923077 8 2 73 1 338.918
0.945454545454545 0.944444444444444 0.946428571428571 0.983878968253968 0.91 0.979166666666667 0.846153846153846 0.982371794871795 10 2 73 1 338.918
0.845454545454545 0.833333333333333 0.857142857142857 0.932953042328042 0.86 0.895833333333333 0.826923076923077 0.939102564102564 1 3 73 1 338.918
0.945454545454545 0.935185185185185 0.955357142857143 0.981068121693122 0.91 0.958333333333333 0.865384615384615 0.957932692307692 2 3 73 1 338.918
0.836363636363636 0.833333333333333 0.839285714285714 0.934689153439153 0.87 0.916666666666667 0.826923076923077 0.940705128205128 NA 1 73 2 301.349
0.927272727272727 0.916666666666667 0.9375 0.97974537037037 0.93 1 0.865384615384615 0.985977564102564 5 2 73 2 301.349
0.945454545454545 0.944444444444444 0.946428571428571 0.983465608465608 0.92 0.979166666666667 0.865384615384615 0.983173076923077 8 2 73 2 301.349
0.945454545454545 0.944444444444444 0.946428571428571 0.98354828042328 0.91 0.979166666666667 0.846153846153846 0.982371794871795 10 2 73 2 301.349
0.859090909090909 0.87037037037037 0.848214285714286 0.933779761904762 0.85 0.916666666666667 0.788461538461538 0.939503205128205 1 3 73 2 301.349
0.945454545454545 0.935185185185185 0.955357142857143 0.981646825396825 0.91 0.958333333333333 0.865384615384615 0.959134615384615 2 3 73 2 301.349
0.845454545454545 0.842592592592593 0.848214285714286 0.932622354497355 0.83 0.833333333333333 0.826923076923077 0.931490384615385 NA 1 73 3 612.846
0.927272727272727 0.916666666666667 0.9375 0.979828042328042 0.92 0.979166666666667 0.865384615384615 0.986378205128205 5 2 73 3 612.846
0.945454545454545 0.944444444444444 0.946428571428571 0.98354828042328 0.91 0.979166666666667 0.846153846153846 0.981971153846154 8 2 73 3 612.846
0.945454545454545 0.944444444444444 0.946428571428571 0.98396164021164 0.91 0.979166666666667 0.846153846153846 0.980769230769231 10 2 73 3 612.846
0.854545454545454 0.851851851851852 0.857142857142857 0.932043650793651 0.82 0.854166666666667 0.788461538461538 0.930689102564103 1 3 73 3 612.846
0.945454545454545 0.935185185185185 0.955357142857143 0.982060185185185 0.91 0.958333333333333 0.865384615384615 0.955528846153846 2 3 73 3 612.846
