0.888888888888889 0.818181818181818 0.948717948717949 0.91996891996892 0.82 0.792452830188679 0.851063829787234 0.918908069048575 NA 1 22 1 108.108
1 1 1 1 0.86 0.830188679245283 0.893617021276596 0.877759935768768 5 2 22 1 108.108
1 1 1 1 0.78 0.811320754716981 0.74468085106383 0.834203131272581 8 2 22 1 108.108
1 1 1 1 0.76 0.754716981132076 0.765957446808511 0.813127258129265 10 2 22 1 108.108
0.902777777777778 0.848484848484849 0.948717948717949 0.916083916083916 0.84 0.811320754716981 0.872340425531915 0.924528301886792 1 3 22 1 108.108
0.986111111111111 1 0.974358974358974 0.997668997668998 0.79 0.773584905660377 0.808510638297872 0.90646326776395 2 3 22 1 108.108
0.888888888888889 0.818181818181818 0.948717948717949 0.920745920745921 0.83 0.792452830188679 0.872340425531915 0.920112404656764 NA 1 22 2 103.905
1 1 1 1 0.85 0.811320754716981 0.893617021276596 0.876756322761943 5 2 22 2 103.905
1 1 1 1 0.84 0.792452830188679 0.893617021276596 0.876756322761943 8 2 22 2 103.905
1 1 1 1 0.86 0.811320754716981 0.914893617021277 0.89542352468888 10 2 22 2 103.905
0.902777777777778 0.848484848484849 0.948717948717949 0.917637917637918 0.84 0.811320754716981 0.872340425531915 0.921718185467684 1 3 22 2 103.905
0.986111111111111 1 0.974358974358974 0.997668997668998 0.79 0.773584905660377 0.808510638297872 0.905660377358491 2 3 22 2 103.905
0.888888888888889 0.818181818181818 0.948717948717949 0.916083916083916 0.81 0.792452830188679 0.829787234042553 0.918105178643115 NA 1 22 3 185.052
1 1 1 1 0.85 0.792452830188679 0.914893617021277 0.878763548775592 5 2 22 3 185.052
1 1 1 1 0.8 0.811320754716981 0.787234042553192 0.867121637896427 8 2 22 3 185.052
1 1 1 1 0.86 0.811320754716981 0.914893617021277 0.868325973504617 10 2 22 3 185.052
0.902777777777778 0.848484848484849 0.948717948717949 0.916083916083916 0.83 0.792452830188679 0.872340425531915 0.923323966278603 1 3 22 3 185.052
0.986111111111111 1 0.974358974358974 0.997668997668998 0.79 0.773584905660377 0.808510638297872 0.90686471296668 2 3 22 3 185.052
