0.934210526315789 0.921052631578947 0.947368421052632 0.988227146814404 0.85 0.803921568627451 0.897959183673469 0.941976790716286 NA 1 88 1 90.453
1 1 1 1 0.82 0.823529411764706 0.816326530612245 0.82452981192477 5 2 88 1 90.453
1 1 1 1 0.79 0.764705882352941 0.816326530612245 0.802120848339336 8 2 88 1 90.453
1 1 1 1 0.83 0.803921568627451 0.857142857142857 0.843737494997999 10 2 88 1 90.453
0.934210526315789 0.947368421052632 0.921052631578947 0.978531855955679 0.86 0.823529411764706 0.897959183673469 0.921168467386955 1 3 88 1 90.453
0.960526315789474 0.947368421052632 0.973684210526316 0.997229916897507 0.82 0.725490196078431 0.918367346938776 0.937575030012005 2 3 88 1 90.453
0.934210526315789 0.921052631578947 0.947368421052632 0.987534626038781 0.85 0.803921568627451 0.897959183673469 0.944777911164466 NA 1 88 2 98.992
1 1 1 1 0.81 0.803921568627451 0.816326530612245 0.83093237294918 5 2 88 2 98.992
1 1 1 1 0.79 0.764705882352941 0.816326530612245 0.817927170868347 8 2 88 2 98.992
1 1 1 1 0.82 0.803921568627451 0.836734693877551 0.854141656662665 10 2 88 2 98.992
0.934210526315789 0.947368421052632 0.921052631578947 0.979224376731302 0.86 0.823529411764706 0.897959183673469 0.923969587835134 1 3 88 2 98.992
0.960526315789474 0.947368421052632 0.973684210526316 0.997229916897507 0.82 0.725490196078431 0.918367346938776 0.93797519007603 2 3 88 2 98.992
0.921052631578947 0.921052631578947 0.921052631578947 0.988227146814404 0.85 0.784313725490196 0.918367346938776 0.937174869947979 NA 1 88 3 197.687
1 1 1 1 0.79 0.803921568627451 0.775510204081633 0.811924769907963 5 2 88 3 197.687
1 1 1 1 0.77 0.745098039215686 0.795918367346939 0.773709483793517 8 2 88 3 197.687
1 1 1 1 0.77 0.745098039215686 0.795918367346939 0.807523009203681 10 2 88 3 197.687
0.947368421052632 0.947368421052632 0.947368421052632 0.975761772853186 0.86 0.823529411764706 0.897959183673469 0.92156862745098 1 3 88 3 197.687
0.960526315789474 0.947368421052632 0.973684210526316 0.99584487534626 0.8 0.686274509803922 0.918367346938776 0.933173269307723 2 3 88 3 197.687
