0.857142857142857 0.7 0.92 0.924 0.72 0.5 0.892857142857143 0.801948051948052 NA 1 39 1 40.318
1 1 1 1 0.81 0.704545454545455 0.892857142857143 0.883116883116883 5 2 39 1 40.318
1 1 1 1 0.88 0.818181818181818 0.928571428571429 0.935673701298701 8 2 39 1 40.318
1 1 1 1 0.8 0.75 0.839285714285714 0.835633116883117 10 2 39 1 40.318
0.714285714285714 0 1 0.852 0.56 0 1 0.845373376623377 1 3 39 1 40.318
1 1 1 1 0.8 0.704545454545455 0.875 0.905438311688312 2 3 39 1 40.318
0.857142857142857 0.7 0.92 0.928 0.71 0.477272727272727 0.892857142857143 0.810470779220779 NA 1 39 2 56.843
0.971428571428571 0.9 1 0.944 0.77 0.590909090909091 0.910714285714286 0.79200487012987 5 2 39 2 56.843
1 1 1 1 0.83 0.840909090909091 0.821428571428571 0.897118506493506 8 2 39 2 56.843
1 1 1 1 0.71 0.659090909090909 0.75 0.75487012987013 10 2 39 2 56.843
0.714285714285714 0 1 0.856 0.56 0 1 0.851055194805195 1 3 39 2 56.843
1 1 1 1 0.8 0.704545454545455 0.875 0.907061688311688 2 3 39 2 56.843
0.857142857142857 0.7 0.92 0.92 0.72 0.5 0.892857142857143 0.786931818181818 NA 1 39 3 74.17
1 1 1 1 0.85 0.772727272727273 0.910714285714286 0.908685064935065 5 2 39 3 74.17
1 1 1 1 0.87 0.75 0.964285714285714 0.907873376623377 8 2 39 3 74.17
1 1 1 1 0.79 0.772727272727273 0.803571428571429 0.781858766233766 10 2 39 3 74.17
0.714285714285714 0 1 0.86 0.56 0 1 0.837662337662338 1 3 39 3 74.17
1 1 1 1 0.77 0.659090909090909 0.857142857142857 0.894074675324675 2 3 39 3 74.17
