0.86058981233244 0.854166666666667 0.867403314917127 0.934680018416206 0.89 0.901960784313726 0.877551020408163 0.935974389755902 NA 1 86 1 670.392
0.919571045576407 0.921875 0.917127071823204 0.982159300184162 0.92 0.92156862745098 0.918367346938776 0.978791516606643 5 2 86 1 670.392
0.922252010723861 0.921875 0.922651933701657 0.9826197053407 0.91 0.901960784313726 0.918367346938776 0.979591836734694 8 2 86 1 670.392
0.924932975871314 0.927083333333333 0.922651933701657 0.982821132596685 0.91 0.901960784313726 0.918367346938776 0.97999199679872 10 2 86 1 670.392
0.86058981233244 0.875 0.845303867403315 0.9339894106814 0.86 0.882352941176471 0.836734693877551 0.926770708283313 1 3 86 1 670.392
0.935656836461126 0.9375 0.933701657458563 0.977152394106814 0.89 0.901960784313726 0.877551020408163 0.967987194877951 2 3 86 1 670.392
0.86058981233244 0.859375 0.861878453038674 0.935140423572744 0.87 0.882352941176471 0.857142857142857 0.93797519007603 NA 1 86 2 525.263
0.919571045576407 0.921875 0.917127071823204 0.982245626151013 0.92 0.92156862745098 0.918367346938776 0.978791516606643 5 2 86 2 525.263
0.922252010723861 0.921875 0.922651933701657 0.982533379373849 0.91 0.901960784313726 0.918367346938776 0.979591836734694 8 2 86 2 525.263
0.927613941018767 0.932291666666667 0.922651933701657 0.982763581952118 0.91 0.901960784313726 0.918367346938776 0.979591836734694 10 2 86 2 525.263
0.86058981233244 0.869791666666667 0.850828729281768 0.934248388581952 0.86 0.882352941176471 0.836734693877551 0.931972789115646 1 3 86 2 525.263
0.935656836461126 0.9375 0.933701657458563 0.977267495395948 0.9 0.92156862745098 0.877551020408163 0.967987194877951 2 3 86 2 525.263
0.857908847184987 0.854166666666667 0.861878453038674 0.934363489871087 0.89 0.901960784313726 0.877551020408163 0.935974389755902 NA 1 86 3 947.091
0.922252010723861 0.921875 0.922651933701657 0.98198664825046 0.93 0.941176470588235 0.918367346938776 0.979591836734694 5 2 86 3 947.091
0.922252010723861 0.921875 0.922651933701657 0.982504604051565 0.91 0.901960784313726 0.918367346938776 0.978791516606643 8 2 86 3 947.091
0.924932975871314 0.927083333333333 0.922651933701657 0.9826197053407 0.91 0.901960784313726 0.918367346938776 0.97999199679872 10 2 86 3 947.091
0.868632707774799 0.880208333333333 0.856353591160221 0.934852670349908 0.88 0.882352941176471 0.877551020408163 0.927170868347339 1 3 86 3 947.091
0.935656836461126 0.9375 0.933701657458563 0.976634438305709 0.88 0.901960784313726 0.857142857142857 0.965586234493798 2 3 86 3 947.091
