0.85792349726776 0.885245901639344 0.830601092896175 0.934724835020454 0.85 0.847457627118644 0.853658536585366 0.899545266639107 NA 1 85 1 916.546
0.937158469945355 0.945355191256831 0.92896174863388 0.98536832989937 0.88 0.898305084745763 0.853658536585366 0.940884663083919 5 2 85 1 916.546
0.942622950819672 0.945355191256831 0.939890710382514 0.988354385021948 0.88 0.898305084745763 0.853658536585366 0.939644481190575 8 2 85 1 916.546
0.939890710382514 0.945355191256831 0.934426229508197 0.989100898802592 0.88 0.898305084745763 0.853658536585366 0.937577511368334 10 2 85 1 916.546
0.860655737704918 0.885245901639344 0.836065573770492 0.935172743288841 0.85 0.847457627118644 0.853658536585366 0.9011988424969 1 3 85 1 916.546
0.931693989071038 0.950819672131147 0.912568306010929 0.980829526113052 0.89 0.898305084745763 0.878048780487805 0.938817693261678 2 3 85 1 916.546
0.85792349726776 0.885245901639344 0.830601092896175 0.934963719430261 0.84 0.830508474576271 0.853658536585366 0.898305084745763 NA 1 85 2 667.145
0.937158469945355 0.945355191256831 0.92896174863388 0.98536832989937 0.88 0.898305084745763 0.853658536585366 0.939644481190575 5 2 85 2 667.145
0.942622950819672 0.945355191256831 0.939890710382514 0.988145361163367 0.88 0.898305084745763 0.853658536585366 0.937990905332782 8 2 85 2 667.145
0.939890710382514 0.945355191256831 0.934426229508197 0.989309922661172 0.88 0.898305084745763 0.853658536585366 0.935923935510542 10 2 85 2 667.145
0.855191256830601 0.879781420765027 0.830601092896175 0.935172743288841 0.85 0.847457627118644 0.853658536585366 0.900372054568003 1 3 85 2 667.145
0.931693989071038 0.950819672131147 0.912568306010929 0.980829526113052 0.89 0.898305084745763 0.878048780487805 0.937577511368334 2 3 85 2 667.145
0.863387978142076 0.890710382513661 0.836065573770492 0.936456746991549 0.85 0.847457627118644 0.853658536585366 0.90326581231914 NA 1 85 3 1721.553
0.934426229508197 0.939890710382514 0.92896174863388 0.985189166592015 0.88 0.898305084745763 0.853658536585366 0.945845390657296 5 2 85 3 1721.553
0.939890710382514 0.945355191256831 0.934426229508197 0.98826480336827 0.9 0.915254237288136 0.878048780487805 0.9450186027284 8 2 85 3 1721.553
0.939890710382514 0.945355191256831 0.934426229508197 0.988682851085431 0.89 0.898305084745763 0.878048780487805 0.943778420835056 10 2 85 3 1721.553
0.866120218579235 0.896174863387978 0.836065573770492 0.936635910298904 0.85 0.847457627118644 0.853658536585366 0.90326581231914 1 3 85 3 1721.553
0.931693989071038 0.945355191256831 0.918032786885246 0.981874645405954 0.89 0.898305084745763 0.878048780487805 0.940057875155023 2 3 85 3 1721.553
