0.862448418156809 0.866096866096866 0.859042553191489 0.932222525307632 0.89 0.912280701754386 0.86046511627907 0.94124847001224 NA 1 17 1 1187.688
0.924346629986245 0.928774928774929 0.920212765957447 0.976753349093775 0.95 0.929824561403509 0.976744186046512 0.982864137086903 5 2 17 1 1187.688
0.928473177441541 0.937321937321937 0.920212765957447 0.977427714129842 0.95 0.929824561403509 0.976744186046512 0.986536107711138 8 2 17 1 1187.688
0.932599724896836 0.937321937321937 0.928191489361702 0.978382433169667 0.95 0.947368421052632 0.953488372093023 0.988984088127295 10 2 17 1 1187.688
0.872077028885832 0.88034188034188 0.86436170212766 0.932798387585622 0.88 0.894736842105263 0.86046511627907 0.944104447164423 1 3 17 1 1187.688
0.936726272352132 0.943019943019943 0.930851063829787 0.980216099896951 0.94 0.929824561403509 0.953488372093023 0.988576091391269 2 3 17 1 1187.688
0.861072902338377 0.863247863247863 0.859042553191489 0.932222525307632 0.89 0.912280701754386 0.86046511627907 0.942880456956344 NA 1 17 2 1131.633
0.924346629986245 0.928774928774929 0.920212765957447 0.976806389040432 0.95 0.929824561403509 0.976744186046512 0.982864137086903 5 2 17 2 1131.633
0.928473177441541 0.937321937321937 0.920212765957447 0.977473176941262 0.95 0.929824561403509 0.976744186046512 0.986944104447164 8 2 17 2 1131.633
0.931224209078404 0.934472934472934 0.928191489361702 0.978526398739165 0.95 0.947368421052632 0.953488372093023 0.988984088127295 10 2 17 2 1131.633
0.8707015130674 0.88034188034188 0.861702127659574 0.932669576286598 0.88 0.894736842105263 0.86046511627907 0.943696450428397 1 3 17 2 1131.633
0.933975240715268 0.94017094017094 0.928191489361702 0.980352488331212 0.93 0.912280701754386 0.953488372093023 0.988576091391269 2 3 17 2 1131.633
0.869325997248968 0.877492877492878 0.861702127659574 0.93194974843911 0.88 0.894736842105263 0.86046511627907 0.938800489596083 NA 1 17 3 2111.153
0.924346629986245 0.928774928774929 0.920212765957447 0.976700309147118 0.95 0.929824561403509 0.976744186046512 0.982456140350877 5 2 17 3 2111.153
0.925722145804677 0.934472934472934 0.917553191489362 0.977329211371765 0.95 0.929824561403509 0.976744186046512 0.986128110975112 8 2 17 3 2111.153
0.929848693259972 0.934472934472934 0.925531914893617 0.978117233436382 0.96 0.947368421052632 0.976744186046512 0.988984088127295 10 2 17 3 2111.153
0.861072902338377 0.877492877492878 0.845744680851064 0.932722616233254 0.87 0.859649122807018 0.883720930232558 0.940024479804161 1 3 17 3 2111.153
0.936726272352132 0.945868945868946 0.928191489361702 0.979405346426623 0.96 0.964912280701754 0.953488372093023 0.988576091391269 2 3 17 3 2111.153
