0.847457627118644 0.872881355932203 0.822033898305085 0.923800632002298 0.88 0.9 0.86 0.928 NA 1 10 1 227.857
0.915254237288136 0.923728813559322 0.906779661016949 0.972421717897156 0.95 0.96 0.94 0.9888 5 2 10 1 227.857
0.919491525423729 0.923728813559322 0.915254237288136 0.978310830221201 0.93 0.92 0.94 0.9788 8 2 10 1 227.857
0.919491525423729 0.923728813559322 0.915254237288136 0.979531743751796 0.93 0.92 0.94 0.9772 10 2 10 1 227.857
0.838983050847458 0.872881355932203 0.805084745762712 0.923226084458489 0.89 0.92 0.86 0.9368 1 3 10 1 227.857
0.911016949152542 0.932203389830508 0.889830508474576 0.972924446997989 0.89 0.9 0.88 0.9688 2 3 10 1 227.857
0.847457627118644 0.872881355932203 0.822033898305085 0.924375179546107 0.88 0.9 0.86 0.9272 NA 1 10 2 276.363
0.915254237288136 0.923728813559322 0.906779661016949 0.972493536340132 0.95 0.96 0.94 0.9892 5 2 10 2 276.363
0.919491525423729 0.923728813559322 0.915254237288136 0.977808101120368 0.93 0.92 0.94 0.9784 8 2 10 2 276.363
0.923728813559322 0.923728813559322 0.923728813559322 0.979100833093939 0.94 0.94 0.94 0.9776 10 2 10 2 276.363
0.843220338983051 0.872881355932203 0.813559322033898 0.922292444699799 0.88 0.92 0.84 0.9388 1 3 10 2 276.363
0.915254237288136 0.932203389830508 0.898305084745763 0.973355357655846 0.89 0.9 0.88 0.9688 2 3 10 2 276.363
0.847457627118644 0.864406779661017 0.830508474576271 0.92451881643206 0.89 0.92 0.86 0.928 NA 1 10 3 384.015
0.915254237288136 0.923728813559322 0.906779661016949 0.973139902326918 0.95 0.96 0.94 0.9892 5 2 10 3 384.015
0.923728813559322 0.923728813559322 0.923728813559322 0.978813559322034 0.94 0.94 0.94 0.9792 8 2 10 3 384.015
0.927966101694915 0.932203389830508 0.923728813559322 0.980106291295605 0.94 0.94 0.94 0.9768 10 2 10 3 384.015
0.847457627118644 0.898305084745763 0.796610169491525 0.923728813559322 0.88 0.9 0.86 0.9332 1 3 10 3 384.015
0.911016949152542 0.940677966101695 0.88135593220339 0.972996265440965 0.9 0.92 0.88 0.968 2 3 10 3 384.015
