0.8 0.868421052631579 0.72972972972973 0.872688477951636 0.72 0.708333333333333 0.730769230769231 0.775641025641026 NA 1 75 1 153.257
0.88 0.947368421052632 0.810810810810811 0.950213371266003 0.69 0.645833333333333 0.730769230769231 0.806891025641026 5 2 75 1 153.257
0.933333333333333 0.973684210526316 0.891891891891892 0.959459459459459 0.73 0.708333333333333 0.75 0.802483974358974 8 2 75 1 153.257
0.933333333333333 0.973684210526316 0.891891891891892 0.964438122332859 0.73 0.708333333333333 0.75 0.803685897435897 10 2 75 1 153.257
0.8 0.868421052631579 0.72972972972973 0.874822190611664 0.71 0.6875 0.730769230769231 0.772435897435897 1 3 75 1 153.257
0.893333333333333 0.868421052631579 0.918918918918919 0.955903271692745 0.71 0.708333333333333 0.711538461538462 0.838942307692308 2 3 75 1 153.257
0.8 0.868421052631579 0.72972972972973 0.874110953058322 0.74 0.729166666666667 0.75 0.782051282051282 NA 1 75 2 150.055
0.88 0.947368421052632 0.810810810810811 0.952347083926031 0.69 0.604166666666667 0.769230769230769 0.811097756410256 5 2 75 2 150.055
0.933333333333333 0.973684210526316 0.891891891891892 0.960881934566145 0.75 0.708333333333333 0.788461538461538 0.814903846153846 8 2 75 2 150.055
0.933333333333333 0.973684210526316 0.891891891891892 0.963726884779516 0.76 0.729166666666667 0.788461538461538 0.813701923076923 10 2 75 2 150.055
0.8 0.868421052631579 0.72972972972973 0.874822190611664 0.72 0.6875 0.75 0.780849358974359 1 3 75 2 150.055
0.88 0.868421052631579 0.891891891891892 0.95448079658606 0.72 0.729166666666667 0.711538461538462 0.83613782051282 2 3 75 2 150.055
0.8 0.868421052631579 0.72972972972973 0.869843527738265 0.73 0.708333333333333 0.75 0.784855769230769 NA 1 75 3 245.203
0.88 0.947368421052632 0.810810810810811 0.950924608819346 0.69 0.625 0.75 0.814302884615385 5 2 75 3 245.203
0.933333333333333 0.973684210526316 0.891891891891892 0.958748221906117 0.74 0.708333333333333 0.769230769230769 0.8125 8 2 75 3 245.203
0.933333333333333 0.973684210526316 0.891891891891892 0.964438122332859 0.74 0.708333333333333 0.769230769230769 0.814102564102564 10 2 75 3 245.203
0.8 0.868421052631579 0.72972972972973 0.874822190611664 0.77 0.8125 0.730769230769231 0.790464743589744 1 3 75 3 245.203
0.866666666666667 0.868421052631579 0.864864864864865 0.955192034139403 0.72 0.729166666666667 0.711538461538462 0.838141025641026 2 3 75 3 245.203
