0.876106194690266 0.865384615384615 0.885245901639344 0.948612862547289 0.84 0.888888888888889 0.8 0.931717171717172 NA 1 42 1 328.963
0.960176991150443 0.971153846153846 0.950819672131147 0.992670239596469 0.9 0.866666666666667 0.927272727272727 0.974949494949495 5 2 42 1 328.963
0.964601769911504 0.971153846153846 0.959016393442623 0.992749054224464 0.9 0.866666666666667 0.927272727272727 0.975353535353535 8 2 42 1 328.963
0.964601769911504 0.971153846153846 0.959016393442623 0.993694829760404 0.9 0.866666666666667 0.927272727272727 0.975757575757576 10 2 42 1 328.963
0.884955752212389 0.884615384615385 0.885245901639344 0.947667087011349 0.82 0.844444444444444 0.8 0.92969696969697 1 3 42 1 328.963
0.960176991150443 0.951923076923077 0.967213114754098 0.991015132408575 0.86 0.844444444444444 0.872727272727273 0.946666666666667 2 3 42 1 328.963
0.876106194690266 0.865384615384615 0.885245901639344 0.947903530895334 0.84 0.888888888888889 0.8 0.932121212121212 NA 1 42 2 281.816
0.960176991150443 0.971153846153846 0.950819672131147 0.992512610340479 0.9 0.866666666666667 0.927272727272727 0.974545454545454 5 2 42 2 281.816
0.964601769911504 0.971153846153846 0.959016393442623 0.992749054224464 0.9 0.866666666666667 0.927272727272727 0.973737373737374 8 2 42 2 281.816
0.964601769911504 0.971153846153846 0.959016393442623 0.993379571248424 0.9 0.866666666666667 0.927272727272727 0.974949494949495 10 2 42 2 281.816
0.889380530973451 0.884615384615385 0.89344262295082 0.947667087011349 0.85 0.866666666666667 0.836363636363636 0.928888888888889 1 3 42 2 281.816
0.960176991150443 0.951923076923077 0.967213114754098 0.990857503152585 0.86 0.844444444444444 0.872727272727273 0.945858585858586 2 3 42 2 281.816
0.876106194690266 0.865384615384615 0.885245901639344 0.948455233291299 0.85 0.888888888888889 0.818181818181818 0.932929292929293 NA 1 42 3 587.354
0.960176991150443 0.971153846153846 0.950819672131147 0.993064312736444 0.9 0.866666666666667 0.927272727272727 0.978181818181818 5 2 42 3 587.354
0.964601769911504 0.961538461538462 0.967213114754098 0.993458385876419 0.91 0.866666666666667 0.945454545454545 0.977373737373737 8 2 42 3 587.354
0.964601769911504 0.971153846153846 0.959016393442623 0.994246532156368 0.9 0.866666666666667 0.927272727272727 0.979393939393939 10 2 42 3 587.354
0.889380530973451 0.884615384615385 0.89344262295082 0.947667087011349 0.82 0.866666666666667 0.781818181818182 0.924848484848485 1 3 42 3 587.354
0.955752212389381 0.951923076923077 0.959016393442623 0.99093631778058 0.86 0.844444444444444 0.872727272727273 0.946262626262626 2 3 42 3 587.354
