0.977272727272727 1 0.958333333333333 0.995833333333333 0.8 0.689655172413793 0.952380952380952 0.870279146141215 NA 1 2 1 31.296
1 1 1 1 0.81 0.724137931034483 0.928571428571429 0.847495894909688 5 2 2 1 31.296
1 1 1 1 0.82 0.706896551724138 0.976190476190476 0.839080459770115 8 2 2 1 31.296
1 1 1 1 0.8 0.672413793103448 0.976190476190476 0.858579638752053 10 2 2 1 31.296
0.954545454545455 1 0.916666666666667 0.991666666666667 0.79 0.724137931034483 0.880952380952381 0.874794745484401 1 3 2 1 31.296
0.977272727272727 0.95 1 0.997916666666667 0.82 0.724137931034483 0.952380952380952 0.927750410509031 2 3 2 1 31.296
0.977272727272727 1 0.958333333333333 0.995833333333333 0.81 0.706896551724138 0.952380952380952 0.872331691297208 NA 1 2 2 58.665
0.977272727272727 1 0.958333333333333 0.972916666666667 0.85 0.793103448275862 0.928571428571429 0.897577996715928 5 2 2 2 58.665
1 1 1 1 0.8 0.689655172413793 0.952380952380952 0.829228243021347 8 2 2 2 58.665
1 1 1 1 0.83 0.844827586206897 0.80952380952381 0.87807881773399 10 2 2 2 58.665
0.909090909090909 0.95 0.875 0.989583333333333 0.81 0.741379310344828 0.904761904761905 0.879310344827586 1 3 2 2 58.665
0.954545454545455 0.9 1 0.997916666666667 0.82 0.706896551724138 0.976190476190476 0.932266009852217 2 3 2 2 58.665
0.977272727272727 1 0.958333333333333 0.995833333333333 0.79 0.706896551724138 0.904761904761905 0.875615763546798 NA 1 2 3 68.423
1 1 1 1 0.82 0.724137931034483 0.952380952380952 0.854679802955665 5 2 2 3 68.423
1 1 1 1 0.82 0.758620689655172 0.904761904761905 0.841133004926108 8 2 2 3 68.423
1 1 1 1 0.83 0.741379310344828 0.952380952380952 0.873152709359606 10 2 2 3 68.423
0.931818181818182 1 0.875 0.99375 0.8 0.758620689655172 0.857142857142857 0.877668308702791 1 3 2 3 68.423
0.931818181818182 0.9 0.958333333333333 0.995833333333333 0.79 0.672413793103448 0.952380952380952 0.924466338259442 2 3 2 3 68.423
