0.828358208955224 0.848484848484849 0.808823529411765 0.92825311942959 0.83 0.788461538461538 0.875 0.923878205128205 NA 1 66 1 98.643
0.940298507462687 0.924242424242424 0.955882352941177 0.989304812834225 0.83 0.807692307692308 0.854166666666667 0.915865384615385 5 2 66 1 98.643
1 1 1 1 0.83 0.807692307692308 0.854166666666667 0.848557692307692 8 2 66 1 98.643
1 1 1 1 0.83 0.826923076923077 0.833333333333333 0.852163461538462 10 2 66 1 98.643
0.828358208955224 0.848484848484849 0.808823529411765 0.930258467023173 0.84 0.807692307692308 0.875 0.932291666666667 1 3 66 1 98.643
0.940298507462687 0.924242424242424 0.955882352941177 0.989750445632799 0.88 0.846153846153846 0.916666666666667 0.941907051282051 2 3 66 1 98.643
0.828358208955224 0.848484848484849 0.808823529411765 0.927584670231729 0.84 0.807692307692308 0.875 0.925480769230769 NA 1 66 2 143.148
0.947761194029851 0.939393939393939 0.955882352941177 0.989527629233512 0.81 0.788461538461538 0.833333333333333 0.914663461538462 5 2 66 2 143.148
1 1 1 1 0.82 0.788461538461538 0.854166666666667 0.846955128205128 8 2 66 2 143.148
1 1 1 1 0.84 0.826923076923077 0.854166666666667 0.852363782051282 10 2 66 2 143.148
0.828358208955224 0.848484848484849 0.808823529411765 0.931372549019608 0.85 0.826923076923077 0.875 0.930689102564103 1 3 66 2 143.148
0.947761194029851 0.924242424242424 0.970588235294118 0.990196078431373 0.88 0.846153846153846 0.916666666666667 0.942708333333333 2 3 66 2 143.148
0.828358208955224 0.848484848484849 0.808823529411765 0.928030303030303 0.85 0.826923076923077 0.875 0.928285256410256 NA 1 66 3 196.357
0.940298507462687 0.924242424242424 0.955882352941177 0.989304812834225 0.82 0.807692307692308 0.833333333333333 0.914663461538462 5 2 66 3 196.357
1 1 1 1 0.86 0.865384615384615 0.854166666666667 0.85556891025641 8 2 66 3 196.357
1 1 1 1 0.84 0.846153846153846 0.833333333333333 0.858373397435897 10 2 66 3 196.357
0.798507462686567 0.818181818181818 0.779411764705882 0.930035650623886 0.86 0.846153846153846 0.875 0.934294871794872 1 3 66 3 196.357
0.940298507462687 0.924242424242424 0.955882352941177 0.988636363636364 0.87 0.826923076923077 0.916666666666667 0.943108974358974 2 3 66 3 196.357
