0.870317002881844 0.869318181818182 0.871345029239766 0.935107655502392 0.92 0.94 0.9 0.9696 NA 1 21 1 493.711
0.951008645533141 0.954545454545455 0.947368421052632 0.985413343965976 0.95 0.96 0.94 0.9924 5 2 21 1 493.711
0.951008645533141 0.954545454545455 0.947368421052632 0.986476608187134 0.95 0.96 0.94 0.992 8 2 21 1 493.711
0.953890489913545 0.960227272727273 0.947368421052632 0.986842105263158 0.95 0.96 0.94 0.992 10 2 21 1 493.711
0.876080691642651 0.875 0.87719298245614 0.937134502923977 0.93 0.94 0.92 0.972 1 3 21 1 493.711
0.948126801152738 0.948863636363636 0.947368421052632 0.988603136629452 0.92 0.94 0.9 0.99 2 3 21 1 493.711
0.870317002881844 0.869318181818182 0.871345029239766 0.934808612440191 0.92 0.94 0.9 0.9688 NA 1 21 2 447.502
0.953890489913545 0.954545454545455 0.953216374269006 0.985479797979798 0.95 0.96 0.94 0.9924 5 2 21 2 447.502
0.951008645533141 0.954545454545455 0.947368421052632 0.986443381180223 0.95 0.96 0.94 0.992 8 2 21 2 447.502
0.953890489913545 0.960227272727273 0.947368421052632 0.98690855927698 0.95 0.96 0.94 0.9924 10 2 21 2 447.502
0.876080691642651 0.875 0.87719298245614 0.937267410951621 0.93 0.94 0.92 0.9696 1 3 21 2 447.502
0.948126801152738 0.948863636363636 0.947368421052632 0.988437001594896 0.92 0.94 0.9 0.9908 2 3 21 2 447.502
0.870317002881844 0.869318181818182 0.871345029239766 0.936004784688995 0.92 0.94 0.9 0.9724 NA 1 21 3 894.37
0.948126801152738 0.948863636363636 0.947368421052632 0.985446570972887 0.95 0.96 0.94 0.9928 5 2 21 3 894.37
0.951008645533141 0.954545454545455 0.947368421052632 0.986244019138756 0.95 0.96 0.94 0.9924 8 2 21 3 894.37
0.953890489913545 0.960227272727273 0.947368421052632 0.986941786283892 0.95 0.96 0.94 0.9928 10 2 21 3 894.37
0.876080691642651 0.875 0.87719298245614 0.936835459861776 0.93 0.94 0.92 0.9752 1 3 21 3 894.37
0.945244956772334 0.948863636363636 0.941520467836257 0.988603136629452 0.93 0.96 0.9 0.9916 2 3 21 3 894.37
