0.865740740740741 0.867924528301887 0.863636363636364 0.924185248713551 0.82 0.883720930232558 0.771929824561403 0.904936760505916 NA 1 97 1 174.537
0.944444444444444 0.952830188679245 0.936363636363636 0.988679245283019 0.88 0.86046511627907 0.894736842105263 0.960832313341493 5 2 97 1 174.537
0.967592592592593 0.971698113207547 0.963636363636364 0.993481989708405 0.88 0.86046511627907 0.894736842105263 0.950224398204814 8 2 97 1 174.537
0.967592592592593 0.971698113207547 0.963636363636364 0.993310463121784 0.86 0.86046511627907 0.859649122807018 0.949816401468788 10 2 97 1 174.537
0.865740740740741 0.867924528301887 0.863636363636364 0.921698113207547 0.84 0.930232558139535 0.771929824561403 0.909016727866177 1 3 97 1 174.537
0.944444444444444 0.952830188679245 0.936363636363636 0.9926243567753 0.84 0.930232558139535 0.771929824561403 0.9359445124439 2 3 97 1 174.537
0.865740740740741 0.867924528301887 0.863636363636364 0.924957118353345 0.82 0.883720930232558 0.771929824561403 0.90452876376989 NA 1 97 2 195.795
0.944444444444444 0.952830188679245 0.936363636363636 0.988507718696398 0.88 0.86046511627907 0.894736842105263 0.961240310077519 5 2 97 2 195.795
0.967592592592593 0.971698113207547 0.963636363636364 0.993567753001715 0.87 0.86046511627907 0.87719298245614 0.949408404732762 8 2 97 2 195.795
0.967592592592593 0.971698113207547 0.963636363636364 0.993053173241852 0.86 0.86046511627907 0.859649122807018 0.949816401468788 10 2 97 2 195.795
0.865740740740741 0.867924528301887 0.863636363636364 0.92221269296741 0.83 0.906976744186046 0.771929824561403 0.910648714810282 1 3 97 2 195.795
0.949074074074074 0.962264150943396 0.936363636363636 0.992452830188679 0.84 0.930232558139535 0.771929824561403 0.9359445124439 2 3 97 2 195.795
0.865740740740741 0.867924528301887 0.863636363636364 0.92229845626072 0.79 0.86046511627907 0.736842105263158 0.900040799673603 NA 1 97 3 349.64
0.944444444444444 0.943396226415094 0.945454545454545 0.988336192109777 0.88 0.86046511627907 0.894736842105263 0.959608323133415 5 2 97 3 349.64
0.967592592592593 0.971698113207547 0.963636363636364 0.993138936535163 0.88 0.86046511627907 0.894736842105263 0.953896368829049 8 2 97 3 349.64
0.962962962962963 0.962264150943396 0.963636363636364 0.993310463121784 0.86 0.86046511627907 0.859649122807018 0.953896368829049 10 2 97 3 349.64
0.87037037037037 0.867924528301887 0.872727272727273 0.920583190394511 0.8 0.86046511627907 0.754385964912281 0.90452876376989 1 3 97 3 349.64
0.944444444444444 0.952830188679245 0.936363636363636 0.992109777015437 0.84 0.930232558139535 0.771929824561403 0.93390452876377 2 3 97 3 349.64
