0.866847826086957 0.88659793814433 0.844827586206897 0.94800924280128 0.81 0.839285714285714 0.772727272727273 0.883116883116883 NA 1 82 1 741.143
0.929347826086957 0.927835051546392 0.931034482758621 0.984921199194217 0.94 0.964285714285714 0.909090909090909 0.969967532467532 5 2 82 1 741.143
0.932065217391304 0.927835051546392 0.936781609195402 0.985958051901884 0.94 0.964285714285714 0.909090909090909 0.97362012987013 8 2 82 1 741.143
0.932065217391304 0.927835051546392 0.936781609195402 0.986372792984951 0.93 0.964285714285714 0.886363636363636 0.971590909090909 10 2 82 1 741.143
0.866847826086957 0.896907216494845 0.833333333333333 0.947446379902832 0.79 0.839285714285714 0.727272727272727 0.882711038961039 1 3 82 1 741.143
0.940217391304348 0.943298969072165 0.936781609195402 0.985128569735751 0.89 0.910714285714286 0.863636363636364 0.959415584415584 2 3 82 1 741.143
0.872282608695652 0.896907216494845 0.844827586206897 0.947564877355137 0.8 0.839285714285714 0.75 0.883116883116883 NA 1 82 2 614.853
0.929347826086957 0.927835051546392 0.931034482758621 0.984832326104989 0.94 0.964285714285714 0.909090909090909 0.969967532467532 5 2 82 2 614.853
0.932065217391304 0.927835051546392 0.936781609195402 0.986195046806494 0.94 0.964285714285714 0.909090909090909 0.972808441558442 8 2 82 2 614.853
0.934782608695652 0.93298969072165 0.936781609195402 0.98660978788956 0.93 0.964285714285714 0.886363636363636 0.970373376623377 10 2 82 2 614.853
0.872282608695652 0.907216494845361 0.833333333333333 0.947002014456689 0.79 0.839285714285714 0.727272727272727 0.885146103896104 1 3 82 2 614.853
0.942934782608696 0.948453608247423 0.936781609195402 0.985335940277284 0.89 0.910714285714286 0.863636363636364 0.959415584415584 2 3 82 2 614.853
0.855978260869565 0.881443298969072 0.827586206896552 0.947949994075127 0.8 0.839285714285714 0.75 0.881087662337662 NA 1 82 3 1233.408
0.929347826086957 0.927835051546392 0.931034482758621 0.985128569735751 0.94 0.964285714285714 0.909090909090909 0.969155844155844 5 2 82 3 1233.408
0.934782608695652 0.93298969072165 0.936781609195402 0.98598767626496 0.93 0.964285714285714 0.886363636363636 0.970373376623377 8 2 82 3 1233.408
0.934782608695652 0.93298969072165 0.936781609195402 0.986106173717265 0.93 0.964285714285714 0.886363636363636 0.970373376623377 10 2 82 3 1233.408
0.858695652173913 0.891752577319588 0.82183908045977 0.947801872259746 0.79 0.839285714285714 0.727272727272727 0.882711038961039 1 3 82 3 1233.408
0.940217391304348 0.943298969072165 0.936781609195402 0.985098945372675 0.9 0.928571428571429 0.863636363636364 0.960227272727273 2 3 82 3 1233.408
