0.835723598435463 0.849350649350649 0.821989528795812 0.920616033181478 0.85 0.846153846153846 0.854166666666667 0.939503205128205 NA 1 65 1 941.822
0.921773142112125 0.92987012987013 0.913612565445026 0.974121166791324 0.92 0.942307692307692 0.895833333333333 0.985176282051282 5 2 65 1 941.822
0.924380704041721 0.937662337662338 0.910994764397906 0.97443394302033 0.92 0.942307692307692 0.895833333333333 0.984775641025641 8 2 65 1 941.822
0.921773142112125 0.935064935064935 0.908376963350785 0.974678724416944 0.92 0.942307692307692 0.895833333333333 0.983573717948718 10 2 65 1 941.822
0.837027379400261 0.85974025974026 0.81413612565445 0.920724824913307 0.85 0.846153846153846 0.854166666666667 0.940705128205128 1 3 65 1 941.822
0.913950456323338 0.916883116883117 0.910994764397906 0.97322363500374 0.91 0.942307692307692 0.875 0.973557692307692 2 3 65 1 941.822
0.835723598435463 0.849350649350649 0.821989528795812 0.920833616645135 0.85 0.846153846153846 0.854166666666667 0.940705128205128 NA 1 65 2 723.432
0.920469361147327 0.927272727272727 0.913612565445026 0.974175562657238 0.92 0.942307692307692 0.895833333333333 0.984775641025641 5 2 65 2 723.432
0.923076923076923 0.935064935064935 0.910994764397906 0.97453593526892 0.92 0.942307692307692 0.895833333333333 0.984775641025641 8 2 65 2 723.432
0.923076923076923 0.937662337662338 0.908376963350785 0.974665125450466 0.92 0.942307692307692 0.895833333333333 0.983573717948718 10 2 65 2 723.432
0.835723598435463 0.857142857142857 0.81413612565445 0.92078602026246 0.85 0.846153846153846 0.854166666666667 0.940705128205128 1 3 65 2 723.432
0.911342894393742 0.914285714285714 0.908376963350785 0.973182838104304 0.91 0.942307692307692 0.875 0.974358974358974 2 3 65 2 723.432
0.837027379400261 0.851948051948052 0.821989528795812 0.920446046100496 0.86 0.865384615384615 0.854166666666667 0.937900641025641 NA 1 65 3 1749.687
0.923076923076923 0.935064935064935 0.910994764397906 0.973991976609778 0.92 0.942307692307692 0.895833333333333 0.984375 5 2 65 3 1749.687
0.923076923076923 0.935064935064935 0.910994764397906 0.974522336302441 0.93 0.942307692307692 0.916666666666667 0.983974358974359 8 2 65 3 1749.687
0.920469361147327 0.935064935064935 0.905759162303665 0.97471952131638 0.92 0.942307692307692 0.895833333333333 0.983173076923077 10 2 65 3 1749.687
0.831812255541069 0.846753246753247 0.816753926701571 0.920418848167539 0.85 0.846153846153846 0.854166666666667 0.940705128205128 1 3 65 3 1749.687
0.916558018252933 0.919480519480519 0.913612565445026 0.972870061875297 0.89 0.923076923076923 0.854166666666667 0.97275641025641 2 3 65 3 1749.687
