0.882978723404255 0.897905759162304 0.867567567567568 0.949582566860054 0.84 0.862745098039216 0.816326530612245 0.946378551420568 NA 1 90 1 756.811
0.953457446808511 0.952879581151832 0.954054054054054 0.988517051082496 0.96 0.96078431372549 0.959183673469388 0.980792316926771 5 2 90 1 756.811
0.954787234042553 0.955497382198953 0.954054054054054 0.988708079807556 0.96 0.96078431372549 0.959183673469388 0.97999199679872 8 2 90 1 756.811
0.954787234042553 0.955497382198953 0.954054054054054 0.988757605773313 0.96 0.96078431372549 0.959183673469388 0.97999199679872 10 2 90 1 756.811
0.88031914893617 0.895287958115183 0.864864864864865 0.949950474034244 0.85 0.862745098039216 0.836734693877551 0.947178871548619 1 3 90 1 756.811
0.953457446808511 0.955497382198953 0.951351351351351 0.988792981463139 0.93 0.901960784313726 0.959183673469388 0.968387354941977 2 3 90 1 756.811
0.88031914893617 0.892670157068063 0.867567567567568 0.949950474034244 0.85 0.862745098039216 0.836734693877551 0.943577430972389 NA 1 90 2 621.805
0.953457446808511 0.952879581151832 0.954054054054054 0.988594877600113 0.96 0.96078431372549 0.959183673469388 0.981592637054822 5 2 90 2 621.805
0.953457446808511 0.952879581151832 0.954054054054054 0.988778831187208 0.96 0.96078431372549 0.959183673469388 0.980392156862745 8 2 90 2 621.805
0.954787234042553 0.955497382198953 0.954054054054054 0.988920333946512 0.96 0.96078431372549 0.959183673469388 0.980392156862745 10 2 90 2 621.805
0.878989361702128 0.892670157068063 0.864864864864865 0.950106127069478 0.85 0.862745098039216 0.836734693877551 0.943177270908363 1 3 90 2 621.805
0.953457446808511 0.955497382198953 0.951351351351351 0.988877883118721 0.93 0.901960784313726 0.959183673469388 0.968787515006002 2 3 90 2 621.805
0.882978723404255 0.895287958115183 0.87027027027027 0.949568416584123 0.85 0.862745098039216 0.836734693877551 0.946378551420568 NA 1 90 3 1512.614
0.954787234042553 0.952879581151832 0.956756756756757 0.988269421253714 0.96 0.96078431372549 0.959183673469388 0.980792316926771 5 2 90 3 1512.614
0.953457446808511 0.952879581151832 0.954054054054054 0.9886585538418 0.96 0.96078431372549 0.959183673469388 0.979191676670668 8 2 90 3 1512.614
0.953457446808511 0.952879581151832 0.954054054054054 0.988587802462148 0.96 0.96078431372549 0.959183673469388 0.979191676670668 10 2 90 3 1512.614
0.877659574468085 0.890052356020942 0.864864864864865 0.949610867411915 0.86 0.882352941176471 0.836734693877551 0.947178871548619 1 3 90 3 1512.614
0.954787234042553 0.955497382198953 0.954054054054054 0.988948634498373 0.92 0.882352941176471 0.959183673469388 0.967587034813925 2 3 90 3 1512.614
