0.894366197183099 0.868852459016393 0.91358024691358 0.942319368548877 0.89 0.849056603773585 0.936170212765957 0.959052589321558 NA 1 25 1 199.649
0.936619718309859 0.901639344262295 0.962962962962963 0.97632058287796 0.88 0.849056603773585 0.914893617021277 0.968687274187073 5 2 25 1 199.649
0.957746478873239 0.934426229508197 0.975308641975309 0.993523578223032 0.87 0.830188679245283 0.914893617021277 0.951826575672421 8 2 25 1 199.649
1 1 1 1 0.77 0.679245283018868 0.872340425531915 0.809112806101967 10 2 25 1 199.649
0.887323943661972 0.836065573770492 0.925925925925926 0.938878769479862 0.89 0.830188679245283 0.957446808510638 0.95262946607788 1 3 25 1 199.649
0.950704225352113 0.934426229508197 0.962962962962963 0.978344464683262 0.89 0.849056603773585 0.936170212765957 0.959052589321558 2 3 25 1 199.649
0.894366197183099 0.868852459016393 0.91358024691358 0.942521756729407 0.89 0.867924528301887 0.914893617021277 0.957848253713368 NA 1 25 2 192.084
0.936619718309859 0.901639344262295 0.962962962962963 0.97672535923902 0.88 0.849056603773585 0.914893617021277 0.968285828984344 5 2 25 2 192.084
0.957746478873239 0.934426229508197 0.975308641975309 0.993321190042502 0.88 0.830188679245283 0.936170212765957 0.951826575672421 8 2 25 2 192.084
0.957746478873239 0.934426229508197 0.975308641975309 0.993118801861971 0.88 0.830188679245283 0.936170212765957 0.95343235648334 10 2 25 2 192.084
0.887323943661972 0.836065573770492 0.925925925925926 0.939283545840923 0.89 0.830188679245283 0.957446808510638 0.951425130469691 1 3 25 2 192.084
0.950704225352113 0.934426229508197 0.962962962962963 0.977939688322202 0.88 0.849056603773585 0.914893617021277 0.957848253713368 2 3 25 2 192.084
0.894366197183099 0.868852459016393 0.91358024691358 0.942116980368346 0.89 0.849056603773585 0.936170212765957 0.958651144118828 NA 1 25 3 347.964
0.936619718309859 0.901639344262295 0.962962962962963 0.97611819469743 0.89 0.867924528301887 0.914893617021277 0.967482938578884 5 2 25 3 347.964
0.964788732394366 0.950819672131147 0.975308641975309 0.994535519125683 0.86 0.811320754716981 0.914893617021277 0.954636692091529 8 2 25 3 347.964
0.964788732394366 0.950819672131147 0.975308641975309 0.994333130945153 0.87 0.830188679245283 0.914893617021277 0.954636692091529 10 2 25 3 347.964
0.894366197183099 0.852459016393443 0.925925925925926 0.935438170410848 0.9 0.849056603773585 0.957446808510638 0.9542352468888 1 3 25 3 347.964
0.943661971830986 0.934426229508197 0.950617283950617 0.973082371989476 0.89 0.830188679245283 0.957446808510638 0.959052589321558 2 3 25 3 347.964
