0.86283185840708 0.883333333333333 0.839622641509434 0.934433962264151 0.81 0.796296296296296 0.826086956521739 0.898550724637681 NA 1 75 1 291.595
0.924778761061947 0.933333333333333 0.915094339622642 0.98309748427673 0.87 0.87037037037037 0.869565217391304 0.949677938808374 5 2 75 1 291.595
0.929203539823009 0.933333333333333 0.924528301886792 0.984905660377358 0.87 0.87037037037037 0.869565217391304 0.948067632850242 8 2 75 1 291.595
0.929203539823009 0.933333333333333 0.924528301886792 0.985141509433962 0.86 0.851851851851852 0.869565217391304 0.945652173913043 10 2 75 1 291.595
0.871681415929204 0.908333333333333 0.830188679245283 0.934040880503145 0.83 0.851851851851852 0.804347826086957 0.894122383252818 1 3 75 1 291.595
0.929203539823009 0.941666666666667 0.915094339622642 0.981682389937107 0.87 0.851851851851852 0.891304347826087 0.942834138486312 2 3 75 1 291.595
0.86283185840708 0.883333333333333 0.839622641509434 0.934276729559748 0.81 0.796296296296296 0.826086956521739 0.901368760064412 NA 1 75 2 310.617
0.924778761061947 0.933333333333333 0.915094339622642 0.98309748427673 0.87 0.87037037037037 0.869565217391304 0.95048309178744 5 2 75 2 310.617
0.929203539823009 0.933333333333333 0.924528301886792 0.985220125786163 0.88 0.888888888888889 0.869565217391304 0.948470209339775 8 2 75 2 310.617
0.933628318584071 0.941666666666667 0.924528301886792 0.985141509433962 0.86 0.851851851851852 0.869565217391304 0.946054750402576 10 2 75 2 310.617
0.871681415929204 0.9 0.839622641509434 0.933254716981132 0.82 0.833333333333333 0.804347826086957 0.896940418679549 1 3 75 2 310.617
0.933628318584071 0.941666666666667 0.924528301886792 0.981682389937107 0.86 0.833333333333333 0.891304347826087 0.940016103059581 2 3 75 2 310.617
0.86283185840708 0.883333333333333 0.839622641509434 0.935691823899371 0.83 0.833333333333333 0.826086956521739 0.896135265700483 NA 1 75 3 550.94
0.924778761061947 0.933333333333333 0.915094339622642 0.983176100628931 0.88 0.87037037037037 0.891304347826087 0.948470209339775 5 2 75 3 550.94
0.929203539823009 0.933333333333333 0.924528301886792 0.985220125786163 0.87 0.851851851851852 0.891304347826087 0.945652173913043 8 2 75 3 550.94
0.929203539823009 0.933333333333333 0.924528301886792 0.985534591194969 0.87 0.851851851851852 0.891304347826087 0.943236714975845 10 2 75 3 550.94
0.86283185840708 0.891666666666667 0.830188679245283 0.933411949685535 0.83 0.851851851851852 0.804347826086957 0.89170692431562 1 3 75 3 550.94
0.933628318584071 0.95 0.915094339622642 0.982861635220126 0.86 0.833333333333333 0.891304347826087 0.941626409017713 2 3 75 3 550.94
