0.865384615384615 0.818181818181818 0.9 0.933333333333333 0.76 0.60377358490566 0.936170212765957 0.867121637896427 NA 1 14 1 68.706
1 1 1 1 0.78 0.773584905660377 0.787234042553192 0.816940987555199 5 2 14 1 68.706
1 1 1 1 0.79 0.641509433962264 0.957446808510638 0.83781613809715 8 2 14 1 68.706
1 1 1 1 0.74 0.679245283018868 0.808510638297872 0.780810919309514 10 2 14 1 68.706
0.865384615384615 0.818181818181818 0.9 0.925757575757576 0.75 0.547169811320755 0.978723404255319 0.856282617422722 1 3 14 1 68.706
0.980769230769231 0.954545454545455 1 0.996969696969697 0.7 0.566037735849057 0.851063829787234 0.850260939381774 2 3 14 1 68.706
0.865384615384615 0.818181818181818 0.9 0.936363636363636 0.78 0.660377358490566 0.914893617021277 0.890806904857487 NA 1 14 2 68.236
1 1 1 1 0.9 0.849056603773585 0.957446808510638 0.900843034925733 5 2 14 2 68.236
1 1 1 1 0.89 0.830188679245283 0.957446808510638 0.914090726615817 8 2 14 2 68.236
1 1 1 1 0.9 0.867924528301887 0.936170212765957 0.951023685266961 10 2 14 2 68.236
0.846153846153846 0.772727272727273 0.9 0.933333333333333 0.8 0.641509433962264 0.978723404255319 0.891208350060217 1 3 14 2 68.236
0.980769230769231 0.954545454545455 1 0.998484848484849 0.74 0.584905660377358 0.914893617021277 0.877157767964673 2 3 14 2 68.236
0.865384615384615 0.818181818181818 0.9 0.928787878787879 0.75 0.584905660377358 0.936170212765957 0.862304295463669 NA 1 14 3 119.236
1 1 1 1 0.77 0.754716981132076 0.787234042553192 0.800481734243276 5 2 14 3 119.236
1 1 1 1 0.75 0.60377358490566 0.914893617021277 0.810919309514251 8 2 14 3 119.236
0.980769230769231 0.954545454545455 1 1 0.79 0.641509433962264 0.957446808510638 0.832597350461662 10 2 14 3 119.236
0.865384615384615 0.772727272727273 0.933333333333333 0.918181818181818 0.7 0.452830188679245 0.978723404255319 0.845042151746287 1 3 14 3 119.236
0.980769230769231 0.954545454545455 1 0.996969696969697 0.68 0.566037735849057 0.808510638297872 0.842633480529908 2 3 14 3 119.236
