0.927272727272727 0.933333333333333 0.92 0.986666666666667 0.9 0.851063829787234 0.943396226415094 0.951425130469691 NA 1 53 1 89.052
1 1 1 1 0.87 0.851063829787234 0.886792452830189 0.907065435568045 5 2 53 1 89.052
1 1 1 1 0.88 0.872340425531915 0.886792452830189 0.907466880770775 8 2 53 1 89.052
1 1 1 1 0.88 0.872340425531915 0.886792452830189 0.914893617021277 10 2 53 1 89.052
0.945454545454545 0.966666666666667 0.92 0.988 0.88 0.872340425531915 0.886792452830189 0.949417904456042 1 3 53 1 89.052
0.963636363636364 1 0.92 0.989333333333333 0.89 0.914893617021277 0.867924528301887 0.932958651144119 2 3 53 1 89.052
0.927272727272727 0.933333333333333 0.92 0.986666666666667 0.89 0.851063829787234 0.924528301886792 0.949819349658772 NA 1 53 2 91.77
1 1 1 1 0.88 0.872340425531915 0.886792452830189 0.907065435568045 5 2 53 2 91.77
1 1 1 1 0.89 0.893617021276596 0.886792452830189 0.908269771176234 8 2 53 2 91.77
1 1 1 1 0.86 0.872340425531915 0.849056603773585 0.89582496989161 10 2 53 2 91.77
0.945454545454545 0.966666666666667 0.92 0.988 0.89 0.872340425531915 0.905660377358491 0.95343235648334 1 3 53 2 91.77
0.963636363636364 1 0.92 0.989333333333333 0.89 0.893617021276596 0.886792452830189 0.934564431955038 2 3 53 2 91.77
0.945454545454545 0.966666666666667 0.92 0.985333333333333 0.89 0.851063829787234 0.924528301886792 0.945403452428743 NA 1 53 3 145.241
1 1 1 1 0.88 0.872340425531915 0.886792452830189 0.909072661581694 5 2 53 3 145.241
1 1 1 1 0.88 0.872340425531915 0.886792452830189 0.906262545162585 8 2 53 3 145.241
1 1 1 1 0.89 0.893617021276596 0.886792452830189 0.906262545162585 10 2 53 3 145.241
0.945454545454545 1 0.88 0.984 0.86 0.872340425531915 0.849056603773585 0.942593336009635 1 3 53 3 145.241
0.963636363636364 1 0.92 0.989333333333333 0.87 0.872340425531915 0.867924528301887 0.93095142513047 2 3 53 3 145.241
