0.928571428571429 0.9375 0.916666666666667 0.970052083333333 0.76 0.804878048780488 0.728813559322034 0.858619264158743 NA 1 25 1 70.586
1 1 1 1 0.8 0.853658536585366 0.76271186440678 0.826581231914014 5 2 25 1 70.586
1 1 1 1 0.77 0.829268292682927 0.728813559322034 0.789375775113683 8 2 25 1 70.586
1 1 1 1 0.73 0.75609756097561 0.711864406779661 0.788135593220339 10 2 25 1 70.586
0.928571428571429 0.875 1 0.966145833333333 0.79 0.780487804878049 0.796610169491525 0.857792476229847 1 3 25 1 70.586
0.982142857142857 1 0.958333333333333 1 0.75 0.731707317073171 0.76271186440678 0.853245142620918 2 3 25 1 70.586
0.910714285714286 0.9375 0.875 0.970052083333333 0.76 0.804878048780488 0.728813559322034 0.859032658123191 NA 1 25 2 85.036
1 1 1 1 0.69 0.804878048780488 0.610169491525424 0.762298470442332 5 2 25 2 85.036
1 1 1 1 0.75 0.780487804878049 0.728813559322034 0.794956593633733 8 2 25 2 85.036
1 1 1 1 0.73 0.75609756097561 0.711864406779661 0.756304257957834 10 2 25 2 85.036
0.928571428571429 0.875 1 0.966145833333333 0.78 0.780487804878049 0.779661016949153 0.857792476229847 1 3 25 2 85.036
0.982142857142857 1 0.958333333333333 1 0.75 0.731707317073171 0.76271186440678 0.851591566763125 2 3 25 2 85.036
0.910714285714286 0.9375 0.875 0.970052083333333 0.75 0.804878048780488 0.711864406779661 0.858205870194295 NA 1 25 3 135.885
1 1 1 1 0.79 0.731707317073171 0.830508474576271 0.803224472922695 5 2 25 3 135.885
1 1 1 1 0.78 0.707317073170732 0.830508474576271 0.833815626291856 8 2 25 3 135.885
1 1 1 1 0.78 0.780487804878049 0.779661016949153 0.8350558081852 10 2 25 3 135.885
0.964285714285714 0.9375 1 0.966145833333333 0.78 0.780487804878049 0.779661016949153 0.859446052087639 1 3 25 3 135.885
0.982142857142857 1 0.958333333333333 1 0.74 0.707317073170732 0.76271186440678 0.86151302190988 2 3 25 3 135.885
