0.837662337662338 0.805970149253731 0.862068965517241 0.930176702693429 0.87 0.924528301886792 0.808510638297872 0.921316740264954 NA 1 54 1 299.056
0.961038961038961 0.970149253731343 0.954022988505747 0.98816263510036 0.89 0.905660377358491 0.872340425531915 0.961059815335207 5 2 54 1 299.056
0.967532467532468 0.970149253731343 0.96551724137931 0.990221307256819 0.9 0.924528301886792 0.872340425531915 0.958249698916098 8 2 54 1 299.056
0.967532467532468 0.970149253731343 0.96551724137931 0.991936867387202 0.9 0.905660377358491 0.893617021276596 0.957848253713368 10 2 54 1 299.056
0.850649350649351 0.835820895522388 0.862068965517241 0.931892262823812 0.87 0.905660377358491 0.829787234042553 0.916097952629466 1 3 54 1 299.056
0.954545454545455 0.955223880597015 0.954022988505747 0.984388402813519 0.85 0.849056603773585 0.851063829787234 0.932557205941389 2 3 54 1 299.056
0.837662337662338 0.805970149253731 0.862068965517241 0.930519814719506 0.87 0.924528301886792 0.808510638297872 0.920112404656764 NA 1 54 2 194.851
0.961038961038961 0.970149253731343 0.954022988505747 0.987991079087322 0.89 0.905660377358491 0.872340425531915 0.961059815335207 5 2 54 2 194.851
0.967532467532468 0.970149253731343 0.96551724137931 0.990049751243781 0.9 0.924528301886792 0.872340425531915 0.957446808510638 8 2 54 2 194.851
0.967532467532468 0.970149253731343 0.96551724137931 0.991593755361125 0.9 0.905660377358491 0.893617021276596 0.958249698916098 10 2 54 2 194.851
0.850649350649351 0.835820895522388 0.862068965517241 0.93206381883685 0.87 0.905660377358491 0.829787234042553 0.916499397832196 1 3 54 2 194.851
0.954545454545455 0.955223880597015 0.954022988505747 0.984388402813519 0.85 0.849056603773585 0.851063829787234 0.934162986752308 2 3 54 2 194.851
0.831168831168831 0.791044776119403 0.862068965517241 0.928632698576085 0.88 0.924528301886792 0.829787234042553 0.923323966278603 NA 1 54 3 464.335
0.967532467532468 0.970149253731343 0.96551724137931 0.98816263510036 0.89 0.905660377358491 0.872340425531915 0.961862705740666 5 2 54 3 464.335
0.967532467532468 0.970149253731343 0.96551724137931 0.991079087322011 0.89 0.905660377358491 0.872340425531915 0.957045363307908 8 2 54 3 464.335
0.961038961038961 0.955223880597015 0.96551724137931 0.992794647452393 0.9 0.905660377358491 0.893617021276596 0.957045363307908 10 2 54 3 464.335
0.850649350649351 0.835820895522388 0.862068965517241 0.930691370732544 0.86 0.886792452830189 0.829787234042553 0.918908069048575 1 3 54 3 464.335
0.954545454545455 0.955223880597015 0.954022988505747 0.983015954709213 0.84 0.849056603773585 0.829787234042553 0.928944199116821 2 3 54 3 464.335
