0.8625 0.844444444444444 0.885714285714286 0.941587301587302 0.78 0.816326530612245 0.745098039215686 0.896358543417367 NA 1 94 1 129.714
0.9875 1 0.971428571428571 0.984126984126984 0.81 0.877551020408163 0.745098039215686 0.87234893957583 5 2 94 1 129.714
1 1 1 1 0.89 0.877551020408163 0.901960784313726 0.887755102040816 8 2 94 1 129.714
1 1 1 1 0.86 0.897959183673469 0.823529411764706 0.880752300920368 10 2 94 1 129.714
0.8375 0.822222222222222 0.857142857142857 0.942222222222222 0.81 0.857142857142857 0.764705882352941 0.904761904761905 1 3 94 1 129.714
0.975 1 0.942857142857143 0.991111111111111 0.87 0.918367346938776 0.823529411764706 0.953581432573029 2 3 94 1 129.714
0.8625 0.844444444444444 0.885714285714286 0.942222222222222 0.78 0.816326530612245 0.745098039215686 0.896758703481393 NA 1 94 2 134.208
1 1 1 1 0.86 0.897959183673469 0.823529411764706 0.900560224089636 5 2 94 2 134.208
1 1 1 1 0.89 0.877551020408163 0.901960784313726 0.887755102040816 8 2 94 2 134.208
0.9875 0.977777777777778 1 1 0.86 0.857142857142857 0.862745098039216 0.928771508603441 10 2 94 2 134.208
0.8375 0.822222222222222 0.857142857142857 0.943492063492063 0.81 0.857142857142857 0.764705882352941 0.902761104441777 1 3 94 2 134.208
0.975 1 0.942857142857143 0.991111111111111 0.87 0.918367346938776 0.823529411764706 0.951580632252901 2 3 94 2 134.208
0.8625 0.844444444444444 0.885714285714286 0.940952380952381 0.8 0.816326530612245 0.784313725490196 0.891156462585034 NA 1 94 3 223.106
1 1 1 1 0.78 0.816326530612245 0.745098039215686 0.837735094037615 5 2 94 3 223.106
1 1 1 1 0.87 0.857142857142857 0.882352941176471 0.918367346938775 8 2 94 3 223.106
1 1 1 1 0.9 0.918367346938776 0.882352941176471 0.910364145658263 10 2 94 3 223.106
0.8375 0.822222222222222 0.857142857142857 0.93968253968254 0.82 0.857142857142857 0.784313725490196 0.902761104441777 1 3 94 3 223.106
0.975 1 0.942857142857143 0.991111111111111 0.86 0.918367346938776 0.803921568627451 0.948379351740696 2 3 94 3 223.106
