0.893939393939394 0.909090909090909 0.878787878787879 0.941230486685032 0.79 0.75 0.85 0.902916666666667 NA 1 74 1 142.134
0.954545454545455 0.939393939393939 0.96969696969697 0.98989898989899 0.86 0.8 0.95 0.9225 5 2 74 1 142.134
1 1 1 1 0.72 0.7 0.75 0.770833333333333 8 2 74 1 142.134
1 1 1 1 0.77 0.716666666666667 0.85 0.839166666666667 10 2 74 1 142.134
0.848484848484849 0.878787878787879 0.818181818181818 0.944903581267218 0.83 0.816666666666667 0.85 0.931666666666667 1 3 74 1 142.134
0.924242424242424 0.909090909090909 0.939393939393939 0.985307621671258 0.84 0.783333333333333 0.925 0.89875 2 3 74 1 142.134
0.878787878787879 0.909090909090909 0.848484848484849 0.940312213039486 0.79 0.75 0.85 0.90625 NA 1 74 2 161.373
0.954545454545455 0.939393939393939 0.96969696969697 0.990817263544536 0.86 0.8 0.95 0.922083333333333 5 2 74 2 161.373
1 1 1 1 0.72 0.716666666666667 0.725 0.751875 8 2 74 2 161.373
1 1 1 1 0.85 0.816666666666667 0.9 0.862708333333333 10 2 74 2 161.373
0.848484848484849 0.878787878787879 0.818181818181818 0.942148760330578 0.84 0.833333333333333 0.85 0.929583333333333 1 3 74 2 161.373
0.939393939393939 0.939393939393939 0.939393939393939 0.985307621671258 0.85 0.8 0.925 0.899166666666667 2 3 74 2 161.373
0.878787878787879 0.909090909090909 0.848484848484849 0.940312213039486 0.79 0.75 0.85 0.894166666666667 NA 1 74 3 233.37
0.96969696969697 0.96969696969697 0.96969696969697 0.997245179063361 0.8 0.716666666666667 0.925 0.911666666666667 5 2 74 3 233.37
1 1 1 1 0.78 0.75 0.825 0.806875 8 2 74 3 233.37
1 1 1 1 0.81 0.75 0.9 0.84125 10 2 74 3 233.37
0.833333333333333 0.878787878787879 0.787878787878788 0.944903581267218 0.82 0.783333333333333 0.875 0.927916666666667 1 3 74 3 233.37
0.939393939393939 0.939393939393939 0.939393939393939 0.987144168962351 0.84 0.783333333333333 0.925 0.897916666666667 2 3 74 3 233.37
