0.842105263157895 0.777777777777778 0.9 0.940740740740741 0.75 0.795918367346939 0.705882352941177 0.8687474989996 NA 1 77 1 39.773
1 1 1 1 0.84 0.897959183673469 0.784313725490196 0.882753101240496 5 2 77 1 39.773
1 1 1 1 0.82 0.857142857142857 0.784313725490196 0.866946778711485 8 2 77 1 39.773
0.982456140350877 0.962962962962963 1 1 0.83 0.918367346938776 0.745098039215686 0.858943577430972 10 2 77 1 39.773
0.842105263157895 0.814814814814815 0.866666666666667 0.92962962962963 0.73 0.755102040816326 0.705882352941177 0.860744297719088 1 3 77 1 39.773
0.964912280701754 0.925925925925926 1 0.995061728395062 0.79 0.714285714285714 0.862745098039216 0.869547819127651 2 3 77 1 39.773
0.842105263157895 0.777777777777778 0.9 0.940740740740741 0.75 0.795918367346939 0.705882352941177 0.869947979191677 NA 1 77 2 52.341
1 1 1 1 0.83 0.897959183673469 0.764705882352941 0.882753101240496 5 2 77 2 52.341
1 1 1 1 0.82 0.877551020408163 0.764705882352941 0.881952781112445 8 2 77 2 52.341
1 1 1 1 0.83 0.877551020408163 0.784313725490196 0.866146458583433 10 2 77 2 52.341
0.842105263157895 0.814814814814815 0.866666666666667 0.930864197530864 0.73 0.755102040816326 0.705882352941177 0.857543017206883 1 3 77 2 52.341
0.964912280701754 0.925925925925926 1 0.993827160493827 0.77 0.693877551020408 0.843137254901961 0.869147659063625 2 3 77 2 52.341
0.842105263157895 0.777777777777778 0.9 0.944444444444444 0.76 0.816326530612245 0.705882352941177 0.873149259703882 NA 1 77 3 69.611
1 1 1 1 0.84 0.918367346938776 0.764705882352941 0.868347338935574 5 2 77 3 69.611
1 1 1 1 0.8 0.857142857142857 0.745098039215686 0.856742697078832 8 2 77 3 69.611
1 1 1 1 0.83 0.897959183673469 0.764705882352941 0.868347338935574 10 2 77 3 69.611
0.842105263157895 0.814814814814815 0.866666666666667 0.92716049382716 0.72 0.73469387755102 0.705882352941177 0.861544617847139 1 3 77 3 69.611
0.964912280701754 0.925925925925926 1 0.993827160493827 0.8 0.714285714285714 0.882352941176471 0.874749899959984 2 3 77 3 69.611
