0.852459016393443 0.848484848484849 0.857142857142857 0.953463203463203 0.83 0.955555555555556 0.727272727272727 0.933333333333333 NA 1 75 1 93.129
1 1 1 1 0.89 0.911111111111111 0.872727272727273 0.926262626262626 5 2 75 1 93.129
1 1 1 1 0.82 0.844444444444444 0.8 0.848484848484848 8 2 75 1 93.129
1 1 1 1 0.88 0.933333333333333 0.836363636363636 0.935959595959596 10 2 75 1 93.129
0.852459016393443 0.878787878787879 0.821428571428571 0.95021645021645 0.82 0.955555555555556 0.709090909090909 0.918787878787879 1 3 75 1 93.129
0.967213114754098 0.939393939393939 1 0.991341991341991 0.8 0.822222222222222 0.781818181818182 0.918787878787879 2 3 75 1 93.129
0.868852459016393 0.878787878787879 0.857142857142857 0.957792207792208 0.82 0.955555555555556 0.709090909090909 0.933737373737374 NA 1 75 2 80.863
1 1 1 1 0.89 0.933333333333333 0.854545454545454 0.935757575757576 5 2 75 2 80.863
1 1 1 1 0.88 0.933333333333333 0.836363636363636 0.941414141414141 8 2 75 2 80.863
1 1 1 1 0.81 0.844444444444444 0.781818181818182 0.881212121212121 10 2 75 2 80.863
0.852459016393443 0.878787878787879 0.821428571428571 0.949134199134199 0.82 0.955555555555556 0.709090909090909 0.916767676767677 1 3 75 2 80.863
0.967213114754098 0.939393939393939 1 0.992424242424242 0.81 0.822222222222222 0.8 0.918383838383838 2 3 75 2 80.863
0.852459016393443 0.848484848484849 0.857142857142857 0.952380952380952 0.82 0.955555555555556 0.709090909090909 0.930909090909091 NA 1 75 3 159.233
1 1 1 1 0.86 0.933333333333333 0.8 0.934141414141414 5 2 75 3 159.233
1 1 1 1 0.87 0.822222222222222 0.909090909090909 0.882222222222222 8 2 75 3 159.233
1 1 1 1 0.86 0.933333333333333 0.8 0.93979797979798 10 2 75 3 159.233
0.852459016393443 0.878787878787879 0.821428571428571 0.95021645021645 0.81 0.933333333333333 0.709090909090909 0.916767676767677 1 3 75 3 159.233
0.967213114754098 0.939393939393939 1 0.988095238095238 0.81 0.844444444444444 0.781818181818182 0.919191919191919 2 3 75 3 159.233
