0.871428571428571 0.888888888888889 0.852941176470588 0.920751633986928 0.89 0.867924528301887 0.914893617021277 0.933360096346849 NA 1 80 1 93.311
0.942857142857143 0.944444444444444 0.941176470588235 0.977124183006536 0.91 0.905660377358491 0.914893617021277 0.97591328783621 5 2 80 1 93.311
1 1 1 1 0.85 0.867924528301887 0.829787234042553 0.876756322761943 8 2 80 1 93.311
1 1 1 1 0.79 0.849056603773585 0.723404255319149 0.824568446407065 10 2 80 1 93.311
0.857142857142857 0.888888888888889 0.823529411764706 0.92156862745098 0.89 0.867924528301887 0.914893617021277 0.935768767563228 1 3 80 1 93.311
0.957142857142857 0.972222222222222 0.941176470588235 0.994281045751634 0.89 0.905660377358491 0.872340425531915 0.958249698916098 2 3 80 1 93.311
0.857142857142857 0.888888888888889 0.823529411764706 0.924836601307189 0.89 0.867924528301887 0.914893617021277 0.936571657968687 NA 1 80 2 96.751
0.928571428571429 0.944444444444444 0.911764705882353 0.977124183006536 0.91 0.905660377358491 0.914893617021277 0.975511842633481 5 2 80 2 96.751
1 1 1 1 0.9 0.905660377358491 0.893617021276596 0.925732637494982 8 2 80 2 96.751
1 1 1 1 0.85 0.886792452830189 0.808510638297872 0.879566439181052 10 2 80 2 96.751
0.857142857142857 0.888888888888889 0.823529411764706 0.923202614379085 0.89 0.867924528301887 0.914893617021277 0.939381774387796 1 3 80 2 96.751
0.957142857142857 0.972222222222222 0.941176470588235 0.994281045751634 0.9 0.924528301886792 0.872340425531915 0.957848253713368 2 3 80 2 96.751
0.885714285714286 0.888888888888889 0.882352941176471 0.923202614379085 0.89 0.867924528301887 0.914893617021277 0.937374548374147 NA 1 80 3 160.041
0.942857142857143 0.944444444444444 0.941176470588235 0.977124183006536 0.91 0.905660377358491 0.914893617021277 0.973906061822561 5 2 80 3 160.041
1 1 1 1 0.85 0.849056603773585 0.851063829787234 0.875752709755118 8 2 80 3 160.041
0.985714285714286 0.972222222222222 1 1 0.85 0.924528301886792 0.765957446808511 0.923323966278603 10 2 80 3 160.041
0.871428571428571 0.888888888888889 0.852941176470588 0.925653594771242 0.89 0.867924528301887 0.914893617021277 0.935768767563228 1 3 80 3 160.041
0.957142857142857 0.972222222222222 0.941176470588235 0.98937908496732 0.9 0.905660377358491 0.893617021276596 0.958651144118828 2 3 80 3 160.041
