0.856115107913669 0.869565217391304 0.842857142857143 0.909730848861284 0.79 0.877551020408163 0.705882352941177 0.916366546618647 NA 1 65 1 154.085
0.942446043165468 0.942028985507246 0.942857142857143 0.974534161490683 0.92 0.938775510204082 0.901960784313726 0.974789915966387 5 2 65 1 154.085
0.949640287769784 0.942028985507246 0.957142857142857 0.981159420289855 0.91 0.938775510204082 0.882352941176471 0.973989595838335 8 2 65 1 154.085
0.949640287769784 0.942028985507246 0.957142857142857 0.982194616977226 0.91 0.938775510204082 0.882352941176471 0.970388155262105 10 2 65 1 154.085
0.863309352517986 0.884057971014493 0.842857142857143 0.909109730848861 0.83 0.918367346938776 0.745098039215686 0.926370548219288 1 3 65 1 154.085
0.920863309352518 0.91304347826087 0.928571428571429 0.981366459627329 0.86 0.918367346938776 0.803921568627451 0.939975990396158 2 3 65 1 154.085
0.863309352517986 0.869565217391304 0.857142857142857 0.90952380952381 0.78 0.857142857142857 0.705882352941177 0.914365746298519 NA 1 65 2 120.972
0.942446043165468 0.942028985507246 0.942857142857143 0.974327122153209 0.93 0.938775510204082 0.92156862745098 0.97358943577431 5 2 65 2 120.972
0.949640287769784 0.942028985507246 0.957142857142857 0.980952380952381 0.91 0.938775510204082 0.882352941176471 0.973989595838335 8 2 65 2 120.972
0.949640287769784 0.942028985507246 0.957142857142857 0.981573498964803 0.91 0.938775510204082 0.882352941176471 0.971188475390156 10 2 65 2 120.972
0.870503597122302 0.869565217391304 0.871428571428571 0.908074534161491 0.83 0.918367346938776 0.745098039215686 0.926770708283313 1 3 65 2 120.972
0.920863309352518 0.91304347826087 0.928571428571429 0.981573498964803 0.86 0.918367346938776 0.803921568627451 0.940376150460184 2 3 65 2 120.972
0.870503597122302 0.869565217391304 0.871428571428571 0.911387163561077 0.81 0.897959183673469 0.725490196078431 0.919567827130852 NA 1 65 3 224.212
0.942446043165468 0.942028985507246 0.942857142857143 0.973913043478261 0.92 0.938775510204082 0.901960784313726 0.974389755902361 5 2 65 3 224.212
0.956834532374101 0.956521739130435 0.957142857142857 0.981987577639752 0.91 0.938775510204082 0.882352941176471 0.974389755902361 8 2 65 3 224.212
0.956834532374101 0.942028985507246 0.971428571428571 0.982815734989648 0.91 0.938775510204082 0.882352941176471 0.970388155262105 10 2 65 3 224.212
0.877697841726619 0.869565217391304 0.885714285714286 0.910144927536232 0.83 0.918367346938776 0.745098039215686 0.92436974789916 1 3 65 3 224.212
0.920863309352518 0.91304347826087 0.928571428571429 0.982608695652174 0.86 0.918367346938776 0.803921568627451 0.942777110844338 2 3 65 3 224.212
