0.887323943661972 0.923076923076923 0.84375 0.953725961538462 0.75 0.754716981132076 0.74468085106383 0.850662384584504 NA 1 29 1 211.799
0.964788732394366 0.961538461538462 0.96875 0.995392628205128 0.82 0.849056603773585 0.787234042553192 0.918105178643115 5 2 29 1 211.799
0.957746478873239 0.948717948717949 0.96875 0.994991987179487 0.82 0.830188679245283 0.808510638297872 0.926134082697712 8 2 29 1 211.799
0.97887323943662 0.974358974358974 0.984375 0.997596153846154 0.8 0.830188679245283 0.765957446808511 0.925732637494982 10 2 29 1 211.799
0.859154929577465 0.923076923076923 0.78125 0.952524038461538 0.76 0.811320754716981 0.702127659574468 0.853071055800883 1 3 29 1 211.799
0.929577464788732 0.961538461538462 0.890625 0.985977564102564 0.83 0.830188679245283 0.829787234042553 0.919309514251305 2 3 29 1 211.799
0.880281690140845 0.923076923076923 0.828125 0.952524038461538 0.77 0.754716981132076 0.787234042553192 0.852268165395423 NA 1 29 2 190.708
0.957746478873239 0.961538461538462 0.953125 0.995392628205128 0.82 0.849056603773585 0.787234042553192 0.917703733440385 5 2 29 2 190.708
0.957746478873239 0.948717948717949 0.96875 0.994991987179487 0.82 0.830188679245283 0.808510638297872 0.925732637494982 8 2 29 2 190.708
0.971830985915493 0.974358974358974 0.96875 0.997395833333333 0.8 0.830188679245283 0.765957446808511 0.926134082697712 10 2 29 2 190.708
0.845070422535211 0.923076923076923 0.75 0.951121794871795 0.76 0.811320754716981 0.702127659574468 0.85949417904456 1 3 29 2 190.708
0.922535211267606 0.948717948717949 0.890625 0.985977564102564 0.82 0.830188679245283 0.808510638297872 0.922521075873143 2 3 29 2 190.708
0.880281690140845 0.923076923076923 0.828125 0.954727564102564 0.77 0.773584905660377 0.765957446808511 0.849859494179045 NA 1 29 3 361.903
0.957746478873239 0.948717948717949 0.96875 0.995793269230769 0.82 0.830188679245283 0.808510638297872 0.926535527900442 5 2 29 3 361.903
0.950704225352113 0.948717948717949 0.953125 0.994991987179487 0.82 0.830188679245283 0.808510638297872 0.924929747089522 8 2 29 3 361.903
0.957746478873239 0.948717948717949 0.96875 0.996794871794872 0.82 0.830188679245283 0.808510638297872 0.923725411481333 10 2 29 3 361.903
0.859154929577465 0.923076923076923 0.78125 0.950721153846154 0.76 0.811320754716981 0.702127659574468 0.853873946206343 1 3 29 3 361.903
0.929577464788732 0.948717948717949 0.90625 0.986578525641026 0.84 0.849056603773585 0.829787234042553 0.916499397832196 2 3 29 3 361.903
