0.888392857142857 0.861386138613861 0.910569105691057 0.96039603960396 0.91 0.906976744186046 0.912280701754386 0.962464300285598 NA 1 18 1 336.668
0.946428571428571 0.95049504950495 0.943089430894309 0.987764630121549 0.9 0.930232558139535 0.87719298245614 0.967768257853937 5 2 18 1 336.668
0.946428571428571 0.95049504950495 0.943089430894309 0.988006117684939 0.89 0.930232558139535 0.859649122807018 0.968176254589963 8 2 18 1 336.668
0.946428571428571 0.95049504950495 0.943089430894309 0.988408596957257 0.89 0.930232558139535 0.859649122807018 0.96328029375765 10 2 18 1 336.668
0.888392857142857 0.891089108910891 0.886178861788618 0.960074056186106 0.91 0.906976744186046 0.912280701754386 0.961240310077519 1 3 18 1 336.668
0.941964285714286 0.940594059405941 0.943089430894309 0.987925621830476 0.9 0.930232558139535 0.87719298245614 0.973480212158303 2 3 18 1 336.668
0.897321428571429 0.871287128712871 0.91869918699187 0.961120502294132 0.92 0.930232558139535 0.912280701754386 0.961648306813546 NA 1 18 2 364.251
0.946428571428571 0.95049504950495 0.943089430894309 0.987845125976012 0.9 0.930232558139535 0.87719298245614 0.966952264381885 5 2 18 2 364.251
0.941964285714286 0.940594059405941 0.943089430894309 0.988408596957257 0.9 0.930232558139535 0.87719298245614 0.966952264381885 8 2 18 2 364.251
0.941964285714286 0.940594059405941 0.943089430894309 0.988811076229574 0.89 0.930232558139535 0.859649122807018 0.964096287229702 10 2 18 2 364.251
0.888392857142857 0.881188118811881 0.894308943089431 0.960557031312887 0.91 0.906976744186046 0.912280701754386 0.961240310077519 1 3 18 2 364.251
0.9375 0.95049504950495 0.926829268292683 0.987120663285841 0.9 0.930232558139535 0.87719298245614 0.974296205630355 2 3 18 2 364.251
0.888392857142857 0.861386138613861 0.910569105691057 0.959913064477179 0.91 0.906976744186046 0.912280701754386 0.962872297021624 NA 1 18 3 583.172
0.941964285714286 0.940594059405941 0.943089430894309 0.987201159140304 0.9 0.930232558139535 0.87719298245614 0.969808241534068 5 2 18 3 583.172
0.946428571428571 0.95049504950495 0.943089430894309 0.987925621830476 0.9 0.930232558139535 0.87719298245614 0.969808241534068 8 2 18 3 583.172
0.941964285714286 0.940594059405941 0.943089430894309 0.988569588666184 0.9 0.930232558139535 0.87719298245614 0.967768257853937 10 2 18 3 583.172
0.897321428571429 0.900990099009901 0.894308943089431 0.960315543749497 0.91 0.906976744186046 0.912280701754386 0.963688290493676 1 3 18 3 583.172
0.9375 0.95049504950495 0.926829268292683 0.987603638412622 0.9 0.930232558139535 0.87719298245614 0.975520195838433 2 3 18 3 583.172
