1 1 1 1 0.8 0.725490196078431 0.877551020408163 0.835134053621449 NA 1 65 1 56.518
1 1 1 1 0.8 0.725490196078431 0.877551020408163 0.829131652661064 5 2 65 1 56.518
1 1 1 1 0.8 0.725490196078431 0.877551020408163 0.828731492597039 8 2 65 1 56.518
1 1 1 1 0.8 0.725490196078431 0.877551020408163 0.829131652661064 10 2 65 1 56.518
0.906976744186046 0.954545454545455 0.857142857142857 0.987012987012987 0.79 0.823529411764706 0.755102040816326 0.866746698679472 1 3 65 1 56.518
0.976744186046512 1 0.952380952380952 1 0.77 0.784313725490196 0.755102040816326 0.858343337334934 2 3 65 1 56.518
1 1 1 1 0.82 0.784313725490196 0.857142857142857 0.828931572629052 NA 1 65 2 118.29
1 1 1 1 0.8 0.764705882352941 0.836734693877551 0.819927971188475 5 2 65 2 118.29
1 1 1 1 0.8 0.764705882352941 0.836734693877551 0.819927971188475 8 2 65 2 118.29
1 1 1 1 0.81 0.764705882352941 0.857142857142857 0.821128451380552 10 2 65 2 118.29
0.930232558139535 0.954545454545455 0.904761904761905 0.987012987012987 0.8 0.803921568627451 0.795918367346939 0.869947979191677 1 3 65 2 118.29
1 1 1 1 0.74 0.764705882352941 0.714285714285714 0.858343337334934 2 3 65 2 118.29
1 1 1 1 0.82 0.745098039215686 0.897959183673469 0.850340136054422 NA 1 65 3 115.549
1 1 1 1 0.82 0.745098039215686 0.897959183673469 0.851740696278511 5 2 65 3 115.549
1 1 1 1 0.82 0.745098039215686 0.897959183673469 0.851340536214486 8 2 65 3 115.549
1 1 1 1 0.82 0.745098039215686 0.897959183673469 0.853541416566627 10 2 65 3 115.549
0.883720930232558 0.954545454545455 0.80952380952381 0.991341991341991 0.79 0.823529411764706 0.755102040816326 0.875950380152061 1 3 65 3 115.549
0.953488372093023 1 0.904761904761905 1 0.74 0.784313725490196 0.693877551020408 0.858343337334934 2 3 65 3 115.549
