0.866666666666667 0.875 0.857142857142857 0.955714285714286 0.88 0.837209302325581 0.912280701754386 0.918808649530804 NA 1 13 1 113.555
0.946666666666667 0.95 0.942857142857143 0.993571428571429 0.86 0.86046511627907 0.859649122807018 0.907384740922073 5 2 13 1 113.555
1 1 1 1 0.82 0.813953488372093 0.824561403508772 0.829457364341085 8 2 13 1 113.555
0.986666666666667 1 0.971428571428571 1 0.8 0.86046511627907 0.754385964912281 0.829049367605059 10 2 13 1 113.555
0.866666666666667 0.925 0.8 0.955 0.86 0.86046511627907 0.859649122807018 0.913096695226438 1 3 13 1 113.555
0.92 0.925 0.914285714285714 0.978571428571429 0.82 0.674418604651163 0.929824561403509 0.938392492860057 2 3 13 1 113.555
0.866666666666667 0.875 0.857142857142857 0.955 0.88 0.837209302325581 0.912280701754386 0.920032639738882 NA 1 13 2 113.52
0.946666666666667 0.95 0.942857142857143 0.993571428571429 0.86 0.86046511627907 0.859649122807018 0.907792737658099 5 2 13 2 113.52
1 1 1 1 0.81 0.813953488372093 0.807017543859649 0.830885352917177 8 2 13 2 113.52
1 1 1 1 0.8 0.790697674418605 0.807017543859649 0.854345165238678 10 2 13 2 113.52
0.866666666666667 0.925 0.8 0.952142857142857 0.86 0.883720930232558 0.842105263157895 0.912280701754386 1 3 13 2 113.52
0.92 0.925 0.914285714285714 0.977857142857143 0.82 0.651162790697674 0.947368421052632 0.938392492860057 2 3 13 2 113.52
0.866666666666667 0.875 0.857142857142857 0.955714285714286 0.88 0.837209302325581 0.912280701754386 0.920440636474908 NA 1 13 3 206.196
0.946666666666667 0.95 0.942857142857143 0.992857142857143 0.86 0.86046511627907 0.859649122807018 0.908404732762138 5 2 13 3 206.196
1 1 1 1 0.78 0.813953488372093 0.754385964912281 0.841493268053856 8 2 13 3 206.196
1 1 1 1 0.91 0.86046511627907 0.947368421052632 0.900856793145655 10 2 13 3 206.196
0.866666666666667 0.925 0.8 0.955 0.88 0.906976744186046 0.859649122807018 0.911464708282334 1 3 13 3 206.196
0.906666666666667 0.9 0.914285714285714 0.980714285714286 0.81 0.674418604651163 0.912280701754386 0.9359445124439 2 3 13 3 206.196
