0.851802403204272 0.845333333333333 0.858288770053476 0.919622103386809 0.8 0.8125 0.788461538461538 0.85136217948718 NA 1 49 1 1550.109
0.935914552736983 0.936 0.935828877005348 0.978238859180036 0.88 0.875 0.884615384615385 0.942708333333333 5 2 49 1 1550.109
0.938584779706275 0.941333333333333 0.935828877005348 0.978231729055258 0.87 0.854166666666667 0.884615384615385 0.934294871794872 8 2 49 1 1550.109
0.937249666221629 0.941333333333333 0.933155080213904 0.978823529411765 0.87 0.854166666666667 0.884615384615385 0.932692307692308 10 2 49 1 1550.109
0.84913217623498 0.842666666666667 0.855614973262032 0.918816399286988 0.8 0.8125 0.788461538461538 0.850961538461538 1 3 49 1 1550.109
0.934579439252336 0.944 0.925133689839572 0.977133689839572 0.86 0.8125 0.903846153846154 0.923076923076923 2 3 49 1 1550.109
0.851802403204272 0.845333333333333 0.858288770053476 0.919001782531194 0.8 0.8125 0.788461538461538 0.850961538461538 NA 1 49 2 1126.248
0.937249666221629 0.936 0.938502673796791 0.978217468805704 0.88 0.875 0.884615384615385 0.942708333333333 5 2 49 2 1126.248
0.938584779706275 0.941333333333333 0.935828877005348 0.978238859180036 0.87 0.854166666666667 0.884615384615385 0.93349358974359 8 2 49 2 1126.248
0.937249666221629 0.941333333333333 0.933155080213904 0.97875935828877 0.87 0.854166666666667 0.884615384615385 0.932291666666667 10 2 49 2 1126.248
0.851802403204272 0.848 0.855614973262032 0.918516934046346 0.8 0.8125 0.788461538461538 0.85176282051282 1 3 49 2 1126.248
0.934579439252336 0.944 0.925133689839572 0.977112299465241 0.87 0.833333333333333 0.903846153846154 0.922676282051282 2 3 49 2 1126.248
0.854472630173565 0.850666666666667 0.858288770053476 0.920242424242424 0.79 0.791666666666667 0.788461538461538 0.850160256410256 NA 1 49 3 2593.983
0.935914552736983 0.936 0.935828877005348 0.978217468805704 0.88 0.875 0.884615384615385 0.942307692307692 5 2 49 3 2593.983
0.937249666221629 0.941333333333333 0.933155080213904 0.978310160427807 0.87 0.854166666666667 0.884615384615385 0.933894230769231 8 2 49 3 2593.983
0.934579439252336 0.938666666666667 0.93048128342246 0.978923351158645 0.87 0.854166666666667 0.884615384615385 0.932291666666667 10 2 49 3 2593.983
0.850467289719626 0.845333333333333 0.855614973262032 0.91954367201426 0.79 0.791666666666667 0.788461538461538 0.850560897435897 1 3 49 3 2593.983
0.931909212283044 0.941333333333333 0.922459893048128 0.977475935828877 0.87 0.833333333333333 0.903846153846154 0.926282051282051 2 3 49 3 2593.983
