0.8 0.793103448275862 0.805555555555556 0.885057471264368 0.88 0.9 0.86 0.976 NA 1 12 1 104.373
1 1 1 1 0.79 0.82 0.76 0.796 5 2 12 1 104.373
1 1 1 1 0.82 0.92 0.72 0.8174 8 2 12 1 104.373
1 1 1 1 0.7 0.86 0.54 0.7248 10 2 12 1 104.373
0.8 0.793103448275862 0.805555555555556 0.89176245210728 0.93 0.98 0.88 0.9804 1 3 12 1 104.373
0.938461538461538 0.896551724137931 0.972222222222222 0.984674329501916 0.89 0.92 0.86 0.9752 2 3 12 1 104.373
0.8 0.793103448275862 0.805555555555556 0.886015325670498 0.88 0.9 0.86 0.9756 NA 1 12 2 88.995
0.984615384615385 0.96551724137931 1 0.995210727969349 0.87 0.94 0.8 0.9044 5 2 12 2 88.995
1 1 1 1 0.84 0.88 0.8 0.847 8 2 12 2 88.995
0.923076923076923 1 0.861111111111111 0.901340996168582 0.63 0.7 0.56 0.6634 10 2 12 2 88.995
0.8 0.793103448275862 0.805555555555556 0.895593869731801 0.89 0.96 0.82 0.9756 1 3 12 2 88.995
0.923076923076923 0.896551724137931 0.944444444444444 0.982758620689655 0.89 0.92 0.86 0.9768 2 3 12 2 88.995
0.8 0.793103448275862 0.805555555555556 0.887931034482759 0.88 0.9 0.86 0.9724 NA 1 12 3 170.783
1 1 1 1 0.8 0.8 0.8 0.8422 5 2 12 3 170.783
1 1 1 1 0.89 0.98 0.8 0.921 8 2 12 3 170.783
1 1 1 1 0.65 0.66 0.64 0.7146 10 2 12 3 170.783
0.815384615384615 0.827586206896552 0.805555555555556 0.901340996168582 0.9 0.96 0.84 0.9784 1 3 12 3 170.783
0.923076923076923 0.896551724137931 0.944444444444444 0.983716475095785 0.89 0.92 0.86 0.9716 2 3 12 3 170.783
