0.856760374832664 0.854794520547945 0.858638743455497 0.937861292404791 0.87 0.846153846153846 0.895833333333333 0.929086538461538 NA 1 3 1 756.902
0.92904953145917 0.928767123287671 0.929319371727749 0.980011475292261 0.92 0.942307692307692 0.895833333333333 0.965544871794872 5 2 3 1 756.902
0.927710843373494 0.928767123287671 0.926701570680628 0.980405938463745 0.92 0.942307692307692 0.895833333333333 0.964342948717949 8 2 3 1 756.902
0.926372155287818 0.928767123287671 0.924083769633508 0.980578067847666 0.92 0.942307692307692 0.895833333333333 0.963141025641026 10 2 3 1 756.902
0.852744310575636 0.854794520547945 0.850785340314136 0.937552893925267 0.87 0.846153846153846 0.895833333333333 0.928285256410256 1 3 3 1 756.902
0.931726907630522 0.928767123287671 0.934554973821989 0.97889263429678 0.91 0.903846153846154 0.916666666666667 0.954326923076923 2 3 3 1 756.902
0.855421686746988 0.854794520547945 0.856020942408377 0.937782399770494 0.87 0.846153846153846 0.895833333333333 0.930689102564103 NA 1 3 2 628.544
0.927710843373494 0.928767123287671 0.926701570680628 0.980111884099548 0.92 0.942307692307692 0.895833333333333 0.965544871794872 5 2 3 2 628.544
0.927710843373494 0.928767123287671 0.926701570680628 0.980570895790002 0.92 0.942307692307692 0.895833333333333 0.963541666666667 8 2 3 2 628.544
0.926372155287818 0.928767123287671 0.924083769633508 0.980692820770279 0.93 0.942307692307692 0.916666666666667 0.963141025641026 10 2 3 2 628.544
0.852744310575636 0.854794520547945 0.850785340314136 0.937696335078534 0.87 0.846153846153846 0.895833333333333 0.92948717948718 1 3 3 2 628.544
0.933065595716198 0.928767123287671 0.93717277486911 0.978971526931076 0.91 0.903846153846154 0.916666666666667 0.954326923076923 2 3 3 2 628.544
0.85809906291834 0.863013698630137 0.853403141361257 0.937581582155921 0.87 0.846153846153846 0.895833333333333 0.92948717948718 NA 1 3 3 1347.053
0.931726907630522 0.931506849315068 0.931937172774869 0.979989959119271 0.92 0.942307692307692 0.895833333333333 0.967948717948718 5 2 3 3 1347.053
0.92904953145917 0.928767123287671 0.929319371727749 0.980226637022162 0.92 0.942307692307692 0.895833333333333 0.96474358974359 8 2 3 3 1347.053
0.92904953145917 0.928767123287671 0.929319371727749 0.980441798752062 0.92 0.942307692307692 0.895833333333333 0.963541666666667 10 2 3 3 1347.053
0.855421686746988 0.863013698630137 0.848167539267016 0.937416624829664 0.87 0.846153846153846 0.895833333333333 0.927083333333333 1 3 3 3 1347.053
0.933065595716198 0.928767123287671 0.93717277486911 0.979251237179947 0.91 0.903846153846154 0.916666666666667 0.954727564102564 2 3 3 3 1347.053
