0.871794871794872 0.823529411764706 0.909090909090909 0.950534759358289 0.85 0.836734693877551 0.862745098039216 0.938375350140056 NA 1 52 1 404.459
0.967948717948718 0.970588235294118 0.965909090909091 0.992814171122995 0.89 0.877551020408163 0.901960784313726 0.955582232893157 5 2 52 1 404.459
0.967948717948718 0.955882352941177 0.977272727272727 0.99298128342246 0.87 0.857142857142857 0.882352941176471 0.955182072829132 8 2 52 1 404.459
0.967948717948718 0.970588235294118 0.965909090909091 0.994485294117647 0.86 0.836734693877551 0.882352941176471 0.955582232893157 10 2 52 1 404.459
0.891025641025641 0.867647058823529 0.909090909090909 0.949197860962567 0.83 0.795918367346939 0.862745098039216 0.939175670268107 1 3 52 1 404.459
0.92948717948718 0.897058823529412 0.954545454545455 0.987967914438503 0.88 0.857142857142857 0.901960784313726 0.938375350140056 2 3 52 1 404.459
0.878205128205128 0.838235294117647 0.909090909090909 0.948529411764706 0.85 0.836734693877551 0.862745098039216 0.939575830332133 NA 1 52 2 275.251
0.961538461538462 0.970588235294118 0.954545454545455 0.992479946524064 0.89 0.877551020408163 0.901960784313726 0.955982392957183 5 2 52 2 275.251
0.955128205128205 0.941176470588235 0.965909090909091 0.99298128342246 0.87 0.857142857142857 0.882352941176471 0.953981592637055 8 2 52 2 275.251
0.967948717948718 0.970588235294118 0.965909090909091 0.994318181818182 0.86 0.836734693877551 0.882352941176471 0.95438175270108 10 2 52 2 275.251
0.878205128205128 0.838235294117647 0.909090909090909 0.949197860962567 0.83 0.795918367346939 0.862745098039216 0.939175670268107 1 3 52 2 275.251
0.92948717948718 0.897058823529412 0.954545454545455 0.987967914438503 0.87 0.836734693877551 0.901960784313726 0.941176470588235 2 3 52 2 275.251
0.871794871794872 0.823529411764706 0.909090909090909 0.952540106951872 0.85 0.816326530612245 0.882352941176471 0.935574229691877 NA 1 52 3 558.255
0.967948717948718 0.970588235294118 0.965909090909091 0.992312834224599 0.88 0.857142857142857 0.901960784313726 0.955582232893157 5 2 52 3 558.255
0.967948717948718 0.955882352941177 0.977272727272727 0.993482620320856 0.86 0.836734693877551 0.882352941176471 0.956782713085234 8 2 52 3 558.255
0.967948717948718 0.970588235294118 0.965909090909091 0.993649732620321 0.87 0.836734693877551 0.901960784313726 0.956782713085234 10 2 52 3 558.255
0.884615384615385 0.867647058823529 0.897727272727273 0.950534759358289 0.84 0.795918367346939 0.882352941176471 0.936374549819928 1 3 52 3 558.255
0.942307692307692 0.926470588235294 0.954545454545455 0.988302139037433 0.88 0.857142857142857 0.901960784313726 0.934773909563826 2 3 52 3 558.255
