0.846354166666667 0.834254143646409 0.857142857142857 0.92161772310372 0.84 0.745098039215686 0.938775510204082 0.963585434173669 NA 1 31 1 574.461
0.9140625 0.917127071823204 0.911330049261084 0.975859347358681 0.9 0.843137254901961 0.959183673469388 0.977991196478591 5 2 31 1 574.461
0.919270833333333 0.92817679558011 0.911330049261084 0.976240372315815 0.89 0.843137254901961 0.938775510204082 0.978791516606643 8 2 31 1 574.461
0.919270833333333 0.92817679558011 0.911330049261084 0.976376452657649 0.9 0.843137254901961 0.959183673469388 0.978791516606643 10 2 31 1 574.461
0.8515625 0.845303867403315 0.857142857142857 0.921590507035354 0.85 0.764705882352941 0.938775510204082 0.959983993597439 1 3 31 1 574.461
0.921875 0.922651933701657 0.921182266009852 0.974389679666875 0.87 0.784313725490196 0.959183673469388 0.959983993597439 2 3 31 1 574.461
0.846354166666667 0.834254143646409 0.857142857142857 0.921699371308821 0.84 0.745098039215686 0.938775510204082 0.961984793917567 NA 1 31 2 620.636
0.916666666666667 0.922651933701657 0.911330049261084 0.975668834880113 0.9 0.843137254901961 0.959183673469388 0.978391356542617 5 2 31 2 620.636
0.919270833333333 0.92817679558011 0.911330049261084 0.976077075905615 0.9 0.843137254901961 0.959183673469388 0.979191676670668 8 2 31 2 620.636
0.919270833333333 0.92817679558011 0.911330049261084 0.976049859837248 0.9 0.843137254901961 0.959183673469388 0.978791516606643 10 2 31 2 620.636
0.848958333333333 0.839779005524862 0.857142857142857 0.921236698146586 0.84 0.745098039215686 0.938775510204082 0.959583833533413 1 3 31 2 620.636
0.921875 0.922651933701657 0.921182266009852 0.974580192145443 0.87 0.784313725490196 0.959183673469388 0.959983993597439 2 3 31 2 620.636
0.854166666666667 0.845303867403315 0.862068965517241 0.920719592847617 0.84 0.764705882352941 0.918367346938776 0.960384153661465 NA 1 31 3 1069.14
0.9140625 0.917127071823204 0.911330049261084 0.976185940179082 0.9 0.843137254901961 0.959183673469388 0.97999199679872 5 2 31 3 1069.14
0.919270833333333 0.92817679558011 0.911330049261084 0.976730261546417 0.9 0.843137254901961 0.959183673469388 0.979591836734694 8 2 31 3 1069.14
0.919270833333333 0.92817679558011 0.911330049261084 0.976648613341317 0.9 0.843137254901961 0.959183673469388 0.97999199679872 10 2 31 3 1069.14
0.8515625 0.839779005524862 0.862068965517241 0.920501864300683 0.83 0.745098039215686 0.918367346938776 0.95718287314926 1 3 31 3 1069.14
0.919270833333333 0.92817679558011 0.911330049261084 0.975015649239311 0.87 0.784313725490196 0.959183673469388 0.959583833533413 2 3 31 3 1069.14
