0.872246696035242 0.869565217391304 0.875 0.948680124223602 0.83 0.795918367346939 0.862745098039216 0.926370548219288 NA 1 74 1 405.389
0.920704845814978 0.930434782608696 0.910714285714286 0.980667701863354 0.89 0.857142857142857 0.92156862745098 0.978791516606643 5 2 74 1 405.389
0.929515418502203 0.930434782608696 0.928571428571429 0.981288819875776 0.89 0.857142857142857 0.92156862745098 0.977591036414566 8 2 74 1 405.389
0.929515418502203 0.930434782608696 0.928571428571429 0.981055900621118 0.89 0.857142857142857 0.92156862745098 0.975990396158463 10 2 74 1 405.389
0.876651982378855 0.878260869565217 0.875 0.948835403726708 0.84 0.795918367346939 0.882352941176471 0.92156862745098 1 3 74 1 405.389
0.920704845814978 0.921739130434783 0.919642857142857 0.977717391304348 0.91 0.857142857142857 0.96078431372549 0.972789115646258 2 3 74 1 405.389
0.86784140969163 0.869565217391304 0.866071428571429 0.948835403726708 0.84 0.816326530612245 0.862745098039216 0.926770708283313 NA 1 74 2 378.722
0.920704845814978 0.930434782608696 0.910714285714286 0.980434782608696 0.89 0.857142857142857 0.92156862745098 0.977991196478591 5 2 74 2 378.722
0.929515418502203 0.930434782608696 0.928571428571429 0.981055900621118 0.89 0.857142857142857 0.92156862745098 0.976390556222489 8 2 74 2 378.722
0.929515418502203 0.930434782608696 0.928571428571429 0.980900621118012 0.89 0.857142857142857 0.92156862745098 0.975990396158463 10 2 74 2 378.722
0.876651982378855 0.878260869565217 0.875 0.949068322981366 0.84 0.795918367346939 0.882352941176471 0.921968787515006 1 3 74 2 378.722
0.920704845814978 0.921739130434783 0.919642857142857 0.977795031055901 0.91 0.857142857142857 0.96078431372549 0.974389755902361 2 3 74 2 378.722
0.872246696035242 0.878260869565217 0.866071428571429 0.948524844720497 0.83 0.795918367346939 0.862745098039216 0.925970388155262 NA 1 74 3 683.653
0.92511013215859 0.930434782608696 0.919642857142857 0.980978260869565 0.89 0.857142857142857 0.92156862745098 0.977591036414566 5 2 74 3 683.653
0.916299559471366 0.921739130434783 0.910714285714286 0.98167701863354 0.89 0.857142857142857 0.92156862745098 0.976790716286515 8 2 74 3 683.653
0.920704845814978 0.921739130434783 0.919642857142857 0.981754658385093 0.89 0.857142857142857 0.92156862745098 0.976790716286515 10 2 74 3 683.653
0.86784140969163 0.869565217391304 0.866071428571429 0.947360248447205 0.83 0.775510204081633 0.882352941176471 0.922769107643057 1 3 74 3 683.653
0.920704845814978 0.921739130434783 0.919642857142857 0.977950310559006 0.92 0.877551020408163 0.96078431372549 0.97358943577431 2 3 74 3 683.653
