0.870967741935484 0.857142857142857 0.884615384615385 0.94022644022644 0.87 0.890909090909091 0.844444444444444 0.964848484848485 NA 1 69 1 155.501
0.954838709677419 0.974025974025974 0.935897435897436 0.981684981684982 0.96 0.963636363636364 0.955555555555556 0.991111111111111 5 2 69 1 155.501
0.954838709677419 0.974025974025974 0.935897435897436 0.981684981684982 0.96 0.963636363636364 0.955555555555556 0.991919191919192 8 2 69 1 155.501
0.954838709677419 0.974025974025974 0.935897435897436 0.982017982017982 0.96 0.963636363636364 0.955555555555556 0.991515151515152 10 2 69 1 155.501
0.916129032258065 0.909090909090909 0.923076923076923 0.938061938061938 0.88 0.909090909090909 0.844444444444444 0.963636363636364 1 3 69 1 155.501
0.948387096774194 0.961038961038961 0.935897435897436 0.975690975690976 0.93 0.945454545454545 0.911111111111111 0.981414141414141 2 3 69 1 155.501
0.87741935483871 0.87012987012987 0.884615384615385 0.942890442890443 0.88 0.872727272727273 0.888888888888889 0.96 NA 1 69 2 174.038
0.954838709677419 0.974025974025974 0.935897435897436 0.981185481185481 0.96 0.963636363636364 0.955555555555556 0.99030303030303 5 2 69 2 174.038
0.954838709677419 0.974025974025974 0.935897435897436 0.981684981684982 0.96 0.963636363636364 0.955555555555556 0.991515151515151 8 2 69 2 174.038
0.954838709677419 0.974025974025974 0.935897435897436 0.981851481851482 0.96 0.963636363636364 0.955555555555556 0.991515151515151 10 2 69 2 174.038
0.916129032258065 0.909090909090909 0.923076923076923 0.941225441225441 0.88 0.909090909090909 0.844444444444444 0.960808080808081 1 3 69 2 174.038
0.948387096774194 0.961038961038961 0.935897435897436 0.978021978021978 0.93 0.945454545454545 0.911111111111111 0.981818181818182 2 3 69 2 174.038
0.883870967741936 0.883116883116883 0.884615384615385 0.942057942057942 0.88 0.872727272727273 0.888888888888889 0.96 NA 1 69 3 285.246
0.948387096774194 0.961038961038961 0.935897435897436 0.981518481518482 0.96 0.963636363636364 0.955555555555556 0.990707070707071 5 2 69 3 285.246
0.948387096774194 0.961038961038961 0.935897435897436 0.981684981684982 0.95 0.945454545454545 0.955555555555556 0.992727272727273 8 2 69 3 285.246
0.948387096774194 0.961038961038961 0.935897435897436 0.981851481851482 0.95 0.945454545454545 0.955555555555556 0.992727272727273 10 2 69 3 285.246
0.916129032258065 0.909090909090909 0.923076923076923 0.94039294039294 0.87 0.890909090909091 0.844444444444444 0.961616161616162 1 3 69 3 285.246
0.941935483870968 0.948051948051948 0.935897435897436 0.979020979020979 0.93 0.927272727272727 0.933333333333333 0.97979797979798 2 3 69 3 285.246
