0.92156862745098 0.888888888888889 0.939393939393939 0.924242424242424 0.78 0.76 0.8 0.8492 NA 1 11 1 53.751
1 1 1 1 0.89 0.82 0.96 0.9186 5 2 11 1 53.751
1 1 1 1 0.89 0.84 0.94 0.9362 8 2 11 1 53.751
1 1 1 1 0.91 0.9 0.92 0.9496 10 2 11 1 53.751
0.92156862745098 0.833333333333333 0.96969696969697 0.937710437710438 0.82 0.72 0.92 0.9128 1 3 11 1 53.751
0.941176470588235 0.944444444444444 0.939393939393939 0.994949494949495 0.83 0.7 0.96 0.9364 2 3 11 1 53.751
0.882352941176471 0.777777777777778 0.939393939393939 0.925925925925926 0.81 0.76 0.86 0.8584 NA 1 11 2 74.439
1 1 1 1 0.85 0.84 0.86 0.8724 5 2 11 2 74.439
1 1 1 1 0.89 0.86 0.92 0.9172 8 2 11 2 74.439
1 1 1 1 0.92 0.9 0.94 0.9382 10 2 11 2 74.439
0.92156862745098 0.833333333333333 0.96969696969697 0.924242424242424 0.78 0.7 0.86 0.8936 1 3 11 2 74.439
0.941176470588235 0.944444444444444 0.939393939393939 0.994949494949495 0.83 0.72 0.94 0.9352 2 3 11 2 74.439
0.901960784313726 0.833333333333333 0.939393939393939 0.925925925925926 0.82 0.78 0.86 0.864 NA 1 11 3 99.833
1 1 1 1 0.92 0.9 0.94 0.9676 5 2 11 3 99.833
1 1 1 1 0.91 0.9 0.92 0.9436 8 2 11 3 99.833
1 1 1 1 0.92 0.92 0.92 0.9356 10 2 11 3 99.833
0.92156862745098 0.833333333333333 0.96969696969697 0.932659932659933 0.82 0.74 0.9 0.9156 1 3 11 3 99.833
0.941176470588235 0.944444444444444 0.939393939393939 0.993265993265993 0.83 0.72 0.94 0.9332 2 3 11 3 99.833
