0.962962962962963 1 0.935483870967742 0.976157082748948 0.83 0.784313725490196 0.877551020408163 0.878351340536214 NA 1 70 1 72.224
1 1 1 1 0.78 0.647058823529412 0.918367346938776 0.791916766706683 5 2 70 1 72.224
1 1 1 1 0.78 0.627450980392157 0.938775510204082 0.823529411764706 8 2 70 1 72.224
1 1 1 1 0.77 0.627450980392157 0.918367346938776 0.816326530612245 10 2 70 1 72.224
0.907407407407407 0.91304347826087 0.903225806451613 0.973352033660589 0.82 0.764705882352941 0.877551020408163 0.881952781112445 1 3 70 1 72.224
0.944444444444444 0.956521739130435 0.935483870967742 0.967741935483871 0.85 0.764705882352941 0.938775510204082 0.915166066426571 2 3 70 1 72.224
0.944444444444444 0.956521739130435 0.935483870967742 0.976157082748948 0.82 0.764705882352941 0.877551020408163 0.877951180472189 NA 1 70 2 81.931
1 1 1 1 0.75 0.607843137254902 0.897959183673469 0.810324129651861 5 2 70 2 81.931
1 1 1 1 0.77 0.627450980392157 0.918367346938776 0.807723089235694 8 2 70 2 81.931
1 1 1 1 0.78 0.705882352941177 0.857142857142857 0.829131652661064 10 2 70 2 81.931
0.907407407407407 0.91304347826087 0.903225806451613 0.973352033660589 0.82 0.784313725490196 0.857142857142857 0.891956782713085 1 3 70 2 81.931
0.944444444444444 0.956521739130435 0.935483870967742 0.97194950911641 0.87 0.784313725490196 0.959183673469388 0.915966386554622 2 3 70 2 81.931
0.944444444444444 0.956521739130435 0.935483870967742 0.976157082748948 0.8 0.725490196078431 0.877551020408163 0.8687474989996 NA 1 70 3 129.622
1 1 1 1 0.78 0.666666666666667 0.897959183673469 0.801120448179272 5 2 70 3 129.622
1 1 1 1 0.79 0.666666666666667 0.918367346938776 0.815526210484194 8 2 70 3 129.622
1 1 1 1 0.76 0.666666666666667 0.857142857142857 0.797919167667067 10 2 70 3 129.622
0.925925925925926 0.91304347826087 0.935483870967742 0.973352033660589 0.82 0.764705882352941 0.877551020408163 0.883153261304522 1 3 70 3 129.622
0.925925925925926 0.956521739130435 0.903225806451613 0.97054698457223 0.85 0.764705882352941 0.938775510204082 0.917166866746699 2 3 70 3 129.622
