0.951612903225806 0.935483870967742 0.967741935483871 0.980228928199792 0.87 0.87037037037037 0.869565217391304 0.919484702093398 NA 1 46 1 69.024
1 1 1 1 0.86 0.814814814814815 0.91304347826087 0.874798711755233 5 2 46 1 69.024
1 1 1 1 0.8 0.740740740740741 0.869565217391304 0.861714975845411 8 2 46 1 69.024
1 1 1 1 0.8 0.740740740740741 0.869565217391304 0.844202898550725 10 2 46 1 69.024
0.951612903225806 0.935483870967742 0.967741935483871 0.977107180020812 0.82 0.777777777777778 0.869565217391304 0.925523349436393 1 3 46 1 69.024
0.935483870967742 0.935483870967742 0.935483870967742 0.989594172736733 0.84 0.833333333333333 0.847826086956522 0.922705314009662 2 3 46 1 69.024
0.951612903225806 0.935483870967742 0.967741935483871 0.979188345473465 0.87 0.87037037037037 0.869565217391304 0.916666666666667 NA 1 46 2 89.072
1 1 1 1 0.85 0.796296296296296 0.91304347826087 0.859098228663446 5 2 46 2 89.072
1 1 1 1 0.79 0.685185185185185 0.91304347826087 0.880837359098229 8 2 46 2 89.072
1 1 1 1 0.81 0.740740740740741 0.891304347826087 0.845008051529791 10 2 46 2 89.072
0.951612903225806 0.935483870967742 0.967741935483871 0.972944849115505 0.83 0.796296296296296 0.869565217391304 0.919484702093398 1 3 46 2 89.072
0.935483870967742 0.935483870967742 0.935483870967742 0.990634755463059 0.82 0.814814814814815 0.826086956521739 0.919887278582931 2 3 46 2 89.072
0.951612903225806 0.935483870967742 0.967741935483871 0.979188345473465 0.87 0.87037037037037 0.869565217391304 0.917874396135266 NA 1 46 3 135.387
1 1 1 1 0.83 0.796296296296296 0.869565217391304 0.864331723027375 5 2 46 3 135.387
1 1 1 1 0.83 0.814814814814815 0.847826086956522 0.852858293075684 8 2 46 3 135.387
1 1 1 1 0.82 0.759259259259259 0.891304347826087 0.855475040257649 10 2 46 3 135.387
0.951612903225806 0.935483870967742 0.967741935483871 0.970863683662851 0.81 0.759259259259259 0.869565217391304 0.923510466988728 1 3 46 3 135.387
0.935483870967742 0.935483870967742 0.935483870967742 0.990634755463059 0.8 0.777777777777778 0.826086956521739 0.915056360708535 2 3 46 3 135.387
