0.860158311345646 0.83695652173913 0.882051282051282 0.944202898550725 0.83 0.833333333333333 0.826923076923077 0.911458333333333 NA 1 51 1 589.174
0.928759894459103 0.91304347826087 0.943589743589744 0.98391861761427 0.92 0.958333333333333 0.884615384615385 0.971554487179487 5 2 51 1 589.174
0.934036939313984 0.918478260869565 0.948717948717949 0.984336677814939 0.92 0.958333333333333 0.884615384615385 0.970753205128205 8 2 51 1 589.174
0.931398416886544 0.923913043478261 0.938461538461538 0.984448160535117 0.92 0.958333333333333 0.884615384615385 0.970352564102564 10 2 51 1 589.174
0.868073878627968 0.847826086956522 0.887179487179487 0.944286510590858 0.87 0.875 0.865384615384615 0.91025641025641 1 3 51 1 589.174
0.923482849604222 0.91304347826087 0.933333333333333 0.979013377926421 0.87 0.916666666666667 0.826923076923077 0.935897435897436 2 3 51 1 589.174
0.860158311345646 0.83695652173913 0.882051282051282 0.94417502787068 0.84 0.854166666666667 0.826923076923077 0.910657051282051 NA 1 51 2 587.093
0.928759894459103 0.91304347826087 0.943589743589744 0.98391861761427 0.92 0.958333333333333 0.884615384615385 0.971955128205128 5 2 51 2 587.093
0.934036939313984 0.918478260869565 0.948717948717949 0.984280936454849 0.92 0.958333333333333 0.884615384615385 0.970352564102564 8 2 51 2 587.093
0.931398416886544 0.923913043478261 0.938461538461538 0.984476031215162 0.92 0.958333333333333 0.884615384615385 0.970352564102564 10 2 51 2 587.093
0.865435356200528 0.831521739130435 0.897435897435897 0.944509476031215 0.87 0.875 0.865384615384615 0.91025641025641 1 3 51 2 587.093
0.923482849604222 0.91304347826087 0.933333333333333 0.979041248606466 0.87 0.916666666666667 0.826923076923077 0.932692307692308 2 3 51 2 587.093
0.854881266490765 0.831521739130435 0.876923076923077 0.945289855072464 0.85 0.854166666666667 0.846153846153846 0.909054487179487 NA 1 51 3 1087.471
0.926121372031662 0.91304347826087 0.938461538461538 0.983835005574136 0.92 0.958333333333333 0.884615384615385 0.970753205128205 5 2 51 3 1087.471
0.931398416886544 0.918478260869565 0.943589743589744 0.984141583054627 0.91 0.9375 0.884615384615385 0.970352564102564 8 2 51 3 1087.471
0.931398416886544 0.923913043478261 0.938461538461538 0.984476031215162 0.91 0.9375 0.884615384615385 0.970352564102564 10 2 51 3 1087.471
0.854881266490765 0.83695652173913 0.871794871794872 0.945150501672241 0.86 0.875 0.846153846153846 0.912259615384615 1 3 51 3 1087.471
0.920844327176781 0.907608695652174 0.933333333333333 0.979319955406912 0.87 0.916666666666667 0.826923076923077 0.937900641025641 2 3 51 3 1087.471
