0.865464632454924 0.888283378746594 0.84180790960452 0.934474052864114 0.84 0.909090909090909 0.755555555555556 0.917575757575758 NA 1 76 1 1347.18
0.933425797503467 0.934604904632153 0.932203389830508 0.987084160778337 0.93 0.963636363636364 0.888888888888889 0.974141414141414 5 2 76 1 1347.18
0.93619972260749 0.93732970027248 0.935028248587571 0.988654381994797 0.93 0.963636363636364 0.888888888888889 0.972121212121212 8 2 76 1 1347.18
0.940360610263523 0.93732970027248 0.943502824858757 0.989477978417155 0.91 0.945454545454545 0.866666666666667 0.971717171717172 10 2 76 1 1347.18
0.869625520110957 0.893732970027248 0.844632768361582 0.933919857140658 0.84 0.890909090909091 0.777777777777778 0.922020202020202 1 3 76 1 1347.18
0.926490984743412 0.929155313351499 0.923728813559322 0.986083529610985 0.88 0.890909090909091 0.866666666666667 0.965252525252525 2 3 76 1 1347.18
0.865464632454924 0.888283378746594 0.84180790960452 0.934435567049985 0.83 0.890909090909091 0.755555555555556 0.915959595959596 NA 1 76 2 1314.475
0.933425797503467 0.934604904632153 0.932203389830508 0.986991794824428 0.93 0.963636363636364 0.888888888888889 0.974141414141414 5 2 76 2 1314.475
0.93619972260749 0.93732970027248 0.935028248587571 0.988646684831971 0.93 0.963636363636364 0.888888888888889 0.972525252525253 8 2 76 2 1314.475
0.940360610263523 0.93732970027248 0.943502824858757 0.989431795440201 0.91 0.945454545454545 0.866666666666667 0.971717171717172 10 2 76 2 1314.475
0.868238557558946 0.896457765667575 0.838983050847458 0.93428162379347 0.83 0.890909090909091 0.755555555555556 0.92 1 3 76 2 1314.475
0.926490984743412 0.929155313351499 0.923728813559322 0.986060438122508 0.88 0.890909090909091 0.866666666666667 0.965252525252525 2 3 76 2 1314.475
0.868238557558946 0.891008174386921 0.844632768361582 0.934597207469327 0.84 0.890909090909091 0.777777777777778 0.917575757575758 NA 1 76 3 2561.763
0.934812760055479 0.934604904632153 0.935028248587571 0.987022583475731 0.93 0.963636363636364 0.888888888888889 0.973737373737374 5 2 76 3 2561.763
0.937586685159501 0.940054495912807 0.935028248587571 0.988623593343494 0.93 0.963636363636364 0.888888888888889 0.972929292929293 8 2 76 3 2561.763
0.943134535367545 0.940054495912807 0.946327683615819 0.989424098277375 0.93 0.963636363636364 0.888888888888889 0.971313131313131 10 2 76 3 2561.763
0.875173370319001 0.896457765667575 0.853107344632768 0.934466355701289 0.84 0.890909090909091 0.777777777777778 0.921212121212121 1 3 76 3 2561.763
0.926490984743412 0.929155313351499 0.923728813559322 0.985921889191644 0.89 0.890909090909091 0.888888888888889 0.966868686868687 2 3 76 3 2561.763
