0.85 0.777777777777778 0.909090909090909 0.941919191919192 0.67 0.642857142857143 0.704545454545455 0.773133116883117 NA 1 99 1 29.388
0.975 0.944444444444444 1 0.963383838383838 0.69 0.75 0.613636363636364 0.747564935064935 5 2 99 1 29.388
1 1 1 1 0.76 0.785714285714286 0.727272727272727 0.799918831168831 8 2 99 1 29.388
1 1 1 1 0.7 0.660714285714286 0.75 0.778814935064935 10 2 99 1 29.388
0.9 0.944444444444444 0.863636363636364 0.924242424242424 0.73 0.696428571428571 0.772727272727273 0.838474025974026 1 3 99 1 29.388
0.925 1 0.863636363636364 0.982323232323232 0.72 0.660714285714286 0.795454545454545 0.845779220779221 2 3 99 1 29.388
0.875 0.888888888888889 0.863636363636364 0.94949494949495 0.64 0.625 0.659090909090909 0.747564935064935 NA 1 99 2 40.411
1 1 1 1 0.77 0.875 0.636363636363636 0.809456168831169 5 2 99 2 40.411
0.975 0.944444444444444 1 1 0.76 0.732142857142857 0.795454545454545 0.797077922077922 8 2 99 2 40.411
1 1 1 1 0.75 0.821428571428571 0.659090909090909 0.789366883116883 10 2 99 2 40.411
0.9 0.944444444444444 0.863636363636364 0.936868686868687 0.75 0.678571428571429 0.840909090909091 0.817775974025974 1 3 99 2 40.411
0.95 1 0.909090909090909 0.982323232323232 0.72 0.642857142857143 0.818181818181818 0.840503246753247 2 3 99 2 40.411
0.9 0.888888888888889 0.909090909090909 0.952020202020202 0.64 0.625 0.659090909090909 0.734577922077922 NA 1 99 3 54.234
1 1 1 1 0.71 0.767857142857143 0.636363636363636 0.737418831168831 5 2 99 3 54.234
1 1 1 1 0.72 0.785714285714286 0.636363636363636 0.733157467532467 8 2 99 3 54.234
1 1 1 1 0.69 0.75 0.613636363636364 0.72463474025974 10 2 99 3 54.234
0.875 0.888888888888889 0.863636363636364 0.929292929292929 0.75 0.678571428571429 0.840909090909091 0.821022727272727 1 3 99 3 54.234
0.95 1 0.909090909090909 0.98989898989899 0.73 0.642857142857143 0.840909090909091 0.840097402597403 2 3 99 3 54.234
