0.931034482758621 0.916666666666667 0.941176470588235 0.980392156862745 0.81 0.729166666666667 0.884615384615385 0.906650641025641 NA 1 70 1 79.316
1 1 1 1 0.8 0.666666666666667 0.923076923076923 0.810296474358974 5 2 70 1 79.316
0.988505747126437 1 0.980392156862745 0.987200435729848 0.83 0.770833333333333 0.884615384615385 0.879206730769231 8 2 70 1 79.316
1 1 1 1 0.86 0.770833333333333 0.942307692307692 0.882411858974359 10 2 70 1 79.316
0.931034482758621 0.888888888888889 0.96078431372549 0.974400871459695 0.85 0.8125 0.884615384615385 0.939903846153846 1 3 70 1 79.316
0.988505747126437 1 0.980392156862745 0.997821350762527 0.83 0.75 0.903846153846154 0.948717948717949 2 3 70 1 79.316
0.931034482758621 0.916666666666667 0.941176470588235 0.979847494553377 0.81 0.729166666666667 0.884615384615385 0.907051282051282 NA 1 70 2 100.446
1 1 1 1 0.82 0.6875 0.942307692307692 0.811899038461538 5 2 70 2 100.446
0.988505747126437 0.972222222222222 1 1 0.87 0.770833333333333 0.961538461538462 0.895032051282051 8 2 70 2 100.446
1 1 1 1 0.89 0.8125 0.961538461538462 0.904447115384615 10 2 70 2 100.446
0.931034482758621 0.888888888888889 0.96078431372549 0.974945533769063 0.85 0.8125 0.884615384615385 0.941907051282051 1 3 70 2 100.446
0.988505747126437 1 0.980392156862745 0.997821350762527 0.84 0.770833333333333 0.903846153846154 0.947516025641026 2 3 70 2 100.446
0.931034482758621 0.916666666666667 0.941176470588235 0.980936819172113 0.81 0.729166666666667 0.884615384615385 0.907852564102564 NA 1 70 3 136.413
1 1 1 1 0.84 0.729166666666667 0.942307692307692 0.849759615384615 5 2 70 3 136.413
1 1 1 1 0.83 0.708333333333333 0.942307692307692 0.85176282051282 8 2 70 3 136.413
1 1 1 1 0.85 0.75 0.942307692307692 0.852564102564103 10 2 70 3 136.413
0.931034482758621 0.888888888888889 0.96078431372549 0.97276688453159 0.84 0.791666666666667 0.884615384615385 0.939503205128205 1 3 70 3 136.413
0.988505747126437 1 0.980392156862745 0.998366013071895 0.84 0.75 0.923076923076923 0.947115384615385 2 3 70 3 136.413
