0.837270341207349 0.849056603773585 0.826086956521739 0.911526874900904 0.94 0.930232558139535 0.947368421052632 0.966952264381885 NA 1 1 1 1549.416
0.918635170603675 0.924528301886792 0.91304347826087 0.980132495984448 0.96 0.976744186046512 0.947368421052632 0.988168094655243 5 2 1 1 1549.416
0.91994750656168 0.919137466307278 0.920716112531969 0.980318624578626 0.96 0.976744186046512 0.947368421052632 0.986944104447164 8 2 1 1 1549.416
0.921259842519685 0.921832884097035 0.920716112531969 0.981125181820062 0.96 0.976744186046512 0.947368421052632 0.987760097919217 10 2 1 1 1549.416
0.843832020997375 0.857142857142857 0.831202046035806 0.911457938384542 0.93 0.930232558139535 0.929824561403509 0.971032231742146 1 3 1 1 1549.416
0.910761154855643 0.91644204851752 0.90537084398977 0.976988990838337 0.96 0.976744186046512 0.947368421052632 0.989800081599347 2 3 1 1 1549.416
0.835958005249344 0.846361185983827 0.826086956521739 0.912071473380164 0.94 0.930232558139535 0.947368421052632 0.966544267645859 NA 1 1 2 1737.829
0.916010498687664 0.921832884097035 0.910485933503836 0.980160070590993 0.96 0.976744186046512 0.947368421052632 0.987760097919217 5 2 1 2 1737.829
0.91994750656168 0.919137466307278 0.920716112531969 0.980304837275353 0.96 0.976744186046512 0.947368421052632 0.986536107711138 8 2 1 2 1737.829
0.921259842519685 0.921832884097035 0.920716112531969 0.981152756426607 0.96 0.976744186046512 0.947368421052632 0.988168094655243 10 2 1 2 1737.829
0.843832020997375 0.8544474393531 0.833759590792839 0.911706109843445 0.93 0.930232558139535 0.929824561403509 0.97062423500612 1 3 1 2 1737.829
0.910761154855643 0.919137466307278 0.902813299232737 0.976795968592523 0.96 0.976744186046512 0.947368421052632 0.990616075071399 2 3 1 2 1737.829
0.834645669291339 0.840970350404313 0.828644501278772 0.911395895519816 0.93 0.930232558139535 0.929824561403509 0.968176254589963 NA 1 1 3 3149.536
0.916010498687664 0.919137466307278 0.91304347826087 0.980098027726267 0.96 0.976744186046512 0.947368421052632 0.987760097919217 5 2 1 3 3149.536
0.921259842519685 0.919137466307278 0.923273657289003 0.980325518230262 0.96 0.976744186046512 0.947368421052632 0.986536107711138 8 2 1 3 3149.536
0.923884514435696 0.924528301886792 0.923273657289003 0.981621524737869 0.95 0.976744186046512 0.929824561403509 0.987352101183191 10 2 1 3 3149.536
0.838582677165354 0.849056603773585 0.828644501278772 0.911375214564907 0.93 0.930232558139535 0.929824561403509 0.97062423500612 1 3 1 3 3149.536
0.909448818897638 0.908355795148248 0.910485933503836 0.977430184543054 0.96 0.976744186046512 0.947368421052632 0.989392084863321 2 3 1 3 3149.536
