0.936170212765957 0.956521739130435 0.916666666666667 0.980072463768116 0.82 0.857142857142857 0.784313725490196 0.919167667066827 NA 1 19 1 94.115
1 1 1 1 0.79 0.816326530612245 0.764705882352941 0.822128851540616 5 2 19 1 94.115
1 1 1 1 0.8 0.897959183673469 0.705882352941177 0.81952781112445 8 2 19 1 94.115
1 1 1 1 0.73 0.775510204081633 0.686274509803922 0.798319327731092 10 2 19 1 94.115
0.893617021276596 0.91304347826087 0.875 0.981884057971015 0.81 0.877551020408163 0.745098039215686 0.918767507002801 1 3 19 1 94.115
0.936170212765957 0.956521739130435 0.916666666666667 0.989130434782609 0.82 0.857142857142857 0.784313725490196 0.903961584633854 2 3 19 1 94.115
0.936170212765957 0.956521739130435 0.916666666666667 0.980072463768116 0.82 0.857142857142857 0.784313725490196 0.916766706682673 NA 1 19 2 103.407
0.978723404255319 1 0.958333333333333 0.97463768115942 0.79 0.877551020408163 0.705882352941177 0.816126450580232 5 2 19 2 103.407
1 1 1 1 0.86 0.918367346938776 0.803921568627451 0.870748299319728 8 2 19 2 103.407
1 1 1 1 0.76 0.836734693877551 0.686274509803922 0.773109243697479 10 2 19 2 103.407
0.936170212765957 0.956521739130435 0.916666666666667 0.981884057971015 0.81 0.877551020408163 0.745098039215686 0.919967987194878 1 3 19 2 103.407
0.936170212765957 0.956521739130435 0.916666666666667 0.989130434782609 0.79 0.816326530612245 0.764705882352941 0.901160464185674 2 3 19 2 103.407
0.936170212765957 0.956521739130435 0.916666666666667 0.978260869565217 0.81 0.857142857142857 0.764705882352941 0.920768307322929 NA 1 19 3 147.387
1 1 1 1 0.81 0.836734693877551 0.784313725490196 0.828131252501001 5 2 19 3 147.387
1 1 1 1 0.82 0.918367346938776 0.725490196078431 0.825530212084834 8 2 19 3 147.387
1 1 1 1 0.85 0.877551020408163 0.823529411764706 0.897559023609444 10 2 19 3 147.387
0.914893617021277 0.956521739130435 0.875 0.981884057971015 0.82 0.877551020408163 0.764705882352941 0.925570228091236 1 3 19 3 147.387
0.936170212765957 0.956521739130435 0.916666666666667 0.992753623188406 0.81 0.836734693877551 0.784313725490196 0.903961584633854 2 3 19 3 147.387
