0.847328244274809 0.848484848484849 0.846153846153846 0.932167832167832 0.89 0.886792452830189 0.893617021276596 0.941790445604175 NA 1 96 1 97.745
0.931297709923664 0.924242424242424 0.938461538461538 0.989277389277389 0.93 0.962264150943396 0.893617021276596 0.958651144118828 5 2 96 1 97.745
0.931297709923664 0.924242424242424 0.938461538461538 0.989510489510489 0.94 0.981132075471698 0.893617021276596 0.956643918105179 8 2 96 1 97.745
0.946564885496183 0.954545454545455 0.938461538461538 0.990909090909091 0.94 0.981132075471698 0.893617021276596 0.9542352468888 10 2 96 1 97.745
0.83206106870229 0.848484848484849 0.815384615384615 0.930536130536131 0.88 0.867924528301887 0.893617021276596 0.936571657968687 1 3 96 1 97.745
0.938931297709924 0.939393939393939 0.938461538461538 0.982284382284382 0.9 0.905660377358491 0.893617021276596 0.943797671617824 2 3 96 1 97.745
0.847328244274809 0.848484848484849 0.846153846153846 0.932634032634033 0.89 0.886792452830189 0.893617021276596 0.940987555198715 NA 1 96 2 90.589
0.931297709923664 0.924242424242424 0.938461538461538 0.989044289044289 0.93 0.962264150943396 0.893617021276596 0.958249698916098 5 2 96 2 90.589
0.931297709923664 0.924242424242424 0.938461538461538 0.989510489510489 0.94 0.981132075471698 0.893617021276596 0.956643918105179 8 2 96 2 90.589
0.946564885496183 0.954545454545455 0.938461538461538 0.99044289044289 0.94 0.981132075471698 0.893617021276596 0.95463669209153 10 2 96 2 90.589
0.83206106870229 0.848484848484849 0.815384615384615 0.931701631701632 0.88 0.886792452830189 0.872340425531915 0.935768767563228 1 3 96 2 90.589
0.938931297709924 0.939393939393939 0.938461538461538 0.982284382284382 0.9 0.905660377358491 0.893617021276596 0.944600562023284 2 3 96 2 90.589
0.847328244274809 0.848484848484849 0.846153846153846 0.932167832167832 0.9 0.905660377358491 0.893617021276596 0.944600562023284 NA 1 96 3 169.006
0.938931297709924 0.939393939393939 0.938461538461538 0.989044289044289 0.93 0.962264150943396 0.893617021276596 0.957446808510638 5 2 96 3 169.006
0.938931297709924 0.924242424242424 0.953846153846154 0.989510489510489 0.92 0.962264150943396 0.872340425531915 0.9542352468888 8 2 96 3 169.006
0.946564885496183 0.939393939393939 0.953846153846154 0.990909090909091 0.93 0.981132075471698 0.872340425531915 0.950622240064231 10 2 96 3 169.006
0.83969465648855 0.848484848484849 0.830769230769231 0.930769230769231 0.88 0.886792452830189 0.872340425531915 0.939783219590526 1 3 96 3 169.006
0.938931297709924 0.939393939393939 0.938461538461538 0.981351981351981 0.88 0.867924528301887 0.893617021276596 0.945403452428743 2 3 96 3 169.006
