1 1 1 1 0.79 0.696428571428571 0.909090909090909 0.797686688311688 NA 1 94 1 29.216
1 1 1 1 0.79 0.696428571428571 0.909090909090909 0.797686688311688 5 2 94 1 29.216
1 1 1 1 0.79 0.696428571428571 0.909090909090909 0.797686688311688 8 2 94 1 29.216
1 1 1 1 0.79 0.696428571428571 0.909090909090909 0.797686688311688 10 2 94 1 29.216
0.958333333333333 0.954545454545455 0.961538461538462 0.989510489510489 0.75 0.660714285714286 0.863636363636364 0.852678571428571 1 3 94 1 29.216
0.979166666666667 0.954545454545455 1 0.996503496503496 0.76 0.625 0.931818181818182 0.857954545454545 2 3 94 1 29.216
1 1 1 1 0.77 0.678571428571429 0.886363636363636 0.798092532467532 NA 1 94 2 51.167
1 1 1 1 0.77 0.678571428571429 0.886363636363636 0.798092532467532 5 2 94 2 51.167
1 1 1 1 0.78 0.678571428571429 0.909090909090909 0.798092532467532 8 2 94 2 51.167
1 1 1 1 0.78 0.678571428571429 0.909090909090909 0.798092532467532 10 2 94 2 51.167
0.9375 0.954545454545455 0.923076923076923 0.993006993006993 0.74 0.642857142857143 0.863636363636364 0.855925324675325 1 3 94 2 51.167
0.979166666666667 0.954545454545455 1 0.998251748251748 0.77 0.625 0.954545454545455 0.861201298701299 2 3 94 2 51.167
1 1 1 1 0.78 0.678571428571429 0.909090909090909 0.799918831168831 NA 1 94 3 56.182
1 1 1 1 0.78 0.678571428571429 0.909090909090909 0.800527597402597 5 2 94 3 56.182
1 1 1 1 0.78 0.678571428571429 0.909090909090909 0.800527597402597 8 2 94 3 56.182
1 1 1 1 0.78 0.678571428571429 0.909090909090909 0.800527597402597 10 2 94 3 56.182
0.9375 0.954545454545455 0.923076923076923 0.993006993006993 0.76 0.660714285714286 0.886363636363636 0.847402597402597 1 3 94 3 56.182
0.979166666666667 0.954545454545455 1 0.998251748251748 0.75 0.589285714285714 0.954545454545455 0.851461038961039 2 3 94 3 56.182
