0.872340425531915 0.92 0.818181818181818 0.930909090909091 0.78 0.864864864864865 0.73015873015873 0.896610896610897 NA 1 54 1 77.97
1 1 1 1 0.79 1 0.666666666666667 0.856928356928357 5 2 54 1 77.97
1 1 1 1 0.76 0.864864864864865 0.698412698412698 0.78957528957529 8 2 54 1 77.97
1 1 1 1 0.76 0.810810810810811 0.73015873015873 0.780780780780781 10 2 54 1 77.97
0.808510638297872 0.92 0.681818181818182 0.927272727272727 0.69 0.864864864864865 0.587301587301587 0.853281853281853 1 3 54 1 77.97
0.936170212765957 1 0.863636363636364 0.989090909090909 0.67 0.918918918918919 0.523809523809524 0.856284856284856 2 3 54 1 77.97
0.872340425531915 0.92 0.818181818181818 0.929090909090909 0.76 0.837837837837838 0.714285714285714 0.891033891033891 NA 1 54 2 87.857
1 1 1 1 0.78 0.918918918918919 0.698412698412698 0.815958815958816 5 2 54 2 87.857
1 1 1 1 0.77 0.891891891891892 0.698412698412698 0.83033033033033 8 2 54 2 87.857
1 1 1 1 0.78 0.891891891891892 0.714285714285714 0.84984984984985 10 2 54 2 87.857
0.829787234042553 0.92 0.727272727272727 0.916363636363636 0.72 0.864864864864865 0.634920634920635 0.877305877305877 1 3 54 2 87.857
0.957446808510638 1 0.909090909090909 0.989090909090909 0.71 0.945945945945946 0.571428571428571 0.864435864435864 2 3 54 2 87.857
0.851063829787234 0.92 0.772727272727273 0.925454545454545 0.75 0.837837837837838 0.698412698412698 0.887172887172887 NA 1 54 3 138.292
1 1 1 1 0.8 1 0.682539682539683 0.857357357357357 5 2 54 3 138.292
1 1 1 1 0.76 0.810810810810811 0.73015873015873 0.792149292149292 8 2 54 3 138.292
1 1 1 1 0.77 0.918918918918919 0.682539682539683 0.830759330759331 10 2 54 3 138.292
0.829787234042553 0.92 0.727272727272727 0.918181818181818 0.72 0.864864864864865 0.634920634920635 0.867009867009867 1 3 54 3 138.292
0.957446808510638 1 0.909090909090909 0.989090909090909 0.71 0.945945945945946 0.571428571428571 0.862290862290862 2 3 54 3 138.292
