0.888888888888889 0.918918918918919 0.857142857142857 0.962934362934363 0.77 0.788461538461538 0.75 0.852564102564103 NA 1 32 1 110.27
1 1 1 1 0.76 0.75 0.770833333333333 0.76582532051282 5 2 32 1 110.27
1 1 1 1 0.74 0.730769230769231 0.75 0.780448717948718 8 2 32 1 110.27
1 1 1 1 0.76 0.711538461538462 0.8125 0.745392628205128 10 2 32 1 110.27
0.861111111111111 0.918918918918919 0.8 0.962162162162162 0.74 0.846153846153846 0.625 0.854967948717949 1 3 32 1 110.27
0.972222222222222 0.972972972972973 0.971428571428571 0.998455598455599 0.77 0.788461538461538 0.75 0.872996794871795 2 3 32 1 110.27
0.888888888888889 0.918918918918919 0.857142857142857 0.963706563706564 0.77 0.807692307692308 0.729166666666667 0.85176282051282 NA 1 32 2 104.137
1 1 1 1 0.76 0.75 0.770833333333333 0.797475961538461 5 2 32 2 104.137
1 1 1 1 0.81 0.846153846153846 0.770833333333333 0.8359375 8 2 32 2 104.137
1 1 1 1 0.74 0.711538461538462 0.770833333333333 0.788261217948718 10 2 32 2 104.137
0.875 0.945945945945946 0.8 0.964478764478764 0.74 0.846153846153846 0.625 0.854567307692308 1 3 32 2 104.137
0.986111111111111 1 0.971428571428571 0.998455598455599 0.77 0.788461538461538 0.75 0.874198717948718 2 3 32 2 104.137
0.888888888888889 0.918918918918919 0.857142857142857 0.966023166023166 0.77 0.788461538461538 0.75 0.85536858974359 NA 1 32 3 187.32
1 1 1 1 0.77 0.807692307692308 0.729166666666667 0.806490384615385 5 2 32 3 187.32
1 1 1 1 0.8 0.788461538461538 0.8125 0.815905448717949 8 2 32 3 187.32
1 1 1 1 0.77 0.788461538461538 0.75 0.833733974358974 10 2 32 3 187.32
0.875 0.918918918918919 0.828571428571429 0.962934362934363 0.76 0.846153846153846 0.666666666666667 0.862179487179487 1 3 32 3 187.32
0.972222222222222 0.972972972972973 0.971428571428571 0.998455598455599 0.76 0.769230769230769 0.75 0.877003205128205 2 3 32 3 187.32
