0.896551724137931 0.869565217391304 0.914285714285714 0.949068322981366 0.85 0.707317073170732 0.949152542372881 0.927242662257131 NA 1 56 1 78.947
1 1 1 1 0.88 0.804878048780488 0.932203389830508 0.884869780901199 5 2 56 1 78.947
1 1 1 1 0.89 0.804878048780488 0.949152542372881 0.921041752790409 8 2 56 1 78.947
1 1 1 1 0.89 0.804878048780488 0.949152542372881 0.896238114923522 10 2 56 1 78.947
0.896551724137931 0.869565217391304 0.914285714285714 0.947826086956522 0.81 0.658536585365854 0.915254237288136 0.92972302604382 1 3 56 1 78.947
0.948275862068966 0.91304347826087 0.971428571428571 0.980124223602484 0.81 0.585365853658537 0.966101694915254 0.93178999586606 2 3 56 1 78.947
0.896551724137931 0.869565217391304 0.914285714285714 0.949068322981366 0.83 0.682926829268293 0.932203389830508 0.926415874328235 NA 1 56 2 98.812
1 1 1 1 0.89 0.804878048780488 0.949152542372881 0.885283174865647 5 2 56 2 98.812
1 1 1 1 0.9 0.853658536585366 0.932203389830508 0.909466721785862 8 2 56 2 98.812
1 1 1 1 0.91 0.829268292682927 0.966101694915254 0.920421661843737 10 2 56 2 98.812
0.896551724137931 0.869565217391304 0.914285714285714 0.950310559006211 0.81 0.658536585365854 0.915254237288136 0.928069450186027 1 3 56 2 98.812
0.948275862068966 0.91304347826087 0.971428571428571 0.980124223602484 0.81 0.585365853658537 0.966101694915254 0.92972302604382 2 3 56 2 98.812
0.896551724137931 0.869565217391304 0.914285714285714 0.95527950310559 0.82 0.634146341463415 0.949152542372881 0.925175692434891 NA 1 56 3 146.687
1 1 1 1 0.89 0.804878048780488 0.949152542372881 0.878875568416701 5 2 56 3 146.687
1 1 1 1 0.89 0.829268292682927 0.932203389830508 0.91546093427036 8 2 56 3 146.687
1 1 1 1 0.87 0.780487804878049 0.932203389830508 0.868540719305498 10 2 56 3 146.687
0.896551724137931 0.869565217391304 0.914285714285714 0.944099378881988 0.83 0.707317073170732 0.915254237288136 0.928069450186027 1 3 56 3 146.687
0.948275862068966 0.91304347826087 0.971428571428571 0.980124223602484 0.78 0.51219512195122 0.966101694915254 0.916907813145928 2 3 56 3 146.687
