0.941176470588235 0.916666666666667 0.962962962962963 0.990740740740741 0.85 0.930232558139535 0.789473684210526 0.938392492860057 NA 1 9 1 47.125
1 1 1 1 0.87 0.953488372093023 0.807017543859649 0.890044879640963 5 2 9 1 47.125
1 1 1 1 0.88 0.953488372093023 0.824561403508772 0.928396572827417 8 2 9 1 47.125
0.980392156862745 0.958333333333333 1 1 0.82 0.837209302325581 0.807017543859649 0.865769073847409 10 2 9 1 47.125
0.92156862745098 0.916666666666667 0.925925925925926 0.978395061728395 0.86 0.953488372093023 0.789473684210526 0.938800489596083 1 3 9 1 47.125
0.96078431372549 1 0.925925925925926 0.987654320987654 0.84 0.837209302325581 0.842105263157895 0.915952672378621 2 3 9 1 47.125
1 1 1 1 0.87 0.906976744186046 0.842105263157895 0.872705018359853 NA 1 9 2 64.652
1 1 1 1 0.87 0.906976744186046 0.842105263157895 0.871889024887801 5 2 9 2 64.652
1 1 1 1 0.87 0.930232558139535 0.824561403508772 0.877396980824153 8 2 9 2 64.652
1 1 1 1 0.87 0.906976744186046 0.842105263157895 0.871889024887801 10 2 9 2 64.652
0.941176470588235 0.958333333333333 0.925925925925926 0.986111111111111 0.85 0.883720930232558 0.824561403508772 0.937168502651979 1 3 9 2 64.652
0.96078431372549 1 0.925925925925926 0.990740740740741 0.84 0.813953488372093 0.859649122807018 0.918400652794778 2 3 9 2 64.652
1 1 1 1 0.86 0.883720930232558 0.842105263157895 0.862913096695226 NA 1 9 3 93.341
1 1 1 1 0.86 0.883720930232558 0.842105263157895 0.862913096695226 5 2 9 3 93.341
1 1 1 1 0.86 0.883720930232558 0.842105263157895 0.862913096695226 8 2 9 3 93.341
1 1 1 1 0.86 0.883720930232558 0.842105263157895 0.862913096695226 10 2 9 3 93.341
0.941176470588235 0.958333333333333 0.925925925925926 0.981481481481482 0.87 0.930232558139535 0.824561403508772 0.937984496124031 1 3 9 3 93.341
0.96078431372549 1 0.925925925925926 0.987654320987654 0.85 0.837209302325581 0.859649122807018 0.918400652794778 2 3 9 3 93.341
