0.846979865771812 0.867021276595745 0.826558265582656 0.93568730900075 0.84 0.903225806451613 0.736842105263158 0.928692699490662 NA 1 56 1 1350.301
0.953020134228188 0.957446808510638 0.948509485094851 0.986918353226085 0.91 0.951612903225806 0.842105263157895 0.981324278438031 5 2 56 1 1350.301
0.950335570469799 0.954787234042553 0.94579945799458 0.987285936689154 0.91 0.951612903225806 0.842105263157895 0.983022071307301 8 2 56 1 1350.301
0.951677852348993 0.954787234042553 0.948509485094851 0.987307559245805 0.91 0.951612903225806 0.842105263157895 0.983022071307301 10 2 56 1 1350.301
0.852348993288591 0.875 0.829268292682927 0.935644063887447 0.85 0.919354838709677 0.736842105263158 0.930390492359932 1 3 56 1 1350.301
0.950335570469799 0.954787234042553 0.94579945799458 0.984475004324511 0.9 0.935483870967742 0.842105263157895 0.966893039049236 2 3 56 1 1350.301
0.848322147651007 0.872340425531915 0.823848238482385 0.935925157123912 0.84 0.903225806451613 0.736842105263158 0.928268251273345 NA 1 56 2 1276.988
0.951677852348993 0.954787234042553 0.948509485094851 0.986875108112783 0.91 0.951612903225806 0.842105263157895 0.981324278438031 5 2 56 2 1276.988
0.950335570469799 0.954787234042553 0.94579945799458 0.987271521651387 0.91 0.951612903225806 0.842105263157895 0.982597623089983 8 2 56 2 1276.988
0.950335570469799 0.954787234042553 0.94579945799458 0.98727872917027 0.91 0.951612903225806 0.842105263157895 0.982597623089983 10 2 56 2 1276.988
0.853691275167785 0.877659574468085 0.829268292682927 0.935925157123912 0.85 0.919354838709677 0.736842105263158 0.931663837011885 1 3 56 2 1276.988
0.948993288590604 0.952127659574468 0.94579945799458 0.984583117107767 0.89 0.935483870967742 0.815789473684211 0.965195246179966 2 3 56 2 1276.988
0.845637583892617 0.867021276595745 0.823848238482385 0.934541313498241 0.83 0.887096774193548 0.736842105263158 0.928692699490662 NA 1 56 3 2383.77
0.953020134228188 0.957446808510638 0.948509485094851 0.986961598339388 0.91 0.951612903225806 0.842105263157895 0.981748726655348 5 2 56 3 2383.77
0.948993288590604 0.952127659574468 0.94579945799458 0.987300351726922 0.91 0.951612903225806 0.842105263157895 0.982597623089983 8 2 56 3 2383.77
0.950335570469799 0.954787234042553 0.94579945799458 0.987343596840224 0.91 0.951612903225806 0.842105263157895 0.982597623089983 10 2 56 3 2383.77
0.845637583892617 0.86968085106383 0.821138211382114 0.934865651848008 0.86 0.935483870967742 0.736842105263158 0.928692699490662 1 3 56 3 2383.77
0.948993288590604 0.952127659574468 0.94579945799458 0.98531107651502 0.89 0.935483870967742 0.815789473684211 0.967317487266554 2 3 56 3 2383.77
