0.838235294117647 0.852941176470588 0.823529411764706 0.928200692041522 0.83 0.833333333333333 0.826923076923077 0.89863782051282 NA 1 52 1 68.644
0.897058823529412 0.911764705882353 0.882352941176471 0.972318339100346 0.88 0.875 0.884615384615385 0.95713141025641 5 2 52 1 68.644
1 1 1 1 0.88 0.875 0.884615384615385 0.876201923076923 8 2 52 1 68.644
0.985294117647059 1 0.970588235294118 1 0.9 0.833333333333333 0.961538461538462 0.899238782051282 10 2 52 1 68.644
0.867647058823529 0.882352941176471 0.852941176470588 0.928200692041522 0.78 0.833333333333333 0.730769230769231 0.887820512820513 1 3 52 1 68.644
0.867647058823529 0.852941176470588 0.882352941176471 0.961072664359862 0.81 0.75 0.865384615384615 0.889823717948718 2 3 52 1 68.644
0.867647058823529 0.882352941176471 0.852941176470588 0.931660899653979 0.85 0.875 0.826923076923077 0.906650641025641 NA 1 52 2 75.226
0.911764705882353 0.911764705882353 0.911764705882353 0.97318339100346 0.89 0.895833333333333 0.884615384615385 0.959935897435897 5 2 52 2 75.226
0.985294117647059 1 0.970588235294118 0.983131487889273 0.81 0.854166666666667 0.769230769230769 0.835536858974359 8 2 52 2 75.226
1 1 1 1 0.84 0.791666666666667 0.884615384615385 0.867988782051282 10 2 52 2 75.226
0.867647058823529 0.882352941176471 0.852941176470588 0.930795847750865 0.81 0.875 0.75 0.899038461538462 1 3 52 2 75.226
0.897058823529412 0.882352941176471 0.911764705882353 0.963667820069204 0.78 0.729166666666667 0.826923076923077 0.895833333333333 2 3 52 2 75.226
0.838235294117647 0.852941176470588 0.823529411764706 0.929930795847751 0.82 0.8125 0.826923076923077 0.894230769230769 NA 1 52 3 152.478
0.911764705882353 0.941176470588235 0.882352941176471 0.972318339100346 0.89 0.875 0.903846153846154 0.959134615384615 5 2 52 3 152.478
1 1 1 1 0.87 0.854166666666667 0.884615384615385 0.876201923076923 8 2 52 3 152.478
1 1 1 1 0.86 0.833333333333333 0.884615384615385 0.859575320512821 10 2 52 3 152.478
0.867647058823529 0.882352941176471 0.852941176470588 0.931660899653979 0.78 0.8125 0.75 0.881410256410256 1 3 52 3 152.478
0.882352941176471 0.882352941176471 0.882352941176471 0.955017301038062 0.78 0.729166666666667 0.826923076923077 0.885416666666667 2 3 52 3 152.478
