0.868421052631579 0.852272727272727 0.882352941176471 0.928141711229946 0.88 0.901960784313726 0.857142857142857 0.923569427771108 NA 1 71 1 417.887
0.923684210526316 0.926136363636364 0.92156862745098 0.981255570409982 0.91 0.96078431372549 0.857142857142857 0.95438175270108 5 2 71 1 417.887
0.931578947368421 0.9375 0.926470588235294 0.982035427807487 0.91 0.96078431372549 0.857142857142857 0.947979191676671 8 2 71 1 417.887
0.936842105263158 0.943181818181818 0.931372549019608 0.984876336898396 0.91 0.96078431372549 0.857142857142857 0.953581432573029 10 2 71 1 417.887
0.868421052631579 0.857954545454545 0.877450980392157 0.928086007130125 0.88 0.901960784313726 0.857142857142857 0.921168467386955 1 3 71 1 417.887
0.934210526315789 0.948863636363636 0.92156862745098 0.983929367201426 0.87 0.901960784313726 0.836734693877551 0.939175670268107 2 3 71 1 417.887
0.863157894736842 0.846590909090909 0.877450980392157 0.928141711229946 0.88 0.901960784313726 0.857142857142857 0.923569427771108 NA 1 71 2 285.226
0.921052631578947 0.926136363636364 0.916666666666667 0.981144162210339 0.91 0.96078431372549 0.857142857142857 0.953981592637055 5 2 71 2 285.226
0.931578947368421 0.9375 0.926470588235294 0.981951871657754 0.91 0.96078431372549 0.857142857142857 0.948379351740696 8 2 71 2 285.226
0.936842105263158 0.943181818181818 0.931372549019608 0.984764928698752 0.91 0.96078431372549 0.857142857142857 0.95438175270108 10 2 71 2 285.226
0.865789473684211 0.857954545454545 0.872549019607843 0.928364527629233 0.87 0.901960784313726 0.836734693877551 0.922769107643057 1 3 71 2 285.226
0.939473684210526 0.948863636363636 0.931372549019608 0.983817959001782 0.88 0.901960784313726 0.857142857142857 0.936774709883954 2 3 71 2 285.226
0.873684210526316 0.857954545454545 0.887254901960784 0.928392379679144 0.88 0.901960784313726 0.857142857142857 0.919567827130852 NA 1 71 3 700.217
0.923684210526316 0.926136363636364 0.92156862745098 0.981366978609626 0.91 0.96078431372549 0.857142857142857 0.952781112444978 5 2 71 3 700.217
0.931578947368421 0.931818181818182 0.931372549019608 0.982397504456328 0.91 0.96078431372549 0.857142857142857 0.946378551420568 8 2 71 3 700.217
0.936842105263158 0.943181818181818 0.931372549019608 0.985238413547237 0.91 0.96078431372549 0.857142857142857 0.953981592637055 10 2 71 3 700.217
0.868421052631579 0.857954545454545 0.877450980392157 0.927779634581105 0.87 0.882352941176471 0.857142857142857 0.920768307322929 1 3 71 3 700.217
0.931578947368421 0.948863636363636 0.916666666666667 0.983511586452763 0.86 0.882352941176471 0.836734693877551 0.936774709883954 2 3 71 3 700.217
