0.904761904761905 0.918918918918919 0.884615384615385 0.983367983367983 0.84 0.872727272727273 0.8 0.923232323232323 NA 1 99 1 115.141
0.968253968253968 0.972972972972973 0.961538461538462 0.996881496881497 0.78 0.781818181818182 0.777777777777778 0.887676767676768 5 2 99 1 115.141
1 1 1 1 0.79 0.781818181818182 0.8 0.789090909090909 8 2 99 1 115.141
0.984126984126984 0.972972972972973 1 0.984407484407484 0.75 0.727272727272727 0.777777777777778 0.772323232323232 10 2 99 1 115.141
0.936507936507937 0.945945945945946 0.923076923076923 0.974012474012474 0.85 0.927272727272727 0.755555555555556 0.942626262626263 1 3 99 1 115.141
0.984126984126984 1 0.961538461538462 0.990644490644491 0.84 0.890909090909091 0.777777777777778 0.913131313131313 2 3 99 1 115.141
0.904761904761905 0.918918918918919 0.884615384615385 0.983367983367983 0.83 0.872727272727273 0.777777777777778 0.925656565656566 NA 1 99 2 97.566
0.968253968253968 0.972972972972973 0.961538461538462 0.996881496881497 0.78 0.781818181818182 0.777777777777778 0.888484848484848 5 2 99 2 97.566
1 1 1 1 0.81 0.818181818181818 0.8 0.801616161616162 8 2 99 2 97.566
0.984126984126984 1 0.961538461538462 1 0.68 0.690909090909091 0.666666666666667 0.708686868686869 10 2 99 2 97.566
0.936507936507937 0.945945945945946 0.923076923076923 0.974012474012474 0.85 0.927272727272727 0.755555555555556 0.944646464646465 1 3 99 2 97.566
0.984126984126984 1 0.961538461538462 0.991683991683992 0.84 0.890909090909091 0.777777777777778 0.911515151515152 2 3 99 2 97.566
0.904761904761905 0.918918918918919 0.884615384615385 0.985446985446986 0.82 0.836363636363636 0.8 0.919191919191919 NA 1 99 3 188.889
1 1 1 1 0.73 0.618181818181818 0.866666666666667 0.75050505050505 5 2 99 3 188.889
1 1 1 1 0.76 0.672727272727273 0.866666666666667 0.777777777777778 8 2 99 3 188.889
1 1 1 1 0.72 0.709090909090909 0.733333333333333 0.733737373737374 10 2 99 3 188.889
0.920634920634921 0.945945945945946 0.884615384615385 0.981288981288981 0.86 0.927272727272727 0.777777777777778 0.938989898989899 1 3 99 3 188.889
0.984126984126984 1 0.961538461538462 0.992723492723493 0.82 0.854545454545454 0.777777777777778 0.909090909090909 2 3 99 3 188.889
