0.864864864864865 0.87292817679558 0.857142857142857 0.945336022684089 0.89 0.857142857142857 0.931818181818182 0.954951298701299 NA 1 98 1 441.232
0.945945945945946 0.939226519337017 0.952380952380952 0.988570259288491 0.96 0.964285714285714 0.954545454545455 0.984577922077922 5 2 98 1 441.232
0.954054054054054 0.950276243093923 0.957671957671958 0.989271829050835 0.95 0.964285714285714 0.931818181818182 0.984577922077922 8 2 98 1 441.232
0.956756756756757 0.955801104972376 0.957671957671958 0.989301061124266 0.95 0.964285714285714 0.931818181818182 0.98538961038961 10 2 98 1 441.232
0.867567567567568 0.878453038674033 0.857142857142857 0.945394486830951 0.88 0.839285714285714 0.931818181818182 0.95211038961039 1 3 98 1 441.232
0.940540540540541 0.939226519337017 0.941798941798942 0.986494782074893 0.91 0.910714285714286 0.909090909090909 0.978084415584416 2 3 98 1 441.232
0.864864864864865 0.87292817679558 0.857142857142857 0.945306790610658 0.89 0.857142857142857 0.931818181818182 0.956574675324675 NA 1 98 2 400.764
0.945945945945946 0.939226519337017 0.952380952380952 0.988570259288491 0.96 0.964285714285714 0.954545454545455 0.984577922077922 5 2 98 2 400.764
0.951351351351351 0.94475138121547 0.957671957671958 0.989301061124266 0.96 0.964285714285714 0.954545454545455 0.984172077922078 8 2 98 2 400.764
0.956756756756757 0.955801104972376 0.957671957671958 0.989271829050835 0.96 0.964285714285714 0.954545454545455 0.984983766233766 10 2 98 2 400.764
0.878378378378378 0.895027624309392 0.862433862433862 0.945540647198106 0.88 0.839285714285714 0.931818181818182 0.951704545454545 1 3 98 2 400.764
0.937837837837838 0.939226519337017 0.936507936507937 0.986553246221754 0.91 0.910714285714286 0.909090909090909 0.978896103896104 2 3 98 2 400.764
0.864864864864865 0.87292817679558 0.857142857142857 0.945189862316934 0.89 0.857142857142857 0.931818181818182 0.953327922077922 NA 1 98 3 721.682
0.945945945945946 0.939226519337017 0.952380952380952 0.988687187582215 0.95 0.964285714285714 0.931818181818182 0.984172077922078 5 2 98 3 721.682
0.954054054054054 0.950276243093923 0.957671957671958 0.989301061124266 0.95 0.964285714285714 0.931818181818182 0.984577922077922 8 2 98 3 721.682
0.954054054054054 0.950276243093923 0.957671957671958 0.989417989417989 0.95 0.964285714285714 0.931818181818182 0.984577922077922 10 2 98 3 721.682
0.864864864864865 0.878453038674033 0.851851851851852 0.945306790610658 0.89 0.857142857142857 0.931818181818182 0.947646103896104 1 3 98 3 721.682
0.940540540540541 0.939226519337017 0.941798941798942 0.986640942442047 0.91 0.910714285714286 0.909090909090909 0.977272727272727 2 3 98 3 721.682
