0.833333333333333 0.864864864864865 0.782608695652174 0.945945945945946 0.86 0.886363636363636 0.839285714285714 0.912743506493506 NA 1 93 1 32.59
1 1 1 1 0.85 0.954545454545455 0.767857142857143 0.888595779220779 5 2 93 1 32.59
1 1 1 1 0.83 0.840909090909091 0.821428571428571 0.840909090909091 8 2 93 1 32.59
1 1 1 1 0.71 0.840909090909091 0.607142857142857 0.774553571428571 10 2 93 1 32.59
0.816666666666667 0.972972972972973 0.565217391304348 0.943595769682726 0.74 0.931818181818182 0.589285714285714 0.912337662337662 1 3 93 1 32.59
0.95 0.972972972972973 0.91304347826087 0.992949471210341 0.89 0.909090909090909 0.875 0.931818181818182 2 3 93 1 32.59
0.833333333333333 0.864864864864865 0.782608695652174 0.943595769682726 0.86 0.886363636363636 0.839285714285714 0.912743506493506 NA 1 93 2 38.947
1 1 1 1 0.85 0.863636363636364 0.839285714285714 0.884131493506493 5 2 93 2 38.947
0.983333333333333 1 0.956521739130435 1 0.79 0.818181818181818 0.767857142857143 0.836444805194805 8 2 93 2 38.947
1 1 1 1 0.85 0.886363636363636 0.821428571428571 0.867897727272727 10 2 93 2 38.947
0.816666666666667 0.972972972972973 0.565217391304348 0.937720329024677 0.73 0.931818181818182 0.571428571428571 0.914772727272727 1 3 93 2 38.947
0.966666666666667 0.972972972972973 0.956521739130435 0.991774383078731 0.9 0.931818181818182 0.875 0.933847402597403 2 3 93 2 38.947
0.85 0.891891891891892 0.782608695652174 0.945945945945946 0.85 0.886363636363636 0.821428571428571 0.912337662337662 NA 1 93 3 60.765
1 1 1 1 0.84 0.977272727272727 0.732142857142857 0.87987012987013 5 2 93 3 60.765
1 1 1 1 0.79 0.818181818181818 0.767857142857143 0.859375 8 2 93 3 60.765
1 1 1 1 0.87 0.931818181818182 0.821428571428571 0.899350649350649 10 2 93 3 60.765
0.816666666666667 0.972972972972973 0.565217391304348 0.936545240893067 0.73 0.931818181818182 0.571428571428571 0.914366883116883 1 3 93 3 60.765
0.966666666666667 0.972972972972973 0.956521739130435 0.989424206815511 0.89 0.931818181818182 0.857142857142857 0.933441558441558 2 3 93 3 60.765
