0.899280575539568 0.897058823529412 0.901408450704225 0.963338856669428 0.82 0.826086956521739 0.814814814814815 0.890901771336554 NA 1 83 1 229.9
1 1 1 1 0.79 0.782608695652174 0.796296296296296 0.795088566827697 5 2 83 1 229.9
1 1 1 1 0.76 0.673913043478261 0.833333333333333 0.791062801932367 8 2 83 1 229.9
1 1 1 1 0.74 0.652173913043478 0.814814814814815 0.785024154589372 10 2 83 1 229.9
0.913669064748201 0.911764705882353 0.915492957746479 0.958782104391052 0.84 0.869565217391304 0.814814814814815 0.894927536231884 1 3 83 1 229.9
0.964028776978417 0.970588235294118 0.957746478873239 0.988400994200497 0.83 0.826086956521739 0.833333333333333 0.917874396135266 2 3 83 1 229.9
0.899280575539568 0.897058823529412 0.901408450704225 0.962717481358741 0.81 0.804347826086957 0.814814814814815 0.890901771336554 NA 1 83 2 198.23
1 1 1 1 0.79 0.804347826086957 0.777777777777778 0.791867954911433 5 2 83 2 198.23
1 1 1 1 0.74 0.652173913043478 0.814814814814815 0.766505636070854 8 2 83 2 198.23
1 1 1 1 0.75 0.673913043478261 0.814814814814815 0.788446054750403 10 2 83 2 198.23
0.913669064748201 0.911764705882353 0.915492957746479 0.95857497928749 0.84 0.869565217391304 0.814814814814815 0.89573268921095 1 3 83 2 198.23
0.964028776978417 0.970588235294118 0.957746478873239 0.988400994200497 0.83 0.826086956521739 0.833333333333333 0.915861513687601 2 3 83 2 198.23
0.906474820143885 0.911764705882353 0.901408450704225 0.96188898094449 0.82 0.826086956521739 0.814814814814815 0.888083735909823 NA 1 83 3 384.553
1 1 1 1 0.78 0.782608695652174 0.777777777777778 0.792270531400966 5 2 83 3 384.553
1 1 1 1 0.78 0.717391304347826 0.833333333333333 0.79951690821256 8 2 83 3 384.553
1 1 1 1 0.76 0.673913043478261 0.833333333333333 0.79549114331723 10 2 83 3 384.553
0.906474820143885 0.911764705882353 0.901408450704225 0.957953603976802 0.84 0.869565217391304 0.814814814814815 0.893719806763285 1 3 83 3 384.553
0.971223021582734 0.985294117647059 0.957746478873239 0.988400994200497 0.83 0.826086956521739 0.833333333333333 0.917471819645733 2 3 83 3 384.553
