0.894736842105263 0.88 0.90625 0.9725 0.78 0.787234042553192 0.773584905660377 0.846246487354476 NA 1 4 1 73.756
1 1 1 1 0.76 0.808510638297872 0.716981132075472 0.793255720594139 5 2 4 1 73.756
1 1 1 1 0.8 0.872340425531915 0.735849056603774 0.82476916900843 8 2 4 1 73.756
1 1 1 1 0.82 0.893617021276596 0.754716981132076 0.883781613809715 10 2 4 1 73.756
0.912280701754386 0.88 0.9375 0.96375 0.76 0.680851063829787 0.830188679245283 0.857085507828181 1 3 4 1 73.756
0.964912280701754 0.96 0.96875 0.99625 0.85 0.787234042553192 0.905660377358491 0.910076274588519 2 3 4 1 73.756
0.894736842105263 0.88 0.90625 0.97375 0.77 0.765957446808511 0.773584905660377 0.843837816138097 NA 1 4 2 94.79
1 1 1 1 0.82 0.765957446808511 0.867924528301887 0.862103572862304 5 2 4 2 94.79
1 1 1 1 0.81 0.829787234042553 0.792452830188679 0.859092733841831 8 2 4 2 94.79
1 1 1 1 0.82 0.851063829787234 0.792452830188679 0.872741870734645 10 2 4 2 94.79
0.912280701754386 0.88 0.9375 0.965 0.77 0.680851063829787 0.849056603773585 0.857486953030911 1 3 4 2 94.79
0.964912280701754 0.96 0.96875 0.9975 0.84 0.765957446808511 0.905660377358491 0.910076274588519 2 3 4 2 94.79
0.894736842105263 0.88 0.90625 0.9725 0.77 0.765957446808511 0.773584905660377 0.845443596949016 NA 1 4 3 186.458
1 1 1 1 0.83 0.787234042553192 0.867924528301887 0.867121637896427 5 2 4 3 186.458
1 1 1 1 0.83 0.808510638297872 0.849056603773585 0.907065435568045 8 2 4 3 186.458
0.964912280701754 0.96 0.96875 0.99625 0.82 0.872340425531915 0.773584905660377 0.877559213167403 10 2 4 3 186.458
0.912280701754386 0.88 0.9375 0.96375 0.75 0.680851063829787 0.811320754716981 0.854275391409073 1 3 4 3 186.458
0.964912280701754 0.96 0.96875 0.99625 0.85 0.765957446808511 0.924528301886792 0.908871938980329 2 3 4 3 186.458
