0.866666666666667 0.87719298245614 0.855855855855856 0.939149675991781 0.8 0.829787234042553 0.773584905660377 0.899237254114813 NA 1 65 1 379.495
0.942222222222222 0.929824561403509 0.954954954954955 0.987592856013909 0.93 0.978723404255319 0.886792452830189 0.981533520674428 5 2 65 1 379.495
0.951111111111111 0.93859649122807 0.963963963963964 0.990990990990991 0.93 0.978723404255319 0.886792452830189 0.983139301485347 8 2 65 1 379.495
0.951111111111111 0.93859649122807 0.963963963963964 0.991623202149518 0.92 0.978723404255319 0.867924528301887 0.981132075471698 10 2 65 1 379.495
0.857777777777778 0.885964912280702 0.828828828828829 0.937806227279911 0.79 0.829787234042553 0.754716981132076 0.899237254114813 1 3 65 1 379.495
0.933333333333333 0.929824561403509 0.936936936936937 0.99138612296507 0.87 0.872340425531915 0.867924528301887 0.962264150943396 2 3 65 1 379.495
0.866666666666667 0.87719298245614 0.855855855855856 0.938833570412518 0.8 0.829787234042553 0.773584905660377 0.899237254114813 NA 1 65 2 313.035
0.942222222222222 0.929824561403509 0.954954954954955 0.987355776829461 0.93 0.978723404255319 0.886792452830189 0.981132075471698 5 2 65 2 313.035
0.951111111111111 0.93859649122807 0.963963963963964 0.990832938201359 0.93 0.978723404255319 0.886792452830189 0.983540746688077 8 2 65 2 313.035
0.951111111111111 0.93859649122807 0.963963963963964 0.991544175754702 0.92 0.978723404255319 0.867924528301887 0.981934965877158 10 2 65 2 313.035
0.853333333333333 0.87719298245614 0.828828828828829 0.937094989726569 0.79 0.829787234042553 0.754716981132076 0.896427137695705 1 3 65 2 313.035
0.933333333333333 0.929824561403509 0.936936936936937 0.991149043780623 0.87 0.872340425531915 0.867924528301887 0.963067041348856 2 3 65 2 313.035
0.853333333333333 0.868421052631579 0.837837837837838 0.939544807965861 0.8 0.829787234042553 0.773584905660377 0.896427137695704 NA 1 65 3 636.89
0.942222222222222 0.929824561403509 0.954954954954955 0.987829935198356 0.93 0.978723404255319 0.886792452830189 0.982737856282617 5 2 65 3 636.89
0.955555555555556 0.947368421052632 0.963963963963964 0.991070017385807 0.92 0.978723404255319 0.867924528301887 0.981533520674428 8 2 65 3 636.89
0.955555555555556 0.947368421052632 0.963963963963964 0.991860281333966 0.92 0.978723404255319 0.867924528301887 0.979927739863509 10 2 65 3 636.89
0.857777777777778 0.885964912280702 0.828828828828829 0.937094989726569 0.8 0.851063829787234 0.754716981132076 0.898835808912083 1 3 65 3 636.89
0.937777777777778 0.929824561403509 0.945945945945946 0.990990990990991 0.87 0.851063829787234 0.886792452830189 0.963869931754316 2 3 65 3 636.89
