0.829931972789116 0.857142857142857 0.805194805194805 0.92430426716141 0.8 0.836734693877551 0.764705882352941 0.879951980792317 NA 1 45 1 183.941
0.938775510204082 0.957142857142857 0.922077922077922 0.980148423005566 0.88 0.938775510204082 0.823529411764706 0.950380152060824 5 2 45 1 183.941
0.945578231292517 0.942857142857143 0.948051948051948 0.987940630797774 0.89 0.938775510204082 0.843137254901961 0.960384153661465 8 2 45 1 183.941
0.945578231292517 0.942857142857143 0.948051948051948 0.987569573283859 0.89 0.938775510204082 0.843137254901961 0.961984793917567 10 2 45 1 183.941
0.836734693877551 0.857142857142857 0.818181818181818 0.922077922077922 0.78 0.795918367346939 0.764705882352941 0.880352140856343 1 3 45 1 183.941
0.904761904761905 0.914285714285714 0.896103896103896 0.971799628942486 0.86 0.857142857142857 0.862745098039216 0.919167667066827 2 3 45 1 183.941
0.836734693877551 0.857142857142857 0.818181818181818 0.924675324675325 0.8 0.836734693877551 0.764705882352941 0.881152460984394 NA 1 45 2 189.535
0.925170068027211 0.928571428571429 0.922077922077922 0.980519480519481 0.88 0.938775510204082 0.823529411764706 0.948379351740696 5 2 45 2 189.535
0.945578231292517 0.942857142857143 0.948051948051948 0.988126159554731 0.89 0.938775510204082 0.843137254901961 0.958783513405362 8 2 45 2 189.535
0.945578231292517 0.942857142857143 0.948051948051948 0.987940630797774 0.9 0.959183673469388 0.843137254901961 0.959583833533413 10 2 45 2 189.535
0.836734693877551 0.857142857142857 0.818181818181818 0.923005565862709 0.77 0.795918367346939 0.745098039215686 0.880752300920368 1 3 45 2 189.535
0.904761904761905 0.914285714285714 0.896103896103896 0.971799628942486 0.87 0.857142857142857 0.882352941176471 0.920768307322929 2 3 45 2 189.535
0.836734693877551 0.857142857142857 0.818181818181818 0.922820037105751 0.79 0.836734693877551 0.745098039215686 0.881552621048419 NA 1 45 3 302.33
0.931972789115646 0.928571428571429 0.935064935064935 0.98126159554731 0.88 0.938775510204082 0.823529411764706 0.95718287314926 5 2 45 3 302.33
0.945578231292517 0.942857142857143 0.948051948051948 0.987384044526902 0.89 0.938775510204082 0.843137254901961 0.959583833533413 8 2 45 3 302.33
0.945578231292517 0.942857142857143 0.948051948051948 0.987012987012987 0.89 0.938775510204082 0.843137254901961 0.959983993597439 10 2 45 3 302.33
0.829931972789116 0.842857142857143 0.818181818181818 0.919294990723562 0.78 0.816326530612245 0.745098039215686 0.876350540216086 1 3 45 3 302.33
0.891156462585034 0.9 0.883116883116883 0.972170686456401 0.85 0.857142857142857 0.843137254901961 0.921168467386955 2 3 45 3 302.33
