0.848484848484849 0.857142857142857 0.838709677419355 0.939170506912442 0.79 0.822222222222222 0.763636363636364 0.887676767676768 NA 1 83 1 85.291
1 1 1 1 0.84 0.733333333333333 0.927272727272727 0.837171717171717 5 2 83 1 85.291
1 1 1 1 0.67 0.711111111111111 0.636363636363636 0.737777777777778 8 2 83 1 85.291
1 1 1 1 0.8 0.777777777777778 0.818181818181818 0.836767676767677 10 2 83 1 85.291
0.863636363636364 0.942857142857143 0.774193548387097 0.934562211981567 0.8 0.933333333333333 0.690909090909091 0.896969696969697 1 3 83 1 85.291
0.939393939393939 0.971428571428571 0.903225806451613 0.986175115207373 0.84 0.822222222222222 0.854545454545454 0.881616161616162 2 3 83 1 85.291
0.833333333333333 0.828571428571429 0.838709677419355 0.932718894009217 0.8 0.866666666666667 0.745454545454545 0.897373737373737 NA 1 83 2 82.703
1 1 1 1 0.83 0.733333333333333 0.909090909090909 0.824242424242424 5 2 83 2 82.703
1 1 1 1 0.78 0.822222222222222 0.745454545454545 0.856969696969697 8 2 83 2 82.703
1 1 1 1 0.73 0.777777777777778 0.690909090909091 0.812929292929293 10 2 83 2 82.703
0.833333333333333 0.914285714285714 0.741935483870968 0.928110599078341 0.8 0.933333333333333 0.690909090909091 0.89979797979798 1 3 83 2 82.703
0.939393939393939 0.971428571428571 0.903225806451613 0.984331797235023 0.82 0.822222222222222 0.818181818181818 0.892121212121212 2 3 83 2 82.703
0.848484848484849 0.857142857142857 0.838709677419355 0.930875576036866 0.8 0.866666666666667 0.745454545454545 0.895757575757576 NA 1 83 3 153.085
1 1 1 1 0.74 0.666666666666667 0.8 0.801616161616162 5 2 83 3 153.085
1 1 1 1 0.83 0.755555555555556 0.890909090909091 0.857171717171717 8 2 83 3 153.085
1 1 1 1 0.81 0.755555555555556 0.854545454545454 0.869292929292929 10 2 83 3 153.085
0.863636363636364 0.942857142857143 0.774193548387097 0.925345622119816 0.8 0.933333333333333 0.690909090909091 0.889292929292929 1 3 83 3 153.085
0.939393939393939 0.971428571428571 0.903225806451613 0.984331797235023 0.81 0.822222222222222 0.8 0.892929292929293 2 3 83 3 153.085
