0.916666666666667 0.902439024390244 0.930232558139535 0.96596710153148 0.85 0.872727272727273 0.822222222222222 0.928080808080808 NA 1 25 1 151.433
1 1 1 1 0.92 0.945454545454545 0.888888888888889 0.93030303030303 5 2 25 1 151.433
1 1 1 1 0.85 0.890909090909091 0.8 0.892525252525252 8 2 25 1 151.433
1 1 1 1 0.92 0.963636363636364 0.866666666666667 0.914747474747475 10 2 25 1 151.433
0.94047619047619 0.926829268292683 0.953488372093023 0.960862166761202 0.86 0.872727272727273 0.844444444444444 0.917171717171717 1 3 25 1 151.433
0.976190476190476 1 0.953488372093023 0.993193420306296 0.85 0.890909090909091 0.8 0.941414141414141 2 3 25 1 151.433
0.892857142857143 0.853658536585366 0.930232558139535 0.96596710153148 0.85 0.872727272727273 0.822222222222222 0.917979797979798 NA 1 25 2 130.992
1 1 1 1 0.9 0.927272727272727 0.866666666666667 0.921212121212121 5 2 25 2 130.992
1 1 1 1 0.89 0.927272727272727 0.844444444444444 0.918787878787879 8 2 25 2 130.992
1 1 1 1 0.9 0.909090909090909 0.888888888888889 0.918787878787879 10 2 25 2 130.992
0.928571428571429 0.902439024390244 0.953488372093023 0.961429381735678 0.83 0.854545454545454 0.8 0.904242424242424 1 3 25 2 130.992
0.964285714285714 0.975609756097561 0.953488372093023 0.993193420306296 0.85 0.890909090909091 0.8 0.938181818181818 2 3 25 2 130.992
0.916666666666667 0.902439024390244 0.930232558139535 0.967668746454906 0.85 0.872727272727273 0.822222222222222 0.916363636363636 NA 1 25 3 250.229
1 1 1 1 0.9 0.945454545454545 0.844444444444444 0.907878787878788 5 2 25 3 250.229
1 1 1 1 0.93 0.963636363636364 0.888888888888889 0.955959595959596 8 2 25 3 250.229
1 1 1 1 0.93 0.963636363636364 0.888888888888889 0.944848484848485 10 2 25 3 250.229
0.916666666666667 0.878048780487805 0.953488372093023 0.961429381735678 0.84 0.854545454545454 0.822222222222222 0.909494949494949 1 3 25 3 250.229
0.964285714285714 0.975609756097561 0.953488372093023 0.992626205331821 0.84 0.890909090909091 0.777777777777778 0.935353535353535 2 3 25 3 250.229
