0.859025032938076 0.869230769230769 0.848238482384824 0.936814675839066 0.89 0.978723404255319 0.811320754716981 0.9771176234444 NA 1 15 1 924.923
0.934123847167325 0.938461538461538 0.929539295392954 0.984872489750539 0.95 0.936170212765957 0.962264150943396 0.991168205539944 5 2 15 1 924.923
0.930171277997365 0.933333333333333 0.926829268292683 0.985595163643944 0.95 0.936170212765957 0.962264150943396 0.991971095945403 8 2 15 1 924.923
0.930171277997365 0.933333333333333 0.926829268292683 0.98570634424293 0.94 0.936170212765957 0.943396226415094 0.991971095945403 10 2 15 1 924.923
0.859025032938076 0.876923076923077 0.840108401084011 0.936599263428532 0.89 0.957446808510638 0.830188679245283 0.975110397430751 1 3 15 1 924.923
0.930171277997365 0.930769230769231 0.929539295392954 0.98470571885206 0.92 0.914893617021277 0.924528301886792 0.986752308309916 2 3 15 1 924.923
0.857707509881423 0.871794871794872 0.842818428184282 0.936772983114447 0.9 0.978723404255319 0.830188679245283 0.9771176234444 NA 1 15 2 789.732
0.935441370223979 0.938461538461538 0.932249322493225 0.984900284900285 0.95 0.936170212765957 0.962264150943396 0.991168205539944 5 2 15 2 789.732
0.927536231884058 0.930769230769231 0.924119241192412 0.985588214856508 0.94 0.936170212765957 0.943396226415094 0.991971095945403 8 2 15 2 789.732
0.931488801054018 0.933333333333333 0.929539295392954 0.985734139392676 0.94 0.936170212765957 0.943396226415094 0.991971095945403 10 2 15 2 789.732
0.856389986824769 0.879487179487179 0.831978319783198 0.936842470988812 0.86 0.957446808510638 0.773584905660377 0.97631473303894 1 3 15 2 789.732
0.932806324110672 0.930769230769231 0.934959349593496 0.984698770064624 0.92 0.914893617021277 0.924528301886792 0.987555198715375 2 3 15 2 789.732
0.862977602108037 0.876923076923077 0.848238482384824 0.937363630046557 0.9 0.978723404255319 0.830188679245283 0.97751906864713 NA 1 15 3 1553.368
0.931488801054018 0.938461538461538 0.924119241192412 0.984900284900285 0.94 0.936170212765957 0.943396226415094 0.991168205539944 5 2 15 3 1553.368
0.930171277997365 0.933333333333333 0.926829268292683 0.985741088180113 0.95 0.936170212765957 0.962264150943396 0.991971095945403 8 2 15 3 1553.368
0.931488801054018 0.935897435897436 0.926829268292683 0.985900910291154 0.94 0.936170212765957 0.943396226415094 0.992372541148133 10 2 15 3 1553.368
0.856389986824769 0.876923076923077 0.834688346883469 0.93709262733653 0.89 0.978723404255319 0.811320754716981 0.9771176234444 1 3 15 3 1553.368
0.926218708827404 0.928205128205128 0.924119241192412 0.984469460079216 0.92 0.914893617021277 0.924528301886792 0.986350863107186 2 3 15 3 1553.368
