0.919354838709677 0.939393939393939 0.896551724137931 0.968652037617555 0.88 0.886363636363636 0.875 0.929383116883117 NA 1 38 1 58.287
1 1 1 1 0.9 0.863636363636364 0.928571428571429 0.904829545454545 5 2 38 1 58.287
1 1 1 1 0.88 0.840909090909091 0.910714285714286 0.929383116883117 8 2 38 1 58.287
1 1 1 1 0.87 0.863636363636364 0.875 0.934862012987013 10 2 38 1 58.287
0.903225806451613 0.939393939393939 0.862068965517241 0.961337513061651 0.87 0.840909090909091 0.892857142857143 0.923701298701299 1 3 38 1 58.287
0.967741935483871 0.96969696969697 0.96551724137931 0.993730407523511 0.88 0.818181818181818 0.928571428571429 0.930194805194805 2 3 38 1 58.287
0.903225806451613 0.939393939393939 0.862068965517241 0.968652037617555 0.88 0.886363636363636 0.875 0.929383116883117 NA 1 38 2 64.954
0.983870967741935 0.96969696969697 1 1 0.9 0.931818181818182 0.875 0.943790584415584 5 2 38 2 64.954
1 1 1 1 0.88 0.863636363636364 0.892857142857143 0.942167207792208 8 2 38 2 64.954
1 1 1 1 0.89 0.863636363636364 0.910714285714286 0.937905844155844 10 2 38 2 64.954
0.887096774193548 0.939393939393939 0.827586206896552 0.961337513061651 0.87 0.863636363636364 0.875 0.92775974025974 1 3 38 2 64.954
0.967741935483871 0.96969696969697 0.96551724137931 0.993730407523511 0.88 0.818181818181818 0.928571428571429 0.930600649350649 2 3 38 2 64.954
0.903225806451613 0.909090909090909 0.896551724137931 0.96760710553814 0.88 0.886363636363636 0.875 0.930194805194805 NA 1 38 3 102.411
1 1 1 1 0.9 0.886363636363636 0.910714285714286 0.926948051948052 5 2 38 3 102.411
1 1 1 1 0.87 0.818181818181818 0.910714285714286 0.921266233766234 8 2 38 3 102.411
1 1 1 1 0.88 0.840909090909091 0.910714285714286 0.919845779220779 10 2 38 3 102.411
0.903225806451613 0.939393939393939 0.862068965517241 0.961337513061651 0.87 0.840909090909091 0.892857142857143 0.919237012987013 1 3 38 3 102.411
0.967741935483871 0.96969696969697 0.96551724137931 0.993730407523511 0.87 0.818181818181818 0.910714285714286 0.927353896103896 2 3 38 3 102.411
