0.925 0.9 0.95 0.9825 0.79 0.844444444444444 0.745454545454545 0.904646464646465 NA 1 56 1 53.258
1 1 1 1 0.72 0.688888888888889 0.745454545454545 0.803030303030303 5 2 56 1 53.258
1 1 1 1 0.79 0.777777777777778 0.8 0.845454545454545 8 2 56 1 53.258
1 1 1 1 0.86 0.822222222222222 0.890909090909091 0.889292929292929 10 2 56 1 53.258
0.9 0.95 0.85 0.975 0.83 0.866666666666667 0.8 0.913535353535354 1 3 56 1 53.258
0.975 0.95 1 1 0.88 0.866666666666667 0.890909090909091 0.928080808080808 2 3 56 1 53.258
0.925 0.9 0.95 0.9825 0.79 0.844444444444444 0.745454545454545 0.902626262626263 NA 1 56 2 62.835
1 1 1 1 0.81 0.844444444444444 0.781818181818182 0.819393939393939 5 2 56 2 62.835
1 1 1 1 0.8 0.822222222222222 0.781818181818182 0.842828282828283 8 2 56 2 62.835
1 1 1 1 0.81 0.866666666666667 0.763636363636364 0.863838383838384 10 2 56 2 62.835
0.9 0.95 0.85 0.9725 0.83 0.866666666666667 0.8 0.912727272727273 1 3 56 2 62.835
0.975 0.95 1 1 0.88 0.866666666666667 0.890909090909091 0.927272727272727 2 3 56 2 62.835
0.925 0.9 0.95 0.9875 0.79 0.844444444444444 0.745454545454545 0.897373737373737 NA 1 56 3 95.524
1 1 1 1 0.85 0.866666666666667 0.836363636363636 0.867070707070707 5 2 56 3 95.524
1 1 1 1 0.77 0.688888888888889 0.836363636363636 0.858383838383838 8 2 56 3 95.524
1 1 1 1 0.72 0.711111111111111 0.727272727272727 0.774747474747475 10 2 56 3 95.524
0.9 0.95 0.85 0.98 0.83 0.866666666666667 0.8 0.901818181818182 1 3 56 3 95.524
1 1 1 1 0.87 0.844444444444444 0.890909090909091 0.919191919191919 2 3 56 3 95.524
