0.883177570093458 0.907407407407407 0.858490566037736 0.950733752620545 0.83 0.829787234042553 0.830188679245283 0.932557205941389 NA 1 49 1 552.663
0.957943925233645 0.962962962962963 0.952830188679245 0.994234800838574 0.92 0.914893617021277 0.924528301886792 0.974307507025291 5 2 49 1 552.663
0.957943925233645 0.962962962962963 0.952830188679245 0.99432215234102 0.92 0.914893617021277 0.924528301886792 0.974708952228021 8 2 49 1 552.663
0.957943925233645 0.962962962962963 0.952830188679245 0.994584206848358 0.92 0.914893617021277 0.924528301886792 0.975110397430751 10 2 49 1 552.663
0.878504672897196 0.898148148148148 0.858490566037736 0.947676450034941 0.83 0.851063829787234 0.811320754716981 0.92934564431955 1 3 49 1 552.663
0.953271028037383 0.962962962962963 0.943396226415094 0.991614255765199 0.93 0.936170212765957 0.924528301886792 0.958651144118828 2 3 49 1 552.663
0.883177570093458 0.907407407407407 0.858490566037736 0.951345213137666 0.83 0.829787234042553 0.830188679245283 0.932557205941389 NA 1 49 2 395.12
0.957943925233645 0.962962962962963 0.952830188679245 0.994060097833683 0.92 0.914893617021277 0.924528301886792 0.974307507025291 5 2 49 2 395.12
0.957943925233645 0.962962962962963 0.952830188679245 0.994147449336129 0.92 0.914893617021277 0.924528301886792 0.974708952228021 8 2 49 2 395.12
0.957943925233645 0.962962962962963 0.952830188679245 0.994409503843466 0.92 0.914893617021277 0.924528301886792 0.974708952228021 10 2 49 2 395.12
0.883177570093458 0.907407407407407 0.858490566037736 0.948899371069182 0.84 0.872340425531915 0.811320754716981 0.932155760738659 1 3 49 2 395.12
0.953271028037383 0.962962962962963 0.943396226415094 0.991526904262753 0.93 0.936170212765957 0.924528301886792 0.958249698916098 2 3 49 2 395.12
0.883177570093458 0.907407407407407 0.858490566037736 0.950733752620545 0.84 0.851063829787234 0.830188679245283 0.934564431955038 NA 1 49 3 902.792
0.957943925233645 0.962962962962963 0.952830188679245 0.994234800838574 0.92 0.914893617021277 0.924528301886792 0.974307507025291 5 2 49 3 902.792
0.957943925233645 0.962962962962963 0.952830188679245 0.994758909853249 0.92 0.914893617021277 0.924528301886792 0.97671617824167 8 2 49 3 902.792
0.957943925233645 0.962962962962963 0.952830188679245 0.994671558350804 0.92 0.914893617021277 0.924528301886792 0.97631473303894 10 2 49 3 902.792
0.878504672897196 0.898148148148148 0.858490566037736 0.946977638015374 0.84 0.851063829787234 0.830188679245283 0.92974708952228 1 3 49 3 902.792
0.953271028037383 0.962962962962963 0.943396226415094 0.992138364779874 0.93 0.936170212765957 0.924528301886792 0.959855479727017 2 3 49 3 902.792
