0.889447236180904 0.903846153846154 0.873684210526316 0.965587044534413 0.82 0.76 0.88 0.9252 NA 1 41 1 175.032
0.964824120603015 0.961538461538462 0.968421052631579 0.992004048582996 0.92 0.92 0.92 0.9748 5 2 41 1 175.032
0.959798994974874 0.961538461538462 0.957894736842105 0.992307692307692 0.9 0.88 0.92 0.9724 8 2 41 1 175.032
0.959798994974874 0.961538461538462 0.957894736842105 0.992307692307692 0.87 0.82 0.92 0.9716 10 2 41 1 175.032
0.889447236180904 0.913461538461538 0.863157894736842 0.965485829959514 0.82 0.76 0.88 0.9268 1 3 41 1 175.032
0.959798994974874 0.990384615384615 0.926315789473684 0.985222672064777 0.88 0.86 0.9 0.9524 2 3 41 1 175.032
0.889447236180904 0.903846153846154 0.873684210526316 0.965384615384615 0.82 0.76 0.88 0.9244 NA 1 41 2 249.409
0.959798994974874 0.961538461538462 0.957894736842105 0.992004048582996 0.92 0.92 0.92 0.9748 5 2 41 2 249.409
0.959798994974874 0.961538461538462 0.957894736842105 0.99251012145749 0.91 0.9 0.92 0.972 8 2 41 2 249.409
0.959798994974874 0.961538461538462 0.957894736842105 0.992408906882591 0.88 0.84 0.92 0.9716 10 2 41 2 249.409
0.879396984924623 0.903846153846154 0.852631578947368 0.965890688259109 0.82 0.76 0.88 0.9256 1 3 41 2 249.409
0.959798994974874 0.990384615384615 0.926315789473684 0.985222672064777 0.88 0.86 0.9 0.9528 2 3 41 2 249.409
0.884422110552764 0.903846153846154 0.863157894736842 0.965890688259109 0.82 0.76 0.88 0.9252 NA 1 41 3 291.873
0.959798994974874 0.961538461538462 0.957894736842105 0.992206477732794 0.92 0.92 0.92 0.9744 5 2 41 3 291.873
0.954773869346734 0.961538461538462 0.947368421052632 0.992408906882591 0.89 0.86 0.92 0.9736 8 2 41 3 291.873
0.954773869346734 0.961538461538462 0.947368421052632 0.992206477732794 0.88 0.84 0.92 0.972 10 2 41 3 291.873
0.884422110552764 0.913461538461538 0.852631578947368 0.966093117408907 0.83 0.78 0.88 0.9276 1 3 41 3 291.873
0.964824120603015 0.990384615384615 0.936842105263158 0.982692307692308 0.89 0.86 0.92 0.9524 2 3 41 3 291.873
