0.864864864864865 0.883116883116883 0.845070422535211 0.930857874519846 0.86 0.867924528301887 0.851063829787234 0.918908069048575 NA 1 72 1 189.444
0.939189189189189 0.961038961038961 0.915492957746479 0.983903420523139 0.9 0.867924528301887 0.936170212765957 0.970293054997993 5 2 72 1 189.444
0.945945945945946 0.974025974025974 0.915492957746479 0.985366745930126 0.89 0.867924528301887 0.914893617021277 0.973906061822561 8 2 72 1 189.444
0.945945945945946 0.974025974025974 0.915492957746479 0.986830071337114 0.89 0.867924528301887 0.914893617021277 0.971898835808912 10 2 72 1 189.444
0.864864864864865 0.896103896103896 0.830985915492958 0.930857874519846 0.87 0.886792452830189 0.851063829787234 0.919309514251305 1 3 72 1 189.444
0.939189189189189 0.961038961038961 0.915492957746479 0.979513444302177 0.82 0.773584905660377 0.872340425531915 0.943797671617824 2 3 72 1 189.444
0.871621621621622 0.883116883116883 0.859154929577465 0.931406621547467 0.86 0.867924528301887 0.851063829787234 0.919309514251305 NA 1 72 2 211.287
0.939189189189189 0.961038961038961 0.915492957746479 0.984086336199012 0.9 0.867924528301887 0.936170212765957 0.971497390606182 5 2 72 2 211.287
0.945945945945946 0.974025974025974 0.915492957746479 0.986281324309493 0.89 0.867924528301887 0.914893617021277 0.974307507025291 8 2 72 2 211.287
0.945945945945946 0.974025974025974 0.915492957746479 0.988659228095848 0.89 0.867924528301887 0.914893617021277 0.973103171417102 10 2 72 2 211.287
0.864864864864865 0.896103896103896 0.830985915492958 0.9304920431681 0.87 0.886792452830189 0.851063829787234 0.918908069048575 1 3 72 2 211.287
0.939189189189189 0.961038961038961 0.915492957746479 0.979879275653924 0.82 0.773584905660377 0.872340425531915 0.943797671617824 2 3 72 2 211.287
0.858108108108108 0.87012987012987 0.845070422535211 0.932687031278581 0.85 0.849056603773585 0.851063829787234 0.920915295062224 NA 1 72 3 359.257
0.939189189189189 0.961038961038961 0.915492957746479 0.983720504847265 0.9 0.867924528301887 0.936170212765957 0.971095945403452 5 2 72 3 359.257
0.945945945945946 0.974025974025974 0.915492957746479 0.985000914578379 0.89 0.867924528301887 0.914893617021277 0.974307507025291 8 2 72 3 359.257
0.945945945945946 0.974025974025974 0.915492957746479 0.987378818364734 0.89 0.867924528301887 0.914893617021277 0.972300281011642 10 2 72 3 359.257
0.864864864864865 0.896103896103896 0.830985915492958 0.930309127492226 0.87 0.886792452830189 0.851063829787234 0.920112404656764 1 3 72 3 359.257
0.932432432432432 0.961038961038961 0.901408450704225 0.97969635997805 0.82 0.773584905660377 0.872340425531915 0.944600562023284 2 3 72 3 359.257
