0.908675799086758 0.895238095238095 0.921052631578947 0.959649122807018 0.88 0.909090909090909 0.844444444444444 0.956363636363636 NA 1 89 1 529.724
0.968036529680365 0.971428571428571 0.964912280701754 0.995238095238095 0.95 0.945454545454545 0.955555555555556 0.985050505050505 5 2 89 1 529.724
0.968036529680365 0.971428571428571 0.964912280701754 0.995989974937343 0.95 0.945454545454545 0.955555555555556 0.985454545454545 8 2 89 1 529.724
1 1 1 1 0.93 0.909090909090909 0.955555555555556 0.939393939393939 10 2 89 1 529.724
0.917808219178082 0.914285714285714 0.921052631578947 0.9578111946533 0.88 0.927272727272727 0.822222222222222 0.951919191919192 1 3 89 1 529.724
0.949771689497717 0.942857142857143 0.956140350877193 0.990058479532164 0.89 0.909090909090909 0.866666666666667 0.970505050505051 2 3 89 1 529.724
0.908675799086758 0.895238095238095 0.921052631578947 0.959231411862991 0.88 0.909090909090909 0.844444444444444 0.955555555555556 NA 1 89 2 487.509
0.968036529680365 0.971428571428571 0.964912280701754 0.99515455304929 0.95 0.945454545454545 0.955555555555556 0.983838383838384 5 2 89 2 487.509
0.968036529680365 0.971428571428571 0.964912280701754 0.996157059314954 0.95 0.945454545454545 0.955555555555556 0.984646464646465 8 2 89 2 487.509
1 1 1 1 0.93 0.909090909090909 0.955555555555556 0.930909090909091 10 2 89 2 487.509
0.917808219178082 0.914285714285714 0.921052631578947 0.957477025898078 0.87 0.927272727272727 0.8 0.951919191919192 1 3 89 2 487.509
0.949771689497717 0.942857142857143 0.956140350877193 0.989891395154553 0.89 0.909090909090909 0.866666666666667 0.971717171717172 2 3 89 2 487.509
0.904109589041096 0.885714285714286 0.921052631578947 0.959899749373434 0.88 0.909090909090909 0.844444444444444 0.957575757575758 NA 1 89 3 956.345
0.968036529680365 0.971428571428571 0.964912280701754 0.99515455304929 0.95 0.945454545454545 0.955555555555556 0.985454545454545 5 2 89 3 956.345
0.963470319634703 0.961904761904762 0.964912280701754 0.996157059314954 0.95 0.945454545454545 0.955555555555556 0.985858585858586 8 2 89 3 956.345
1 1 1 1 0.92 0.890909090909091 0.955555555555556 0.923232323232323 10 2 89 3 956.345
0.908675799086758 0.895238095238095 0.921052631578947 0.958145363408521 0.86 0.909090909090909 0.8 0.955959595959596 1 3 89 3 956.345
0.945205479452055 0.942857142857143 0.947368421052632 0.989306599832916 0.9 0.927272727272727 0.866666666666667 0.967676767676768 2 3 89 3 956.345
