0.87027027027027 0.884816753926702 0.854748603351955 0.949398929480242 0.82 0.865384615384615 0.770833333333333 0.900641025641026 NA 1 69 1 283.942
0.935135135135135 0.931937172774869 0.93854748603352 0.979086840796747 0.89 0.923076923076923 0.854166666666667 0.967548076923077 5 2 69 1 283.942
0.940540540540541 0.93717277486911 0.94413407821229 0.980022814355494 0.89 0.923076923076923 0.854166666666667 0.970352564102564 8 2 69 1 283.942
0.940540540540541 0.93717277486911 0.94413407821229 0.980169060224049 0.89 0.923076923076923 0.854166666666667 0.969551282051282 10 2 69 1 283.942
0.87027027027027 0.884816753926702 0.854748603351955 0.949369680306531 0.82 0.865384615384615 0.770833333333333 0.901041666666667 1 3 69 1 283.942
0.937837837837838 0.93717277486911 0.93854748603352 0.978999093275615 0.9 0.923076923076923 0.875 0.962740384615385 2 3 69 1 283.942
0.872972972972973 0.884816753926702 0.860335195530726 0.950861388165784 0.83 0.884615384615385 0.770833333333333 0.897035256410256 NA 1 69 2 414.451
0.937837837837838 0.93717277486911 0.93854748603352 0.979964316008073 0.89 0.923076923076923 0.854166666666667 0.965945512820513 5 2 69 2 414.451
0.937837837837838 0.931937172774869 0.94413407821229 0.980052063529205 0.88 0.903846153846154 0.854166666666667 0.965945512820513 8 2 69 2 414.451
0.937837837837838 0.931937172774869 0.94413407821229 0.980139811050338 0.89 0.923076923076923 0.854166666666667 0.965945512820513 10 2 69 2 414.451
0.87027027027027 0.900523560209424 0.837988826815642 0.950334903038989 0.82 0.865384615384615 0.770833333333333 0.895032051282051 1 3 69 2 414.451
0.940540540540541 0.942408376963351 0.93854748603352 0.978882096580772 0.89 0.923076923076923 0.854166666666667 0.958733974358974 2 3 69 2 414.451
0.87027027027027 0.879581151832461 0.860335195530726 0.950890637339495 0.82 0.865384615384615 0.770833333333333 0.899038461538462 NA 1 69 3 712.91
0.935135135135135 0.931937172774869 0.93854748603352 0.979759571792097 0.89 0.923076923076923 0.854166666666667 0.966346153846154 5 2 69 3 712.91
0.935135135135135 0.931937172774869 0.93854748603352 0.980344555266314 0.88 0.903846153846154 0.854166666666667 0.965945512820513 8 2 69 3 712.91
0.935135135135135 0.931937172774869 0.93854748603352 0.980052063529205 0.88 0.903846153846154 0.854166666666667 0.965945512820513 10 2 69 3 712.91
0.867567567567568 0.890052356020942 0.843575418994413 0.950510398081254 0.82 0.865384615384615 0.770833333333333 0.896634615384615 1 3 69 3 712.91
0.937837837837838 0.93717277486911 0.93854748603352 0.979291585012723 0.89 0.923076923076923 0.854166666666667 0.954727564102564 2 3 69 3 712.91
