0.824 0.816666666666667 0.830769230769231 0.920576923076923 0.8 0.759259259259259 0.847826086956522 0.916264090177134 NA 1 50 1 618.087
0.928 0.941666666666667 0.915384615384615 0.977115384615385 0.89 0.87037037037037 0.91304347826087 0.947665056360709 5 2 50 1 618.087
0.94 0.95 0.930769230769231 0.98301282051282 0.87 0.851851851851852 0.891304347826087 0.916264090177134 8 2 50 1 618.087
0.932 0.941666666666667 0.923076923076923 0.98301282051282 0.87 0.851851851851852 0.891304347826087 0.922302737520129 10 2 50 1 618.087
0.824 0.85 0.8 0.922884615384615 0.84 0.814814814814815 0.869565217391304 0.92512077294686 1 3 50 1 618.087
0.908 0.925 0.892307692307692 0.981089743589744 0.83 0.759259259259259 0.91304347826087 0.938003220611916 2 3 50 1 618.087
0.824 0.816666666666667 0.830769230769231 0.921217948717949 0.79 0.740740740740741 0.847826086956522 0.914251207729469 NA 1 50 2 531.355
0.928 0.941666666666667 0.915384615384615 0.976730769230769 0.88 0.851851851851852 0.91304347826087 0.948470209339775 5 2 50 2 531.355
0.94 0.95 0.930769230769231 0.98275641025641 0.87 0.851851851851852 0.891304347826087 0.915861513687601 8 2 50 2 531.355
0.932 0.941666666666667 0.923076923076923 0.98301282051282 0.87 0.851851851851852 0.891304347826087 0.922302737520129 10 2 50 2 531.355
0.828 0.85 0.807692307692308 0.923397435897436 0.82 0.777777777777778 0.869565217391304 0.921497584541063 1 3 50 2 531.355
0.916 0.933333333333333 0.9 0.981153846153846 0.83 0.759259259259259 0.91304347826087 0.938405797101449 2 3 50 2 531.355
0.84 0.841666666666667 0.838461538461538 0.920641025641026 0.8 0.759259259259259 0.847826086956522 0.915056360708535 NA 1 50 3 1055.329
0.932 0.95 0.915384615384615 0.977435897435897 0.89 0.87037037037037 0.91304347826087 0.948067632850242 5 2 50 3 1055.329
0.936 0.95 0.923076923076923 0.983205128205128 0.86 0.851851851851852 0.869565217391304 0.915056360708535 8 2 50 3 1055.329
0.932 0.941666666666667 0.923076923076923 0.983269230769231 0.87 0.851851851851852 0.891304347826087 0.924315619967794 10 2 50 3 1055.329
0.832 0.858333333333333 0.807692307692308 0.923653846153846 0.85 0.851851851851852 0.847826086956522 0.923913043478261 1 3 50 3 1055.329
0.912 0.925 0.9 0.981410256410256 0.84 0.777777777777778 0.91304347826087 0.940418679549114 2 3 50 3 1055.329
