0.860284605433376 0.855113636363636 0.864608076009501 0.925448067372058 0.82 0.754716981132076 0.893617021276596 0.912484945804898 NA 1 42 1 1432.519
0.954721862871928 0.954545454545455 0.954869358669834 0.988589127618225 0.93 0.886792452830189 0.978723404255319 0.97792051384986 5 2 42 1 1432.519
0.954721862871928 0.954545454545455 0.954869358669834 0.988933275750378 0.93 0.886792452830189 0.978723404255319 0.979124849458049 8 2 42 1 1432.519
0.954721862871928 0.957386363636364 0.95249406175772 0.988960267760743 0.93 0.886792452830189 0.978723404255319 0.979526294660779 10 2 42 1 1432.519
0.864165588615783 0.855113636363636 0.871733966745843 0.92617010364932 0.81 0.754716981132076 0.872340425531915 0.910477719791248 1 3 42 1 1432.519
0.944372574385511 0.9375 0.950118764845606 0.985984398618009 0.91 0.849056603773585 0.978723404255319 0.971898835808912 2 3 42 1 1432.519
0.860284605433376 0.852272727272727 0.866983372921615 0.92617010364932 0.82 0.754716981132076 0.893617021276596 0.914492171818547 NA 1 42 2 1241.369
0.954721862871928 0.954545454545455 0.954869358669834 0.988663355646729 0.93 0.886792452830189 0.978723404255319 0.978321959052589 5 2 42 2 1241.369
0.953428201811126 0.954545454545455 0.95249406175772 0.988825307708918 0.93 0.886792452830189 0.978723404255319 0.979927739863509 8 2 42 2 1241.369
0.954721862871928 0.957386363636364 0.95249406175772 0.98900075577629 0.93 0.886792452830189 0.978723404255319 0.980329185066238 10 2 42 2 1241.369
0.862871927554981 0.857954545454545 0.866983372921615 0.92650075577629 0.81 0.754716981132076 0.872340425531915 0.912484945804898 1 3 42 2 1241.369
0.945666235446313 0.9375 0.95249406175772 0.986058626646513 0.9 0.830188679245283 0.978723404255319 0.971898835808912 2 3 42 2 1241.369
0.85640362225097 0.852272727272727 0.859857482185273 0.92513091125027 0.82 0.754716981132076 0.893617021276596 0.912886391007627 NA 1 42 3 2706.478
0.954721862871928 0.954545454545455 0.954869358669834 0.988379939537897 0.93 0.886792452830189 0.978723404255319 0.97792051384986 5 2 42 3 2706.478
0.954721862871928 0.954545454545455 0.954869358669834 0.988805063701145 0.93 0.886792452830189 0.978723404255319 0.979124849458049 8 2 42 3 2706.478
0.954721862871928 0.957386363636364 0.95249406175772 0.988737583675232 0.93 0.886792452830189 0.978723404255319 0.979526294660779 10 2 42 3 2706.478
0.864165588615783 0.857954545454545 0.869358669833729 0.925697743467933 0.82 0.754716981132076 0.893617021276596 0.912484945804898 1 3 42 3 2706.478
0.943078913324709 0.934659090909091 0.950118764845606 0.985518786439214 0.89 0.849056603773585 0.936170212765957 0.970293054997993 2 3 42 3 2706.478
