0.842666666666667 0.826086956521739 0.858638743455497 0.934668791258821 0.87 0.863636363636364 0.875 0.959821428571429 NA 1 4 1 364.407
0.954666666666667 0.951086956521739 0.958115183246073 0.992601866605964 0.92 0.886363636363636 0.946428571428571 0.989448051948052 5 2 4 1 364.407
0.96 0.951086956521739 0.968586387434555 0.993540860459822 0.92 0.886363636363636 0.946428571428571 0.989042207792208 8 2 4 1 364.407
0.968 0.978260869565217 0.958115183246073 0.994479854313681 0.91 0.863636363636364 0.946428571428571 0.989042207792208 10 2 4 1 364.407
0.850666666666667 0.847826086956522 0.853403141361257 0.935750056908718 0.86 0.863636363636364 0.857142857142857 0.960633116883117 1 3 4 1 364.407
0.946666666666667 0.929347826086957 0.963350785340314 0.989841793762804 0.92 0.931818181818182 0.910714285714286 0.982548701298701 2 3 4 1 364.407
0.845333333333333 0.831521739130435 0.858638743455497 0.935010243569315 0.87 0.863636363636364 0.875 0.960227272727273 NA 1 4 2 466.879
0.954666666666667 0.951086956521739 0.958115183246073 0.99265877532438 0.92 0.886363636363636 0.946428571428571 0.989448051948052 5 2 4 2 466.879
0.96 0.951086956521739 0.968586387434555 0.993512406100615 0.92 0.886363636363636 0.946428571428571 0.989042207792208 8 2 4 2 466.879
0.968 0.978260869565217 0.958115183246073 0.994479854313681 0.93 0.909090909090909 0.946428571428571 0.989042207792208 10 2 4 2 466.879
0.850666666666667 0.842391304347826 0.858638743455497 0.93586387434555 0.86 0.863636363636364 0.857142857142857 0.960633116883117 1 3 4 2 466.879
0.949333333333333 0.934782608695652 0.963350785340314 0.989955611199636 0.92 0.931818181818182 0.910714285714286 0.98336038961039 2 3 4 2 466.879
0.845333333333333 0.831521739130435 0.858638743455497 0.934241975870703 0.88 0.886363636363636 0.875 0.95900974025974 NA 1 4 3 633.146
0.946666666666667 0.934782608695652 0.958115183246073 0.991406783519235 0.92 0.886363636363636 0.946428571428571 0.984172077922078 5 2 4 3 633.146
0.962666666666667 0.956521739130435 0.968586387434555 0.993768495333485 0.93 0.886363636363636 0.964285714285714 0.988636363636364 8 2 4 3 633.146
0.970666666666667 0.972826086956522 0.968586387434555 0.994479854313681 0.92 0.886363636363636 0.946428571428571 0.987824675324675 10 2 4 3 633.146
0.850666666666667 0.842391304347826 0.858638743455497 0.935067152287731 0.89 0.886363636363636 0.892857142857143 0.962256493506494 1 3 4 3 633.146
0.946666666666667 0.929347826086957 0.963350785340314 0.990040974277259 0.92 0.909090909090909 0.928571428571429 0.98336038961039 2 3 4 3 633.146
