0.912280701754386 0.884615384615385 0.935483870967742 0.972704714640198 0.82 0.851063829787234 0.792452830188679 0.897631473303894 NA 1 33 1 161.949
1 1 1 1 0.89 0.829787234042553 0.943396226415094 0.913689281413087 5 2 33 1 161.949
1 1 1 1 0.89 0.872340425531915 0.905660377358491 0.950622240064231 8 2 33 1 161.949
1 1 1 1 0.89 0.872340425531915 0.905660377358491 0.939181051786431 10 2 33 1 161.949
0.912280701754386 0.923076923076923 0.903225806451613 0.962779156327543 0.83 0.851063829787234 0.811320754716981 0.911280610196708 1 3 33 1 161.949
0.929824561403509 0.923076923076923 0.935483870967742 0.986352357320099 0.79 0.74468085106383 0.830188679245283 0.897631473303894 2 3 33 1 161.949
0.912280701754386 0.884615384615385 0.935483870967742 0.975186104218362 0.82 0.851063829787234 0.792452830188679 0.898032918506624 NA 1 33 2 126.291
1 1 1 1 0.88 0.872340425531915 0.886792452830189 0.946407065435568 5 2 33 2 126.291
1 1 1 1 0.85 0.829787234042553 0.867924528301887 0.934965877157768 8 2 33 2 126.291
1 1 1 1 0.89 0.808510638297872 0.962264150943396 0.91870734644721 10 2 33 2 126.291
0.912280701754386 0.923076923076923 0.903225806451613 0.964019851116625 0.83 0.872340425531915 0.792452830188679 0.915696507426736 1 3 33 2 126.291
0.929824561403509 0.923076923076923 0.935483870967742 0.986352357320099 0.79 0.74468085106383 0.830188679245283 0.902850260939382 2 3 33 2 126.291
0.912280701754386 0.884615384615385 0.935483870967742 0.967741935483871 0.82 0.851063829787234 0.792452830188679 0.896427137695704 NA 1 33 3 257.571
1 1 1 1 0.9 0.829787234042553 0.962264150943396 0.94239261340827 5 2 33 3 257.571
1 1 1 1 0.83 0.680851063829787 0.962264150943396 0.881172219991971 8 2 33 3 257.571
1 1 1 1 0.88 0.829787234042553 0.924528301886792 0.916900843034926 10 2 33 3 257.571
0.894736842105263 0.884615384615385 0.903225806451613 0.962779156327543 0.83 0.851063829787234 0.811320754716981 0.912083500602168 1 3 33 3 257.571
0.929824561403509 0.923076923076923 0.935483870967742 0.985111662531017 0.77 0.723404255319149 0.811320754716981 0.898434363709354 2 3 33 3 257.571
