0.891304347826087 0.842105263157895 0.925925925925926 0.964912280701754 0.87 0.8 0.94 0.9372 NA 1 6 1 56.435
0.978260869565217 1 0.962962962962963 0.998050682261209 0.85 0.78 0.92 0.876 5 2 6 1 56.435
1 1 1 1 0.69 0.66 0.72 0.7784 8 2 6 1 56.435
1 1 1 1 0.9 0.88 0.92 0.951 10 2 6 1 56.435
0.91304347826087 0.894736842105263 0.925925925925926 0.961013645224172 0.84 0.78 0.9 0.9248 1 3 6 1 56.435
0.978260869565217 0.947368421052632 1 1 0.87 0.82 0.92 0.9392 2 3 6 1 56.435
0.869565217391304 0.842105263157895 0.888888888888889 0.964912280701754 0.86 0.82 0.9 0.9324 NA 1 6 2 77.447
1 1 1 1 0.9 0.88 0.92 0.93 5 2 6 2 77.447
1 1 1 1 0.87 0.82 0.92 0.9154 8 2 6 2 77.447
1 1 1 1 0.92 0.86 0.98 0.9378 10 2 6 2 77.447
0.91304347826087 0.894736842105263 0.925925925925926 0.961013645224172 0.84 0.8 0.88 0.928 1 3 6 2 77.447
0.978260869565217 0.947368421052632 1 1 0.84 0.8 0.88 0.938 2 3 6 2 77.447
0.891304347826087 0.842105263157895 0.925925925925926 0.964912280701754 0.88 0.84 0.92 0.9376 NA 1 6 3 95.18
1 1 1 1 0.9 0.86 0.94 0.9418 5 2 6 3 95.18
1 1 1 1 0.91 0.88 0.94 0.9592 8 2 6 3 95.18
1 1 1 1 0.75 0.64 0.86 0.8344 10 2 6 3 95.18
0.91304347826087 0.894736842105263 0.925925925925926 0.95906432748538 0.87 0.82 0.92 0.9348 1 3 6 3 95.18
1 1 1 1 0.83 0.8 0.86 0.9376 2 3 6 3 95.18
