0.845844504021448 0.860526315789474 0.830601092896175 0.931205061834915 0.92 0.9375 0.903846153846154 0.97676282051282 NA 1 62 1 1370.131
0.923592493297587 0.926315789473684 0.920765027322404 0.982060684498131 0.94 0.958333333333333 0.923076923076923 0.993589743589744 5 2 62 1 1370.131
0.923592493297587 0.926315789473684 0.920765027322404 0.982362668967501 0.95 0.958333333333333 0.942307692307692 0.992788461538462 8 2 62 1 1370.131
0.923592493297587 0.923684210526316 0.923497267759563 0.982405809605982 0.95 0.958333333333333 0.942307692307692 0.993189102564103 10 2 62 1 1370.131
0.845844504021448 0.857894736842105 0.833333333333333 0.931183491515674 0.93 0.9375 0.923076923076923 0.977564102564103 1 3 62 1 1370.131
0.93029490616622 0.926315789473684 0.934426229508197 0.98244176013805 0.97 0.958333333333333 0.980769230769231 0.99238782051282 2 3 62 1 1370.131
0.845844504021448 0.855263157894737 0.836065573770492 0.931888121944205 0.92 0.9375 0.903846153846154 0.977163461538462 NA 1 62 2 1217.452
0.923592493297587 0.926315789473684 0.920765027322404 0.982003163646822 0.94 0.958333333333333 0.923076923076923 0.993589743589744 5 2 62 2 1217.452
0.923592493297587 0.926315789473684 0.920765027322404 0.982333908541846 0.95 0.958333333333333 0.942307692307692 0.993189102564103 8 2 62 2 1217.452
0.92627345844504 0.928947368421053 0.923497267759563 0.98244176013805 0.95 0.958333333333333 0.942307692307692 0.993189102564103 10 2 62 2 1217.452
0.847184986595174 0.860526315789474 0.833333333333333 0.931780270348001 0.93 0.9375 0.923076923076923 0.979166666666667 1 3 62 2 1217.452
0.93029490616622 0.926315789473684 0.934426229508197 0.982499280989359 0.97 0.958333333333333 0.980769230769231 0.99238782051282 2 3 62 2 1217.452
0.843163538873995 0.857894736842105 0.827868852459016 0.931988783433995 0.93 0.9375 0.923076923076923 0.975560897435897 NA 1 62 3 2409.604
0.923592493297587 0.926315789473684 0.920765027322404 0.982161345987921 0.94 0.958333333333333 0.923076923076923 0.993589743589744 5 2 62 3 2409.604
0.923592493297587 0.923684210526316 0.923497267759563 0.982585562266322 0.95 0.958333333333333 0.942307692307692 0.992788461538462 8 2 62 3 2409.604
0.923592493297587 0.923684210526316 0.923497267759563 0.982599942479149 0.95 0.958333333333333 0.942307692307692 0.993189102564103 10 2 62 3 2409.604
0.844504021447721 0.857894736842105 0.830601092896175 0.931607707794075 0.93 0.9375 0.923076923076923 0.97676282051282 1 3 62 3 2409.604
0.928954423592493 0.928947368421053 0.92896174863388 0.982125395455853 0.96 0.9375 0.980769230769231 0.99238782051282 2 3 62 3 2409.604
