0.841666666666667 0.86046511627907 0.81981981981982 0.927927927927928 0.8 0.791666666666667 0.807692307692308 0.83573717948718 NA 1 5 1 206.675
0.945833333333333 0.945736434108527 0.945945945945946 0.982610517494238 0.9 0.875 0.923076923076923 0.965144230769231 5 2 5 1 206.675
0.945833333333333 0.945736434108527 0.945945945945946 0.98400726307703 0.9 0.875 0.923076923076923 0.967548076923077 8 2 5 1 206.675
0.95 0.945736434108527 0.954954954954955 0.984635798589287 0.9 0.875 0.923076923076923 0.967548076923077 10 2 5 1 206.675
0.8375 0.852713178294574 0.81981981981982 0.928067602486207 0.8 0.791666666666667 0.807692307692308 0.838942307692308 1 3 5 1 206.675
0.941666666666667 0.937984496124031 0.945945945945946 0.982959703889936 0.84 0.770833333333333 0.903846153846154 0.922275641025641 2 3 5 1 206.675
0.8375 0.852713178294574 0.81981981981982 0.927299392415671 0.77 0.770833333333333 0.769230769230769 0.837740384615385 NA 1 5 2 210.618
0.945833333333333 0.945736434108527 0.945945945945946 0.982051819261122 0.9 0.895833333333333 0.903846153846154 0.965144230769231 5 2 5 2 210.618
0.945833333333333 0.945736434108527 0.945945945945946 0.98407710035617 0.9 0.875 0.923076923076923 0.967548076923077 8 2 5 2 210.618
0.95 0.945736434108527 0.954954954954955 0.984356449472728 0.9 0.875 0.923076923076923 0.967548076923077 10 2 5 2 210.618
0.833333333333333 0.86046511627907 0.801801801801802 0.926880368740834 0.75 0.791666666666667 0.711538461538462 0.837740384615385 1 3 5 2 210.618
0.945833333333333 0.937984496124031 0.954954954954955 0.984705635868427 0.84 0.770833333333333 0.903846153846154 0.921875 2 3 5 2 210.618
0.854166666666667 0.868217054263566 0.837837837837838 0.926531182345136 0.8 0.791666666666667 0.807692307692308 0.836939102564103 NA 1 5 3 376.844
0.941666666666667 0.937984496124031 0.945945945945946 0.982610517494238 0.89 0.875 0.903846153846154 0.965544871794872 5 2 5 3 376.844
0.95 0.945736434108527 0.954954954954955 0.98407710035617 0.9 0.875 0.923076923076923 0.967948717948718 8 2 5 3 376.844
0.954166666666667 0.953488372093023 0.954954954954955 0.984565961310147 0.89 0.854166666666667 0.923076923076923 0.967548076923077 10 2 5 3 376.844
0.845833333333333 0.868217054263566 0.81981981981982 0.925413785878902 0.79 0.791666666666667 0.788461538461538 0.840945512820513 1 3 5 3 376.844
0.945833333333333 0.937984496124031 0.954954954954955 0.982610517494238 0.85 0.791666666666667 0.903846153846154 0.918269230769231 2 3 5 3 376.844
