0.786885245901639 0.888888888888889 0.64 0.88 0.73 0.844827586206897 0.571428571428571 0.845238095238095 NA 1 32 1 156.365
0.868852459016393 0.861111111111111 0.88 0.967777777777778 0.86 0.879310344827586 0.833333333333333 0.930623973727422 5 2 32 1 156.365
0.934426229508197 0.916666666666667 0.96 0.96 0.71 0.706896551724138 0.714285714285714 0.729474548440066 8 2 32 1 156.365
0.918032786885246 0.916666666666667 0.92 0.985555555555556 0.84 0.879310344827586 0.785714285714286 0.903940886699507 10 2 32 1 156.365
0.786885245901639 0.888888888888889 0.64 0.864444444444444 0.67 0.879310344827586 0.380952380952381 0.870689655172414 1 3 32 1 156.365
0.918032786885246 0.972222222222222 0.84 0.948888888888889 0.83 0.931034482758621 0.69047619047619 0.907224958949097 2 3 32 1 156.365
0.786885245901639 0.888888888888889 0.64 0.878888888888889 0.74 0.844827586206897 0.595238095238095 0.845238095238095 NA 1 32 2 136.124
0.868852459016393 0.861111111111111 0.88 0.967777777777778 0.86 0.896551724137931 0.80952380952381 0.92816091954023 5 2 32 2 136.124
0.934426229508197 0.944444444444444 0.92 0.986666666666667 0.83 0.862068965517241 0.785714285714286 0.901477832512315 8 2 32 2 136.124
0.918032786885246 0.916666666666667 0.92 0.985555555555556 0.84 0.879310344827586 0.785714285714286 0.904761904761905 10 2 32 2 136.124
0.786885245901639 0.888888888888889 0.64 0.87 0.67 0.879310344827586 0.380952380952381 0.871510673234811 1 3 32 2 136.124
0.918032786885246 0.972222222222222 0.84 0.951111111111111 0.84 0.931034482758621 0.714285714285714 0.907635467980296 2 3 32 2 136.124
0.786885245901639 0.888888888888889 0.64 0.883333333333333 0.72 0.862068965517241 0.523809523809524 0.848932676518883 NA 1 32 3 252.017
0.918032786885246 0.916666666666667 0.92 0.977777777777778 0.88 0.913793103448276 0.833333333333333 0.925287356321839 5 2 32 3 252.017
0.934426229508197 0.944444444444444 0.92 0.983333333333333 0.85 0.879310344827586 0.80952380952381 0.902709359605911 8 2 32 3 252.017
0.918032786885246 0.944444444444444 0.88 0.984444444444444 0.86 0.879310344827586 0.833333333333333 0.905993431855501 10 2 32 3 252.017
0.786885245901639 0.888888888888889 0.64 0.871111111111111 0.68 0.879310344827586 0.404761904761905 0.870689655172414 1 3 32 3 252.017
0.918032786885246 0.972222222222222 0.84 0.947777777777778 0.8 0.913793103448276 0.642857142857143 0.905172413793103 2 3 32 3 252.017
