0.871140939597315 0.877333333333333 0.864864864864865 0.948511711711712 0.86 0.895833333333333 0.826923076923077 0.952323717948718 NA 1 47 1 1341.522
0.935570469798658 0.933333333333333 0.937837837837838 0.984273873873874 0.91 0.916666666666667 0.903846153846154 0.98036858974359 5 2 47 1 1341.522
0.932885906040268 0.925333333333333 0.940540540540541 0.985405405405405 0.91 0.916666666666667 0.903846153846154 0.978766025641026 8 2 47 1 1341.522
0.932885906040268 0.922666666666667 0.943243243243243 0.985981981981982 0.92 0.9375 0.903846153846154 0.979166666666667 10 2 47 1 1341.522
0.877852348993289 0.890666666666667 0.864864864864865 0.948288288288288 0.85 0.875 0.826923076923077 0.947516025641026 1 3 47 1 1341.522
0.940939597315436 0.941333333333333 0.940540540540541 0.983726126126126 0.9 0.895833333333333 0.903846153846154 0.974759615384615 2 3 47 1 1341.522
0.871140939597315 0.877333333333333 0.864864864864865 0.948828828828829 0.86 0.895833333333333 0.826923076923077 0.953525641025641 NA 1 47 2 1150.125
0.935570469798658 0.933333333333333 0.937837837837838 0.984374774774775 0.91 0.916666666666667 0.903846153846154 0.980769230769231 5 2 47 2 1150.125
0.935570469798658 0.928 0.943243243243243 0.985463063063063 0.91 0.916666666666667 0.903846153846154 0.979166666666667 8 2 47 2 1150.125
0.930201342281879 0.922666666666667 0.937837837837838 0.986061261261261 0.92 0.9375 0.903846153846154 0.979567307692308 10 2 47 2 1150.125
0.879194630872483 0.896 0.862162162162162 0.948454054054054 0.86 0.895833333333333 0.826923076923077 0.947516025641026 1 3 47 2 1150.125
0.942281879194631 0.941333333333333 0.943243243243243 0.983769369369369 0.9 0.895833333333333 0.903846153846154 0.975160256410256 2 3 47 2 1150.125
0.873825503355705 0.885333333333333 0.862162162162162 0.948576576576577 0.86 0.895833333333333 0.826923076923077 0.946714743589744 NA 1 47 3 2367.706
0.932885906040268 0.925333333333333 0.940540540540541 0.984482882882883 0.92 0.916666666666667 0.923076923076923 0.979567307692308 5 2 47 3 2367.706
0.932885906040268 0.925333333333333 0.940540540540541 0.985203603603604 0.92 0.916666666666667 0.923076923076923 0.979166666666667 8 2 47 3 2367.706
0.932885906040268 0.922666666666667 0.943243243243243 0.98565045045045 0.92 0.916666666666667 0.923076923076923 0.979166666666667 10 2 47 3 2367.706
0.87248322147651 0.885333333333333 0.859459459459459 0.948136936936937 0.85 0.875 0.826923076923077 0.944310897435897 1 3 47 3 2367.706
0.942281879194631 0.941333333333333 0.943243243243243 0.983430630630631 0.9 0.895833333333333 0.903846153846154 0.974759615384615 2 3 47 3 2367.706
