0.846456692913386 0.861728395061728 0.829131652661064 0.924957637375938 0.85 0.882352941176471 0.816326530612245 0.922769107643057 NA 1 22 1 1097.527
0.929133858267717 0.933333333333333 0.92436974789916 0.978704568247052 0.91 0.901960784313726 0.918367346938776 0.972388955582233 5 2 22 1 1097.527
0.931758530183727 0.940740740740741 0.92156862745098 0.979237126949545 0.91 0.901960784313726 0.918367346938776 0.971988795518207 8 2 22 1 1097.527
0.933070866141732 0.940740740740741 0.92436974789916 0.979548362554899 0.91 0.901960784313726 0.918367346938776 0.971988795518207 10 2 22 1 1097.527
0.843832020997375 0.85679012345679 0.829131652661064 0.92503371719058 0.84 0.843137254901961 0.836734693877551 0.921968787515006 1 3 22 1 1097.527
0.929133858267717 0.940740740740741 0.915966386554622 0.980689559774527 0.9 0.862745098039216 0.938775510204082 0.956782713085234 2 3 22 1 1097.527
0.847769028871391 0.864197530864197 0.829131652661064 0.925407199917004 0.85 0.882352941176471 0.816326530612245 0.923969587835134 NA 1 22 2 1205.169
0.930446194225722 0.935802469135802 0.92436974789916 0.978801397102051 0.91 0.901960784313726 0.918367346938776 0.972388955582233 5 2 22 2 1205.169
0.931758530183727 0.940740740740741 0.92156862745098 0.979361621191687 0.91 0.901960784313726 0.918367346938776 0.971988795518207 8 2 22 2 1205.169
0.931758530183727 0.940740740740741 0.92156862745098 0.979762769305253 0.91 0.901960784313726 0.918367346938776 0.971988795518207 10 2 22 2 1205.169
0.843832020997375 0.859259259259259 0.826330532212885 0.925545526852716 0.84 0.843137254901961 0.836734693877551 0.922368947579032 1 3 22 2 1205.169
0.929133858267717 0.938271604938272 0.918767507002801 0.980627312653456 0.9 0.862745098039216 0.938775510204082 0.959983993597439 2 3 22 2 1205.169
0.846456692913386 0.859259259259259 0.831932773109244 0.92547636338486 0.84 0.862745098039216 0.816326530612245 0.921968787515006 NA 1 22 3 2016.691
0.927821522309711 0.933333333333333 0.92156862745098 0.978372583601342 0.91 0.901960784313726 0.918367346938776 0.971988795518207 5 2 22 3 2016.691
0.931758530183727 0.938271604938272 0.92436974789916 0.979133381747761 0.91 0.901960784313726 0.918367346938776 0.971588635454182 8 2 22 3 2016.691
0.931758530183727 0.940740740740741 0.92156862745098 0.979278625030259 0.91 0.901960784313726 0.918367346938776 0.971588635454182 10 2 22 3 2016.691
0.843832020997375 0.859259259259259 0.826330532212885 0.925483279731646 0.84 0.843137254901961 0.836734693877551 0.922368947579032 1 3 22 3 2016.691
0.926509186351706 0.938271604938272 0.913165266106443 0.980309160701318 0.9 0.862745098039216 0.938775510204082 0.956782713085234 2 3 22 3 2016.691
