0.873333333333333 0.876712328767123 0.87012987012987 0.944315958014588 0.79 0.775510204081633 0.803921568627451 0.898359343737495 NA 1 35 1 236.557
0.926666666666667 0.89041095890411 0.961038961038961 0.980252624088241 0.88 0.857142857142857 0.901960784313726 0.948379351740696 5 2 35 1 236.557
0.926666666666667 0.89041095890411 0.961038961038961 0.981497954100694 0.88 0.857142857142857 0.901960784313726 0.941576630652261 8 2 35 1 236.557
0.926666666666667 0.89041095890411 0.961038961038961 0.980964241238214 0.86 0.857142857142857 0.862745098039216 0.943577430972389 10 2 35 1 236.557
0.873333333333333 0.89041095890411 0.857142857142857 0.942892723714642 0.77 0.775510204081633 0.764705882352941 0.900360144057623 1 3 35 1 236.557
0.92 0.904109589041096 0.935064935064935 0.974025974025974 0.82 0.795918367346939 0.843137254901961 0.912364945978391 2 3 35 1 236.557
0.873333333333333 0.876712328767123 0.87012987012987 0.944493862302081 0.81 0.795918367346939 0.823529411764706 0.898359343737495 NA 1 35 2 194.998
0.913333333333333 0.89041095890411 0.935064935064935 0.970823696851094 0.88 0.897959183673469 0.862745098039216 0.948779511804722 5 2 35 2 194.998
0.946666666666667 0.917808219178082 0.974025974025974 0.980964241238214 0.89 0.857142857142857 0.92156862745098 0.948379351740696 8 2 35 2 194.998
0.94 0.917808219178082 0.961038961038961 0.982031666963174 0.88 0.857142857142857 0.901960784313726 0.947979191676671 10 2 35 2 194.998
0.88 0.89041095890411 0.87012987012987 0.943070628002135 0.81 0.795918367346939 0.823529411764706 0.897959183673469 1 3 35 2 194.998
0.92 0.89041095890411 0.948051948051948 0.973670165450987 0.84 0.816326530612245 0.862745098039216 0.917567026810724 2 3 35 2 194.998
0.873333333333333 0.876712328767123 0.87012987012987 0.942181106564668 0.8 0.795918367346939 0.803921568627451 0.892757102841136 NA 1 35 3 409.342
0.906666666666667 0.876712328767123 0.935064935064935 0.971001601138587 0.87 0.897959183673469 0.843137254901961 0.947579031612645 5 2 35 3 409.342
0.94 0.917808219178082 0.961038961038961 0.979896815513254 0.88 0.836734693877551 0.92156862745098 0.943977591036415 8 2 35 3 409.342
0.94 0.917808219178082 0.961038961038961 0.982565379825654 0.87 0.836734693877551 0.901960784313726 0.94437775110044 10 2 35 3 409.342
0.866666666666667 0.876712328767123 0.857142857142857 0.940402063689735 0.79 0.795918367346939 0.784313725490196 0.899159663865546 1 3 35 3 409.342
0.906666666666667 0.876712328767123 0.935064935064935 0.974203878313467 0.83 0.816326530612245 0.843137254901961 0.918367346938776 2 3 35 3 409.342
