0.82 0.866666666666667 0.75 0.94 0.81 0.857142857142857 0.75 0.880681818181818 NA 1 61 1 61.428
0.96 0.966666666666667 0.95 0.983333333333333 0.88 0.946428571428571 0.795454545454545 0.942775974025974 5 2 61 1 61.428
0.96 0.966666666666667 0.95 0.986666666666667 0.88 0.928571428571429 0.818181818181818 0.937905844155844 8 2 61 1 61.428
1 1 1 1 0.83 0.875 0.772727272727273 0.85349025974026 10 2 61 1 61.428
0.8 0.933333333333333 0.6 0.938333333333333 0.77 0.857142857142857 0.659090909090909 0.851866883116883 1 3 61 1 61.428
0.94 0.966666666666667 0.9 0.983333333333333 0.8 0.982142857142857 0.568181818181818 0.910714285714286 2 3 61 1 61.428
0.82 0.866666666666667 0.75 0.938333333333333 0.8 0.839285714285714 0.75 0.896915584415584 NA 1 61 2 164.959
1 1 1 1 0.74 0.821428571428571 0.636363636363636 0.731128246753247 5 2 61 2 164.959
1 1 1 1 0.75 0.857142857142857 0.613636363636364 0.797280844155844 8 2 61 2 164.959
1 1 1 1 0.76 0.857142857142857 0.636363636363636 0.774756493506494 10 2 61 2 164.959
0.76 0.933333333333333 0.5 0.941666666666667 0.77 0.875 0.636363636363636 0.868912337662338 1 3 61 2 164.959
0.94 0.966666666666667 0.9 0.986666666666667 0.75 1 0.431818181818182 0.916396103896104 2 3 61 2 164.959
0.82 0.866666666666667 0.75 0.941666666666667 0.81 0.839285714285714 0.772727272727273 0.882711038961039 NA 1 61 3 132.187
1 1 1 1 0.74 0.892857142857143 0.545454545454545 0.734983766233766 5 2 61 3 132.187
1 1 1 1 0.79 0.839285714285714 0.727272727272727 0.814935064935065 8 2 61 3 132.187
1 1 1 1 0.8 0.928571428571429 0.636363636363636 0.778612012987013 10 2 61 3 132.187
0.78 0.933333333333333 0.55 0.925 0.77 0.857142857142857 0.659090909090909 0.86038961038961 1 3 61 3 132.187
0.94 0.966666666666667 0.9 0.985 0.76 1 0.454545454545455 0.887175324675325 2 3 61 3 132.187
