0.885245901639344 0.923076923076923 0.818181818181818 0.953379953379953 0.81 0.909090909090909 0.732142857142857 0.928977272727273 NA 1 81 1 57.978
0.967213114754098 1 0.909090909090909 0.98018648018648 0.93 0.954545454545455 0.910714285714286 0.969561688311688 5 2 81 1 57.978
1 1 1 1 0.86 0.909090909090909 0.821428571428571 0.859983766233766 8 2 81 1 57.978
1 1 1 1 0.82 0.840909090909091 0.803571428571429 0.840300324675325 10 2 81 1 57.978
0.901639344262295 0.974358974358974 0.772727272727273 0.941724941724942 0.75 0.931818181818182 0.607142857142857 0.914366883116883 1 3 81 1 57.978
0.934426229508197 0.974358974358974 0.863636363636364 0.967365967365967 0.8 0.909090909090909 0.714285714285714 0.905438311688312 2 3 81 1 57.978
0.885245901639344 0.923076923076923 0.818181818181818 0.947552447552447 0.78 0.909090909090909 0.678571428571429 0.926136363636364 NA 1 81 2 74.808
0.967213114754098 1 0.909090909090909 0.979020979020979 0.94 0.954545454545455 0.928571428571429 0.97362012987013 5 2 81 2 74.808
1 1 1 1 0.84 0.909090909090909 0.785714285714286 0.849431818181818 8 2 81 2 74.808
1 1 1 1 0.88 0.909090909090909 0.857142857142857 0.907670454545455 10 2 81 2 74.808
0.918032786885246 1 0.772727272727273 0.942890442890443 0.73 0.931818181818182 0.571428571428571 0.92086038961039 1 3 81 2 74.808
0.934426229508197 0.974358974358974 0.863636363636364 0.965034965034965 0.81 0.909090909090909 0.732142857142857 0.907061688311688 2 3 81 2 74.808
0.885245901639344 0.923076923076923 0.818181818181818 0.951048951048951 0.8 0.909090909090909 0.714285714285714 0.92775974025974 NA 1 81 3 116.156
0.967213114754098 1 0.909090909090909 0.981351981351981 0.93 0.954545454545455 0.910714285714286 0.969155844155844 5 2 81 3 116.156
0.983606557377049 0.974358974358974 1 1 0.71 0.795454545454545 0.642857142857143 0.757508116883117 8 2 81 3 116.156
0.983606557377049 1 0.954545454545455 0.972610722610723 0.84 0.840909090909091 0.839285714285714 0.904220779220779 10 2 81 3 116.156
0.918032786885246 1 0.772727272727273 0.944055944055944 0.72 0.931818181818182 0.553571428571429 0.918425324675325 1 3 81 3 116.156
0.934426229508197 0.974358974358974 0.863636363636364 0.967365967365967 0.8 0.886363636363636 0.732142857142857 0.902597402597403 2 3 81 3 116.156
