0.745098039215686 0.681818181818182 0.793103448275862 0.827586206896552 0.78 0.66 0.9 0.8656 NA 1 51 1 53.544
0.941176470588235 0.954545454545455 0.931034482758621 0.967084639498433 0.74 0.74 0.74 0.7948 5 2 51 1 53.544
0.941176470588235 0.954545454545455 0.931034482758621 0.979623824451411 0.68 0.68 0.68 0.8016 8 2 51 1 53.544
0.941176470588235 0.954545454545455 0.931034482758621 0.984326018808777 0.69 0.7 0.68 0.8152 10 2 51 1 53.544
0.725490196078431 0.363636363636364 1 0.832288401253918 0.72 0.44 1 0.8792 1 3 51 1 53.544
0.901960784313726 0.863636363636364 0.931034482758621 0.970219435736677 0.74 0.62 0.86 0.8488 2 3 51 1 53.544
0.745098039215686 0.681818181818182 0.793103448275862 0.829153605015674 0.79 0.66 0.92 0.868 NA 1 51 2 62.359
0.882352941176471 0.863636363636364 0.896551724137931 0.956112852664577 0.78 0.7 0.86 0.886 5 2 51 2 62.359
0.941176470588235 0.954545454545455 0.931034482758621 0.979623824451411 0.67 0.68 0.66 0.8 8 2 51 2 62.359
0.941176470588235 0.954545454545455 0.931034482758621 0.9858934169279 0.69 0.7 0.68 0.8128 10 2 51 2 62.359
0.725490196078431 0.363636363636364 1 0.832288401253918 0.73 0.46 1 0.8804 1 3 51 2 62.359
0.901960784313726 0.863636363636364 0.931034482758621 0.971786833855799 0.74 0.62 0.86 0.8532 2 3 51 2 62.359
0.745098039215686 0.681818181818182 0.793103448275862 0.827586206896552 0.77 0.68 0.86 0.866 NA 1 51 3 93.432
0.901960784313726 0.863636363636364 0.931034482758621 0.970219435736677 0.76 0.72 0.8 0.8336 5 2 51 3 93.432
0.941176470588235 0.954545454545455 0.931034482758621 0.979623824451411 0.67 0.66 0.68 0.7848 8 2 51 3 93.432
1 1 1 1 0.68 0.76 0.6 0.6802 10 2 51 3 93.432
0.725490196078431 0.363636363636364 1 0.832288401253918 0.72 0.44 1 0.8824 1 3 51 3 93.432
0.901960784313726 0.863636363636364 0.931034482758621 0.970219435736677 0.72 0.58 0.86 0.8464 2 3 51 3 93.432
