0.904761904761905 0.9 0.909090909090909 0.971022727272727 0.74 0.666666666666667 0.807692307692308 0.846153846153846 NA 1 72 1 118.069
1 1 1 1 0.76 0.625 0.884615384615385 0.7578125 5 2 72 1 118.069
1 1 1 1 0.75 0.666666666666667 0.826923076923077 0.781850961538461 8 2 72 1 118.069
1 1 1 1 0.8 0.6875 0.903846153846154 0.799879807692308 10 2 72 1 118.069
0.904761904761905 0.925 0.886363636363636 0.967613636363636 0.79 0.729166666666667 0.846153846153846 0.849358974358974 1 3 72 1 118.069
0.916666666666667 0.95 0.886363636363636 0.975 0.8 0.6875 0.903846153846154 0.878605769230769 2 3 72 1 118.069
0.904761904761905 0.9 0.909090909090909 0.970454545454545 0.74 0.666666666666667 0.807692307692308 0.848958333333333 NA 1 72 2 106.008
1 1 1 1 0.74 0.583333333333333 0.884615384615385 0.732772435897436 5 2 72 2 106.008
1 1 1 1 0.8 0.708333333333333 0.884615384615385 0.813701923076923 8 2 72 2 106.008
1 1 1 1 0.76 0.666666666666667 0.846153846153846 0.796674679487179 10 2 72 2 106.008
0.904761904761905 0.925 0.886363636363636 0.967613636363636 0.8 0.75 0.846153846153846 0.849759615384615 1 3 72 2 106.008
0.928571428571429 0.975 0.886363636363636 0.975 0.81 0.708333333333333 0.903846153846154 0.881009615384615 2 3 72 2 106.008
0.916666666666667 0.925 0.909090909090909 0.971022727272727 0.75 0.666666666666667 0.826923076923077 0.845753205128205 NA 1 72 3 205.973
1 1 1 1 0.75 0.604166666666667 0.884615384615385 0.744391025641026 5 2 72 3 205.973
1 1 1 1 0.82 0.708333333333333 0.923076923076923 0.853966346153846 8 2 72 3 205.973
1 1 1 1 0.79 0.666666666666667 0.903846153846154 0.813100961538461 10 2 72 3 205.973
0.904761904761905 0.925 0.886363636363636 0.968181818181818 0.77 0.708333333333333 0.826923076923077 0.854967948717949 1 3 72 3 205.973
0.916666666666667 0.925 0.909090909090909 0.976704545454545 0.78 0.645833333333333 0.903846153846154 0.875 2 3 72 3 205.973
