0.856957087126138 0.852941176470588 0.860759493670886 0.921268530427131 0.8 0.807692307692308 0.791666666666667 0.887820512820513 NA 1 26 1 1270.175
0.920676202860858 0.914438502673797 0.926582278481013 0.97572598659717 0.93 0.942307692307692 0.916666666666667 0.967948717948718 5 2 26 1 1270.175
0.923276983094928 0.914438502673797 0.931645569620253 0.976653354091924 0.93 0.942307692307692 0.916666666666667 0.969150641025641 8 2 26 1 1270.175
0.925877763328999 0.914438502673797 0.936708860759494 0.976985040276179 0.93 0.942307692307692 0.916666666666667 0.969150641025641 10 2 26 1 1270.175
0.850455136540962 0.8475935828877 0.853164556962025 0.92114668652271 0.8 0.807692307692308 0.791666666666667 0.887019230769231 1 3 26 1 1270.175
0.924577373211964 0.927807486631016 0.921518987341772 0.979415149258783 0.9 0.903846153846154 0.895833333333333 0.955528846153846 2 3 26 1 1270.175
0.855656697009103 0.850267379679144 0.860759493670886 0.921674676775198 0.8 0.807692307692308 0.791666666666667 0.888621794871795 NA 1 26 2 1151.98
0.920676202860858 0.914438502673797 0.926582278481013 0.975854599607392 0.93 0.942307692307692 0.916666666666667 0.967948717948718 5 2 26 2 1151.98
0.921976592977893 0.914438502673797 0.929113924050633 0.976714276044135 0.93 0.942307692307692 0.916666666666667 0.969150641025641 8 2 26 2 1151.98
0.925877763328999 0.914438502673797 0.936708860759494 0.977005347593583 0.93 0.942307692307692 0.916666666666667 0.96875 10 2 26 2 1151.98
0.853055916775033 0.8475935828877 0.858227848101266 0.921573140188181 0.8 0.807692307692308 0.791666666666667 0.888621794871795 1 3 26 2 1151.98
0.927178153446034 0.93048128342246 0.924050632911392 0.979381303729777 0.9 0.903846153846154 0.895833333333333 0.955528846153846 2 3 26 2 1151.98
0.851755526657997 0.844919786096257 0.858227848101266 0.920537467000609 0.8 0.807692307692308 0.791666666666667 0.887419871794872 NA 1 26 3 2376.789
0.921976592977893 0.917112299465241 0.926582278481013 0.975685371962364 0.93 0.942307692307692 0.916666666666667 0.968349358974359 5 2 26 3 2376.789
0.921976592977893 0.909090909090909 0.934177215189873 0.976517971975902 0.93 0.942307692307692 0.916666666666667 0.970352564102564 8 2 26 3 2376.789
0.921976592977893 0.909090909090909 0.934177215189873 0.976734583361538 0.93 0.942307692307692 0.916666666666667 0.969551282051282 10 2 26 3 2376.789
0.854356306892068 0.8475935828877 0.860759493670886 0.920916536925472 0.81 0.807692307692308 0.8125 0.886217948717949 1 3 26 3 2376.789
0.927178153446034 0.933155080213904 0.921518987341772 0.979476071210993 0.9 0.903846153846154 0.895833333333333 0.954727564102564 2 3 26 3 2376.789
