0.857142857142857 0.863247863247863 0.850467289719626 0.946241712596853 0.88 0.888888888888889 0.869565217391304 0.949275362318841 NA 1 79 1 415.694
0.928571428571429 0.948717948717949 0.906542056074766 0.981468168384056 0.96 0.962962962962963 0.956521739130435 0.983091787439614 5 2 79 1 415.694
0.924107142857143 0.94017094017094 0.906542056074766 0.981947439891365 0.96 0.962962962962963 0.956521739130435 0.983091787439614 8 2 79 1 415.694
0.933035714285714 0.948717948717949 0.91588785046729 0.982666347152328 0.96 0.962962962962963 0.956521739130435 0.98389694041868 10 2 79 1 415.694
0.866071428571429 0.914529914529915 0.813084112149533 0.94664110551961 0.88 0.888888888888889 0.869565217391304 0.948067632850242 1 3 79 1 415.694
0.910714285714286 0.931623931623932 0.88785046728972 0.978512660755651 0.95 0.925925925925926 0.978260869565217 0.986714975845411 2 3 79 1 415.694
0.857142857142857 0.863247863247863 0.850467289719626 0.94664110551961 0.88 0.888888888888889 0.869565217391304 0.950080515297907 NA 1 79 2 327.166
0.933035714285714 0.948717948717949 0.91588785046729 0.981308411214953 0.96 0.962962962962963 0.956521739130435 0.982286634460548 5 2 79 2 327.166
0.933035714285714 0.948717948717949 0.91588785046729 0.981867561306814 0.96 0.962962962962963 0.956521739130435 0.983091787439614 8 2 79 2 327.166
0.9375 0.948717948717949 0.925233644859813 0.98274622573688 0.96 0.962962962962963 0.956521739130435 0.983494363929147 10 2 79 2 327.166
0.866071428571429 0.914529914529915 0.813084112149533 0.946800862688713 0.87 0.888888888888889 0.847826086956522 0.948872785829308 1 3 79 2 327.166
0.915178571428571 0.931623931623932 0.897196261682243 0.978352903586548 0.95 0.925925925925926 0.978260869565217 0.985909822866345 2 3 79 2 327.166
0.852678571428571 0.854700854700855 0.850467289719626 0.945842319674095 0.87 0.87037037037037 0.869565217391304 0.948470209339775 NA 1 79 3 695.313
0.928571428571429 0.948717948717949 0.906542056074766 0.981308411214953 0.96 0.962962962962963 0.956521739130435 0.983091787439614 5 2 79 3 695.313
0.919642857142857 0.94017094017094 0.897196261682243 0.981867561306814 0.96 0.962962962962963 0.956521739130435 0.98389694041868 8 2 79 3 695.313
0.928571428571429 0.94017094017094 0.91588785046729 0.982346832814122 0.96 0.962962962962963 0.956521739130435 0.98389694041868 10 2 79 3 695.313
0.870535714285714 0.905982905982906 0.831775700934579 0.945682562504992 0.88 0.888888888888889 0.869565217391304 0.945652173913043 1 3 79 3 695.313
0.910714285714286 0.931623931623932 0.88785046728972 0.979071810847512 0.95 0.925925925925926 0.978260869565217 0.985909822866345 2 3 79 3 695.313
