0.832020997375328 0.812154696132597 0.85 0.925331491712707 0.9 0.893617021276596 0.905660377358491 0.955038137294259 NA 1 100 1 381.182
0.908136482939633 0.917127071823204 0.9 0.971132596685083 0.98 1 0.962264150943396 0.989963869931754 5 2 100 1 381.182
0.908136482939633 0.917127071823204 0.9 0.972955801104972 0.97 0.978723404255319 0.962264150943396 0.989963869931754 8 2 100 1 381.182
0.910761154855643 0.917127071823204 0.905 0.973011049723757 0.97 0.978723404255319 0.962264150943396 0.989963869931754 10 2 100 1 381.182
0.829396325459318 0.812154696132597 0.845 0.925165745856354 0.87 0.829787234042553 0.905660377358491 0.9542352468888 1 3 100 1 381.182
0.902887139107612 0.922651933701657 0.885 0.970745856353591 0.94 0.893617021276596 0.981132075471698 0.980730630268968 2 3 100 1 381.182
0.832020997375328 0.812154696132597 0.85 0.925331491712707 0.9 0.893617021276596 0.905660377358491 0.955841027699719 NA 1 100 2 578.323
0.908136482939633 0.917127071823204 0.9 0.971160220994475 0.98 1 0.962264150943396 0.990365315134484 5 2 100 2 578.323
0.913385826771654 0.92817679558011 0.9 0.972845303867403 0.97 0.978723404255319 0.962264150943396 0.989963869931754 8 2 100 2 578.323
0.910761154855643 0.922651933701657 0.9 0.973232044198895 0.97 0.978723404255319 0.962264150943396 0.990365315134484 10 2 100 2 578.323
0.832020997375328 0.81767955801105 0.845 0.925165745856354 0.89 0.872340425531915 0.905660377358491 0.955841027699719 1 3 100 2 578.323
0.902887139107612 0.922651933701657 0.885 0.971104972375691 0.94 0.893617021276596 0.981132075471698 0.980329185066238 2 3 100 2 578.323
0.834645669291339 0.81767955801105 0.85 0.925165745856354 0.9 0.893617021276596 0.905660377358491 0.95262946607788 NA 1 100 3 832.626
0.908136482939633 0.917127071823204 0.9 0.971187845303867 0.98 1 0.962264150943396 0.990365315134484 5 2 100 3 832.626
0.908136482939633 0.911602209944751 0.905 0.972872928176796 0.97 0.978723404255319 0.962264150943396 0.989963869931754 8 2 100 3 832.626
0.902887139107612 0.906077348066298 0.9 0.97292817679558 0.97 0.978723404255319 0.962264150943396 0.989963869931754 10 2 100 3 832.626
0.834645669291339 0.828729281767956 0.84 0.924530386740332 0.89 0.872340425531915 0.905660377358491 0.951425130469691 1 3 100 3 832.626
0.908136482939633 0.933701657458563 0.885 0.970883977900552 0.92 0.872340425531915 0.962264150943396 0.980329185066238 2 3 100 3 832.626
