0.881868131868132 0.91044776119403 0.846625766871166 0.949607789274486 0.88 0.88 0.88 0.9432 NA 1 88 1 854.856
0.950549450549451 0.965174129353234 0.932515337423313 0.991758996428898 0.93 0.94 0.92 0.988 5 2 88 1 854.856
0.956043956043956 0.965174129353234 0.94478527607362 0.991881085370693 0.92 0.92 0.92 0.988 8 2 88 1 854.856
0.958791208791209 0.970149253731343 0.94478527607362 0.992094741018832 0.93 0.94 0.92 0.9884 10 2 88 1 854.856
0.881868131868132 0.90547263681592 0.852760736196319 0.948661599975582 0.89 0.9 0.88 0.9416 1 3 88 1 854.856
0.93956043956044 0.960199004975124 0.914110429447853 0.98965296218295 0.91 0.92 0.9 0.9852 2 3 88 1 854.856
0.881868131868132 0.91044776119403 0.846625766871166 0.949424655861795 0.88 0.88 0.88 0.9448 NA 1 88 2 892.185
0.950549450549451 0.965174129353234 0.932515337423313 0.991453774074413 0.93 0.94 0.92 0.9888 5 2 88 2 892.185
0.956043956043956 0.965174129353234 0.94478527607362 0.991667429722553 0.93 0.94 0.92 0.9884 8 2 88 2 892.185
0.956043956043956 0.965174129353234 0.94478527607362 0.991881085370693 0.92 0.92 0.92 0.9884 10 2 88 2 892.185
0.879120879120879 0.91044776119403 0.840490797546012 0.949211000213656 0.88 0.9 0.86 0.9452 1 3 88 2 892.185
0.93956043956044 0.960199004975124 0.914110429447853 0.989714006653847 0.91 0.92 0.9 0.986 2 3 88 2 892.185
0.881868131868132 0.91044776119403 0.846625766871166 0.948875255623722 0.88 0.88 0.88 0.9412 NA 1 88 3 1377.604
0.950549450549451 0.965174129353234 0.932515337423313 0.991820040899795 0.93 0.94 0.92 0.9876 5 2 88 3 1377.604
0.961538461538462 0.975124378109453 0.94478527607362 0.992308396666972 0.93 0.94 0.92 0.988 8 2 88 3 1377.604
0.958791208791209 0.970149253731343 0.94478527607362 0.992705185727803 0.93 0.94 0.92 0.988 10 2 88 3 1377.604
0.879120879120879 0.900497512437811 0.852760736196319 0.946769221377774 0.88 0.88 0.88 0.9364 1 3 88 3 1377.604
0.93956043956044 0.960199004975124 0.914110429447853 0.989988706772884 0.91 0.92 0.9 0.9848 2 3 88 3 1377.604
