0.852150537634409 0.852791878172589 0.851428571428571 0.932182741116751 0.83 0.780487804878049 0.864406779661017 0.914427449359239 NA 1 34 1 532.28
0.948924731182796 0.954314720812183 0.942857142857143 0.990398839738941 0.9 0.902439024390244 0.898305084745763 0.96486151302191 5 2 34 1 532.28
0.954301075268817 0.959390862944162 0.948571428571429 0.991240029006526 0.9 0.926829268292683 0.88135593220339 0.961140967341877 8 2 34 1 532.28
0.951612903225806 0.964467005076142 0.937142857142857 0.991530094271211 0.89 0.902439024390244 0.88135593220339 0.961554361306325 10 2 34 1 532.28
0.844086021505376 0.857868020304569 0.828571428571429 0.933110949963742 0.83 0.780487804878049 0.864406779661017 0.915667631252584 1 3 34 1 532.28
0.951612903225806 0.969543147208122 0.931428571428571 0.985873821609862 0.88 0.829268292682927 0.915254237288136 0.949152542372881 2 3 34 1 532.28
0.854838709677419 0.852791878172589 0.857142857142857 0.932878897751994 0.84 0.780487804878049 0.88135593220339 0.914840843323687 NA 1 34 2 454.087
0.951612903225806 0.959390862944162 0.942857142857143 0.990514865844815 0.9 0.902439024390244 0.898305084745763 0.96486151302191 5 2 34 2 454.087
0.954301075268817 0.959390862944162 0.948571428571429 0.991327048585932 0.9 0.926829268292683 0.88135593220339 0.961554361306325 8 2 34 2 454.087
0.954301075268817 0.964467005076142 0.942857142857143 0.99155910079768 0.89 0.902439024390244 0.88135593220339 0.961140967341877 10 2 34 2 454.087
0.846774193548387 0.857868020304569 0.834285714285714 0.933546047860769 0.84 0.780487804878049 0.88135593220339 0.91649441918148 1 3 34 2 454.087
0.951612903225806 0.969543147208122 0.931428571428571 0.985902828136331 0.89 0.853658536585366 0.915254237288136 0.948739148408433 2 3 34 2 454.087
0.849462365591398 0.857868020304569 0.84 0.932472806381436 0.83 0.780487804878049 0.864406779661017 0.915667631252584 NA 1 34 3 966.911
0.948924731182796 0.954314720812183 0.942857142857143 0.990398839738941 0.9 0.902439024390244 0.898305084745763 0.965274906986358 5 2 34 3 966.911
0.956989247311828 0.964467005076142 0.948571428571429 0.9913560551124 0.9 0.902439024390244 0.898305084745763 0.961140967341877 8 2 34 3 966.911
0.956989247311828 0.964467005076142 0.948571428571429 0.991849166062364 0.9 0.902439024390244 0.898305084745763 0.961967755270773 10 2 34 3 966.911
0.846774193548387 0.862944162436548 0.828571428571429 0.933052936910805 0.83 0.780487804878049 0.864406779661017 0.917734601074824 1 3 34 3 966.911
0.948924731182796 0.964467005076142 0.931428571428571 0.985496736765772 0.88 0.829268292682927 0.915254237288136 0.94956593633733 2 3 34 3 966.911
