0.802469135802469 0.857142857142857 0.71875 0.917729591836735 0.68 0.934782608695652 0.462962962962963 0.906602254428341 NA 1 21 1 116.19
0.938271604938272 0.959183673469388 0.90625 0.987244897959184 0.85 0.956521739130435 0.759259259259259 0.948872785829308 5 2 21 1 116.19
0.938271604938272 0.959183673469388 0.90625 0.987244897959184 0.85 0.956521739130435 0.759259259259259 0.942028985507246 8 2 21 1 116.19
0.938271604938272 0.959183673469388 0.90625 0.987244897959184 0.85 0.956521739130435 0.759259259259259 0.941626409017713 10 2 21 1 116.19
0.827160493827161 0.938775510204082 0.65625 0.916454081632653 0.63 0.956521739130435 0.351851851851852 0.907407407407407 1 3 21 1 116.19
0.938271604938272 0.959183673469388 0.90625 0.982780612244898 0.72 0.91304347826087 0.555555555555556 0.898148148148148 2 3 21 1 116.19
0.802469135802469 0.857142857142857 0.71875 0.916454081632653 0.67 0.934782608695652 0.444444444444444 0.909017713365539 NA 1 21 2 117.048
0.925925925925926 0.938775510204082 0.90625 0.985331632653061 0.85 0.956521739130435 0.759259259259259 0.951288244766506 5 2 21 2 117.048
0.938271604938272 0.959183673469388 0.90625 0.985969387755102 0.85 0.956521739130435 0.759259259259259 0.944444444444444 8 2 21 2 117.048
0.938271604938272 0.959183673469388 0.90625 0.986607142857143 0.85 0.956521739130435 0.759259259259259 0.944041867954911 10 2 21 2 117.048
0.827160493827161 0.938775510204082 0.65625 0.917729591836735 0.64 0.978260869565217 0.351851851851852 0.911433172302737 1 3 21 2 117.048
0.938271604938272 0.959183673469388 0.90625 0.982780612244898 0.72 0.91304347826087 0.555555555555556 0.900161030595813 2 3 21 2 117.048
0.814814814814815 0.857142857142857 0.75 0.922831632653061 0.7 0.934782608695652 0.5 0.900563607085346 NA 1 21 3 197.218
0.925925925925926 0.938775510204082 0.90625 0.985331632653061 0.85 0.956521739130435 0.759259259259259 0.947262479871176 5 2 21 3 197.218
0.938271604938272 0.959183673469388 0.90625 0.986607142857143 0.85 0.956521739130435 0.759259259259259 0.941626409017713 8 2 21 3 197.218
0.938271604938272 0.959183673469388 0.90625 0.987244897959184 0.85 0.956521739130435 0.759259259259259 0.94122383252818 10 2 21 3 197.218
0.814814814814815 0.918367346938776 0.65625 0.922831632653061 0.64 0.934782608695652 0.388888888888889 0.906602254428341 1 3 21 3 197.218
0.925925925925926 0.938775510204082 0.90625 0.982142857142857 0.71 0.91304347826087 0.537037037037037 0.884057971014493 2 3 21 3 197.218
