0.942857142857143 0.939393939393939 0.945945945945946 0.977886977886978 0.87 0.814814814814815 0.934782608695652 0.954106280193237 NA 1 60 1 44.14
0.985714285714286 1 0.972972972972973 0.995085995085995 0.91 0.888888888888889 0.934782608695652 0.972624798711755 5 2 60 1 44.14
1 1 1 1 0.88 0.851851851851852 0.91304347826087 0.898349436392915 8 2 60 1 44.14
1 1 1 1 0.88 0.851851851851852 0.91304347826087 0.895531400966184 10 2 60 1 44.14
0.885714285714286 0.909090909090909 0.864864864864865 0.973791973791974 0.88 0.87037037037037 0.891304347826087 0.954911433172303 1 3 60 1 44.14
0.971428571428571 0.96969696969697 0.972972972972973 0.978705978705979 0.9 0.87037037037037 0.934782608695652 0.955716586151369 2 3 60 1 44.14
0.942857142857143 0.939393939393939 0.945945945945946 0.977886977886978 0.86 0.814814814814815 0.91304347826087 0.95450885668277 NA 1 60 2 54.147
1 1 1 1 0.82 0.796296296296296 0.847826086956522 0.859299516908212 5 2 60 2 54.147
1 1 1 1 0.86 0.814814814814815 0.91304347826087 0.888687600644122 8 2 60 2 54.147
1 1 1 1 0.83 0.814814814814815 0.847826086956522 0.869162640901771 10 2 60 2 54.147
0.885714285714286 0.909090909090909 0.864864864864865 0.973791973791974 0.88 0.87037037037037 0.891304347826087 0.956521739130435 1 3 60 2 54.147
0.971428571428571 0.96969696969697 0.972972972972973 0.97952497952498 0.9 0.87037037037037 0.934782608695652 0.955314009661836 2 3 60 2 54.147
0.942857142857143 0.939393939393939 0.945945945945946 0.977067977067977 0.87 0.814814814814815 0.934782608695652 0.953301127214171 NA 1 60 3 77.725
0.985714285714286 1 0.972972972972973 0.995085995085995 0.92 0.907407407407407 0.934782608695652 0.972624798711755 5 2 60 3 77.725
1 1 1 1 0.89 0.851851851851852 0.934782608695652 0.915861513687601 8 2 60 3 77.725
1 1 1 1 0.86 0.814814814814815 0.91304347826087 0.887278582930757 10 2 60 3 77.725
0.9 0.939393939393939 0.864864864864865 0.971334971334971 0.9 0.907407407407407 0.891304347826087 0.95450885668277 1 3 60 3 77.725
0.971428571428571 0.96969696969697 0.972972972972973 0.97952497952498 0.89 0.87037037037037 0.91304347826087 0.954106280193237 2 3 60 3 77.725
