0.955555555555556 0.95 0.96 0.99 0.78 0.836734693877551 0.725490196078431 0.898759503801521 NA 1 50 1 28.831
1 1 1 1 0.78 0.775510204081633 0.784313725490196 0.790716286514606 5 2 50 1 28.831
1 1 1 1 0.8 0.816326530612245 0.784313725490196 0.829331732693077 8 2 50 1 28.831
1 1 1 1 0.8 0.775510204081633 0.823529411764706 0.817927170868347 10 2 50 1 28.831
0.955555555555556 0.95 0.96 0.988 0.79 0.816326530612245 0.764705882352941 0.908763505402161 1 3 50 1 28.831
0.977777777777778 1 0.96 0.994 0.85 0.938775510204082 0.764705882352941 0.938375350140056 2 3 50 1 28.831
0.977777777777778 1 0.96 0.992 0.77 0.795918367346939 0.745098039215686 0.885954381752701 NA 1 50 2 53.578
1 1 1 1 0.78 0.775510204081633 0.784313725490196 0.791116446578631 5 2 50 2 53.578
1 1 1 1 0.77 0.775510204081633 0.764705882352941 0.815926370548219 8 2 50 2 53.578
1 1 1 1 0.79 0.775510204081633 0.803921568627451 0.816526610644258 10 2 50 2 53.578
0.977777777777778 1 0.96 0.99 0.8 0.857142857142857 0.745098039215686 0.909963985594238 1 3 50 2 53.578
0.977777777777778 1 0.96 0.994 0.87 0.938775510204082 0.803921568627451 0.939975990396158 2 3 50 2 53.578
0.955555555555556 0.95 0.96 0.996 0.74 0.795918367346939 0.686274509803922 0.881352541016407 NA 1 50 3 54.193
1 1 1 1 0.75 0.836734693877551 0.666666666666667 0.787915166066427 5 2 50 3 54.193
1 1 1 1 0.79 0.857142857142857 0.725490196078431 0.804321728691477 8 2 50 3 54.193
0.977777777777778 1 0.96 1 0.77 0.877551020408163 0.666666666666667 0.853741496598639 10 2 50 3 54.193
0.933333333333333 0.95 0.92 0.994 0.78 0.816326530612245 0.745098039215686 0.9015606242497 1 3 50 3 54.193
0.977777777777778 1 0.96 0.994 0.86 0.938775510204082 0.784313725490196 0.936774709883954 2 3 50 3 54.193
