0.848979591836735 0.842253521126761 0.855263157894737 0.933239436619718 0.79 0.8 0.78 0.8844 NA 1 4 1 847.967
0.930612244897959 0.915492957746479 0.944736842105263 0.984017790956264 0.89 0.88 0.9 0.9752 5 2 4 1 847.967
0.936054421768707 0.929577464788732 0.942105263157895 0.984870274277242 0.9 0.9 0.9 0.9728 8 2 4 1 847.967
0.936054421768707 0.926760563380282 0.944736842105263 0.985077835433655 0.9 0.9 0.9 0.974 10 2 4 1 847.967
0.851700680272109 0.850704225352113 0.852631578947368 0.933039288361749 0.79 0.8 0.78 0.884 1 3 4 1 847.967
0.941496598639456 0.938028169014084 0.944736842105263 0.987346182357302 0.89 0.84 0.94 0.9644 2 3 4 1 847.967
0.848979591836735 0.83943661971831 0.857894736842105 0.93346923647146 0.79 0.8 0.78 0.8824 NA 1 4 2 698.534
0.938775510204082 0.929577464788732 0.947368421052632 0.9846404744255 0.9 0.9 0.9 0.9744 5 2 4 2 698.534
0.936054421768707 0.929577464788732 0.942105263157895 0.984855448480356 0.9 0.9 0.9 0.9724 8 2 4 2 698.534
0.936054421768707 0.926760563380282 0.944736842105263 0.985100074128984 0.9 0.9 0.9 0.9736 10 2 4 2 698.534
0.850340136054422 0.847887323943662 0.852631578947368 0.933054114158636 0.79 0.8 0.78 0.8828 1 3 4 2 698.534
0.941496598639456 0.940845070422535 0.942105263157895 0.987383246849518 0.88 0.82 0.94 0.9636 2 3 4 2 698.534
0.848979591836735 0.83943661971831 0.857894736842105 0.933239436619718 0.78 0.78 0.78 0.884 NA 1 4 3 1383.983
0.936054421768707 0.926760563380282 0.944736842105263 0.98477390659748 0.9 0.9 0.9 0.974 5 2 4 3 1383.983
0.936054421768707 0.929577464788732 0.942105263157895 0.984988880652335 0.9 0.9 0.9 0.972 8 2 4 3 1383.983
0.936054421768707 0.926760563380282 0.944736842105263 0.985263157894737 0.9 0.9 0.9 0.972 10 2 4 3 1383.983
0.846258503401361 0.845070422535211 0.847368421052632 0.932979985174203 0.78 0.78 0.78 0.8848 1 3 4 3 1383.983
0.94421768707483 0.938028169014084 0.95 0.987412898443291 0.88 0.84 0.92 0.9624 2 3 4 3 1383.983
