0.870523415977961 0.895833333333333 0.842105263157895 0.944627192982456 0.89 0.905660377358491 0.872340425531915 0.957045363307908 NA 1 6 1 346.977
0.958677685950413 0.963541666666667 0.953216374269006 0.993268762183236 0.95 0.943396226415094 0.957446808510638 0.988358089120835 5 2 6 1 346.977
0.961432506887052 0.963541666666667 0.95906432748538 0.994639376218324 0.96 0.962264150943396 0.957446808510638 0.990365315134484 8 2 6 1 346.977
0.961432506887052 0.958333333333333 0.964912280701754 0.995278996101364 0.96 0.962264150943396 0.957446808510638 0.989963869931754 10 2 6 1 346.977
0.865013774104683 0.901041666666667 0.824561403508772 0.94410940545809 0.87 0.886792452830189 0.851063829787234 0.95343235648334 1 3 6 1 346.977
0.944903581267218 0.953125 0.935672514619883 0.991989522417154 0.94 0.924528301886792 0.957446808510638 0.989562424729024 2 3 6 1 346.977
0.867768595041322 0.901041666666667 0.830409356725146 0.944901315789474 0.88 0.905660377358491 0.851063829787234 0.957848253713368 NA 1 6 2 299.684
0.961432506887052 0.963541666666667 0.95906432748538 0.993573343079922 0.95 0.943396226415094 0.957446808510638 0.987153753512646 5 2 6 2 299.684
0.961432506887052 0.963541666666667 0.95906432748538 0.99494395711501 0.95 0.962264150943396 0.936170212765957 0.987555198715375 8 2 6 2 299.684
0.966942148760331 0.963541666666667 0.970760233918129 0.995492202729045 0.95 0.943396226415094 0.957446808510638 0.987956643918105 10 2 6 2 299.684
0.870523415977961 0.895833333333333 0.842105263157895 0.945571393762183 0.88 0.905660377358491 0.851063829787234 0.955439582496989 1 3 6 2 299.684
0.947658402203857 0.958333333333333 0.935672514619883 0.991045321637427 0.96 0.943396226415094 0.978723404255319 0.990365315134484 2 3 6 2 299.684
0.870523415977961 0.895833333333333 0.842105263157895 0.943835282651072 0.88 0.905660377358491 0.851063829787234 0.955841027699719 NA 1 6 3 651.481
0.961432506887052 0.963541666666667 0.95906432748538 0.993938840155945 0.95 0.943396226415094 0.957446808510638 0.987956643918105 5 2 6 3 651.481
0.961432506887052 0.963541666666667 0.95906432748538 0.994761208576998 0.95 0.943396226415094 0.957446808510638 0.988358089120835 8 2 6 3 651.481
0.966942148760331 0.96875 0.964912280701754 0.995492202729045 0.95 0.943396226415094 0.957446808510638 0.987153753512646 10 2 6 3 651.481
0.865013774104683 0.890625 0.83625730994152 0.94410940545809 0.89 0.905660377358491 0.872340425531915 0.955439582496989 1 3 6 3 651.481
0.947658402203857 0.958333333333333 0.935672514619883 0.991684941520468 0.97 0.962264150943396 0.978723404255319 0.990365315134484 2 3 6 3 651.481
