0.872340425531915 0.88 0.863636363636364 0.929090909090909 0.82 0.826923076923077 0.8125 0.902644230769231 NA 1 84 1 108.687
1 1 1 1 0.82 0.865384615384615 0.770833333333333 0.822115384615385 5 2 84 1 108.687
1 1 1 1 0.83 0.846153846153846 0.8125 0.838942307692308 8 2 84 1 108.687
1 1 1 1 0.77 0.846153846153846 0.6875 0.830328525641026 10 2 84 1 108.687
0.851063829787234 0.88 0.818181818181818 0.925454545454545 0.8 0.846153846153846 0.75 0.885817307692308 1 3 84 1 108.687
0.936170212765957 1 0.863636363636364 0.990909090909091 0.84 0.865384615384615 0.8125 0.919471153846154 2 3 84 1 108.687
0.872340425531915 0.88 0.863636363636364 0.929090909090909 0.83 0.826923076923077 0.833333333333333 0.904647435897436 NA 1 84 2 160.404
1 1 1 1 0.83 0.884615384615385 0.770833333333333 0.843149038461538 5 2 84 2 160.404
1 1 1 1 0.83 0.807692307692308 0.854166666666667 0.845753205128205 8 2 84 2 160.404
1 1 1 1 0.87 0.903846153846154 0.833333333333333 0.875801282051282 10 2 84 2 160.404
0.851063829787234 0.88 0.818181818181818 0.927272727272727 0.79 0.826923076923077 0.75 0.890224358974359 1 3 84 2 160.404
0.936170212765957 1 0.863636363636364 0.992727272727273 0.84 0.846153846153846 0.833333333333333 0.921073717948718 2 3 84 2 160.404
0.872340425531915 0.88 0.863636363636364 0.930909090909091 0.81 0.826923076923077 0.791666666666667 0.89863782051282 NA 1 84 3 158.313
1 1 1 1 0.81 0.826923076923077 0.791666666666667 0.858774038461538 5 2 84 3 158.313
1 1 1 1 0.83 0.865384615384615 0.791666666666667 0.891225961538462 8 2 84 3 158.313
1 1 1 1 0.79 0.826923076923077 0.75 0.819310897435898 10 2 84 3 158.313
0.851063829787234 0.88 0.818181818181818 0.927272727272727 0.81 0.846153846153846 0.770833333333333 0.881410256410256 1 3 84 3 158.313
0.914893617021277 0.96 0.863636363636364 0.990909090909091 0.84 0.865384615384615 0.8125 0.918269230769231 2 3 84 3 158.313
