0.795918367346939 0.705882352941177 0.84375 0.887867647058823 0.81 0.866666666666667 0.763636363636364 0.909090909090909 NA 1 68 1 112.28
1 1 1 1 0.75 0.866666666666667 0.654545454545455 0.828282828282828 5 2 68 1 112.28
1 1 1 1 0.82 0.911111111111111 0.745454545454545 0.881414141414141 8 2 68 1 112.28
1 1 1 1 0.72 0.733333333333333 0.709090909090909 0.737575757575758 10 2 68 1 112.28
0.816326530612245 0.588235294117647 0.9375 0.858455882352941 0.85 0.777777777777778 0.909090909090909 0.915555555555556 1 3 68 1 112.28
0.877551020408163 0.764705882352941 0.9375 0.981617647058823 0.84 0.777777777777778 0.890909090909091 0.943434343434343 2 3 68 1 112.28
0.795918367346939 0.705882352941177 0.84375 0.889705882352941 0.82 0.866666666666667 0.781818181818182 0.90989898989899 NA 1 68 2 153.728
1 1 1 1 0.74 0.866666666666667 0.636363636363636 0.812121212121212 5 2 68 2 153.728
1 1 1 1 0.75 0.933333333333333 0.6 0.792323232323232 8 2 68 2 153.728
1 1 1 1 0.69 0.688888888888889 0.690909090909091 0.690505050505051 10 2 68 2 153.728
0.836734693877551 0.647058823529412 0.9375 0.865808823529412 0.84 0.777777777777778 0.890909090909091 0.912727272727273 1 3 68 2 153.728
0.877551020408163 0.764705882352941 0.9375 0.983455882352941 0.89 0.866666666666667 0.909090909090909 0.94020202020202 2 3 68 2 153.728
0.816326530612245 0.764705882352941 0.84375 0.891544117647059 0.81 0.844444444444444 0.781818181818182 0.904646464646465 NA 1 68 3 174.157
1 1 1 1 0.8 0.933333333333333 0.690909090909091 0.87030303030303 5 2 68 3 174.157
1 1 1 1 0.73 0.866666666666667 0.618181818181818 0.808686868686869 8 2 68 3 174.157
1 1 1 1 0.78 0.888888888888889 0.690909090909091 0.843636363636364 10 2 68 3 174.157
0.816326530612245 0.588235294117647 0.9375 0.867647058823529 0.84 0.733333333333333 0.927272727272727 0.910707070707071 1 3 68 3 174.157
0.877551020408163 0.764705882352941 0.9375 0.981617647058823 0.86 0.822222222222222 0.890909090909091 0.945050505050505 2 3 68 3 174.157
