0.882352941176471 0.921052631578947 0.833333333333333 0.949122807017544 0.88 0.938775510204082 0.823529411764706 0.957983193277311 NA 1 8 1 63.605
1 1 1 1 0.93 0.918367346938776 0.941176470588235 0.951780712284914 5 2 8 1 63.605
1 1 1 1 0.95 0.938775510204082 0.96078431372549 0.982793117246899 8 2 8 1 63.605
1 1 1 1 0.88 0.857142857142857 0.901960784313726 0.925970388155262 10 2 8 1 63.605
0.882352941176471 0.921052631578947 0.833333333333333 0.945614035087719 0.85 0.938775510204082 0.764705882352941 0.958783513405362 1 3 8 1 63.605
0.985294117647059 1 0.966666666666667 1 0.88 0.959183673469388 0.803921568627451 0.959183673469388 2 3 8 1 63.605
0.882352941176471 0.921052631578947 0.833333333333333 0.948245614035088 0.86 0.897959183673469 0.823529411764706 0.962785114045618 NA 1 8 2 88.47
1 1 1 1 0.9 0.959183673469388 0.843137254901961 0.947378951580632 5 2 8 2 88.47
1 1 1 1 0.93 0.979591836734694 0.882352941176471 0.959383753501401 8 2 8 2 88.47
1 1 1 1 0.92 0.938775510204082 0.901960784313726 0.934173669467787 10 2 8 2 88.47
0.897058823529412 0.921052631578947 0.866666666666667 0.943859649122807 0.85 0.897959183673469 0.803921568627451 0.95718287314926 1 3 8 2 88.47
0.985294117647059 1 0.966666666666667 0.999122807017544 0.89 0.959183673469388 0.823529411764706 0.957583033213285 2 3 8 2 88.47
0.882352941176471 0.921052631578947 0.833333333333333 0.953508771929825 0.86 0.918367346938776 0.803921568627451 0.953981592637055 NA 1 8 3 121.492
1 1 1 1 0.89 0.918367346938776 0.862745098039216 0.961584633853541 5 2 8 3 121.492
1 1 1 1 0.9 0.959183673469388 0.843137254901961 0.963185274109644 8 2 8 3 121.492
1 1 1 1 0.93 0.938775510204082 0.92156862745098 0.960384153661465 10 2 8 3 121.492
0.897058823529412 0.921052631578947 0.866666666666667 0.951754385964912 0.83 0.897959183673469 0.764705882352941 0.957583033213285 1 3 8 3 121.492
0.985294117647059 1 0.966666666666667 1 0.87 0.918367346938776 0.823529411764706 0.953581432573029 2 3 8 3 121.492
