0.88 0.902777777777778 0.858974358974359 0.92948717948718 0.87 0.891304347826087 0.851851851851852 0.952093397745572 NA 1 21 1 230.375
1 1 1 1 0.91 0.869565217391304 0.944444444444444 0.914251207729469 5 2 21 1 230.375
1 1 1 1 0.91 0.869565217391304 0.944444444444444 0.924919484702093 8 2 21 1 230.375
1 1 1 1 0.91 0.869565217391304 0.944444444444444 0.916666666666667 10 2 21 1 230.375
0.873333333333333 0.916666666666667 0.833333333333333 0.92948717948718 0.89 0.91304347826087 0.87037037037037 0.950885668276973 1 3 21 1 230.375
0.953333333333333 0.972222222222222 0.935897435897436 0.992165242165242 0.85 0.934782608695652 0.777777777777778 0.973027375201288 2 3 21 1 230.375
0.873333333333333 0.888888888888889 0.858974358974359 0.929843304843305 0.87 0.891304347826087 0.851851851851852 0.951288244766506 NA 1 21 2 232.449
0.973333333333333 0.958333333333333 0.987179487179487 0.997685185185185 0.94 0.91304347826087 0.962962962962963 0.971819645732689 5 2 21 2 232.449
1 1 1 1 0.91 0.869565217391304 0.944444444444444 0.915056360708535 8 2 21 2 232.449
1 1 1 1 0.9 0.847826086956522 0.944444444444444 0.922705314009662 10 2 21 2 232.449
0.88 0.916666666666667 0.846153846153846 0.930377492877493 0.89 0.91304347826087 0.87037037037037 0.951690821256039 1 3 21 2 232.449
0.953333333333333 0.972222222222222 0.935897435897436 0.991631054131054 0.85 0.934782608695652 0.777777777777778 0.973429951690821 2 3 21 2 232.449
0.86 0.875 0.846153846153846 0.929131054131054 0.87 0.891304347826087 0.851851851851852 0.953301127214171 NA 1 21 3 394.076
1 1 1 1 0.9 0.891304347826087 0.907407407407407 0.914855072463768 5 2 21 3 394.076
1 1 1 1 0.91 0.891304347826087 0.925925925925926 0.916867954911433 8 2 21 3 394.076
1 1 1 1 0.91 0.869565217391304 0.944444444444444 0.91304347826087 10 2 21 3 394.076
0.873333333333333 0.916666666666667 0.833333333333333 0.928062678062678 0.88 0.91304347826087 0.851851851851852 0.951690821256039 1 3 21 3 394.076
0.953333333333333 0.972222222222222 0.935897435897436 0.992165242165242 0.84 0.934782608695652 0.759259259259259 0.969404186795491 2 3 21 3 394.076
