0.858870967741935 0.86027397260274 0.857519788918206 0.930061083601402 0.88 0.894736842105263 0.86046511627907 0.953488372093023 NA 1 80 1 2047.042
0.928763440860215 0.920547945205479 0.936675461741425 0.979997831351429 0.91 0.894736842105263 0.930232558139535 0.977152182782538 5 2 80 1 2047.042
0.92741935483871 0.917808219178082 0.936675461741425 0.980221925037048 0.91 0.894736842105263 0.930232558139535 0.978784169726642 8 2 80 1 2047.042
0.928763440860215 0.920547945205479 0.936675461741425 0.980735171865399 0.9 0.894736842105263 0.906976744186046 0.97796817625459 10 2 80 1 2047.042
0.854838709677419 0.86027397260274 0.849604221635884 0.929967108830014 0.9 0.912280701754386 0.883720930232558 0.955120359037128 1 3 80 1 2047.042
0.934139784946237 0.920547945205479 0.947229551451187 0.980323128637004 0.87 0.894736842105263 0.837209302325581 0.970216238270094 2 3 80 1 2047.042
0.860215053763441 0.86027397260274 0.860158311345646 0.930111685401381 0.88 0.894736842105263 0.86046511627907 0.953896368829049 NA 1 80 2 1805.12
0.928763440860215 0.920547945205479 0.936675461741425 0.980026746665703 0.91 0.894736842105263 0.930232558139535 0.977152182782538 5 2 80 2 1805.12
0.928763440860215 0.920547945205479 0.936675461741425 0.980185780894206 0.91 0.894736842105263 0.930232558139535 0.978376172990616 8 2 80 2 1805.12
0.93010752688172 0.923287671232877 0.936675461741425 0.980655654751148 0.9 0.894736842105263 0.906976744186046 0.97796817625459 10 2 80 2 1805.12
0.852150537634409 0.854794520547945 0.849604221635884 0.929851447572921 0.9 0.912280701754386 0.883720930232558 0.956344349245206 1 3 80 2 1805.12
0.932795698924731 0.920547945205479 0.944591029023747 0.980344815122709 0.87 0.894736842105263 0.837209302325581 0.971848225214198 2 3 80 2 1805.12
0.861559139784946 0.868493150684931 0.854881266490765 0.930270719629884 0.87 0.87719298245614 0.86046511627907 0.948184414524684 NA 1 80 3 3746.325
0.926075268817204 0.917808219178082 0.934036939313984 0.979889398922904 0.91 0.894736842105263 0.930232558139535 0.976336189310485 5 2 80 3 3746.325
0.926075268817204 0.917808219178082 0.934036939313984 0.979961687208588 0.91 0.894736842105263 0.930232558139535 0.977560179518564 8 2 80 3 3746.325
0.924731182795699 0.915068493150685 0.934036939313984 0.980619510608306 0.89 0.87719298245614 0.906976744186046 0.97796817625459 10 2 80 3 3746.325
0.852150537634409 0.865753424657534 0.839050131926121 0.929916507030036 0.87 0.894736842105263 0.837209302325581 0.951040391676867 1 3 80 3 3746.325
0.934139784946237 0.923287671232877 0.944591029023747 0.980518307008349 0.87 0.894736842105263 0.837209302325581 0.968176254589963 2 3 80 3 3746.325
