0.89041095890411 0.923076923076923 0.852941176470588 0.961538461538462 0.89 0.925 0.866666666666667 0.96 NA 1 55 1 129.962
1 1 1 1 0.78 0.775 0.783333333333333 0.82125 5 2 55 1 129.962
1 1 1 1 0.86 0.925 0.816666666666667 0.886666666666667 8 2 55 1 129.962
1 1 1 1 0.79 0.875 0.733333333333333 0.88125 10 2 55 1 129.962
0.931506849315068 0.974358974358974 0.882352941176471 0.959276018099548 0.89 0.95 0.85 0.95625 1 3 55 1 129.962
0.931506849315068 0.974358974358974 0.882352941176471 0.985671191553545 0.89 0.925 0.866666666666667 0.969583333333333 2 3 55 1 129.962
0.876712328767123 0.897435897435897 0.852941176470588 0.960030165912519 0.89 0.925 0.866666666666667 0.960416666666667 NA 1 55 2 114.291
1 1 1 1 0.91 0.925 0.9 0.908125 5 2 55 2 114.291
1 1 1 1 0.87 0.85 0.883333333333333 0.89125 8 2 55 2 114.291
1 1 1 1 0.82 0.925 0.75 0.865416666666667 10 2 55 2 114.291
0.917808219178082 0.974358974358974 0.852941176470588 0.953996983408748 0.88 0.95 0.833333333333333 0.953333333333333 1 3 55 2 114.291
0.945205479452055 1 0.882352941176471 0.984917043740573 0.88 0.925 0.85 0.969166666666667 2 3 55 2 114.291
0.89041095890411 0.923076923076923 0.852941176470588 0.96606334841629 0.91 0.95 0.883333333333333 0.958333333333333 NA 1 55 3 214.341
1 1 1 1 0.84 0.85 0.833333333333333 0.859166666666667 5 2 55 3 214.341
1 1 1 1 0.9 0.925 0.883333333333333 0.913333333333333 8 2 55 3 214.341
1 1 1 1 0.84 0.925 0.783333333333333 0.896458333333333 10 2 55 3 214.341
0.917808219178082 0.974358974358974 0.852941176470588 0.957767722473605 0.9 0.95 0.866666666666667 0.957083333333333 1 3 55 3 214.341
0.931506849315068 0.974358974358974 0.882352941176471 0.985671191553545 0.88 0.925 0.85 0.966666666666667 2 3 55 3 214.341
