0.845637583892617 0.867469879518072 0.818181818181818 0.918035779481563 0.87 0.884615384615385 0.854166666666667 0.959935897435897 NA 1 87 1 206.103
0.932885906040268 0.951807228915663 0.909090909090909 0.981380065717415 0.91 0.903846153846154 0.916666666666667 0.973157051282051 5 2 87 1 206.103
0.932885906040268 0.951807228915663 0.909090909090909 0.984118291347207 0.91 0.903846153846154 0.916666666666667 0.970352564102564 8 2 87 1 206.103
0.932885906040268 0.951807228915663 0.909090909090909 0.984848484848485 0.91 0.903846153846154 0.916666666666667 0.970753205128205 10 2 87 1 206.103
0.832214765100671 0.879518072289157 0.772727272727273 0.918583424607521 0.9 0.942307692307692 0.854166666666667 0.964342948717949 1 3 87 1 206.103
0.919463087248322 0.951807228915663 0.878787878787879 0.977181453085068 0.85 0.865384615384615 0.833333333333333 0.937099358974359 2 3 87 1 206.103
0.845637583892617 0.867469879518072 0.818181818181818 0.919861263234757 0.87 0.884615384615385 0.854166666666667 0.960336538461538 NA 1 87 2 213.42
0.932885906040268 0.951807228915663 0.909090909090909 0.981014968966776 0.91 0.903846153846154 0.916666666666667 0.973157051282051 5 2 87 2 213.42
0.939597315436242 0.951807228915663 0.924242424242424 0.983935742971888 0.91 0.903846153846154 0.916666666666667 0.970753205128205 8 2 87 2 213.42
0.932885906040268 0.951807228915663 0.909090909090909 0.984483388097846 0.91 0.903846153846154 0.916666666666667 0.970753205128205 10 2 87 2 213.42
0.838926174496644 0.879518072289157 0.787878787878788 0.918400876232202 0.88 0.903846153846154 0.854166666666667 0.962339743589744 1 3 87 2 213.42
0.919463087248322 0.951807228915663 0.878787878787879 0.977546549835706 0.84 0.865384615384615 0.8125 0.933092948717949 2 3 87 2 213.42
0.838926174496644 0.867469879518072 0.803030303030303 0.918583424607521 0.88 0.903846153846154 0.854166666666667 0.96073717948718 NA 1 87 3 371.722
0.932885906040268 0.951807228915663 0.909090909090909 0.981197517342096 0.91 0.903846153846154 0.916666666666667 0.974759615384615 5 2 87 3 371.722
0.946308724832215 0.951807228915663 0.939393939393939 0.982840452719971 0.91 0.903846153846154 0.916666666666667 0.971153846153846 8 2 87 3 371.722
0.953020134228188 0.963855421686747 0.939393939393939 0.985213581599124 0.91 0.903846153846154 0.916666666666667 0.969150641025641 10 2 87 3 371.722
0.832214765100671 0.879518072289157 0.772727272727273 0.917670682730924 0.89 0.923076923076923 0.854166666666667 0.964342948717949 1 3 87 3 371.722
0.939597315436242 0.987951807228916 0.878787878787879 0.973895582329317 0.87 0.884615384615385 0.854166666666667 0.941105769230769 2 3 87 3 371.722
