0.843406593406593 0.879396984924623 0.8 0.927272727272727 0.87 0.92 0.82 0.9464 NA 1 89 1 947.04
0.901098901098901 0.909547738693467 0.890909090909091 0.971432922186691 0.92 0.94 0.9 0.986 5 2 89 1 947.04
0.903846153846154 0.914572864321608 0.890909090909091 0.971493832800365 0.92 0.94 0.9 0.9856 8 2 89 1 947.04
0.903846153846154 0.914572864321608 0.890909090909091 0.971737475255063 0.92 0.94 0.9 0.9856 10 2 89 1 947.04
0.843406593406593 0.894472361809045 0.781818181818182 0.927546825034262 0.86 0.92 0.8 0.9436 1 3 89 1 947.04
0.917582417582418 0.92964824120603 0.903030303030303 0.971372011573017 0.9 0.92 0.88 0.9712 2 3 89 1 947.04
0.843406593406593 0.879396984924623 0.8 0.926968174204355 0.87 0.92 0.82 0.9468 NA 1 89 2 617.544
0.901098901098901 0.909547738693467 0.890909090909091 0.971372011573017 0.92 0.94 0.9 0.986 5 2 89 2 617.544
0.903846153846154 0.914572864321608 0.890909090909091 0.971676564641389 0.92 0.94 0.9 0.986 8 2 89 2 617.544
0.903846153846154 0.914572864321608 0.890909090909091 0.971920207096087 0.92 0.94 0.9 0.9856 10 2 89 2 617.544
0.843406593406593 0.894472361809045 0.781818181818182 0.927516369727425 0.87 0.92 0.82 0.944 1 3 89 2 617.544
0.917582417582418 0.92964824120603 0.903030303030303 0.97155474341404 0.9 0.92 0.88 0.9708 2 3 89 2 617.544
0.843406593406593 0.879396984924623 0.8 0.927881833409472 0.87 0.92 0.82 0.9436 NA 1 89 3 1639.937
0.901098901098901 0.909547738693467 0.890909090909091 0.971615654027714 0.91 0.94 0.88 0.9868 5 2 89 3 1639.937
0.901098901098901 0.909547738693467 0.890909090909091 0.971676564641389 0.92 0.94 0.9 0.986 8 2 89 3 1639.937
0.903846153846154 0.914572864321608 0.890909090909091 0.971737475255063 0.92 0.94 0.9 0.986 10 2 89 3 1639.937
0.832417582417582 0.889447236180904 0.763636363636364 0.928216841784681 0.87 0.92 0.82 0.9388 1 3 89 3 1639.937
0.914835164835165 0.924623115577889 0.903030303030303 0.971341556266179 0.89 0.9 0.88 0.9704 2 3 89 3 1639.937
