0.849315068493151 0.871212121212121 0.823353293413174 0.934744148067501 0.83 0.833333333333333 0.827586206896552 0.890804597701149 NA 1 39 1 1202.203
0.93013698630137 0.944444444444444 0.913173652694611 0.98325319058852 0.91 0.952380952380952 0.879310344827586 0.964696223316913 5 2 39 1 1202.203
0.932876712328767 0.944444444444444 0.919161676646707 0.984077299945563 0.9 0.928571428571429 0.879310344827586 0.960591133004926 8 2 39 1 1202.203
0.931506849315068 0.944444444444444 0.916167664670659 0.983956329764713 0.9 0.928571428571429 0.879310344827586 0.96264367816092 10 2 39 1 1202.203
0.853424657534247 0.876262626262626 0.826347305389222 0.934638299159257 0.83 0.833333333333333 0.827586206896552 0.894088669950739 1 3 39 1 1202.203
0.931506849315068 0.941919191919192 0.919161676646707 0.982686142865784 0.89 0.904761904761905 0.879310344827586 0.948686371100164 2 3 39 1 1202.203
0.850684931506849 0.871212121212121 0.826347305389222 0.93507681606484 0.83 0.833333333333333 0.827586206896552 0.890394088669951 NA 1 39 2 1120.74
0.931506849315068 0.946969696969697 0.913173652694611 0.983351478860461 0.91 0.952380952380952 0.879310344827586 0.964696223316913 5 2 39 2 1120.74
0.931506849315068 0.944444444444444 0.916167664670659 0.984122663763382 0.9 0.928571428571429 0.879310344827586 0.961001642036125 8 2 39 2 1120.74
0.932876712328767 0.946969696969697 0.916167664670659 0.984009254218835 0.9 0.928571428571429 0.879310344827586 0.963875205254516 10 2 39 2 1120.74
0.852054794520548 0.873737373737374 0.826347305389222 0.934865118248352 0.83 0.833333333333333 0.827586206896552 0.893267651888342 1 3 39 2 1120.74
0.935616438356164 0.94949494949495 0.919161676646707 0.98282223431924 0.89 0.904761904761905 0.879310344827586 0.949096880131363 2 3 39 2 1120.74
0.852054794520548 0.873737373737374 0.826347305389222 0.934252706707797 0.83 0.833333333333333 0.827586206896552 0.892857142857143 NA 1 39 3 2144.93
0.93013698630137 0.944444444444444 0.913173652694611 0.98313222040767 0.91 0.952380952380952 0.879310344827586 0.965927750410509 5 2 39 3 2144.93
0.934246575342466 0.944444444444444 0.922155688622755 0.983827798947559 0.9 0.928571428571429 0.879310344827586 0.962233169129721 8 2 39 3 2144.93
0.932876712328767 0.944444444444444 0.919161676646707 0.983789995766044 0.9 0.928571428571429 0.879310344827586 0.964696223316913 10 2 39 3 2144.93
0.854794520547945 0.878787878787879 0.826347305389222 0.934033448255005 0.83 0.833333333333333 0.827586206896552 0.894088669950739 1 3 39 3 2144.93
0.932876712328767 0.944444444444444 0.919161676646707 0.982466884412992 0.89 0.904761904761905 0.879310344827586 0.949096880131363 2 3 39 3 2144.93
