0.887096774193548 0.84 0.918918918918919 0.966486486486486 0.86 0.781818181818182 0.955555555555556 0.941010101010101 NA 1 89 1 89.266
1 1 1 1 0.81 0.745454545454545 0.888888888888889 0.819393939393939 5 2 89 1 89.266
1 1 1 1 0.81 0.745454545454545 0.888888888888889 0.874545454545455 8 2 89 1 89.266
1 1 1 1 0.81 0.763636363636364 0.866666666666667 0.873333333333333 10 2 89 1 89.266
0.887096774193548 0.88 0.891891891891892 0.957837837837838 0.88 0.836363636363636 0.933333333333333 0.945050505050505 1 3 89 1 89.266
0.935483870967742 0.92 0.945945945945946 0.988108108108108 0.85 0.763636363636364 0.955555555555556 0.945454545454545 2 3 89 1 89.266
0.887096774193548 0.84 0.918918918918919 0.965405405405405 0.85 0.781818181818182 0.933333333333333 0.93979797979798 NA 1 89 2 94.359
1 1 1 1 0.8 0.745454545454545 0.866666666666667 0.828686868686869 5 2 89 2 94.359
1 1 1 1 0.77 0.709090909090909 0.844444444444444 0.822626262626263 8 2 89 2 94.359
1 1 1 1 0.77 0.709090909090909 0.844444444444444 0.803030303030303 10 2 89 2 94.359
0.870967741935484 0.84 0.891891891891892 0.961081081081081 0.89 0.836363636363636 0.955555555555556 0.947878787878788 1 3 89 2 94.359
0.935483870967742 0.92 0.945945945945946 0.983783783783784 0.86 0.8 0.933333333333333 0.946262626262626 2 3 89 2 94.359
0.887096774193548 0.84 0.918918918918919 0.965405405405405 0.85 0.781818181818182 0.933333333333333 0.93979797979798 NA 1 89 3 176.868
1 1 1 1 0.82 0.781818181818182 0.866666666666667 0.833535353535354 5 2 89 3 176.868
0.983870967741935 1 0.972972972972973 1 0.83 0.818181818181818 0.844444444444444 0.87979797979798 8 2 89 3 176.868
1 1 1 1 0.77 0.709090909090909 0.844444444444444 0.805252525252525 10 2 89 3 176.868
0.870967741935484 0.84 0.891891891891892 0.961081081081081 0.89 0.854545454545454 0.933333333333333 0.946262626262626 1 3 89 3 176.868
0.935483870967742 0.92 0.945945945945946 0.984864864864865 0.85 0.781818181818182 0.933333333333333 0.946666666666667 2 3 89 3 176.868
