0.886075949367089 0.906976744186046 0.861111111111111 0.961240310077519 0.81 0.791666666666667 0.826923076923077 0.918669871794872 NA 1 69 1 92.612
0.924050632911392 0.930232558139535 0.916666666666667 0.984496124031008 0.89 0.875 0.903846153846154 0.949519230769231 5 2 69 1 92.612
0.936708860759494 0.953488372093023 0.916666666666667 0.984496124031008 0.86 0.833333333333333 0.884615384615385 0.954727564102564 8 2 69 1 92.612
1 1 1 1 0.84 0.770833333333333 0.903846153846154 0.840344551282051 10 2 69 1 92.612
0.89873417721519 0.953488372093023 0.833333333333333 0.95671834625323 0.85 0.833333333333333 0.865384615384615 0.906650641025641 1 3 69 1 92.612
0.89873417721519 0.930232558139535 0.861111111111111 0.975452196382429 0.84 0.8125 0.865384615384615 0.935897435897436 2 3 69 1 92.612
0.89873417721519 0.930232558139535 0.861111111111111 0.958656330749354 0.82 0.770833333333333 0.865384615384615 0.919871794871795 NA 1 69 2 65.599
0.924050632911392 0.930232558139535 0.916666666666667 0.983850129198966 0.88 0.875 0.884615384615385 0.949919871794872 5 2 69 2 65.599
0.936708860759494 0.953488372093023 0.916666666666667 0.987080103359173 0.87 0.833333333333333 0.903846153846154 0.953926282051282 8 2 69 2 65.599
1 1 1 1 0.8 0.75 0.846153846153846 0.841346153846154 10 2 69 2 65.599
0.89873417721519 0.976744186046512 0.805555555555556 0.954780361757106 0.84 0.854166666666667 0.826923076923077 0.911858974358974 1 3 69 2 65.599
0.886075949367089 0.906976744186046 0.861111111111111 0.967700258397933 0.84 0.791666666666667 0.884615384615385 0.940705128205128 2 3 69 2 65.599
0.886075949367089 0.906976744186046 0.861111111111111 0.958656330749354 0.78 0.708333333333333 0.846153846153846 0.916266025641026 NA 1 69 3 140.02
0.924050632911392 0.930232558139535 0.916666666666667 0.984496124031008 0.88 0.875 0.884615384615385 0.951923076923077 5 2 69 3 140.02
1 1 1 1 0.87 0.895833333333333 0.846153846153846 0.890224358974359 8 2 69 3 140.02
1 1 1 1 0.85 0.854166666666667 0.846153846153846 0.895232371794872 10 2 69 3 140.02
0.886075949367089 0.953488372093023 0.805555555555556 0.953488372093023 0.84 0.833333333333333 0.846153846153846 0.907451923076923 1 3 69 3 140.02
0.886075949367089 0.906976744186046 0.861111111111111 0.975452196382429 0.82 0.75 0.884615384615385 0.934695512820513 2 3 69 3 140.02
