0.773584905660377 0.76 0.785714285714286 0.912857142857143 0.78 0.571428571428571 0.980392156862745 0.887955182072829 NA 1 32 1 98.493
1 1 1 1 0.81 0.714285714285714 0.901960784313726 0.838535414165666 5 2 32 1 98.493
1 1 1 1 0.83 0.73469387755102 0.92156862745098 0.835134053621449 8 2 32 1 98.493
1 1 1 1 0.82 0.714285714285714 0.92156862745098 0.819727891156462 10 2 32 1 98.493
0.773584905660377 0.8 0.75 0.918571428571429 0.78 0.591836734693878 0.96078431372549 0.894357743097239 1 3 32 1 98.493
0.905660377358491 0.84 0.964285714285714 0.978571428571429 0.75 0.530612244897959 0.96078431372549 0.831132452981192 2 3 32 1 98.493
0.773584905660377 0.76 0.785714285714286 0.912857142857143 0.78 0.571428571428571 0.980392156862745 0.894357743097239 NA 1 32 2 104.297
1 1 1 1 0.83 0.73469387755102 0.92156862745098 0.851540616246499 5 2 32 2 104.297
1 1 1 1 0.76 0.775510204081633 0.745098039215686 0.804521808723489 8 2 32 2 104.297
1 1 1 1 0.81 0.795918367346939 0.823529411764706 0.862745098039216 10 2 32 2 104.297
0.773584905660377 0.8 0.75 0.917142857142857 0.78 0.591836734693878 0.96078431372549 0.906362545018007 1 3 32 2 104.297
0.905660377358491 0.84 0.964285714285714 0.978571428571429 0.75 0.530612244897959 0.96078431372549 0.8359343737495 2 3 32 2 104.297
0.773584905660377 0.76 0.785714285714286 0.917142857142857 0.78 0.571428571428571 0.980392156862745 0.879551820728291 NA 1 32 3 168.337
1 1 1 1 0.81 0.714285714285714 0.901960784313726 0.830732292917167 5 2 32 3 168.337
1 1 1 1 0.83 0.755102040816326 0.901960784313726 0.853341336534614 8 2 32 3 168.337
1 1 1 1 0.68 0.693877551020408 0.666666666666667 0.700480192076831 10 2 32 3 168.337
0.773584905660377 0.8 0.75 0.92 0.78 0.591836734693878 0.96078431372549 0.883153261304522 1 3 32 3 168.337
0.905660377358491 0.84 0.964285714285714 0.978571428571429 0.76 0.551020408163265 0.96078431372549 0.81952781112445 2 3 32 3 168.337
