1 1 1 1 0.81 0.888888888888889 0.717391304347826 0.809782608695652 NA 1 78 1 88.567
1 1 1 1 0.8 0.888888888888889 0.695652173913043 0.811795491143317 5 2 78 1 88.567
1 1 1 1 0.8 0.87037037037037 0.717391304347826 0.82024959742351 8 2 78 1 88.567
1 1 1 1 0.8 0.87037037037037 0.717391304347826 0.819847020933977 10 2 78 1 88.567
0.948717948717949 1 0.866666666666667 0.994444444444444 0.84 0.925925925925926 0.739130434782609 0.910225442834139 1 3 78 1 88.567
1 1 1 1 0.87 0.944444444444444 0.782608695652174 0.931561996779388 2 3 78 1 88.567
1 1 1 1 0.81 0.888888888888889 0.717391304347826 0.806561996779388 NA 1 78 2 137.242
1 1 1 1 0.79 0.87037037037037 0.695652173913043 0.809178743961353 5 2 78 2 137.242
1 1 1 1 0.8 0.87037037037037 0.717391304347826 0.819041867954911 8 2 78 2 137.242
1 1 1 1 0.8 0.87037037037037 0.717391304347826 0.819041867954911 10 2 78 2 137.242
0.948717948717949 1 0.866666666666667 0.994444444444444 0.81 0.888888888888889 0.717391304347826 0.905797101449275 1 3 78 2 137.242
1 1 1 1 0.87 0.944444444444444 0.782608695652174 0.931964573268921 2 3 78 2 137.242
1 1 1 1 0.8 0.851851851851852 0.739130434782609 0.810789049919485 NA 1 78 3 155.685
1 1 1 1 0.79 0.851851851851852 0.717391304347826 0.797504025764895 5 2 78 3 155.685
1 1 1 1 0.79 0.851851851851852 0.717391304347826 0.797504025764895 8 2 78 3 155.685
1 1 1 1 0.79 0.851851851851852 0.717391304347826 0.797906602254428 10 2 78 3 155.685
0.974358974358974 1 0.933333333333333 0.991666666666667 0.82 0.888888888888889 0.739130434782609 0.902576489533011 1 3 78 3 155.685
1 1 1 1 0.87 0.944444444444444 0.782608695652174 0.930354267310789 2 3 78 3 155.685
