0.881578947368421 0.877777777777778 0.885 0.936694444444444 0.82 0.87037037037037 0.760869565217391 0.919484702093398 NA 1 25 1 626.999
0.931578947368421 0.922222222222222 0.94 0.980694444444444 0.93 0.925925925925926 0.934782608695652 0.98389694041868 5 2 25 1 626.999
0.931578947368421 0.922222222222222 0.94 0.982833333333333 0.93 0.925925925925926 0.934782608695652 0.983494363929147 8 2 25 1 626.999
0.928947368421053 0.922222222222222 0.935 0.983388888888889 0.93 0.925925925925926 0.934782608695652 0.982689210950081 10 2 25 1 626.999
0.873684210526316 0.866666666666667 0.88 0.936972222222222 0.83 0.851851851851852 0.804347826086957 0.916264090177134 1 3 25 1 626.999
0.923684210526316 0.916666666666667 0.93 0.985666666666667 0.9 0.888888888888889 0.91304347826087 0.966988727858293 2 3 25 1 626.999
0.876315789473684 0.872222222222222 0.88 0.937333333333333 0.82 0.87037037037037 0.760869565217391 0.920289855072464 NA 1 25 2 489.771
0.931578947368421 0.922222222222222 0.94 0.980583333333333 0.93 0.925925925925926 0.934782608695652 0.98389694041868 5 2 25 2 489.771
0.931578947368421 0.922222222222222 0.94 0.982805555555556 0.93 0.925925925925926 0.934782608695652 0.983494363929147 8 2 25 2 489.771
0.931578947368421 0.922222222222222 0.94 0.983361111111111 0.93 0.925925925925926 0.934782608695652 0.982689210950081 10 2 25 2 489.771
0.873684210526316 0.866666666666667 0.88 0.937666666666667 0.83 0.851851851851852 0.804347826086957 0.918679549114332 1 3 25 2 489.771
0.926315789473684 0.922222222222222 0.93 0.985555555555556 0.9 0.888888888888889 0.91304347826087 0.965780998389694 2 3 25 2 489.771
0.876315789473684 0.872222222222222 0.88 0.935194444444444 0.83 0.87037037037037 0.782608695652174 0.917874396135266 NA 1 25 3 1049.007
0.931578947368421 0.922222222222222 0.94 0.980694444444444 0.93 0.925925925925926 0.934782608695652 0.984702093397746 5 2 25 3 1049.007
0.931578947368421 0.922222222222222 0.94 0.983083333333333 0.93 0.925925925925926 0.934782608695652 0.98389694041868 8 2 25 3 1049.007
0.928947368421053 0.922222222222222 0.935 0.983527777777778 0.93 0.925925925925926 0.934782608695652 0.982689210950081 10 2 25 3 1049.007
0.868421052631579 0.861111111111111 0.875 0.934694444444444 0.84 0.851851851851852 0.826086956521739 0.91304347826087 1 3 25 3 1049.007
0.923684210526316 0.911111111111111 0.935 0.986333333333333 0.89 0.87037037037037 0.91304347826087 0.965780998389694 2 3 25 3 1049.007
