0.847457627118644 0.870967741935484 0.821428571428571 0.926267281105991 0.83 0.816326530612245 0.843137254901961 0.930772308923569 NA 1 78 1 68.959
1 1 1 1 0.86 0.816326530612245 0.901960784313726 0.863145258103241 5 2 78 1 68.959
1 1 1 1 0.83 0.73469387755102 0.92156862745098 0.871948779511805 8 2 78 1 68.959
1 1 1 1 0.76 0.714285714285714 0.803921568627451 0.839735894357743 10 2 78 1 68.959
0.864406779661017 0.903225806451613 0.821428571428571 0.91705069124424 0.84 0.918367346938776 0.764705882352941 0.932773109243697 1 3 78 1 68.959
0.949152542372881 1 0.892857142857143 0.993087557603687 0.9 0.897959183673469 0.901960784313726 0.959583833533413 2 3 78 1 68.959
0.847457627118644 0.870967741935484 0.821428571428571 0.92741935483871 0.83 0.816326530612245 0.843137254901961 0.930372148859544 NA 1 78 2 68.595
1 1 1 1 0.85 0.775510204081633 0.92156862745098 0.886754701880752 5 2 78 2 68.595
1 1 1 1 0.85 0.755102040816326 0.941176470588235 0.893957583033213 8 2 78 2 68.595
1 1 1 1 0.71 0.755102040816326 0.666666666666667 0.768507402961184 10 2 78 2 68.595
0.864406779661017 0.903225806451613 0.821428571428571 0.919354838709677 0.85 0.918367346938776 0.784313725490196 0.9343737494998 1 3 78 2 68.595
0.949152542372881 1 0.892857142857143 0.993087557603687 0.9 0.897959183673469 0.901960784313726 0.959983993597439 2 3 78 2 68.595
0.847457627118644 0.870967741935484 0.821428571428571 0.933179723502304 0.84 0.836734693877551 0.843137254901961 0.932372949179672 NA 1 78 3 120.05
1 1 1 1 0.8 0.755102040816326 0.843137254901961 0.885754301720688 5 2 78 3 120.05
1 1 1 1 0.81 0.795918367346939 0.823529411764706 0.874549819927971 8 2 78 3 120.05
1 1 1 1 0.85 0.795918367346939 0.901960784313726 0.890756302521008 10 2 78 3 120.05
0.864406779661017 0.903225806451613 0.821428571428571 0.922811059907834 0.85 0.918367346938776 0.784313725490196 0.936374549819928 1 3 78 3 120.05
0.949152542372881 1 0.892857142857143 0.994239631336405 0.88 0.877551020408163 0.882352941176471 0.957983193277311 2 3 78 3 120.05
