0.836411609498681 0.850515463917526 0.821621621621622 0.920674282529953 0.87 0.907407407407407 0.826086956521739 0.944847020933978 NA 1 18 1 742.943
0.889182058047493 0.907216494845361 0.87027027027027 0.971050431875174 0.95 0.925925925925926 0.978260869565217 0.986714975845411 5 2 18 1 742.943
0.891820580474934 0.907216494845361 0.875675675675676 0.972164948453608 0.93 0.925925925925926 0.934782608695652 0.982689210950081 8 2 18 1 742.943
0.894459102902375 0.912371134020619 0.875675675675676 0.972471440512678 0.93 0.925925925925926 0.934782608695652 0.982286634460548 10 2 18 1 742.943
0.83377308707124 0.845360824742268 0.821621621621622 0.920869322931179 0.87 0.907407407407407 0.826086956521739 0.942431561996779 1 3 18 1 742.943
0.907651715039578 0.912371134020619 0.902702702702703 0.967846196712176 0.9 0.888888888888889 0.91304347826087 0.963365539452496 2 3 18 1 742.943
0.836411609498681 0.845360824742268 0.827027027027027 0.920785734187796 0.87 0.907407407407407 0.826086956521739 0.944041867954912 NA 1 18 2 603.564
0.889182058047493 0.907216494845361 0.87027027027027 0.971217609361939 0.95 0.925925925925926 0.978260869565217 0.987520128824477 5 2 18 2 603.564
0.891820580474934 0.907216494845361 0.875675675675676 0.972164948453608 0.93 0.925925925925926 0.934782608695652 0.983494363929147 8 2 18 2 603.564
0.894459102902375 0.912371134020619 0.875675675675676 0.972582892170521 0.93 0.925925925925926 0.934782608695652 0.982286634460548 10 2 18 2 603.564
0.841688654353562 0.855670103092783 0.827027027027027 0.920507105043188 0.87 0.907407407407407 0.826086956521739 0.943236714975845 1 3 18 2 603.564
0.907651715039578 0.912371134020619 0.902702702702703 0.968096962942324 0.9 0.888888888888889 0.91304347826087 0.96256038647343 2 3 18 2 603.564
0.836411609498681 0.850515463917526 0.821621621621622 0.920702145444414 0.86 0.87037037037037 0.847826086956522 0.942431561996779 NA 1 18 3 1208.239
0.891820580474934 0.907216494845361 0.875675675675676 0.970966843131792 0.94 0.925925925925926 0.956521739130435 0.986312399355878 5 2 18 3 1208.239
0.891820580474934 0.907216494845361 0.875675675675676 0.972332125940373 0.93 0.925925925925926 0.934782608695652 0.982286634460548 8 2 18 3 1208.239
0.899736147757256 0.912371134020619 0.886486486486487 0.972415714683756 0.93 0.925925925925926 0.934782608695652 0.982286634460548 10 2 18 3 1208.239
0.831134564643799 0.850515463917526 0.810810810810811 0.921203677904709 0.88 0.907407407407407 0.847826086956522 0.939613526570048 1 3 18 3 1208.239
0.907651715039578 0.912371134020619 0.902702702702703 0.966926720534968 0.9 0.888888888888889 0.91304347826087 0.961755233494364 2 3 18 3 1208.239
