0.85042735042735 0.872 0.825688073394495 0.940036697247706 0.84 0.865384615384615 0.8125 0.92588141025641 NA 1 92 1 524.212
0.944444444444444 0.944 0.944954128440367 0.989651376146789 0.9 0.903846153846154 0.895833333333333 0.966746794871795 5 2 92 1 524.212
0.94017094017094 0.936 0.944954128440367 0.990165137614679 0.9 0.903846153846154 0.895833333333333 0.967147435897436 8 2 92 1 524.212
0.94017094017094 0.936 0.944954128440367 0.989871559633028 0.89 0.884615384615385 0.895833333333333 0.967948717948718 10 2 92 1 524.212
0.858974358974359 0.872 0.844036697247706 0.939449541284404 0.84 0.865384615384615 0.8125 0.930288461538462 1 3 92 1 524.212
0.961538461538462 0.968 0.954128440366973 0.993688073394495 0.81 0.826923076923077 0.791666666666667 0.944711538461538 2 3 92 1 524.212
0.85042735042735 0.864 0.834862385321101 0.939816513761468 0.84 0.865384615384615 0.8125 0.924679487179487 NA 1 92 2 358.529
0.944444444444444 0.944 0.944954128440367 0.98943119266055 0.9 0.903846153846154 0.895833333333333 0.967147435897436 5 2 92 2 358.529
0.94017094017094 0.936 0.944954128440367 0.990018348623853 0.9 0.903846153846154 0.895833333333333 0.969150641025641 8 2 92 2 358.529
0.94017094017094 0.936 0.944954128440367 0.990018348623853 0.89 0.884615384615385 0.895833333333333 0.967948717948718 10 2 92 2 358.529
0.863247863247863 0.88 0.844036697247706 0.940036697247706 0.84 0.865384615384615 0.8125 0.927884615384615 1 3 92 2 358.529
0.957264957264957 0.96 0.954128440366973 0.99354128440367 0.81 0.826923076923077 0.791666666666667 0.943910256410256 2 3 92 2 358.529
0.858974358974359 0.88 0.834862385321101 0.939376146788991 0.84 0.865384615384615 0.8125 0.92588141025641 NA 1 92 3 973.967
0.944444444444444 0.944 0.944954128440367 0.989651376146789 0.9 0.903846153846154 0.895833333333333 0.967948717948718 5 2 92 3 973.967
0.94017094017094 0.936 0.944954128440367 0.990165137614679 0.91 0.923076923076923 0.895833333333333 0.967147435897436 8 2 92 3 973.967
0.94017094017094 0.936 0.944954128440367 0.990238532110092 0.92 0.942307692307692 0.895833333333333 0.967548076923077 10 2 92 3 973.967
0.854700854700855 0.872 0.834862385321101 0.938348623853211 0.84 0.865384615384615 0.8125 0.931089743589744 1 3 92 3 973.967
0.965811965811966 0.976 0.954128440366973 0.994422018348624 0.82 0.826923076923077 0.8125 0.943910256410256 2 3 92 3 973.967
