0.864253393665158 0.835051546391753 0.887096774193548 0.934652477552378 0.81 0.87037037037037 0.739130434782609 0.905797101449275 NA 1 82 1 394.453
0.936651583710407 0.948453608247423 0.92741935483871 0.984369803791154 0.85 0.87037037037037 0.826086956521739 0.958937198067633 5 2 82 1 394.453
0.945701357466063 0.948453608247423 0.943548387096774 0.984286664449618 0.86 0.888888888888889 0.826086956521739 0.959742351046699 8 2 82 1 394.453
0.959276018099548 0.969072164948454 0.951612903225806 0.993431992018623 0.85 0.888888888888889 0.804347826086957 0.931561996779388 10 2 82 1 394.453
0.868778280542986 0.835051546391753 0.895161290322581 0.932573994013967 0.81 0.87037037037037 0.739130434782609 0.906199677938808 1 3 82 1 394.453
0.909502262443439 0.917525773195876 0.903225806451613 0.97913202527436 0.82 0.833333333333333 0.804347826086957 0.929951690821256 2 3 82 1 394.453
0.864253393665158 0.835051546391753 0.887096774193548 0.935317592284669 0.81 0.87037037037037 0.739130434782609 0.907004830917874 NA 1 82 2 307.431
0.936651583710407 0.948453608247423 0.92741935483871 0.9847023611573 0.85 0.87037037037037 0.826086956521739 0.9585346215781 5 2 82 2 307.431
0.941176470588235 0.948453608247423 0.935483870967742 0.984536082474227 0.86 0.888888888888889 0.826086956521739 0.959339774557166 8 2 82 2 307.431
0.95475113122172 0.958762886597938 0.951612903225806 0.994097106750915 0.84 0.87037037037037 0.804347826086957 0.926731078904992 10 2 82 2 307.431
0.868778280542986 0.835051546391753 0.895161290322581 0.932657133355504 0.81 0.87037037037037 0.739130434782609 0.904186795491143 1 3 82 2 307.431
0.909502262443439 0.917525773195876 0.903225806451613 0.979464582640506 0.83 0.851851851851852 0.804347826086957 0.929549114331723 2 3 82 2 307.431
0.873303167420814 0.845360824742268 0.895161290322581 0.934319920186232 0.81 0.87037037037037 0.739130434782609 0.902173913043478 NA 1 82 3 645.252
0.932126696832579 0.948453608247423 0.919354838709677 0.982873295643498 0.86 0.888888888888889 0.826086956521739 0.960547504025765 5 2 82 3 645.252
0.941176470588235 0.948453608247423 0.935483870967742 0.983455271034253 0.87 0.907407407407407 0.826086956521739 0.958937198067633 8 2 82 3 645.252
0.95475113122172 0.969072164948454 0.943548387096774 0.990854672430994 0.85 0.907407407407407 0.782608695652174 0.94122383252818 10 2 82 3 645.252
0.877828054298643 0.855670103092783 0.895161290322581 0.932823412038577 0.81 0.87037037037037 0.739130434782609 0.904186795491143 1 3 82 3 645.252
0.900452488687783 0.896907216494845 0.903225806451613 0.979547721982042 0.82 0.833333333333333 0.804347826086957 0.930354267310789 2 3 82 3 645.252
