0.807511737089202 0.820754716981132 0.794392523364486 0.904514195027332 0.81 0.883720930232558 0.754385964912281 0.90452876376989 NA 1 55 1 369.07
0.924882629107981 0.924528301886792 0.925233644859813 0.984658790336801 0.86 0.906976744186046 0.824561403508772 0.959200326397389 5 2 55 1 369.07
0.934272300469484 0.924528301886792 0.94392523364486 0.986598483512608 0.86 0.906976744186046 0.824561403508772 0.959200326397389 8 2 55 1 369.07
0.938967136150235 0.933962264150943 0.94392523364486 0.987921001587022 0.85 0.906976744186046 0.807017543859649 0.961240310077519 10 2 55 1 369.07
0.830985915492958 0.849056603773585 0.813084112149533 0.90495503438547 0.8 0.86046511627907 0.754385964912281 0.903712770297838 1 3 55 1 369.07
0.910798122065728 0.943396226415094 0.878504672897196 0.979104214424264 0.88 0.906976744186046 0.859649122807018 0.943696450428397 2 3 55 1 369.07
0.812206572769953 0.830188679245283 0.794392523364486 0.905572209486863 0.82 0.883720930232558 0.771929824561403 0.906160750713994 NA 1 55 2 330.221
0.934272300469484 0.933962264150943 0.934579439252336 0.984835126080056 0.85 0.906976744186046 0.807017543859649 0.959200326397389 5 2 55 2 330.221
0.938967136150235 0.933962264150943 0.94392523364486 0.987039322870746 0.85 0.906976744186046 0.807017543859649 0.960016319869441 8 2 55 2 330.221
0.943661971830986 0.943396226415094 0.94392523364486 0.988273673073532 0.85 0.906976744186046 0.807017543859649 0.962464300285598 10 2 55 2 330.221
0.830985915492958 0.858490566037736 0.803738317757009 0.905131370128725 0.81 0.883720930232558 0.754385964912281 0.902080783353733 1 3 55 2 330.221
0.910798122065728 0.943396226415094 0.878504672897196 0.979368718039146 0.88 0.906976744186046 0.859649122807018 0.943696450428397 2 3 55 2 330.221
0.807511737089202 0.820754716981132 0.794392523364486 0.906013048845001 0.82 0.883720930232558 0.771929824561403 0.905752753977968 NA 1 55 3 624.136
0.934272300469484 0.924528301886792 0.94392523364486 0.984658790336801 0.86 0.906976744186046 0.824561403508772 0.956752345981232 5 2 55 3 624.136
0.934272300469484 0.924528301886792 0.94392523364486 0.98651031564098 0.85 0.906976744186046 0.807017543859649 0.956344349245206 8 2 55 3 624.136
0.938967136150235 0.924528301886792 0.953271028037383 0.987480162228884 0.86 0.906976744186046 0.824561403508772 0.957160342717258 10 2 55 3 624.136
0.826291079812207 0.849056603773585 0.803738317757009 0.905395873743608 0.8 0.86046511627907 0.754385964912281 0.906976744186046 1 3 55 3 624.136
0.915492957746479 0.943396226415094 0.88785046728972 0.979456885910774 0.88 0.906976744186046 0.859649122807018 0.942880456956344 2 3 55 3 624.136
