0.9125 0.848484848484849 0.957446808510638 0.956157317859446 0.77 0.625 0.903846153846154 0.870192307692308 NA 1 64 1 85.876
1 1 1 1 0.75 0.625 0.865384615384615 0.775641025641026 5 2 64 1 85.876
1 1 1 1 0.79 0.666666666666667 0.903846153846154 0.812099358974359 8 2 64 1 85.876
1 1 1 1 0.77 0.708333333333333 0.826923076923077 0.813501602564103 10 2 64 1 85.876
0.9125 0.878787878787879 0.936170212765957 0.950354609929078 0.76 0.604166666666667 0.903846153846154 0.861778846153846 1 3 64 1 85.876
0.925 0.878787878787879 0.957446808510638 0.987105093488072 0.79 0.625 0.942307692307692 0.920272435897436 2 3 64 1 85.876
0.9125 0.848484848484849 0.957446808510638 0.956157317859446 0.77 0.625 0.903846153846154 0.870592948717949 NA 1 64 2 74.845
1 1 1 1 0.76 0.625 0.884615384615385 0.771634615384615 5 2 64 2 74.845
1 1 1 1 0.75 0.583333333333333 0.903846153846154 0.775641025641026 8 2 64 2 74.845
1 1 1 1 0.79 0.6875 0.884615384615385 0.858173076923077 10 2 64 2 74.845
0.9125 0.878787878787879 0.936170212765957 0.949709864603482 0.77 0.625 0.903846153846154 0.861778846153846 1 3 64 2 74.845
0.925 0.878787878787879 0.957446808510638 0.987105093488072 0.79 0.625 0.942307692307692 0.921073717948718 2 3 64 2 74.845
0.9125 0.848484848484849 0.957446808510638 0.957446808510638 0.75 0.604166666666667 0.884615384615385 0.868189102564103 NA 1 64 3 135.543
1 1 1 1 0.74 0.604166666666667 0.865384615384615 0.767027243589744 5 2 64 3 135.543
1 1 1 1 0.77 0.625 0.903846153846154 0.778846153846154 8 2 64 3 135.543
1 1 1 1 0.8 0.6875 0.903846153846154 0.817508012820513 10 2 64 3 135.543
0.9125 0.878787878787879 0.936170212765957 0.949065119277885 0.76 0.625 0.884615384615385 0.858573717948718 1 3 64 3 135.543
0.925 0.878787878787879 0.957446808510638 0.985170857511283 0.79 0.625 0.942307692307692 0.917067307692308 2 3 64 3 135.543
