0.941935483870968 0.939759036144578 0.944444444444444 0.982095046854083 0.85 0.911111111111111 0.8 0.951515151515152 NA 1 80 1 273.07
0.987096774193548 0.987951807228916 0.986111111111111 0.998159303882195 0.93 0.933333333333333 0.927272727272727 0.975757575757576 5 2 80 1 273.07
0.987096774193548 0.987951807228916 0.986111111111111 0.998661311914324 0.93 0.933333333333333 0.927272727272727 0.976565656565657 8 2 80 1 273.07
1 1 1 1 0.94 0.955555555555556 0.927272727272727 0.948686868686869 10 2 80 1 273.07
0.935483870967742 0.939759036144578 0.930555555555556 0.981091030789826 0.85 0.911111111111111 0.8 0.945050505050505 1 3 80 1 273.07
0.987096774193548 0.987951807228916 0.986111111111111 0.996151271753681 0.9 0.933333333333333 0.872727272727273 0.965656565656566 2 3 80 1 273.07
0.941935483870968 0.939759036144578 0.944444444444444 0.982429718875502 0.85 0.911111111111111 0.8 0.951111111111111 NA 1 80 2 264.278
0.987096774193548 0.987951807228916 0.986111111111111 0.998159303882195 0.93 0.933333333333333 0.927272727272727 0.976565656565657 5 2 80 2 264.278
0.987096774193548 0.987951807228916 0.986111111111111 0.998661311914324 0.93 0.933333333333333 0.927272727272727 0.976969696969697 8 2 80 2 264.278
1 1 1 1 0.93 0.955555555555556 0.909090909090909 0.973737373737374 10 2 80 2 264.278
0.929032258064516 0.939759036144578 0.916666666666667 0.982262382864793 0.85 0.911111111111111 0.8 0.944646464646465 1 3 80 2 264.278
0.987096774193548 0.987951807228916 0.986111111111111 0.995983935742972 0.9 0.933333333333333 0.872727272727273 0.966868686868687 2 3 80 2 264.278
0.948387096774194 0.939759036144578 0.958333333333333 0.981425702811245 0.85 0.911111111111111 0.8 0.94989898989899 NA 1 80 3 460.866
0.987096774193548 0.987951807228916 0.986111111111111 0.997991967871486 0.92 0.933333333333333 0.909090909090909 0.975757575757576 5 2 80 3 460.866
0.993548387096774 1 0.986111111111111 0.998995983935743 0.95 0.933333333333333 0.963636363636364 0.98020202020202 8 2 80 3 460.866
1 1 1 1 0.94 0.933333333333333 0.945454545454545 0.947070707070707 10 2 80 3 460.866
0.941935483870968 0.939759036144578 0.944444444444444 0.980923694779116 0.85 0.911111111111111 0.8 0.942626262626263 1 3 80 3 460.866
0.987096774193548 0.987951807228916 0.986111111111111 0.995649263721553 0.9 0.933333333333333 0.872727272727273 0.966868686868687 2 3 80 3 460.866
