0.887218045112782 0.87719298245614 0.894736842105263 0.948291782086796 0.86 0.857142857142857 0.862745098039216 0.92436974789916 NA 1 7 1 126.897
0.93984962406015 0.929824561403509 0.947368421052632 0.982686980609418 0.95 0.918367346938776 0.980392156862745 0.97719087635054 5 2 7 1 126.897
0.969924812030075 0.964912280701754 0.973684210526316 0.98938134810711 0.91 0.857142857142857 0.96078431372549 0.968787515006002 8 2 7 1 126.897
0.969924812030075 0.964912280701754 0.973684210526316 0.990304709141274 0.91 0.857142857142857 0.96078431372549 0.968787515006002 10 2 7 1 126.897
0.887218045112782 0.87719298245614 0.894736842105263 0.945983379501385 0.87 0.877551020408163 0.862745098039216 0.926770708283313 1 3 7 1 126.897
0.917293233082707 0.87719298245614 0.947368421052632 0.977608494921514 0.86 0.73469387755102 0.980392156862745 0.945578231292517 2 3 7 1 126.897
0.879699248120301 0.859649122807018 0.894736842105263 0.947830101569714 0.86 0.857142857142857 0.862745098039216 0.92436974789916 NA 1 7 2 119.228
0.93984962406015 0.929824561403509 0.947368421052632 0.982917820867959 0.94 0.897959183673469 0.980392156862745 0.975990396158463 5 2 7 2 119.228
0.969924812030075 0.964912280701754 0.973684210526316 0.990073868882733 0.91 0.857142857142857 0.96078431372549 0.967987194877951 8 2 7 2 119.228
0.969924812030075 0.964912280701754 0.973684210526316 0.990304709141274 0.92 0.877551020408163 0.96078431372549 0.968387354941977 10 2 7 2 119.228
0.887218045112782 0.87719298245614 0.894736842105263 0.947368421052632 0.87 0.877551020408163 0.862745098039216 0.925570228091236 1 3 7 2 119.228
0.917293233082707 0.87719298245614 0.947368421052632 0.977839335180055 0.86 0.73469387755102 0.980392156862745 0.94437775110044 2 3 7 2 119.228
0.887218045112782 0.87719298245614 0.894736842105263 0.947368421052632 0.85 0.836734693877551 0.862745098039216 0.923969587835134 NA 1 7 3 207.62
0.932330827067669 0.929824561403509 0.934210526315789 0.982686980609418 0.94 0.897959183673469 0.980392156862745 0.974389755902361 5 2 7 3 207.62
0.962406015037594 0.947368421052632 0.973684210526316 0.989612188365651 0.92 0.877551020408163 0.96078431372549 0.969587835134054 8 2 7 3 207.62
0.962406015037594 0.947368421052632 0.973684210526316 0.989612188365651 0.91 0.857142857142857 0.96078431372549 0.969987995198079 10 2 7 3 207.62
0.887218045112782 0.859649122807018 0.907894736842105 0.946675900277008 0.86 0.857142857142857 0.862745098039216 0.920368147258904 1 3 7 3 207.62
0.917293233082707 0.87719298245614 0.947368421052632 0.977146814404432 0.88 0.775510204081633 0.980392156862745 0.941576630652261 2 3 7 3 207.62
