0.868181818181818 0.885964912280702 0.849056603773585 0.944803045349222 0.88 0.92 0.84 0.942 NA 1 6 1 272.134
0.922727272727273 0.93859649122807 0.905660377358491 0.990731545845746 0.93 0.96 0.9 0.9856 5 2 6 1 272.134
0.940909090909091 0.947368421052632 0.933962264150943 0.99304865938431 0.96 0.98 0.94 0.9856 8 2 6 1 272.134
0.940909090909091 0.947368421052632 0.933962264150943 0.993131413439258 0.96 0.98 0.94 0.9856 10 2 6 1 272.134
0.859090909090909 0.894736842105263 0.820754716981132 0.944058258854684 0.88 0.94 0.82 0.9444 1 3 6 1 272.134
0.936363636363636 0.964912280701754 0.905660377358491 0.990400529625952 0.9 0.92 0.88 0.9628 2 3 6 1 272.134
0.872727272727273 0.894736842105263 0.849056603773585 0.945796094008606 0.88 0.92 0.84 0.9432 NA 1 6 2 320.848
0.922727272727273 0.93859649122807 0.905660377358491 0.990731545845746 0.93 0.96 0.9 0.9852 5 2 6 2 320.848
0.940909090909091 0.947368421052632 0.933962264150943 0.992965905329361 0.96 0.98 0.94 0.9856 8 2 6 2 320.848
0.940909090909091 0.947368421052632 0.933962264150943 0.992883151274412 0.96 0.98 0.94 0.986 10 2 6 2 320.848
0.863636363636364 0.903508771929825 0.820754716981132 0.945134061569017 0.88 0.94 0.82 0.9432 1 3 6 2 320.848
0.936363636363636 0.964912280701754 0.905660377358491 0.990069513406157 0.9 0.92 0.88 0.9632 2 3 6 2 320.848
0.868181818181818 0.885964912280702 0.849056603773585 0.943561734524992 0.88 0.92 0.84 0.9416 NA 1 6 3 520.343
0.940909090909091 0.93859649122807 0.943396226415094 0.99304865938431 0.96 0.98 0.94 0.9856 5 2 6 3 520.343
0.940909090909091 0.947368421052632 0.933962264150943 0.992965905329361 0.96 0.98 0.94 0.986 8 2 6 3 520.343
0.936363636363636 0.93859649122807 0.933962264150943 0.993379675604105 0.96 0.98 0.94 0.986 10 2 6 3 520.343
0.868181818181818 0.903508771929825 0.830188679245283 0.943975504799735 0.88 0.94 0.82 0.9456 1 3 6 3 520.343
0.931818181818182 0.956140350877193 0.905660377358491 0.990648791790798 0.89 0.92 0.86 0.9616 2 3 6 3 520.343
