0.842553191489362 0.857142857142857 0.827586206896552 0.918356997971602 0.9 0.957446808510638 0.849056603773585 0.970694500200723 NA 1 8 1 459.833
0.906382978723404 0.92436974789916 0.887931034482759 0.97544190089829 0.95 0.893617021276596 1 0.981533520674428 5 2 8 1 459.833
0.906382978723404 0.92436974789916 0.887931034482759 0.977615184004636 0.93 0.893617021276596 0.962264150943396 0.980329185066238 8 2 8 1 459.833
0.902127659574468 0.92436974789916 0.879310344827586 0.977760069545059 0.94 0.893617021276596 0.981132075471698 0.979526294660779 10 2 8 1 459.833
0.838297872340426 0.857142857142857 0.818965517241379 0.918429440741814 0.91 0.957446808510638 0.867924528301887 0.971095945403452 1 3 8 1 459.833
0.897872340425532 0.92436974789916 0.870689655172414 0.970805563604752 0.9 0.936170212765957 0.867924528301887 0.983540746688077 2 3 8 1 459.833
0.842553191489362 0.857142857142857 0.827586206896552 0.918429440741814 0.9 0.957446808510638 0.849056603773585 0.974708952228021 NA 1 8 2 485.736
0.902127659574468 0.915966386554622 0.887931034482759 0.975297015357867 0.95 0.893617021276596 1 0.980730630268968 5 2 8 2 485.736
0.902127659574468 0.92436974789916 0.879310344827586 0.977760069545059 0.93 0.893617021276596 0.962264150943396 0.980730630268968 8 2 8 2 485.736
0.902127659574468 0.92436974789916 0.879310344827586 0.977904955085482 0.94 0.893617021276596 0.981132075471698 0.980329185066238 10 2 8 2 485.736
0.838297872340426 0.848739495798319 0.827586206896552 0.919733410605622 0.91 0.957446808510638 0.867924528301887 0.973504616619831 1 3 8 2 485.736
0.897872340425532 0.92436974789916 0.870689655172414 0.970515792523906 0.9 0.936170212765957 0.867924528301887 0.983942191890807 2 3 8 2 485.736
0.842553191489362 0.857142857142857 0.827586206896552 0.918429440741814 0.9 0.957446808510638 0.849056603773585 0.969088719389803 NA 1 8 3 766.189
0.906382978723404 0.92436974789916 0.887931034482759 0.975731671979136 0.96 0.914893617021277 1 0.982737856282617 5 2 8 3 766.189
0.906382978723404 0.92436974789916 0.887931034482759 0.977615184004636 0.96 0.914893617021277 1 0.979526294660779 8 2 8 3 766.189
0.902127659574468 0.92436974789916 0.879310344827586 0.977832512315271 0.95 0.893617021276596 1 0.980329185066238 10 2 8 3 766.189
0.846808510638298 0.865546218487395 0.827586206896552 0.916763257026949 0.9 0.957446808510638 0.849056603773585 0.967884383781614 1 3 8 3 766.189
0.902127659574468 0.932773109243697 0.870689655172414 0.971602434077079 0.9 0.936170212765957 0.867924528301887 0.982737856282617 2 3 8 3 766.189
