0.772727272727273 0.777777777777778 0.769230769230769 0.89957264957265 0.86 0.877551020408163 0.843137254901961 0.94437775110044 NA 1 49 1 40.889
1 1 1 1 0.77 0.73469387755102 0.803921568627451 0.796318527410964 5 2 49 1 40.889
0.977272727272727 1 0.961538461538462 1 0.79 0.836734693877551 0.745098039215686 0.83453381352541 8 2 49 1 40.889
0.977272727272727 0.944444444444444 1 0.951923076923077 0.72 0.775510204081633 0.666666666666667 0.729491796718687 10 2 49 1 40.889
0.818181818181818 0.722222222222222 0.884615384615385 0.901709401709402 0.86 0.795918367346939 0.92156862745098 0.945178071228491 1 3 49 1 40.889
0.886363636363636 0.888888888888889 0.884615384615385 0.978632478632479 0.85 0.857142857142857 0.843137254901961 0.95078031212485 2 3 49 1 40.889
0.772727272727273 0.777777777777778 0.769230769230769 0.89957264957265 0.85 0.877551020408163 0.823529411764706 0.942376950780312 NA 1 49 2 63.914
1 1 1 1 0.7 0.693877551020408 0.705882352941177 0.751900760304122 5 2 49 2 63.914
1 1 1 1 0.81 0.836734693877551 0.784313725490196 0.872749099639856 8 2 49 2 63.914
1 1 1 1 0.84 0.857142857142857 0.823529411764706 0.862945178071229 10 2 49 2 63.914
0.818181818181818 0.722222222222222 0.884615384615385 0.89957264957265 0.85 0.795918367346939 0.901960784313726 0.94437775110044 1 3 49 2 63.914
0.886363636363636 0.888888888888889 0.884615384615385 0.978632478632479 0.85 0.857142857142857 0.843137254901961 0.951580632252901 2 3 49 2 63.914
0.772727272727273 0.777777777777778 0.769230769230769 0.893162393162393 0.89 0.897959183673469 0.882352941176471 0.945978391356543 NA 1 49 3 66.617
0.954545454545455 0.944444444444444 0.961538461538462 0.987179487179487 0.91 0.918367346938776 0.901960784313726 0.958383353341337 5 2 49 3 66.617
1 1 1 1 0.83 0.857142857142857 0.803921568627451 0.877751100440176 8 2 49 3 66.617
0.977272727272727 1 0.961538461538462 0.97008547008547 0.74 0.836734693877551 0.647058823529412 0.754901960784314 10 2 49 3 66.617
0.772727272727273 0.611111111111111 0.884615384615385 0.897435897435897 0.86 0.775510204081633 0.941176470588235 0.945578231292517 1 3 49 3 66.617
0.886363636363636 0.888888888888889 0.884615384615385 0.978632478632479 0.85 0.857142857142857 0.843137254901961 0.951580632252901 2 3 49 3 66.617
