0.853146853146853 0.84375 0.860759493670886 0.923655063291139 0.83 0.830508474576271 0.829268292682927 0.908639933856966 NA 1 13 1 202.938
0.944055944055944 0.9375 0.949367088607595 0.990506329113924 0.88 0.88135593220339 0.878048780487805 0.952873088052914 5 2 13 1 202.938
0.951048951048951 0.953125 0.949367088607595 0.99189082278481 0.85 0.864406779661017 0.829268292682927 0.948325754443985 8 2 13 1 202.938
0.951048951048951 0.953125 0.949367088607595 0.991495253164557 0.86 0.864406779661017 0.853658536585366 0.952459694088466 10 2 13 1 202.938
0.86013986013986 0.859375 0.860759493670886 0.922072784810127 0.87 0.88135593220339 0.853658536585366 0.925589086399339 1 3 13 1 202.938
0.958041958041958 0.984375 0.936708860759494 0.987935126582278 0.9 0.898305084745763 0.902439024390244 0.954113269946259 2 3 13 1 202.938
0.853146853146853 0.859375 0.848101265822785 0.925237341772152 0.83 0.847457627118644 0.804878048780488 0.910293509714758 NA 1 13 2 221.24
0.944055944055944 0.9375 0.949367088607595 0.991099683544304 0.89 0.898305084745763 0.878048780487805 0.950392724266226 5 2 13 2 221.24
0.951048951048951 0.953125 0.949367088607595 0.991495253164557 0.88 0.88135593220339 0.878048780487805 0.951219512195122 8 2 13 2 221.24
0.951048951048951 0.953125 0.949367088607595 0.99189082278481 0.88 0.88135593220339 0.878048780487805 0.951219512195122 10 2 13 2 221.24
0.888111888111888 0.890625 0.886075949367089 0.924248417721519 0.86 0.864406779661017 0.853658536585366 0.923935510541546 1 3 13 2 221.24
0.958041958041958 0.984375 0.936708860759494 0.987341772151899 0.9 0.88135593220339 0.926829268292683 0.947498966515089 2 3 13 2 221.24
0.86013986013986 0.859375 0.860759493670886 0.925237341772152 0.83 0.847457627118644 0.804878048780488 0.909053327821414 NA 1 13 3 386.121
0.951048951048951 0.953125 0.949367088607595 0.989517405063291 0.88 0.88135593220339 0.878048780487805 0.953286482017363 5 2 13 3 386.121
0.951048951048951 0.953125 0.949367088607595 0.990704113924051 0.86 0.88135593220339 0.829268292682927 0.948739148408433 8 2 13 3 386.121
0.951048951048951 0.953125 0.949367088607595 0.99189082278481 0.87 0.88135593220339 0.853658536585366 0.951219512195122 10 2 13 3 386.121
0.888111888111888 0.890625 0.886075949367089 0.924643987341772 0.86 0.864406779661017 0.853658536585366 0.923935510541546 1 3 13 3 386.121
0.958041958041958 0.984375 0.936708860759494 0.986550632911392 0.9 0.88135593220339 0.926829268292683 0.952046300124018 2 3 13 3 386.121
