0.972602739726027 0.971428571428571 0.973684210526316 0.993233082706767 0.78 0.784313725490196 0.775510204081633 0.848339335734294 NA 1 37 1 119.348
0.986301369863014 1 0.973684210526316 0.996240601503759 0.8 0.803921568627451 0.795918367346939 0.875550220088035 5 2 37 1 119.348
0.986301369863014 1 0.973684210526316 0.996992481203008 0.8 0.823529411764706 0.775510204081633 0.867547018807523 8 2 37 1 119.348
0.986301369863014 1 0.973684210526316 0.996992481203008 0.78 0.803921568627451 0.755102040816326 0.863545418167267 10 2 37 1 119.348
0.958904109589041 0.971428571428571 0.947368421052632 0.993233082706767 0.78 0.823529411764706 0.73469387755102 0.855542216886755 1 3 37 1 119.348
0.958904109589041 0.971428571428571 0.947368421052632 0.992481203007519 0.85 0.862745098039216 0.836734693877551 0.904361744697879 2 3 37 1 119.348
0.972602739726027 1 0.947368421052632 0.990225563909774 0.8 0.784313725490196 0.816326530612245 0.848339335734294 NA 1 37 2 161.736
0.972602739726027 0.971428571428571 0.973684210526316 0.996992481203008 0.79 0.764705882352941 0.816326530612245 0.866346538615446 5 2 37 2 161.736
1 1 1 1 0.84 0.843137254901961 0.836734693877551 0.835134053621449 8 2 37 2 161.736
1 1 1 1 0.72 0.764705882352941 0.673469387755102 0.731292517006803 10 2 37 2 161.736
0.958904109589041 0.971428571428571 0.947368421052632 0.993233082706767 0.77 0.784313725490196 0.755102040816326 0.848739495798319 1 3 37 2 161.736
0.972602739726027 0.971428571428571 0.973684210526316 0.993233082706767 0.84 0.862745098039216 0.816326530612245 0.903961584633853 2 3 37 2 161.736
0.986301369863014 1 0.973684210526316 0.990977443609023 0.8 0.784313725490196 0.816326530612245 0.843537414965986 NA 1 37 3 195.002
0.986301369863014 1 0.973684210526316 0.996240601503759 0.79 0.764705882352941 0.816326530612245 0.870348139255702 5 2 37 3 195.002
1 1 1 1 0.82 0.764705882352941 0.877551020408163 0.845138055222089 8 2 37 3 195.002
1 1 1 1 0.75 0.725490196078431 0.775510204081633 0.791116446578631 10 2 37 3 195.002
0.958904109589041 0.971428571428571 0.947368421052632 0.987218045112782 0.82 0.823529411764706 0.816326530612245 0.847939175670268 1 3 37 3 195.002
0.958904109589041 0.971428571428571 0.947368421052632 0.990977443609023 0.86 0.862745098039216 0.857142857142857 0.900760304121649 2 3 37 3 195.002
