0.861413043478261 0.862337662337662 0.86039886039886 0.930987530987531 0.86 0.872727272727273 0.844444444444444 0.938989898989899 NA 1 36 1 860.004
0.938858695652174 0.937662337662338 0.94017094017094 0.985148185148185 0.91 0.909090909090909 0.911111111111111 0.974949494949495 5 2 36 1 860.004
0.940217391304348 0.94025974025974 0.94017094017094 0.986021386021386 0.92 0.927272727272727 0.911111111111111 0.973737373737374 8 2 36 1 860.004
0.938858695652174 0.94025974025974 0.937321937321937 0.986243386243386 0.89 0.890909090909091 0.888888888888889 0.971313131313131 10 2 36 1 860.004
0.857336956521739 0.854545454545454 0.86039886039886 0.932511932511933 0.85 0.872727272727273 0.822222222222222 0.93979797979798 1 3 36 1 860.004
0.9375 0.92987012987013 0.945868945868946 0.985799385799386 0.91 0.890909090909091 0.933333333333333 0.975353535353535 2 3 36 1 860.004
0.858695652173913 0.862337662337662 0.854700854700855 0.931068931068931 0.86 0.872727272727273 0.844444444444444 0.941010101010101 NA 1 36 2 668.068
0.938858695652174 0.937662337662338 0.94017094017094 0.985148185148185 0.91 0.909090909090909 0.911111111111111 0.974545454545454 5 2 36 2 668.068
0.938858695652174 0.937662337662338 0.94017094017094 0.986058386058386 0.92 0.927272727272727 0.911111111111111 0.973737373737374 8 2 36 2 668.068
0.938858695652174 0.94025974025974 0.937321937321937 0.986250786250786 0.89 0.890909090909091 0.888888888888889 0.971313131313131 10 2 36 2 668.068
0.857336956521739 0.854545454545454 0.86039886039886 0.932578532578533 0.85 0.872727272727273 0.822222222222222 0.93979797979798 1 3 36 2 668.068
0.938858695652174 0.932467532467532 0.945868945868946 0.985962185962186 0.91 0.890909090909091 0.933333333333333 0.975757575757576 2 3 36 2 668.068
0.857336956521739 0.85974025974026 0.854700854700855 0.931342731342731 0.86 0.872727272727273 0.844444444444444 0.94020202020202 NA 1 36 3 1498.97
0.940217391304348 0.937662337662338 0.943019943019943 0.984985384985385 0.91 0.909090909090909 0.911111111111111 0.974949494949495 5 2 36 3 1498.97
0.942934782608696 0.94025974025974 0.945868945868946 0.985747585747586 0.92 0.927272727272727 0.911111111111111 0.974141414141414 8 2 36 3 1498.97
0.942934782608696 0.94025974025974 0.945868945868946 0.986110186110186 0.9 0.909090909090909 0.888888888888889 0.972929292929293 10 2 36 3 1498.97
0.858695652173913 0.85974025974026 0.857549857549858 0.932541532541532 0.85 0.872727272727273 0.822222222222222 0.94020202020202 1 3 36 3 1498.97
0.9375 0.92987012987013 0.945868945868946 0.985828985828986 0.91 0.890909090909091 0.933333333333333 0.975353535353535 2 3 36 3 1498.97
