0.829787234042553 0.837837837837838 0.82089552238806 0.920734167002824 0.82 0.771929824561403 0.883720930232558 0.917584659322725 NA 1 22 1 196.894
0.957446808510638 0.959459459459459 0.955223880597015 0.977813634530052 0.85 0.824561403508772 0.883720930232558 0.948184414524684 5 2 22 1 196.894
0.957446808510638 0.959459459459459 0.955223880597015 0.977611940298508 0.86 0.842105263157895 0.883720930232558 0.947368421052632 8 2 22 1 196.894
0.950354609929078 0.945945945945946 0.955223880597015 0.982452601855587 0.89 0.859649122807018 0.930232558139535 0.954304365565075 10 2 22 1 196.894
0.843971631205674 0.878378378378378 0.805970149253731 0.921137555465914 0.8 0.754385964912281 0.86046511627907 0.907384740922073 1 3 22 1 196.894
0.914893617021277 0.918918918918919 0.91044776119403 0.974586526825333 0.84 0.807017543859649 0.883720930232558 0.92125662994696 2 3 22 1 196.894
0.829787234042553 0.837837837837838 0.82089552238806 0.919927390076644 0.82 0.771929824561403 0.883720930232558 0.918808649530804 NA 1 22 2 206.077
0.950354609929078 0.945945945945946 0.955223880597015 0.978217022993142 0.86 0.842105263157895 0.883720930232558 0.948184414524684 5 2 22 2 206.077
0.957446808510638 0.959459459459459 0.955223880597015 0.977611940298508 0.86 0.842105263157895 0.883720930232558 0.947776417788658 8 2 22 2 206.077
0.957446808510638 0.959459459459459 0.955223880597015 0.982250907624042 0.89 0.859649122807018 0.930232558139535 0.956344349245206 10 2 22 2 206.077
0.822695035460993 0.851351351351351 0.791044776119403 0.923356192012908 0.81 0.771929824561403 0.86046511627907 0.909424724602203 1 3 22 2 206.077
0.914893617021277 0.918918918918919 0.91044776119403 0.974788221056878 0.84 0.807017543859649 0.883720930232558 0.917584659322725 2 3 22 2 206.077
0.829787234042553 0.837837837837838 0.82089552238806 0.920935861234369 0.82 0.771929824561403 0.883720930232558 0.912280701754386 NA 1 22 3 339.691
0.957446808510638 0.959459459459459 0.955223880597015 0.977410246066962 0.84 0.824561403508772 0.86046511627907 0.945328437372501 5 2 22 3 339.691
0.957446808510638 0.959459459459459 0.955223880597015 0.977611940298508 0.85 0.824561403508772 0.883720930232558 0.944512443900449 8 2 22 3 339.691
0.957446808510638 0.959459459459459 0.955223880597015 0.982250907624042 0.88 0.859649122807018 0.906976744186046 0.955120359037128 10 2 22 3 339.691
0.822695035460993 0.878378378378378 0.761194029850746 0.919322307382009 0.79 0.754385964912281 0.837209302325581 0.901672786617707 1 3 22 3 339.691
0.929078014184397 0.945945945945946 0.91044776119403 0.974384832593788 0.83 0.807017543859649 0.86046511627907 0.917992656058751 2 3 22 3 339.691
