0.909677419354839 0.896103896103896 0.923076923076923 0.961704961704962 0.79 0.685185185185185 0.91304347826087 0.862721417069243 NA 1 18 1 166.075
0.961290322580645 0.948051948051948 0.974358974358974 0.996170496170496 0.87 0.814814814814815 0.934782608695652 0.959339774557166 5 2 18 1 166.075
1 1 1 1 0.81 0.777777777777778 0.847826086956522 0.831924315619968 8 2 18 1 166.075
1 1 1 1 0.84 0.833333333333333 0.847826086956522 0.86694847020934 10 2 18 1 166.075
0.92258064516129 0.935064935064935 0.91025641025641 0.958374958374958 0.79 0.703703703703704 0.891304347826087 0.849033816425121 1 3 18 1 166.075
0.967741935483871 0.987012987012987 0.948717948717949 0.992340992340992 0.79 0.685185185185185 0.91304347826087 0.918679549114332 2 3 18 1 166.075
0.909677419354839 0.896103896103896 0.923076923076923 0.961038961038961 0.8 0.685185185185185 0.934782608695652 0.863123993558776 NA 1 18 2 205.969
1 1 1 1 0.84 0.777777777777778 0.91304347826087 0.861916264090177 5 2 18 2 205.969
1 1 1 1 0.85 0.777777777777778 0.934782608695652 0.8756038647343 8 2 18 2 205.969
1 1 1 1 0.83 0.740740740740741 0.934782608695652 0.842391304347826 10 2 18 2 205.969
0.92258064516129 0.935064935064935 0.91025641025641 0.956709956709957 0.78 0.666666666666667 0.91304347826087 0.855475040257649 1 3 18 2 205.969
0.954838709677419 0.974025974025974 0.935897435897436 0.992840492840493 0.79 0.666666666666667 0.934782608695652 0.92512077294686 2 3 18 2 205.969
0.909677419354839 0.896103896103896 0.923076923076923 0.961371961371961 0.8 0.685185185185185 0.934782608695652 0.861111111111111 NA 1 18 3 321.421
0.993548387096774 1 0.987179487179487 0.992840492840493 0.85 0.814814814814815 0.891304347826087 0.867753623188406 5 2 18 3 321.421
1 1 1 1 0.83 0.796296296296296 0.869565217391304 0.878824476650564 8 2 18 3 321.421
1 1 1 1 0.82 0.740740740740741 0.91304347826087 0.842592592592593 10 2 18 3 321.421
0.916129032258065 0.922077922077922 0.91025641025641 0.956709956709957 0.78 0.666666666666667 0.91304347826087 0.851851851851852 1 3 18 3 321.421
0.961290322580645 0.987012987012987 0.935897435897436 0.992673992673993 0.82 0.722222222222222 0.934782608695652 0.929951690821256 2 3 18 3 321.421
