0.868421052631579 0.864864864864865 0.871794871794872 0.966735966735967 0.87 0.901960784313726 0.836734693877551 0.941176470588235 NA 1 85 1 89.799
1 1 1 1 0.91 0.941176470588235 0.877551020408163 0.927170868347339 5 2 85 1 89.799
1 1 1 1 0.9 0.941176470588235 0.857142857142857 0.918367346938776 8 2 85 1 89.799
1 1 1 1 0.91 0.941176470588235 0.877551020408163 0.924769907963185 10 2 85 1 89.799
0.881578947368421 0.891891891891892 0.871794871794872 0.969507969507969 0.85 0.901960784313726 0.795918367346939 0.935574229691877 1 3 85 1 89.799
0.947368421052632 0.972972972972973 0.923076923076923 0.992376992376992 0.93 0.96078431372549 0.897959183673469 0.97078831532613 2 3 85 1 89.799
0.881578947368421 0.864864864864865 0.897435897435897 0.969507969507969 0.87 0.901960784313726 0.836734693877551 0.941176470588235 NA 1 85 2 117.479
1 1 1 1 0.92 0.941176470588235 0.897959183673469 0.926570628251301 5 2 85 2 117.479
1 1 1 1 0.9 0.941176470588235 0.857142857142857 0.936374549819928 8 2 85 2 117.479
1 1 1 1 0.92 0.96078431372549 0.877551020408163 0.927571028411365 10 2 85 2 117.479
0.868421052631579 0.864864864864865 0.871794871794872 0.97020097020097 0.86 0.882352941176471 0.836734693877551 0.937174869947979 1 3 85 2 117.479
0.947368421052632 0.972972972972973 0.923076923076923 0.994455994455994 0.92 0.941176470588235 0.897959183673469 0.971188475390156 2 3 85 2 117.479
0.868421052631579 0.864864864864865 0.871794871794872 0.967428967428967 0.86 0.882352941176471 0.836734693877551 0.939575830332133 NA 1 85 3 223.967
1 1 1 1 0.91 0.941176470588235 0.877551020408163 0.927370948379352 5 2 85 3 223.967
1 1 1 1 0.92 0.941176470588235 0.897959183673469 0.927370948379352 8 2 85 3 223.967
1 1 1 1 0.9 0.941176470588235 0.857142857142857 0.927370948379352 10 2 85 3 223.967
0.894736842105263 0.918918918918919 0.871794871794872 0.964656964656965 0.83 0.901960784313726 0.755102040816326 0.935174069627851 1 3 85 3 223.967
0.947368421052632 0.972972972972973 0.923076923076923 0.992376992376992 0.92 0.941176470588235 0.897959183673469 0.969187675070028 2 3 85 3 223.967
