0.855614973262032 0.862433862433862 0.848648648648649 0.942485342485342 0.8 0.869565217391304 0.740740740740741 0.914653784219002 NA 1 52 1 623.886
0.933155080213904 0.936507936507937 0.92972972972973 0.98003718003718 0.86 0.956521739130435 0.777777777777778 0.96256038647343 5 2 52 1 623.886
0.943850267379679 0.947089947089947 0.940540540540541 0.983440583440583 0.85 0.91304347826087 0.796296296296296 0.96256038647343 8 2 52 1 623.886
0.941176470588235 0.941798941798942 0.940540540540541 0.983783783783784 0.86 0.91304347826087 0.814814814814815 0.960144927536232 10 2 52 1 623.886
0.866310160427808 0.873015873015873 0.859459459459459 0.941169741169741 0.8 0.891304347826087 0.722222222222222 0.911835748792271 1 3 52 1 623.886
0.933155080213904 0.931216931216931 0.935135135135135 0.982382382382382 0.86 0.934782608695652 0.796296296296296 0.948872785829308 2 3 52 1 623.886
0.858288770053476 0.867724867724868 0.848648648648649 0.942227942227942 0.81 0.869565217391304 0.759259259259259 0.913848631239936 NA 1 52 2 538.409
0.933155080213904 0.936507936507937 0.92972972972973 0.98000858000858 0.86 0.956521739130435 0.777777777777778 0.963365539452496 5 2 52 2 538.409
0.943850267379679 0.947089947089947 0.940540540540541 0.983040183040183 0.85 0.91304347826087 0.796296296296296 0.963365539452496 8 2 52 2 538.409
0.941176470588235 0.941798941798942 0.940540540540541 0.983583583583584 0.85 0.91304347826087 0.796296296296296 0.960547504025765 10 2 52 2 538.409
0.866310160427808 0.878306878306878 0.854054054054054 0.941455741455741 0.8 0.891304347826087 0.722222222222222 0.911433172302738 1 3 52 2 538.409
0.933155080213904 0.931216931216931 0.935135135135135 0.982153582153582 0.87 0.934782608695652 0.814814814814815 0.949275362318841 2 3 52 2 538.409
0.86096256684492 0.867724867724868 0.854054054054054 0.941570141570142 0.8 0.869565217391304 0.740740740740741 0.916666666666667 NA 1 52 3 1071.954
0.933155080213904 0.936507936507937 0.92972972972973 0.98015158015158 0.86 0.956521739130435 0.777777777777778 0.964573268921095 5 2 52 3 1071.954
0.943850267379679 0.941798941798942 0.945945945945946 0.983869583869584 0.85 0.91304347826087 0.796296296296296 0.961352657004831 8 2 52 3 1071.954
0.943850267379679 0.941798941798942 0.945945945945946 0.984184184184184 0.86 0.91304347826087 0.814814814814815 0.959742351046699 10 2 52 3 1071.954
0.868983957219251 0.878306878306878 0.859459459459459 0.940654940654941 0.8 0.891304347826087 0.722222222222222 0.911433172302738 1 3 52 3 1071.954
0.933155080213904 0.931216931216931 0.935135135135135 0.982496782496783 0.89 0.956521739130435 0.833333333333333 0.945652173913043 2 3 52 3 1071.954
