0.858064516129032 0.892857142857143 0.816901408450704 0.935949027498323 0.77 0.830188679245283 0.702127659574468 0.88317944600562 NA 1 49 1 379.215
0.954838709677419 0.952380952380952 0.957746478873239 0.993963782696177 0.94 0.905660377358491 0.978723404255319 0.990766760337214 5 2 49 1 379.215
0.948387096774194 0.952380952380952 0.943661971830986 0.994634473507713 0.95 0.943396226415094 0.957446808510638 0.990365315134484 8 2 49 1 379.215
0.948387096774194 0.952380952380952 0.943661971830986 0.994969818913481 0.95 0.943396226415094 0.957446808510638 0.989963869931754 10 2 49 1 379.215
0.851612903225806 0.904761904761905 0.788732394366197 0.933936955063716 0.77 0.830188679245283 0.702127659574468 0.886792452830189 1 3 49 1 379.215
0.929032258064516 0.928571428571429 0.929577464788732 0.986586183769282 0.89 0.886792452830189 0.893617021276596 0.965074267362505 2 3 49 1 379.215
0.858064516129032 0.892857142857143 0.816901408450704 0.936619718309859 0.77 0.830188679245283 0.702127659574468 0.882376555600161 NA 1 49 2 324.904
0.954838709677419 0.952380952380952 0.957746478873239 0.993628437290409 0.94 0.905660377358491 0.978723404255319 0.991971095945403 5 2 49 2 324.904
0.948387096774194 0.952380952380952 0.943661971830986 0.994634473507713 0.95 0.943396226415094 0.957446808510638 0.990766760337214 8 2 49 2 324.904
0.954838709677419 0.964285714285714 0.943661971830986 0.995305164319249 0.95 0.943396226415094 0.957446808510638 0.989963869931754 10 2 49 2 324.904
0.851612903225806 0.904761904761905 0.788732394366197 0.933936955063716 0.77 0.830188679245283 0.702127659574468 0.886792452830189 1 3 49 2 324.904
0.929032258064516 0.928571428571429 0.929577464788732 0.98692152917505 0.9 0.886792452830189 0.914893617021277 0.964672822159775 2 3 49 2 324.904
0.851612903225806 0.880952380952381 0.816901408450704 0.936452045606975 0.77 0.830188679245283 0.702127659574468 0.88317944600562 NA 1 49 3 545.683
0.948387096774194 0.94047619047619 0.957746478873239 0.994969818913481 0.94 0.905660377358491 0.978723404255319 0.989160979526295 5 2 49 3 545.683
0.948387096774194 0.952380952380952 0.943661971830986 0.994802146210597 0.95 0.943396226415094 0.957446808510638 0.991168205539944 8 2 49 3 545.683
0.948387096774194 0.952380952380952 0.943661971830986 0.994969818913481 0.95 0.943396226415094 0.957446808510638 0.991168205539944 10 2 49 3 545.683
0.845161290322581 0.892857142857143 0.788732394366197 0.933098591549296 0.77 0.830188679245283 0.702127659574468 0.885588117221999 1 3 49 3 545.683
0.929032258064516 0.928571428571429 0.929577464788732 0.98608316566063 0.89 0.886792452830189 0.893617021276596 0.964672822159775 2 3 49 3 545.683
