0.847457627118644 0.830357142857143 0.862903225806452 0.926915322580645 0.86 0.770833333333333 0.942307692307692 0.936698717948718 NA 1 45 1 280.357
0.932203389830508 0.928571428571429 0.935483870967742 0.985023041474654 0.95 0.9375 0.961538461538462 0.987580128205128 5 2 45 1 280.357
0.927966101694915 0.919642857142857 0.935483870967742 0.985095046082949 0.94 0.916666666666667 0.961538461538462 0.987980769230769 8 2 45 1 280.357
0.932203389830508 0.928571428571429 0.935483870967742 0.986031105990783 0.94 0.916666666666667 0.961538461538462 0.986778846153846 10 2 45 1 280.357
0.838983050847458 0.830357142857143 0.846774193548387 0.926195276497696 0.87 0.791666666666667 0.942307692307692 0.936298076923077 1 3 45 1 280.357
0.932203389830508 0.9375 0.92741935483871 0.983366935483871 0.93 0.895833333333333 0.961538461538462 0.978766025641026 2 3 45 1 280.357
0.851694915254237 0.839285714285714 0.862903225806452 0.927059331797235 0.86 0.770833333333333 0.942307692307692 0.937099358974359 NA 1 45 2 318.228
0.932203389830508 0.928571428571429 0.935483870967742 0.985167050691244 0.95 0.9375 0.961538461538462 0.987580128205128 5 2 45 2 318.228
0.932203389830508 0.928571428571429 0.935483870967742 0.985455069124424 0.94 0.916666666666667 0.961538461538462 0.987580128205128 8 2 45 2 318.228
0.932203389830508 0.928571428571429 0.935483870967742 0.986175115207373 0.94 0.916666666666667 0.961538461538462 0.987179487179487 10 2 45 2 318.228
0.847457627118644 0.839285714285714 0.854838709677419 0.926483294930876 0.87 0.791666666666667 0.942307692307692 0.937900641025641 1 3 45 2 318.228
0.932203389830508 0.9375 0.92741935483871 0.983294930875576 0.93 0.895833333333333 0.961538461538462 0.979166666666667 2 3 45 2 318.228
0.843220338983051 0.830357142857143 0.854838709677419 0.928643433179724 0.86 0.770833333333333 0.942307692307692 0.9375 NA 1 45 3 474.621
0.927966101694915 0.919642857142857 0.935483870967742 0.985239055299539 0.95 0.9375 0.961538461538462 0.987580128205128 5 2 45 3 474.621
0.927966101694915 0.919642857142857 0.935483870967742 0.985455069124424 0.93 0.895833333333333 0.961538461538462 0.98838141025641 8 2 45 3 474.621
0.932203389830508 0.928571428571429 0.935483870967742 0.985743087557604 0.93 0.895833333333333 0.961538461538462 0.987980769230769 10 2 45 3 474.621
0.838983050847458 0.830357142857143 0.846774193548387 0.926339285714286 0.87 0.791666666666667 0.942307692307692 0.934294871794872 1 3 45 3 474.621
0.927966101694915 0.928571428571429 0.92741935483871 0.983798963133641 0.93 0.895833333333333 0.961538461538462 0.979166666666667 2 3 45 3 474.621
