1 1 1 1 0.78 0.714285714285714 0.827586206896552 0.816502463054187 NA 1 35 1 78.838
1 1 1 1 0.78 0.714285714285714 0.827586206896552 0.82183908045977 5 2 35 1 78.838
1 1 1 1 0.78 0.714285714285714 0.827586206896552 0.82491789819376 8 2 35 1 78.838
1 1 1 1 0.78 0.714285714285714 0.827586206896552 0.823686371100164 10 2 35 1 78.838
0.977777777777778 1 0.954545454545455 1 0.79 0.761904761904762 0.810344827586207 0.848932676518883 1 3 35 1 78.838
0.977777777777778 1 0.954545454545455 1 0.8 0.761904761904762 0.827586206896552 0.860837438423645 2 3 35 1 78.838
1 1 1 1 0.79 0.714285714285714 0.844827586206897 0.82512315270936 NA 1 35 2 86.383
1 1 1 1 0.78 0.69047619047619 0.844827586206897 0.832512315270936 5 2 35 2 86.383
1 1 1 1 0.79 0.714285714285714 0.844827586206897 0.834564860426929 8 2 35 2 86.383
1 1 1 1 0.78 0.69047619047619 0.844827586206897 0.833333333333333 10 2 35 2 86.383
0.977777777777778 1 0.954545454545455 1 0.8 0.785714285714286 0.810344827586207 0.851395730706076 1 3 35 2 86.383
0.977777777777778 1 0.954545454545455 1 0.81 0.785714285714286 0.827586206896552 0.862889983579639 2 3 35 2 86.383
1 1 1 1 0.74 0.595238095238095 0.844827586206897 0.793924466338259 NA 1 35 3 116.819
1 1 1 1 0.77 0.642857142857143 0.862068965517241 0.780993431855501 5 2 35 3 116.819
1 1 1 1 0.76 0.619047619047619 0.862068965517241 0.779761904761905 8 2 35 3 116.819
1 1 1 1 0.75 0.595238095238095 0.862068965517241 0.779761904761905 10 2 35 3 116.819
0.977777777777778 1 0.954545454545455 1 0.78 0.714285714285714 0.827586206896552 0.838259441707717 1 3 35 3 116.819
0.977777777777778 1 0.954545454545455 1 0.8 0.738095238095238 0.844827586206897 0.866174055829228 2 3 35 3 116.819
