0.892241379310345 0.907563025210084 0.876106194690266 0.958057559306909 0.83 0.829787234042553 0.830188679245283 0.924528301886792 NA 1 70 1 230.407
0.948275862068966 0.966386554621849 0.929203539823009 0.990852978359485 0.89 0.851063829787234 0.924528301886792 0.965074267362505 5 2 70 1 230.407
0.948275862068966 0.966386554621849 0.929203539823009 0.99167100468506 0.88 0.872340425531915 0.886792452830189 0.969088719389803 8 2 70 1 230.407
0.948275862068966 0.966386554621849 0.929203539823009 0.992191566892244 0.89 0.872340425531915 0.905660377358491 0.965074267362505 10 2 70 1 230.407
0.887931034482759 0.899159663865546 0.876106194690266 0.957983193277311 0.83 0.829787234042553 0.830188679245283 0.927338418305901 1 3 70 1 230.407
0.956896551724138 0.966386554621849 0.946902654867257 0.990629880270692 0.86 0.851063829787234 0.867924528301887 0.943797671617824 2 3 70 1 230.407
0.892241379310345 0.907563025210084 0.876106194690266 0.958131925336506 0.82 0.808510638297872 0.830188679245283 0.927338418305901 NA 1 70 2 219.757
0.948275862068966 0.966386554621849 0.929203539823009 0.991076076448278 0.88 0.829787234042553 0.924528301886792 0.965877157767965 5 2 70 2 219.757
0.948275862068966 0.966386554621849 0.929203539823009 0.991968468803451 0.88 0.872340425531915 0.886792452830189 0.967081493376154 8 2 70 2 219.757
0.952586206896552 0.974789915966387 0.929203539823009 0.99263776306983 0.88 0.872340425531915 0.886792452830189 0.965074267362505 10 2 70 2 219.757
0.883620689655172 0.890756302521008 0.876106194690266 0.958206291366104 0.83 0.829787234042553 0.830188679245283 0.9313528703332 1 3 70 2 219.757
0.952586206896552 0.966386554621849 0.938053097345133 0.990406782181899 0.85 0.829787234042553 0.867924528301887 0.943797671617824 2 3 70 2 219.757
0.892241379310345 0.907563025210084 0.876106194690266 0.957611363129322 0.83 0.829787234042553 0.830188679245283 0.924929747089522 NA 1 70 3 399.604
0.943965517241379 0.957983193277311 0.929203539823009 0.990555514241095 0.9 0.872340425531915 0.924528301886792 0.964672822159775 5 2 70 3 399.604
0.943965517241379 0.957983193277311 0.929203539823009 0.991076076448278 0.9 0.893617021276596 0.905660377358491 0.967884383781614 8 2 70 3 399.604
0.948275862068966 0.966386554621849 0.929203539823009 0.99167100468506 0.91 0.893617021276596 0.924528301886792 0.967482938578884 10 2 70 3 399.604
0.883620689655172 0.890756302521008 0.876106194690266 0.957536997099725 0.82 0.808510638297872 0.830188679245283 0.928141308711361 1 3 70 3 399.604
0.956896551724138 0.974789915966387 0.938053097345133 0.991001710418681 0.86 0.872340425531915 0.849056603773585 0.943396226415094 2 3 70 3 399.604
