0.905660377358491 0.892857142857143 0.92 0.982857142857143 0.79 0.754716981132076 0.829787234042553 0.830590124448013 NA 1 3 1 42.555
1 1 1 1 0.82 0.773584905660377 0.872340425531915 0.865716579686873 5 2 3 1 42.555
1 1 1 1 0.84 0.773584905660377 0.914893617021277 0.90646326776395 8 2 3 1 42.555
1 1 1 1 0.79 0.716981132075472 0.872340425531915 0.834604576475311 10 2 3 1 42.555
0.905660377358491 0.892857142857143 0.92 0.977142857142857 0.79 0.754716981132076 0.829787234042553 0.849458048976315 1 3 3 1 42.555
0.962264150943396 0.964285714285714 0.96 0.998571428571429 0.8 0.773584905660377 0.829787234042553 0.892814130871136 2 3 3 1 42.555
0.905660377358491 0.892857142857143 0.92 0.984285714285714 0.79 0.754716981132076 0.829787234042553 0.830188679245283 NA 1 3 2 49.371
1 1 1 1 0.79 0.679245283018868 0.914893617021277 0.860096346848655 5 2 3 2 49.371
1 1 1 1 0.85 0.867924528301887 0.829787234042553 0.917703733440385 8 2 3 2 49.371
1 1 1 1 0.84 0.754716981132076 0.936170212765957 0.905058209554396 10 2 3 2 49.371
0.905660377358491 0.892857142857143 0.92 0.977142857142857 0.78 0.735849056603774 0.829787234042553 0.850662384584504 1 3 3 2 49.371
0.962264150943396 0.964285714285714 0.96 0.998571428571429 0.8 0.773584905660377 0.829787234042553 0.892011240465676 2 3 3 2 49.371
0.886792452830189 0.892857142857143 0.88 0.984285714285714 0.78 0.735849056603774 0.829787234042553 0.829385788839823 NA 1 3 3 77.031
1 1 1 1 0.77 0.735849056603774 0.808510638297872 0.851866720192694 5 2 3 3 77.031
1 1 1 1 0.84 0.830188679245283 0.851063829787234 0.888598956242473 8 2 3 3 77.031
1 1 1 1 0.77 0.641509433962264 0.914893617021277 0.845242874347652 10 2 3 3 77.031
0.924528301886792 0.928571428571429 0.92 0.977142857142857 0.77 0.716981132075472 0.829787234042553 0.834604576475311 1 3 3 3 77.031
0.962264150943396 0.964285714285714 0.96 0.998571428571429 0.81 0.773584905660377 0.851063829787234 0.888799678843838 2 3 3 3 77.031
