0.855978260869565 0.843023255813954 0.86734693877551 0.932872567631704 0.89 0.875 0.903846153846154 0.950320512820513 NA 1 12 1 538.459
0.915760869565217 0.901162790697674 0.928571428571429 0.965798528713811 0.97 0.958333333333333 0.980769230769231 0.99198717948718 5 2 12 1 538.459
0.915760869565217 0.901162790697674 0.928571428571429 0.967044375889891 0.97 0.958333333333333 0.980769230769231 0.993189102564103 8 2 12 1 538.459
0.915760869565217 0.906976744186046 0.923469387755102 0.967993592785952 0.97 0.958333333333333 0.980769230769231 0.995192307692308 10 2 12 1 538.459
0.861413043478261 0.854651162790698 0.86734693877551 0.931864024679639 0.9 0.875 0.923076923076923 0.950721153846154 1 3 12 1 538.459
0.904891304347826 0.877906976744186 0.928571428571429 0.968794494542003 0.94 0.9375 0.942307692307692 0.989182692307692 2 3 12 1 538.459
0.858695652173913 0.848837209302326 0.86734693877551 0.93296155671571 0.88 0.854166666666667 0.903846153846154 0.949519230769231 NA 1 12 2 468.598
0.915760869565217 0.901162790697674 0.928571428571429 0.965828191741813 0.97 0.958333333333333 0.980769230769231 0.99198717948718 5 2 12 2 468.598
0.915760869565217 0.901162790697674 0.928571428571429 0.967133364973897 0.97 0.958333333333333 0.980769230769231 0.99238782051282 8 2 12 2 468.598
0.915760869565217 0.906976744186046 0.923469387755102 0.967904603701946 0.96 0.9375 0.980769230769231 0.994791666666667 10 2 12 2 468.598
0.861413043478261 0.854651162790698 0.86734693877551 0.932219981015662 0.88 0.854166666666667 0.903846153846154 0.949519230769231 1 3 12 2 468.598
0.907608695652174 0.877906976744186 0.933673469387755 0.968675842429995 0.94 0.9375 0.942307692307692 0.98838141025641 2 3 12 2 468.598
0.858695652173913 0.848837209302326 0.86734693877551 0.933881110583768 0.89 0.875 0.903846153846154 0.951522435897436 NA 1 12 3 863.316
0.915760869565217 0.901162790697674 0.928571428571429 0.965828191741813 0.96 0.9375 0.980769230769231 0.99198717948718 5 2 12 3 863.316
0.91304347826087 0.895348837209302 0.928571428571429 0.966629093497864 0.96 0.9375 0.980769230769231 0.995192307692308 8 2 12 3 863.316
0.915760869565217 0.906976744186046 0.923469387755102 0.967667299477931 0.96 0.9375 0.980769230769231 0.995592948717949 10 2 12 3 863.316
0.861413043478261 0.848837209302326 0.872448979591837 0.932368296155672 0.89 0.875 0.903846153846154 0.952724358974359 1 3 12 3 863.316
0.902173913043478 0.872093023255814 0.928571428571429 0.968171570953963 0.95 0.9375 0.961538461538462 0.991586538461538 2 3 12 3 863.316
