0.866359447004608 0.880733944954128 0.851851851851852 0.925671083927965 0.81 0.843137254901961 0.775510204081633 0.923169267707083 NA 1 25 1 396.147
0.921658986175115 0.935779816513762 0.907407407407407 0.977064220183486 0.89 0.862745098039216 0.918367346938776 0.961984793917567 5 2 25 1 396.147
0.930875576036866 0.935779816513762 0.925925925925926 0.983010533469249 0.91 0.901960784313726 0.918367346938776 0.955982392957183 8 2 25 1 396.147
0.935483870967742 0.935779816513762 0.935185185185185 0.983350322799864 0.91 0.901960784313726 0.918367346938776 0.95718287314926 10 2 25 1 396.147
0.861751152073733 0.880733944954128 0.842592592592593 0.923207611281006 0.8 0.843137254901961 0.755102040816326 0.914365746298519 1 3 25 1 396.147
0.935483870967742 0.963302752293578 0.907407407407407 0.97714916751614 0.89 0.92156862745098 0.857142857142857 0.947178871548619 2 3 25 1 396.147
0.870967741935484 0.880733944954128 0.861111111111111 0.926095820591234 0.81 0.843137254901961 0.775510204081633 0.923969587835134 NA 1 25 2 322.765
0.921658986175115 0.935779816513762 0.907407407407407 0.976809378185525 0.89 0.862745098039216 0.918367346938776 0.961984793917567 5 2 25 2 322.765
0.926267281105991 0.935779816513762 0.916666666666667 0.982500849473326 0.91 0.901960784313726 0.918367346938776 0.957983193277311 8 2 25 2 322.765
0.930875576036866 0.935779816513762 0.925925925925926 0.983010533469249 0.91 0.901960784313726 0.918367346938776 0.956382553021208 10 2 25 2 322.765
0.861751152073733 0.880733944954128 0.842592592592593 0.922273190621815 0.8 0.843137254901961 0.755102040816326 0.913165266106443 1 3 25 2 322.765
0.935483870967742 0.963302752293578 0.907407407407407 0.977319062181447 0.89 0.92156862745098 0.857142857142857 0.947579031612645 2 3 25 2 322.765
0.861751152073733 0.871559633027523 0.851851851851852 0.925501189262657 0.8 0.843137254901961 0.755102040816326 0.926370548219288 NA 1 25 3 662.879
0.921658986175115 0.935779816513762 0.907407407407407 0.977404009514101 0.9 0.882352941176471 0.918367346938776 0.963985594237695 5 2 25 3 662.879
0.935483870967742 0.935779816513762 0.935185185185185 0.982840638803942 0.91 0.901960784313726 0.918367346938776 0.957583033213285 8 2 25 3 662.879
0.935483870967742 0.935779816513762 0.935185185185185 0.983860006795787 0.91 0.901960784313726 0.918367346938776 0.956382553021208 10 2 25 3 662.879
0.866359447004608 0.889908256880734 0.842592592592593 0.923802242609582 0.78 0.823529411764706 0.73469387755102 0.918767507002801 1 3 25 3 662.879
0.930875576036866 0.963302752293578 0.898148148148148 0.976724430852871 0.88 0.941176470588235 0.816326530612245 0.946378551420568 2 3 25 3 662.879
