0.888888888888889 0.92 0.85 0.98 0.8 0.865384615384615 0.729166666666667 0.874198717948718 NA 1 86 1 104.325
1 1 1 1 0.85 0.865384615384615 0.833333333333333 0.858974358974359 5 2 86 1 104.325
1 1 1 1 0.81 0.846153846153846 0.770833333333333 0.86738782051282 8 2 86 1 104.325
1 1 1 1 0.84 0.865384615384615 0.8125 0.861979166666667 10 2 86 1 104.325
0.911111111111111 0.92 0.9 0.966 0.78 0.826923076923077 0.729166666666667 0.837339743589744 1 3 86 1 104.325
0.977777777777778 0.96 1 1 0.69 0.673076923076923 0.708333333333333 0.783653846153846 2 3 86 1 104.325
0.888888888888889 0.92 0.85 0.98 0.79 0.865384615384615 0.708333333333333 0.873397435897436 NA 1 86 2 133.042
1 1 1 1 0.84 0.884615384615385 0.791666666666667 0.864583333333333 5 2 86 2 133.042
1 1 1 1 0.58 0.673076923076923 0.479166666666667 0.618189102564103 8 2 86 2 133.042
1 1 1 1 0.78 0.826923076923077 0.729166666666667 0.838541666666667 10 2 86 2 133.042
0.911111111111111 0.92 0.9 0.966 0.77 0.807692307692308 0.729166666666667 0.838541666666667 1 3 86 2 133.042
0.977777777777778 0.96 1 0.998 0.69 0.673076923076923 0.708333333333333 0.786458333333333 2 3 86 2 133.042
0.888888888888889 0.92 0.85 0.978 0.8 0.865384615384615 0.729166666666667 0.871394230769231 NA 1 86 3 155.357
1 1 1 1 0.85 0.884615384615385 0.8125 0.855769230769231 5 2 86 3 155.357
1 1 1 1 0.85 0.865384615384615 0.833333333333333 0.85136217948718 8 2 86 3 155.357
1 1 1 1 0.82 0.865384615384615 0.770833333333333 0.865384615384615 10 2 86 3 155.357
0.911111111111111 0.92 0.9 0.966 0.77 0.807692307692308 0.729166666666667 0.838942307692308 1 3 86 3 155.357
0.977777777777778 0.96 1 0.996 0.7 0.692307692307692 0.708333333333333 0.78926282051282 2 3 86 3 155.357
