0.894366197183099 0.9125 0.870967741935484 0.947379032258065 0.86 0.86046511627907 0.859649122807018 0.943696450428397 NA 1 31 1 134.973
1 1 1 1 0.9 0.953488372093023 0.859649122807018 0.922888616891065 5 2 31 1 134.973
1 1 1 1 0.88 0.906976744186046 0.859649122807018 0.917788657690738 8 2 31 1 134.973
1 1 1 1 0.93 0.976744186046512 0.894736842105263 0.932680538555692 10 2 31 1 134.973
0.894366197183099 0.925 0.854838709677419 0.946975806451613 0.85 0.883720930232558 0.824561403508772 0.936352509179927 1 3 31 1 134.973
0.950704225352113 0.9625 0.935483870967742 0.993548387096774 0.85 0.86046511627907 0.842105263157895 0.942880456956344 2 3 31 1 134.973
0.894366197183099 0.9125 0.870967741935484 0.947379032258065 0.87 0.883720930232558 0.859649122807018 0.94328845369237 NA 1 31 2 188.437
1 1 1 1 0.89 0.930232558139535 0.859649122807018 0.929008567931456 5 2 31 2 188.437
1 1 1 1 0.92 0.953488372093023 0.894736842105263 0.930640554875561 8 2 31 2 188.437
1 1 1 1 0.9 0.930232558139535 0.87719298245614 0.930232558139535 10 2 31 2 188.437
0.901408450704225 0.9375 0.854838709677419 0.946572580645161 0.85 0.906976744186046 0.807017543859649 0.934720522235822 1 3 31 2 188.437
0.950704225352113 0.9625 0.935483870967742 0.99375 0.86 0.86046511627907 0.859649122807018 0.945328437372501 2 3 31 2 188.437
0.894366197183099 0.9125 0.870967741935484 0.947782258064516 0.85 0.837209302325581 0.859649122807018 0.942880456956344 NA 1 31 3 277.675
1 1 1 1 0.89 0.906976744186046 0.87719298245614 0.921460628314973 5 2 31 3 277.675
1 1 1 1 0.92 0.953488372093023 0.894736842105263 0.938392492860057 8 2 31 3 277.675
1 1 1 1 0.9 0.930232558139535 0.87719298245614 0.946960424316605 10 2 31 3 277.675
0.901408450704225 0.9375 0.854838709677419 0.946975806451613 0.84 0.86046511627907 0.824561403508772 0.93390452876377 1 3 31 3 277.675
0.950704225352113 0.9625 0.935483870967742 0.993951612903226 0.85 0.86046511627907 0.842105263157895 0.942064463484292 2 3 31 3 277.675
