0.901408450704225 0.870967741935484 0.925 0.940322580645161 0.77 0.66 0.88 0.8608 NA 1 45 1 95.59
1 1 1 1 0.77 0.74 0.8 0.791 5 2 45 1 95.59
1 1 1 1 0.78 0.7 0.86 0.796 8 2 45 1 95.59
1 1 1 1 0.81 0.74 0.88 0.8284 10 2 45 1 95.59
0.873239436619718 0.806451612903226 0.925 0.937903225806452 0.76 0.66 0.86 0.864 1 3 45 1 95.59
0.929577464788732 0.903225806451613 0.95 0.983870967741935 0.8 0.7 0.9 0.8916 2 3 45 1 95.59
0.901408450704225 0.870967741935484 0.925 0.938709677419355 0.77 0.66 0.88 0.8596 NA 1 45 2 112.143
0.985915492957746 1 0.975 0.983870967741935 0.75 0.7 0.8 0.7492 5 2 45 2 112.143
1 1 1 1 0.8 0.7 0.9 0.822 8 2 45 2 112.143
1 1 1 1 0.82 0.74 0.9 0.8212 10 2 45 2 112.143
0.887323943661972 0.838709677419355 0.925 0.934677419354839 0.77 0.66 0.88 0.8652 1 3 45 2 112.143
0.929577464788732 0.903225806451613 0.95 0.983064516129032 0.81 0.68 0.94 0.8888 2 3 45 2 112.143
0.901408450704225 0.870967741935484 0.925 0.939516129032258 0.8 0.7 0.9 0.8648 NA 1 45 3 173.184
1 1 1 1 0.77 0.74 0.8 0.7804 5 2 45 3 173.184
1 1 1 1 0.78 0.72 0.84 0.7944 8 2 45 3 173.184
1 1 1 1 0.78 0.72 0.84 0.808 10 2 45 3 173.184
0.901408450704225 0.870967741935484 0.925 0.937096774193548 0.78 0.68 0.88 0.8644 1 3 45 3 173.184
0.929577464788732 0.903225806451613 0.95 0.983064516129032 0.82 0.68 0.96 0.884 2 3 45 3 173.184
