0.858921161825726 0.877094972067039 0.841095890410959 0.932708349276804 0.9 0.893617021276596 0.905660377358491 0.977920513849859 NA 1 57 1 942.492
0.915629322268326 0.916201117318436 0.915068493150685 0.972595086860029 0.97 0.978723404255319 0.962264150943396 0.994379767161782 5 2 57 1 942.492
0.912863070539419 0.91340782122905 0.912328767123288 0.972618045458024 0.97 0.978723404255319 0.962264150943396 0.994781212364512 8 2 57 1 942.492
0.915629322268326 0.916201117318436 0.915068493150685 0.972939465829953 0.97 0.978723404255319 0.962264150943396 0.994781212364512 10 2 57 1 942.492
0.863070539419087 0.88268156424581 0.843835616438356 0.932624167750823 0.91 0.914893617021277 0.905660377358491 0.977920513849859 1 3 57 1 942.492
0.91701244813278 0.918994413407821 0.915068493150685 0.973115481747915 0.93 0.936170212765957 0.924528301886792 0.985547972701726 2 3 57 1 942.492
0.861687413554634 0.879888268156425 0.843835616438356 0.933129256906712 0.89 0.893617021276596 0.886792452830189 0.97751906864713 NA 1 57 2 725.652
0.915629322268326 0.916201117318436 0.915068493150685 0.972526211066044 0.97 0.978723404255319 0.962264150943396 0.994379767161782 5 2 57 2 725.652
0.914246196403873 0.91340782122905 0.915068493150685 0.972679268386011 0.97 0.978723404255319 0.962264150943396 0.994379767161782 8 2 57 2 725.652
0.915629322268326 0.916201117318436 0.915068493150685 0.97281701997398 0.97 0.978723404255319 0.962264150943396 0.994781212364512 10 2 57 2 725.652
0.864453665283541 0.88268156424581 0.846575342465753 0.933106298308717 0.91 0.914893617021277 0.905660377358491 0.97751906864713 1 3 57 2 725.652
0.918395573997234 0.921787709497207 0.915068493150685 0.973276191933879 0.93 0.936170212765957 0.924528301886792 0.985547972701726 2 3 57 2 725.652
0.857538035961272 0.877094972067039 0.838356164383562 0.932945588122752 0.9 0.893617021276596 0.905660377358491 0.977920513849859 NA 1 57 3 1565.542
0.912863070539419 0.916201117318436 0.90958904109589 0.972870590035968 0.97 0.978723404255319 0.962264150943396 0.994379767161782 5 2 57 3 1565.542
0.911479944674965 0.910614525139665 0.912328767123288 0.972885895767965 0.97 0.978723404255319 0.962264150943396 0.994781212364512 8 2 57 3 1565.542
0.912863070539419 0.91340782122905 0.912328767123288 0.97313844034591 0.97 0.978723404255319 0.962264150943396 0.993978321959053 10 2 57 3 1565.542
0.863070539419087 0.88268156424581 0.843835616438356 0.932310400244892 0.91 0.914893617021277 0.905660377358491 0.97751906864713 1 3 57 3 1565.542
0.919778699861687 0.924581005586592 0.915068493150685 0.973842504017755 0.93 0.936170212765957 0.924528301886792 0.984745082296267 2 3 57 3 1565.542
