0.875 0.892857142857143 0.857142857142857 0.963010204081633 0.88 0.893617021276596 0.867924528301887 0.910477719791248 NA 1 55 1 62.479
1 1 1 1 0.89 0.872340425531915 0.905660377358491 0.884985949417905 5 2 55 1 62.479
1 1 1 1 0.79 0.723404255319149 0.849056603773585 0.847049377759936 8 2 55 1 62.479
1 1 1 1 0.63 0.617021276595745 0.641509433962264 0.65114411882778 10 2 55 1 62.479
0.875 0.928571428571429 0.821428571428571 0.968112244897959 0.84 0.851063829787234 0.830188679245283 0.88398233641108 1 3 55 1 62.479
0.964285714285714 1 0.928571428571429 0.994897959183674 0.85 0.851063829787234 0.849056603773585 0.902047370533922 2 3 55 1 62.479
0.875 0.892857142857143 0.857142857142857 0.964285714285714 0.88 0.893617021276596 0.867924528301887 0.912886391007627 NA 1 55 2 107.133
0.982142857142857 0.964285714285714 1 1 0.87 0.829787234042553 0.905660377358491 0.91910879164994 5 2 55 2 107.133
1 1 1 1 0.91 0.893617021276596 0.924528301886792 0.925531914893617 8 2 55 2 107.133
1 1 1 1 0.79 0.829787234042553 0.754716981132076 0.824167001204336 10 2 55 2 107.133
0.892857142857143 0.928571428571429 0.857142857142857 0.966836734693878 0.82 0.851063829787234 0.792452830188679 0.892814130871136 1 3 55 2 107.133
0.964285714285714 1 0.928571428571429 0.996173469387755 0.85 0.851063829787234 0.849056603773585 0.910879164993978 2 3 55 2 107.133
0.892857142857143 0.892857142857143 0.892857142857143 0.961734693877551 0.87 0.872340425531915 0.867924528301887 0.912083500602168 NA 1 55 3 134.632
1 1 1 1 0.85 0.851063829787234 0.849056603773585 0.909273384183059 5 2 55 3 134.632
1 1 1 1 0.83 0.808510638297872 0.849056603773585 0.868125250903252 8 2 55 3 134.632
1 1 1 1 0.66 0.638297872340426 0.679245283018868 0.770373344038539 10 2 55 3 134.632
0.875 0.928571428571429 0.821428571428571 0.964285714285714 0.84 0.851063829787234 0.830188679245283 0.886792452830189 1 3 55 3 134.632
0.964285714285714 1 0.928571428571429 0.996173469387755 0.85 0.829787234042553 0.867924528301887 0.908470493777599 2 3 55 3 134.632
