0.846994535519126 0.868354430379747 0.821958456973294 0.928219960184803 0.86 0.9 0.82 0.9572 NA 1 33 1 877.379
0.922131147540984 0.941772151898734 0.899109792284866 0.978619990234008 0.98 0.98 0.98 0.9944 5 2 33 1 877.379
0.923497267759563 0.949367088607595 0.893175074183976 0.978770236261879 0.97 0.98 0.96 0.9936 8 2 33 1 877.379
0.924863387978142 0.946835443037975 0.899109792284866 0.97907072831762 0.97 0.98 0.96 0.994 10 2 33 1 877.379
0.845628415300546 0.875949367088608 0.810089020771513 0.928197423280622 0.87 0.92 0.82 0.9584 1 3 33 1 877.379
0.926229508196721 0.939240506329114 0.910979228486647 0.979641663223529 0.96 0.98 0.94 0.9912 2 3 33 1 877.379
0.848360655737705 0.870886075949367 0.821958456973294 0.928009615745784 0.86 0.9 0.82 0.9584 NA 1 33 2 1089.905
0.922131147540984 0.941772151898734 0.899109792284866 0.978619990234008 0.98 0.98 0.98 0.9944 5 2 33 2 1089.905
0.923497267759563 0.949367088607595 0.893175074183976 0.978680088645156 0.97 0.98 0.96 0.9936 8 2 33 2 1089.905
0.924863387978142 0.946835443037975 0.899109792284866 0.979033166810652 0.96 0.96 0.96 0.9944 10 2 33 2 1089.905
0.844262295081967 0.873417721518987 0.810089020771513 0.928167374075048 0.87 0.92 0.82 0.9572 1 3 33 2 1089.905
0.923497267759563 0.939240506329114 0.905044510385757 0.979341171167787 0.96 0.98 0.94 0.9916 2 3 33 2 1089.905
0.852459016393443 0.873417721518987 0.827893175074184 0.928370206212673 0.85 0.88 0.82 0.9552 NA 1 33 3 1502.531
0.922131147540984 0.939240506329114 0.902077151335312 0.978740187056305 0.97 0.96 0.98 0.9948 5 2 33 3 1502.531
0.924863387978142 0.949367088607595 0.896142433234421 0.978882920782782 0.95 0.94 0.96 0.994 8 2 33 3 1502.531
0.926229508196721 0.949367088607595 0.899109792284866 0.979266048153852 0.96 0.96 0.96 0.994 10 2 33 3 1502.531
0.848360655737705 0.881012658227848 0.810089020771513 0.928137324869474 0.87 0.92 0.82 0.9556 1 3 33 3 1502.531
0.927595628415301 0.941772151898734 0.910979228486647 0.979829470758367 0.96 0.98 0.94 0.9912 2 3 33 3 1502.531
