0.817333333333333 0.845 0.785714285714286 0.915878571428571 0.84 0.92156862745098 0.755102040816326 0.933573429371749 NA 1 79 1 1747.681
0.92 0.9175 0.922857142857143 0.975535714285714 0.91 0.96078431372549 0.857142857142857 0.98359343737495 5 2 79 1 1747.681
0.924 0.9175 0.931428571428571 0.976028571428571 0.92 0.96078431372549 0.877551020408163 0.982392957182873 8 2 79 1 1747.681
0.926666666666667 0.92 0.934285714285714 0.976307142857143 0.92 0.96078431372549 0.877551020408163 0.981992797118848 10 2 79 1 1747.681
0.82 0.8525 0.782857142857143 0.9165 0.84 0.92156862745098 0.755102040816326 0.933973589435774 1 3 79 1 1747.681
0.928 0.935 0.92 0.974885714285714 0.93 0.96078431372549 0.897959183673469 0.972388955582233 2 3 79 1 1747.681
0.818666666666667 0.8475 0.785714285714286 0.915785714285714 0.85 0.92156862745098 0.775510204081633 0.933573429371749 NA 1 79 2 1845.349
0.92 0.9175 0.922857142857143 0.975542857142857 0.91 0.96078431372549 0.857142857142857 0.98359343737495 5 2 79 2 1845.349
0.922666666666667 0.9175 0.928571428571429 0.976157142857143 0.92 0.96078431372549 0.877551020408163 0.981992797118848 8 2 79 2 1845.349
0.926666666666667 0.92 0.934285714285714 0.976364285714286 0.92 0.96078431372549 0.877551020408163 0.981992797118848 10 2 79 2 1845.349
0.82 0.8525 0.782857142857143 0.9164 0.85 0.92156862745098 0.775510204081633 0.933573429371749 1 3 79 2 1845.349
0.925333333333333 0.935 0.914285714285714 0.975021428571429 0.93 0.96078431372549 0.897959183673469 0.972789115646258 2 3 79 2 1845.349
0.82 0.85 0.785714285714286 0.915907142857143 0.84 0.92156862745098 0.755102040816326 0.931572629051621 NA 1 79 3 3222.95
0.92 0.92 0.92 0.975528571428571 0.91 0.96078431372549 0.857142857142857 0.982392957182873 5 2 79 3 3222.95
0.928 0.925 0.931428571428571 0.976021428571429 0.92 0.96078431372549 0.877551020408163 0.981592637054822 8 2 79 3 3222.95
0.926666666666667 0.9225 0.931428571428571 0.976228571428571 0.92 0.96078431372549 0.877551020408163 0.981592637054822 10 2 79 3 3222.95
0.825333333333333 0.8525 0.794285714285714 0.916442857142857 0.86 0.92156862745098 0.795918367346939 0.931572629051621 1 3 79 3 3222.95
0.926666666666667 0.9375 0.914285714285714 0.974257142857143 0.92 0.96078431372549 0.877551020408163 0.970388155262105 2 3 79 3 3222.95
