0.86283185840708 0.901639344262295 0.817307692307692 0.924889659520807 0.81 0.916666666666667 0.711538461538462 0.905448717948718 NA 1 72 1 587.57
0.933628318584071 0.950819672131147 0.913461538461538 0.982976040353089 0.86 0.9375 0.788461538461538 0.957532051282051 5 2 72 1 587.57
0.929203539823009 0.942622950819672 0.913461538461538 0.98250315258512 0.86 0.9375 0.788461538461538 0.95713141025641 8 2 72 1 587.57
0.924778761061947 0.934426229508197 0.913461538461538 0.983133669609079 0.86 0.9375 0.788461538461538 0.955528846153846 10 2 72 1 587.57
0.86283185840708 0.89344262295082 0.826923076923077 0.927096469104666 0.82 0.958333333333333 0.692307692307692 0.903044871794872 1 3 72 1 587.57
0.929203539823009 0.950819672131147 0.903846153846154 0.974779319041614 0.89 0.958333333333333 0.826923076923077 0.942307692307692 2 3 72 1 587.57
0.86283185840708 0.901639344262295 0.817307692307692 0.925283732660782 0.81 0.916666666666667 0.711538461538462 0.909455128205128 NA 1 72 2 503.347
0.933628318584071 0.942622950819672 0.923076923076923 0.9812421185372 0.87 0.9375 0.807692307692308 0.96113782051282 5 2 72 2 503.347
0.924778761061947 0.934426229508197 0.913461538461538 0.982581967213115 0.86 0.9375 0.788461538461538 0.955929487179487 8 2 72 2 503.347
0.924778761061947 0.934426229508197 0.913461538461538 0.983212484237074 0.85 0.9375 0.769230769230769 0.955128205128205 10 2 72 2 503.347
0.858407079646018 0.89344262295082 0.817307692307692 0.927175283732661 0.82 0.958333333333333 0.692307692307692 0.905849358974359 1 3 72 2 503.347
0.933628318584071 0.950819672131147 0.913461538461538 0.975252206809584 0.89 0.958333333333333 0.826923076923077 0.944310897435897 2 3 72 2 503.347
0.86283185840708 0.901639344262295 0.817307692307692 0.923943883984868 0.81 0.916666666666667 0.711538461538462 0.899439102564103 NA 1 72 3 1045.346
0.933628318584071 0.942622950819672 0.923076923076923 0.981636191677175 0.87 0.9375 0.807692307692308 0.96113782051282 5 2 72 3 1045.346
0.933628318584071 0.950819672131147 0.913461538461538 0.9828184110971 0.86 0.9375 0.788461538461538 0.957532051282051 8 2 72 3 1045.346
0.929203539823009 0.942622950819672 0.913461538461538 0.983370113493064 0.85 0.916666666666667 0.788461538461538 0.955128205128205 10 2 72 3 1045.346
0.867256637168142 0.901639344262295 0.826923076923077 0.924653215636822 0.81 0.9375 0.692307692307692 0.900240384615385 1 3 72 3 1045.346
0.924778761061947 0.950819672131147 0.894230769230769 0.974069987389659 0.87 0.958333333333333 0.788461538461538 0.941907051282051 2 3 72 3 1045.346
