0.762589928057554 0.805555555555556 0.716417910447761 0.868781094527363 0.8 0.823529411764706 0.775510204081633 0.869147659063625 NA 1 38 1 215.838
0.935251798561151 0.916666666666667 0.955223880597015 0.975124378109453 0.89 0.862745098039216 0.918367346938776 0.947579031612645 5 2 38 1 215.838
0.928057553956835 0.916666666666667 0.940298507462687 0.976160862354892 0.9 0.862745098039216 0.938775510204082 0.946778711484594 8 2 38 1 215.838
0.935251798561151 0.930555555555556 0.940298507462687 0.97636815920398 0.9 0.862745098039216 0.938775510204082 0.946378551420568 10 2 38 1 215.838
0.755395683453237 0.805555555555556 0.701492537313433 0.864427860696517 0.76 0.823529411764706 0.693877551020408 0.865946378551421 1 3 38 1 215.838
0.928057553956835 0.944444444444444 0.91044776119403 0.983623548922056 0.87 0.882352941176471 0.857142857142857 0.956782713085234 2 3 38 1 215.838
0.76978417266187 0.819444444444444 0.716417910447761 0.869402985074627 0.8 0.823529411764706 0.775510204081633 0.867947178871549 NA 1 38 2 225.287
0.942446043165468 0.930555555555556 0.955223880597015 0.975331674958541 0.89 0.862745098039216 0.918367346938776 0.947178871548619 5 2 38 2 225.287
0.928057553956835 0.916666666666667 0.940298507462687 0.975953565505804 0.9 0.862745098039216 0.938775510204082 0.947178871548619 8 2 38 2 225.287
0.935251798561151 0.930555555555556 0.940298507462687 0.976160862354892 0.9 0.862745098039216 0.938775510204082 0.947579031612645 10 2 38 2 225.287
0.76978417266187 0.819444444444444 0.716417910447761 0.865878938640133 0.78 0.823529411764706 0.73469387755102 0.86234493797519 1 3 38 2 225.287
0.920863309352518 0.944444444444444 0.895522388059702 0.984038142620232 0.87 0.882352941176471 0.857142857142857 0.955182072829132 2 3 38 2 225.287
0.776978417266187 0.819444444444444 0.73134328358209 0.868988391376451 0.8 0.823529411764706 0.775510204081633 0.87234893957583 NA 1 38 3 360.969
0.935251798561151 0.930555555555556 0.940298507462687 0.975331674958541 0.91 0.882352941176471 0.938775510204082 0.948379351740696 5 2 38 3 360.969
0.935251798561151 0.930555555555556 0.940298507462687 0.975538971807628 0.9 0.862745098039216 0.938775510204082 0.946378551420568 8 2 38 3 360.969
0.935251798561151 0.930555555555556 0.940298507462687 0.97636815920398 0.9 0.862745098039216 0.938775510204082 0.945978391356543 10 2 38 3 360.969
0.76978417266187 0.819444444444444 0.716417910447761 0.862562189054726 0.76 0.823529411764706 0.693877551020408 0.867146858743497 1 3 38 3 360.969
0.928057553956835 0.944444444444444 0.91044776119403 0.98030679933665 0.86 0.901960784313726 0.816326530612245 0.953581432573029 2 3 38 3 360.969
