0.874172185430464 0.880952380952381 0.865671641791045 0.934968017057569 0.87 0.808510638297872 0.924528301886792 0.941389000401445 NA 1 9 1 208.693
0.940397350993378 0.94047619047619 0.940298507462687 0.983297796730633 0.87 0.893617021276596 0.849056603773585 0.941389000401445 5 2 9 1 208.693
0.940397350993378 0.94047619047619 0.940298507462687 0.984186211798152 0.85 0.914893617021277 0.792452830188679 0.961059815335207 8 2 9 1 208.693
0.940397350993378 0.94047619047619 0.940298507462687 0.984896943852168 0.86 0.914893617021277 0.811320754716981 0.963468486551586 10 2 9 1 208.693
0.827814569536424 0.845238095238095 0.805970149253731 0.935323383084577 0.89 0.872340425531915 0.905660377358491 0.934162986752308 1 3 9 1 208.693
0.927152317880795 0.94047619047619 0.91044776119403 0.988272921108742 0.85 0.829787234042553 0.867924528301887 0.942191890806905 2 3 9 1 208.693
0.860927152317881 0.869047619047619 0.850746268656716 0.934434968017058 0.88 0.829787234042553 0.924528301886792 0.938980329185066 NA 1 9 2 371.096
0.940397350993378 0.952380952380952 0.925373134328358 0.982764747690121 0.87 0.914893617021277 0.830188679245283 0.942593336009635 5 2 9 2 371.096
0.933774834437086 0.94047619047619 0.925373134328358 0.983475479744136 0.86 0.914893617021277 0.811320754716981 0.963468486551586 8 2 9 2 371.096
0.933774834437086 0.94047619047619 0.925373134328358 0.984186211798152 0.87 0.914893617021277 0.830188679245283 0.965877157767965 10 2 9 2 371.096
0.827814569536424 0.833333333333333 0.82089552238806 0.934968017057569 0.87 0.851063829787234 0.886792452830189 0.933761541549578 1 3 9 2 371.096
0.920529801324503 0.916666666666667 0.925373134328358 0.987917555081734 0.87 0.893617021276596 0.849056603773585 0.949417904456042 2 3 9 2 371.096
0.867549668874172 0.869047619047619 0.865671641791045 0.935678749111585 0.88 0.829787234042553 0.924528301886792 0.938980329185066 NA 1 9 3 418.428
0.940397350993378 0.952380952380952 0.925373134328358 0.982764747690121 0.87 0.914893617021277 0.830188679245283 0.939381774387796 5 2 9 3 418.428
0.940397350993378 0.94047619047619 0.940298507462687 0.983830845771144 0.86 0.914893617021277 0.811320754716981 0.959454034524287 8 2 9 3 418.428
0.940397350993378 0.94047619047619 0.940298507462687 0.984363894811656 0.86 0.914893617021277 0.811320754716981 0.963067041348856 10 2 9 3 418.428
0.841059602649007 0.845238095238095 0.835820895522388 0.933724235963042 0.89 0.851063829787234 0.924528301886792 0.940987555198715 1 3 9 3 418.428
0.933774834437086 0.928571428571429 0.940298507462687 0.987562189054726 0.88 0.872340425531915 0.886792452830189 0.949016459253312 2 3 9 3 418.428
