0.828947368421053 0.823529411764706 0.833333333333333 0.929271708683473 0.83 0.842105263157895 0.813953488372093 0.923296613627091 NA 1 90 1 55.605
1 1 1 1 0.87 0.87719298245614 0.86046511627907 0.891268869849041 5 2 90 1 55.605
1 1 1 1 0.75 0.684210526315789 0.837209302325581 0.783353733170135 8 2 90 1 55.605
1 1 1 1 0.82 0.789473684210526 0.86046511627907 0.843329253365973 10 2 90 1 55.605
0.828947368421053 0.823529411764706 0.833333333333333 0.929271708683473 0.84 0.859649122807018 0.813953488372093 0.927784577723378 1 3 90 1 55.605
0.921052631578947 0.852941176470588 0.976190476190476 0.980392156862745 0.85 0.824561403508772 0.883720930232558 0.940840473276214 2 3 90 1 55.605
0.828947368421053 0.823529411764706 0.833333333333333 0.927871148459384 0.83 0.824561403508772 0.837209302325581 0.923704610363117 NA 1 90 2 71.559
1 1 1 1 0.91 0.912280701754386 0.906976744186046 0.937780497756018 5 2 90 2 71.559
1 1 1 1 0.83 0.842105263157895 0.813953488372093 0.878416972664219 8 2 90 2 71.559
1 1 1 1 0.86 0.824561403508772 0.906976744186046 0.873929008567931 10 2 90 2 71.559
0.815789473684211 0.794117647058823 0.833333333333333 0.925770308123249 0.85 0.87719298245614 0.813953488372093 0.929416564667483 1 3 90 2 71.559
0.921052631578947 0.882352941176471 0.952380952380952 0.9796918767507 0.84 0.807017543859649 0.883720930232558 0.94124847001224 2 3 90 2 71.559
0.828947368421053 0.823529411764706 0.833333333333333 0.929971988795518 0.84 0.842105263157895 0.837209302325581 0.922888616891065 NA 1 90 3 100.942
1 1 1 1 0.86 0.87719298245614 0.837209302325581 0.888208894328845 5 2 90 3 100.942
1 1 1 1 0.85 0.859649122807018 0.837209302325581 0.873521011831905 8 2 90 3 100.942
1 1 1 1 0.88 0.859649122807018 0.906976744186046 0.878008975928192 10 2 90 3 100.942
0.828947368421053 0.823529411764706 0.833333333333333 0.927871148459384 0.84 0.87719298245614 0.790697674418605 0.929008567931456 1 3 90 3 100.942
0.921052631578947 0.852941176470588 0.976190476190476 0.980392156862745 0.85 0.824561403508772 0.883720930232558 0.939616483068135 2 3 90 3 100.942
