0.86027397260274 0.859459459459459 0.861111111111111 0.933243243243243 0.89 0.942307692307692 0.833333333333333 0.961538461538462 NA 1 83 1 860.68
0.945205479452055 0.951351351351351 0.938888888888889 0.987987987987988 0.91 0.942307692307692 0.875 0.973157051282051 5 2 83 1 860.68
0.953424657534247 0.951351351351351 0.955555555555556 0.993273273273273 0.92 0.961538461538462 0.875 0.980769230769231 8 2 83 1 860.68
0.956164383561644 0.956756756756757 0.955555555555556 0.993273273273273 0.92 0.961538461538462 0.875 0.982371794871795 10 2 83 1 860.68
0.843835616438356 0.848648648648649 0.838888888888889 0.931891891891892 0.89 0.961538461538462 0.8125 0.959935897435897 1 3 83 1 860.68
0.942465753424658 0.945945945945946 0.938888888888889 0.987477477477477 0.92 0.942307692307692 0.895833333333333 0.969551282051282 2 3 83 1 860.68
0.86027397260274 0.859459459459459 0.861111111111111 0.933273273273273 0.89 0.942307692307692 0.833333333333333 0.963541666666667 NA 1 83 2 540.372
0.942465753424658 0.945945945945946 0.938888888888889 0.987957957957958 0.91 0.942307692307692 0.875 0.973157051282051 5 2 83 2 540.372
0.953424657534247 0.951351351351351 0.955555555555556 0.993123123123123 0.92 0.961538461538462 0.875 0.980769230769231 8 2 83 2 540.372
0.956164383561644 0.956756756756757 0.955555555555556 0.993183183183183 0.92 0.961538461538462 0.875 0.981570512820513 10 2 83 2 540.372
0.835616438356164 0.848648648648649 0.822222222222222 0.931471471471471 0.88 0.961538461538462 0.791666666666667 0.961939102564103 1 3 83 2 540.372
0.942465753424658 0.945945945945946 0.938888888888889 0.987417417417417 0.92 0.942307692307692 0.895833333333333 0.971554487179487 2 3 83 2 540.372
0.868493150684931 0.864864864864865 0.872222222222222 0.933663663663664 0.89 0.942307692307692 0.833333333333333 0.961939102564103 NA 1 83 3 1351.2
0.947945205479452 0.956756756756757 0.938888888888889 0.988168168168168 0.91 0.942307692307692 0.875 0.972355769230769 5 2 83 3 1351.2
0.953424657534247 0.951351351351351 0.955555555555556 0.993483483483483 0.92 0.961538461538462 0.875 0.981169871794872 8 2 83 3 1351.2
0.958904109589041 0.962162162162162 0.955555555555556 0.993393393393393 0.92 0.961538461538462 0.875 0.981570512820513 10 2 83 3 1351.2
0.849315068493151 0.864864864864865 0.833333333333333 0.932012012012012 0.89 0.961538461538462 0.8125 0.96113782051282 1 3 83 3 1351.2
0.945205479452055 0.951351351351351 0.938888888888889 0.987777777777778 0.91 0.942307692307692 0.875 0.969150641025641 2 3 83 3 1351.2
