0.857519788918206 0.843575418994413 0.87 0.938743016759777 0.85 0.872340425531915 0.830188679245283 0.921316740264954 NA 1 74 1 612.785
0.949868073878628 0.949720670391061 0.95 0.986983240223464 0.92 0.872340425531915 0.962264150943396 0.986752308309916 5 2 74 1 612.785
0.949868073878628 0.949720670391061 0.95 0.990558659217877 0.89 0.872340425531915 0.905660377358491 0.978321959052589 8 2 74 1 612.785
0.947229551451187 0.949720670391061 0.945 0.991256983240223 0.91 0.893617021276596 0.924528301886792 0.979526294660779 10 2 74 1 612.785
0.865435356200528 0.860335195530726 0.87 0.938379888268156 0.85 0.872340425531915 0.830188679245283 0.921718185467684 1 3 74 1 612.785
0.934036939313984 0.93854748603352 0.93 0.987402234636871 0.86 0.829787234042553 0.886792452830189 0.959052589321558 2 3 74 1 612.785
0.862796833773087 0.849162011173184 0.875 0.940810055865922 0.83 0.829787234042553 0.830188679245283 0.922922521075873 NA 1 74 2 802.45
0.955145118733509 0.955307262569832 0.955 0.987178770949721 0.92 0.851063829787234 0.981132075471698 0.986350863107186 5 2 74 2 802.45
0.949868073878628 0.94413407821229 0.955 0.99036312849162 0.9 0.872340425531915 0.924528301886792 0.977920513849859 8 2 74 2 802.45
0.952506596306069 0.949720670391061 0.955 0.990558659217877 0.9 0.872340425531915 0.924528301886792 0.979927739863509 10 2 74 2 802.45
0.878627968337731 0.88268156424581 0.875 0.940782122905028 0.81 0.829787234042553 0.792452830188679 0.920513849859494 1 3 74 2 802.45
0.931398416886544 0.932960893854749 0.93 0.987569832402235 0.82 0.765957446808511 0.867924528301887 0.959052589321558 2 3 74 2 802.45
0.868073878627968 0.860335195530726 0.875 0.93913407821229 0.83 0.829787234042553 0.830188679245283 0.914090726615817 NA 1 74 3 1222.811
0.947229551451187 0.94413407821229 0.95 0.987262569832402 0.91 0.829787234042553 0.981132075471698 0.985146527498996 5 2 74 3 1222.811
0.949868073878628 0.94413407821229 0.955 0.990642458100559 0.9 0.872340425531915 0.924528301886792 0.97751906864713 8 2 74 3 1222.811
0.947229551451187 0.94413407821229 0.95 0.99072625698324 0.9 0.872340425531915 0.924528301886792 0.979526294660779 10 2 74 3 1222.811
0.868073878627968 0.865921787709497 0.87 0.939553072625698 0.83 0.829787234042553 0.830188679245283 0.913287836210357 1 3 74 3 1222.811
0.931398416886544 0.932960893854749 0.93 0.987150837988827 0.83 0.787234042553192 0.867924528301887 0.956643918105179 2 3 74 3 1222.811
