0.918918918918919 0.896551724137931 0.933333333333333 0.960919540229885 0.83 0.755555555555556 0.890909090909091 0.892121212121212 NA 1 54 1 153.299
1 1 1 1 0.76 0.6 0.890909090909091 0.772525252525253 5 2 54 1 153.299
1 1 1 1 0.73 0.533333333333333 0.890909090909091 0.74040404040404 8 2 54 1 153.299
1 1 1 1 0.75 0.555555555555556 0.909090909090909 0.735959595959596 10 2 54 1 153.299
0.878378378378378 0.896551724137931 0.866666666666667 0.966283524904215 0.82 0.755555555555556 0.872727272727273 0.892929292929293 1 3 54 1 153.299
0.945945945945946 1 0.911111111111111 0.983908045977012 0.83 0.733333333333333 0.909090909090909 0.92040404040404 2 3 54 1 153.299
0.905405405405405 0.896551724137931 0.911111111111111 0.961685823754789 0.83 0.755555555555556 0.890909090909091 0.888888888888889 NA 1 54 2 133.355
1 1 1 1 0.8 0.644444444444444 0.927272727272727 0.777777777777778 5 2 54 2 133.355
1 1 1 1 0.76 0.555555555555556 0.927272727272727 0.752323232323232 8 2 54 2 133.355
1 1 1 1 0.75 0.555555555555556 0.909090909090909 0.749090909090909 10 2 54 2 133.355
0.878378378378378 0.896551724137931 0.866666666666667 0.961685823754789 0.81 0.755555555555556 0.854545454545454 0.888888888888889 1 3 54 2 133.355
0.945945945945946 1 0.911111111111111 0.979310344827586 0.83 0.733333333333333 0.909090909090909 0.919191919191919 2 3 54 2 133.355
0.891891891891892 0.896551724137931 0.888888888888889 0.962452107279693 0.81 0.711111111111111 0.890909090909091 0.88969696969697 NA 1 54 3 235.135
1 1 1 1 0.77 0.622222222222222 0.890909090909091 0.762222222222222 5 2 54 3 235.135
1 1 1 1 0.76 0.577777777777778 0.909090909090909 0.761414141414141 8 2 54 3 235.135
1 1 1 1 0.74 0.555555555555556 0.890909090909091 0.770707070707071 10 2 54 3 235.135
0.878378378378378 0.896551724137931 0.866666666666667 0.963218390804598 0.82 0.755555555555556 0.872727272727273 0.891717171717172 1 3 54 3 235.135
0.945945945945946 1 0.911111111111111 0.978544061302682 0.84 0.755555555555556 0.909090909090909 0.918787878787879 2 3 54 3 235.135
