0.870445344129555 0.873949579831933 0.8671875 0.935545051353875 0.84 0.86 0.82 0.9356 NA 1 27 1 1182.628
0.929824561403509 0.935574229691877 0.924479166666667 0.982536764705882 0.95 0.96 0.94 0.992 5 2 27 1 1182.628
0.931174089068826 0.938375350140056 0.924479166666667 0.982354400093371 0.95 0.96 0.94 0.9924 8 2 27 1 1182.628
0.929824561403509 0.935574229691877 0.924479166666667 0.982668067226891 0.95 0.96 0.94 0.9932 10 2 27 1 1182.628
0.878542510121457 0.887955182072829 0.869791666666667 0.93499795751634 0.85 0.88 0.82 0.9328 1 3 27 1 1182.628
0.935222672064777 0.941176470588235 0.9296875 0.982463818860878 0.89 0.88 0.9 0.9716 2 3 27 1 1182.628
0.871794871794872 0.879551820728291 0.864583333333333 0.935946253501401 0.85 0.86 0.84 0.9364 NA 1 27 2 1043.666
0.929824561403509 0.935574229691877 0.924479166666667 0.98249299719888 0.95 0.96 0.94 0.992 5 2 27 2 1043.666
0.929824561403509 0.935574229691877 0.924479166666667 0.98233981092437 0.95 0.96 0.94 0.9924 8 2 27 2 1043.666
0.929824561403509 0.935574229691877 0.924479166666667 0.982711834733894 0.95 0.96 0.94 0.9928 10 2 27 2 1043.666
0.878542510121457 0.887955182072829 0.869791666666667 0.935275151727358 0.85 0.88 0.82 0.9332 1 3 27 2 1043.666
0.935222672064777 0.943977591036415 0.927083333333333 0.982514880952381 0.89 0.88 0.9 0.972 2 3 27 2 1043.666
0.870445344129555 0.871148459383754 0.869791666666667 0.935406454248366 0.83 0.86 0.8 0.934 NA 1 27 3 1979.476
0.932523616734143 0.935574229691877 0.9296875 0.982259570494865 0.95 0.96 0.94 0.9924 5 2 27 3 1979.476
0.931174089068826 0.938375350140056 0.924479166666667 0.982244981325864 0.95 0.96 0.94 0.9924 8 2 27 3 1979.476
0.929824561403509 0.935574229691877 0.924479166666667 0.982558648459384 0.95 0.96 0.94 0.9932 10 2 27 3 1979.476
0.873144399460189 0.879551820728291 0.8671875 0.934749941643324 0.86 0.9 0.82 0.9344 1 3 27 3 1979.476
0.93387314439946 0.943977591036415 0.924479166666667 0.982296043417367 0.89 0.88 0.9 0.9708 2 3 27 3 1979.476
