0.869565217391304 0.91304347826087 0.826086956521739 0.947069943289225 0.89 0.863636363636364 0.910714285714286 0.902191558441558 NA 1 40 1 58.413
1 1 1 1 0.89 0.931818181818182 0.857142857142857 0.935267857142857 5 2 40 1 58.413
1 1 1 1 0.91 0.931818181818182 0.892857142857143 0.937094155844156 8 2 40 1 58.413
1 1 1 1 0.91 0.863636363636364 0.946428571428571 0.900162337662338 10 2 40 1 58.413
0.869565217391304 0.956521739130435 0.782608695652174 0.933837429111531 0.88 0.886363636363636 0.875 0.891233766233766 1 3 40 1 58.413
0.934782608695652 0.956521739130435 0.91304347826087 0.956521739130435 0.82 0.772727272727273 0.857142857142857 0.930194805194805 2 3 40 1 58.413
0.869565217391304 0.91304347826087 0.826086956521739 0.947069943289225 0.88 0.840909090909091 0.910714285714286 0.90137987012987 NA 1 40 2 66.495
1 1 1 1 0.88 0.840909090909091 0.910714285714286 0.900974025974026 5 2 40 2 66.495
0.978260869565217 0.956521739130435 1 0.998109640831758 0.92 0.931818181818182 0.910714285714286 0.928977272727273 8 2 40 2 66.495
1 1 1 1 0.9 0.863636363636364 0.928571428571429 0.899756493506494 10 2 40 2 66.495
0.869565217391304 0.956521739130435 0.782608695652174 0.937618147448015 0.87 0.886363636363636 0.857142857142857 0.890422077922078 1 3 40 2 66.495
0.934782608695652 0.956521739130435 0.91304347826087 0.958412098298677 0.83 0.795454545454545 0.857142857142857 0.931006493506493 2 3 40 2 66.495
0.869565217391304 0.91304347826087 0.826086956521739 0.947069943289225 0.88 0.840909090909091 0.910714285714286 0.901785714285714 NA 1 40 3 101.977
0.956521739130435 0.956521739130435 0.956521739130435 0.998109640831758 0.87 0.954545454545455 0.803571428571429 0.90036525974026 5 2 40 3 101.977
1 1 1 1 0.89 0.886363636363636 0.892857142857143 0.884334415584416 8 2 40 3 101.977
1 1 1 1 0.9 0.863636363636364 0.928571428571429 0.900771103896104 10 2 40 3 101.977
0.869565217391304 0.956521739130435 0.782608695652174 0.937618147448015 0.88 0.886363636363636 0.875 0.891233766233766 1 3 40 3 101.977
0.934782608695652 0.956521739130435 0.91304347826087 0.960302457466919 0.83 0.795454545454545 0.857142857142857 0.929383116883117 2 3 40 3 101.977
