0.857142857142857 0.894736842105263 0.8125 0.920230263157895 0.69 0.823529411764706 0.551020408163265 0.804321728691477 NA 1 82 1 85.165
1 1 1 1 0.88 0.901960784313726 0.857142857142857 0.891956782713085 5 2 82 1 85.165
1 1 1 1 0.8 0.882352941176471 0.714285714285714 0.872949179671869 8 2 82 1 85.165
1 1 1 1 0.71 0.686274509803922 0.73469387755102 0.767106842737095 10 2 82 1 85.165
0.842857142857143 0.894736842105263 0.78125 0.921875 0.67 0.823529411764706 0.510204081632653 0.846738695478191 1 3 82 1 85.165
0.928571428571429 0.973684210526316 0.875 0.987664473684211 0.76 0.882352941176471 0.63265306122449 0.898759503801521 2 3 82 1 85.165
0.857142857142857 0.894736842105263 0.8125 0.920230263157895 0.68 0.803921568627451 0.551020408163265 0.803921568627451 NA 1 82 2 94.29
1 1 1 1 0.86 0.901960784313726 0.816326530612245 0.90796318527411 5 2 82 2 94.29
1 1 1 1 0.88 0.843137254901961 0.918367346938776 0.931572629051621 8 2 82 2 94.29
1 1 1 1 0.86 0.843137254901961 0.877551020408163 0.953181272509004 10 2 82 2 94.29
0.828571428571429 0.894736842105263 0.75 0.918585526315789 0.67 0.823529411764706 0.510204081632653 0.844737895158063 1 3 82 2 94.29
0.928571428571429 0.973684210526316 0.875 0.988486842105263 0.76 0.882352941176471 0.63265306122449 0.899159663865546 2 3 82 2 94.29
0.857142857142857 0.894736842105263 0.8125 0.924342105263158 0.7 0.823529411764706 0.571428571428571 0.808323329331733 NA 1 82 3 161.614
1 1 1 1 0.81 0.92156862745098 0.693877551020408 0.874149659863946 5 2 82 3 161.614
1 1 1 1 0.85 0.882352941176471 0.816326530612245 0.897759103641457 8 2 82 3 161.614
1 1 1 1 0.82 0.882352941176471 0.755102040816326 0.880952380952381 10 2 82 3 161.614
0.842857142857143 0.894736842105263 0.78125 0.919407894736842 0.67 0.823529411764706 0.510204081632653 0.844737895158063 1 3 82 3 161.614
0.914285714285714 0.947368421052632 0.875 0.987664473684211 0.78 0.882352941176471 0.673469387755102 0.895558223289316 2 3 82 3 161.614
