0.912280701754386 0.964285714285714 0.862068965517241 0.955665024630542 0.85 0.759259259259259 0.956521739130435 0.915458937198068 NA 1 97 1 48.645
1 1 1 1 0.87 0.796296296296296 0.956521739130435 0.890700483091788 5 2 97 1 48.645
1 1 1 1 0.84 0.759259259259259 0.934782608695652 0.880233494363929 8 2 97 1 48.645
1 1 1 1 0.81 0.740740740740741 0.891304347826087 0.834138486312399 10 2 97 1 48.645
0.894736842105263 0.964285714285714 0.827586206896552 0.95320197044335 0.84 0.814814814814815 0.869565217391304 0.905797101449275 1 3 97 1 48.645
0.964912280701754 1 0.931034482758621 0.987684729064039 0.86 0.796296296296296 0.934782608695652 0.930354267310789 2 3 97 1 48.645
0.929824561403509 0.964285714285714 0.896551724137931 0.96551724137931 0.85 0.777777777777778 0.934782608695652 0.912640901771337 NA 1 97 2 70.236
1 1 1 1 0.79 0.685185185185185 0.91304347826087 0.821658615136876 5 2 97 2 70.236
1 1 1 1 0.83 0.796296296296296 0.869565217391304 0.868760064412238 8 2 97 2 70.236
1 1 1 1 0.82 0.740740740740741 0.91304347826087 0.830314009661836 10 2 97 2 70.236
0.912280701754386 0.964285714285714 0.862068965517241 0.95935960591133 0.84 0.833333333333333 0.847826086956522 0.898953301127214 1 3 97 2 70.236
0.964912280701754 1 0.931034482758621 0.991379310344828 0.9 0.851851851851852 0.956521739130435 0.927536231884058 2 3 97 2 70.236
0.929824561403509 0.964285714285714 0.896551724137931 0.966748768472906 0.85 0.777777777777778 0.934782608695652 0.910628019323672 NA 1 97 3 98.53
1 1 1 1 0.85 0.759259259259259 0.956521739130435 0.889694041867955 5 2 97 3 98.53
1 1 1 1 0.85 0.740740740740741 0.978260869565217 0.885869565217391 8 2 97 3 98.53
1 1 1 1 0.86 0.777777777777778 0.956521739130435 0.889694041867955 10 2 97 3 98.53
0.912280701754386 0.964285714285714 0.862068965517241 0.954433497536946 0.82 0.777777777777778 0.869565217391304 0.899355877616747 1 3 97 3 98.53
0.964912280701754 1 0.931034482758621 0.991379310344828 0.89 0.851851851851852 0.934782608695652 0.925523349436393 2 3 97 3 98.53
