0.843601895734597 0.872549019607843 0.81651376146789 0.924896564130239 0.82 0.803921568627451 0.836734693877551 0.901160464185674 NA 1 36 1 392.552
0.943127962085308 0.941176470588235 0.944954128440367 0.984889368591473 0.92 0.901960784313726 0.938775510204082 0.974789915966387 5 2 36 1 392.552
0.947867298578199 0.941176470588235 0.954128440366973 0.989476524554776 0.89 0.862745098039216 0.918367346938776 0.976790716286515 8 2 36 1 392.552
0.95260663507109 0.941176470588235 0.963302752293578 0.991185465011693 0.89 0.862745098039216 0.918367346938776 0.974789915966387 10 2 36 1 392.552
0.848341232227488 0.852941176470588 0.844036697247706 0.92273790250045 0.81 0.784313725490196 0.836734693877551 0.905962384953982 1 3 36 1 392.552
0.933649289099526 0.931372549019608 0.935779816513762 0.978413383702105 0.88 0.823529411764706 0.938775510204082 0.965986394557823 2 3 36 1 392.552
0.848341232227488 0.872549019607843 0.825688073394495 0.925975894945134 0.82 0.803921568627451 0.836734693877551 0.903161264505802 NA 1 36 2 325.084
0.943127962085308 0.941176470588235 0.944954128440367 0.985069257060622 0.92 0.901960784313726 0.938775510204082 0.974789915966387 5 2 36 2 325.084
0.947867298578199 0.941176470588235 0.954128440366973 0.990915632307969 0.89 0.862745098039216 0.918367346938776 0.973189275710284 8 2 36 2 325.084
0.943127962085308 0.931372549019608 0.954128440366973 0.99172513041914 0.9 0.862745098039216 0.938775510204082 0.972789115646258 10 2 36 2 325.084
0.843601895734597 0.852941176470588 0.834862385321101 0.92372728908077 0.81 0.784313725490196 0.836734693877551 0.905962384953982 1 3 36 2 325.084
0.928909952606635 0.92156862745098 0.935779816513762 0.978143550998381 0.87 0.823529411764706 0.918367346938776 0.961184473789516 2 3 36 2 325.084
0.843601895734597 0.872549019607843 0.81651376146789 0.923367512142472 0.83 0.803921568627451 0.857142857142857 0.898759503801521 NA 1 36 3 650.509
0.947867298578199 0.941176470588235 0.954128440366973 0.984979312826048 0.92 0.901960784313726 0.938775510204082 0.974389755902361 5 2 36 3 650.509
0.947867298578199 0.941176470588235 0.954128440366973 0.989026803381903 0.89 0.862745098039216 0.918367346938776 0.975990396158463 8 2 36 3 650.509
0.947867298578199 0.941176470588235 0.954128440366973 0.989296636085627 0.89 0.862745098039216 0.918367346938776 0.976390556222489 10 2 36 3 650.509
0.829383886255924 0.843137254901961 0.81651376146789 0.921208850512682 0.81 0.784313725490196 0.836734693877551 0.898759503801521 1 3 36 3 650.509
0.933649289099526 0.931372549019608 0.935779816513762 0.97832343946753 0.89 0.843137254901961 0.938775510204082 0.968387354941977 2 3 36 3 650.509
