0.864429530201342 0.89030612244898 0.835694050991501 0.944715846678615 0.89 0.901960784313726 0.877551020408163 0.95718287314926 NA 1 38 1 1172.877
0.953020134228188 0.961734693877551 0.943342776203966 0.989427357345204 0.94 0.92156862745098 0.959183673469388 0.978791516606643 5 2 38 1 1172.877
0.955704697986577 0.964285714285714 0.946175637393768 0.989752558247095 0.93 0.901960784313726 0.959183673469388 0.980392156862745 8 2 38 1 1172.877
0.955704697986577 0.964285714285714 0.946175637393768 0.989911545354686 0.93 0.901960784313726 0.959183673469388 0.980792316926771 10 2 38 1 1172.877
0.867114093959731 0.895408163265306 0.835694050991501 0.944867607099497 0.89 0.901960784313726 0.877551020408163 0.958383353341337 1 3 38 1 1172.877
0.946308724832215 0.964285714285714 0.926345609065156 0.989694744753425 0.92 0.92156862745098 0.918367346938776 0.97719087635054 2 3 38 1 1172.877
0.864429530201342 0.887755102040816 0.838526912181303 0.944643579811528 0.88 0.882352941176471 0.877551020408163 0.957583033213285 NA 1 38 2 1057.288
0.953020134228188 0.961734693877551 0.943342776203966 0.989355090478118 0.94 0.92156862745098 0.959183673469388 0.97999199679872 5 2 38 2 1057.288
0.957046979865772 0.966836734693878 0.946175637393768 0.989680291380008 0.94 0.92156862745098 0.959183673469388 0.980392156862745 8 2 38 2 1057.288
0.957046979865772 0.966836734693878 0.946175637393768 0.98994045210152 0.93 0.901960784313726 0.959183673469388 0.980792316926771 10 2 38 2 1057.288
0.867114093959731 0.895408163265306 0.835694050991501 0.944809793605828 0.89 0.901960784313726 0.877551020408163 0.958383353341337 1 3 38 2 1057.288
0.946308724832215 0.964285714285714 0.926345609065156 0.989629704573047 0.92 0.92156862745098 0.918367346938776 0.977991196478591 2 3 38 2 1057.288
0.867114093959731 0.89030612244898 0.841359773371105 0.944809793605828 0.89 0.901960784313726 0.877551020408163 0.955182072829132 NA 1 38 3 2203.965
0.953020134228188 0.964285714285714 0.940509915014164 0.989680291380008 0.94 0.92156862745098 0.959183673469388 0.977991196478591 5 2 38 3 2203.965
0.953020134228188 0.961734693877551 0.943342776203966 0.989839278487599 0.93 0.901960784313726 0.959183673469388 0.97999199679872 8 2 38 3 2203.965
0.951677852348993 0.961734693877551 0.940509915014164 0.990034399028733 0.93 0.901960784313726 0.959183673469388 0.979591836734694 10 2 38 3 2203.965
0.871140939597315 0.900510204081633 0.838526912181303 0.944867607099497 0.9 0.92156862745098 0.877551020408163 0.955982392957183 1 3 38 3 2203.965
0.948993288590604 0.966836734693878 0.929178470254957 0.989608024512921 0.92 0.92156862745098 0.918367346938776 0.976390556222489 2 3 38 3 2203.965
