0.873417721518987 0.878048780487805 0.868421052631579 0.956354300385109 0.85 0.884615384615385 0.8125 0.943910256410256 NA 1 96 1 113.436
1 1 1 1 0.87 0.903846153846154 0.833333333333333 0.863982371794872 5 2 96 1 113.436
1 1 1 1 0.88 0.884615384615385 0.875 0.933894230769231 8 2 96 1 113.436
1 1 1 1 0.89 0.865384615384615 0.916666666666667 0.947115384615385 10 2 96 1 113.436
0.886075949367089 0.902439024390244 0.868421052631579 0.953786906290116 0.86 0.942307692307692 0.770833333333333 0.949519230769231 1 3 96 1 113.436
0.924050632911392 0.902439024390244 0.947368421052632 0.985879332477535 0.87 0.884615384615385 0.854166666666667 0.959535256410256 2 3 96 1 113.436
0.873417721518987 0.878048780487805 0.868421052631579 0.957637997432606 0.85 0.884615384615385 0.8125 0.943108974358974 NA 1 96 2 105.665
1 1 1 1 0.87 0.903846153846154 0.833333333333333 0.876001602564103 5 2 96 2 105.665
1 1 1 1 0.89 0.942307692307692 0.833333333333333 0.928285256410256 8 2 96 2 105.665
1 1 1 1 0.86 0.865384615384615 0.854166666666667 0.914463141025641 10 2 96 2 105.665
0.886075949367089 0.902439024390244 0.868421052631579 0.953786906290116 0.86 0.942307692307692 0.770833333333333 0.948317307692308 1 3 96 2 105.665
0.924050632911392 0.902439024390244 0.947368421052632 0.985879332477535 0.88 0.903846153846154 0.854166666666667 0.959535256410256 2 3 96 2 105.665
0.873417721518987 0.878048780487805 0.868421052631579 0.955712451861361 0.86 0.884615384615385 0.833333333333333 0.942708333333333 NA 1 96 3 193.509
1 1 1 1 0.86 0.903846153846154 0.8125 0.891426282051282 5 2 96 3 193.509
1 1 1 1 0.88 0.923076923076923 0.833333333333333 0.938902243589744 8 2 96 3 193.509
1 1 1 1 0.85 0.846153846153846 0.854166666666667 0.895032051282051 10 2 96 3 193.509
0.886075949367089 0.902439024390244 0.868421052631579 0.952503209242619 0.83 0.903846153846154 0.75 0.946714743589744 1 3 96 3 193.509
0.924050632911392 0.902439024390244 0.947368421052632 0.985237483953787 0.88 0.923076923076923 0.833333333333333 0.960336538461538 2 3 96 3 193.509
