0.8 0.823529411764706 0.782608695652174 0.907928388746803 0.88 0.843137254901961 0.918367346938776 0.937174869947979 NA 1 26 1 57.879
1 1 1 1 0.8 0.823529411764706 0.775510204081633 0.8359343737495 5 2 26 1 57.879
1 1 1 1 0.86 0.92156862745098 0.795918367346939 0.877951180472189 8 2 26 1 57.879
1 1 1 1 0.84 0.882352941176471 0.795918367346939 0.855542216886755 10 2 26 1 57.879
0.8 0.823529411764706 0.782608695652174 0.907928388746803 0.89 0.882352941176471 0.897959183673469 0.933573429371749 1 3 26 1 57.879
0.85 0.764705882352941 0.91304347826087 0.943734015345269 0.8 0.666666666666667 0.938775510204082 0.929571828731493 2 3 26 1 57.879
0.8 0.823529411764706 0.782608695652174 0.90537084398977 0.88 0.843137254901961 0.918367346938776 0.93797519007603 NA 1 26 2 101.152
1 1 1 1 0.85 0.862745098039216 0.836734693877551 0.868147258903561 5 2 26 2 101.152
1 1 1 1 0.85 0.882352941176471 0.816326530612245 0.869547819127651 8 2 26 2 101.152
1 1 1 1 0.74 0.823529411764706 0.653061224489796 0.780512204881953 10 2 26 2 101.152
0.8 0.823529411764706 0.782608695652174 0.910485933503836 0.89 0.882352941176471 0.897959183673469 0.934773909563826 1 3 26 2 101.152
0.875 0.823529411764706 0.91304347826087 0.946291560102302 0.81 0.686274509803922 0.938775510204082 0.929171668667467 2 3 26 2 101.152
0.8 0.823529411764706 0.782608695652174 0.907928388746803 0.88 0.843137254901961 0.918367346938776 0.936374549819928 NA 1 26 3 127.362
1 1 1 1 0.83 0.882352941176471 0.775510204081633 0.851740696278511 5 2 26 3 127.362
1 1 1 1 0.75 0.843137254901961 0.653061224489796 0.808323329331733 8 2 26 3 127.362
1 1 1 1 0.78 0.862745098039216 0.693877551020408 0.784313725490196 10 2 26 3 127.362
0.825 0.823529411764706 0.826086956521739 0.91304347826087 0.9 0.882352941176471 0.918367346938776 0.930372148859544 1 3 26 3 127.362
0.85 0.764705882352941 0.91304347826087 0.938618925831202 0.8 0.647058823529412 0.959183673469388 0.931172468987595 2 3 26 3 127.362
