0.830188679245283 0.833333333333333 0.827586206896552 0.925287356321839 0.88 0.804347826086957 0.944444444444444 0.915861513687601 NA 1 4 1 58.683
1 1 1 1 0.84 0.804347826086957 0.87037037037037 0.857286634460548 5 2 4 1 58.683
1 1 1 1 0.81 0.717391304347826 0.888888888888889 0.805756843800322 8 2 4 1 58.683
1 1 1 1 0.84 0.782608695652174 0.888888888888889 0.845813204508857 10 2 4 1 58.683
0.867924528301887 0.875 0.862068965517241 0.919540229885057 0.88 0.847826086956522 0.907407407407407 0.912238325281804 1 3 4 1 58.683
0.886792452830189 0.875 0.896551724137931 0.972701149425287 0.9 0.91304347826087 0.888888888888889 0.944847020933977 2 3 4 1 58.683
0.830188679245283 0.833333333333333 0.827586206896552 0.929597701149425 0.88 0.804347826086957 0.944444444444444 0.918276972624799 NA 1 4 2 60.515
1 1 1 1 0.82 0.717391304347826 0.907407407407407 0.821658615136876 5 2 4 2 60.515
1 1 1 1 0.82 0.760869565217391 0.87037037037037 0.844202898550725 8 2 4 2 60.515
1 1 1 1 0.82 0.717391304347826 0.907407407407407 0.82890499194847 10 2 4 2 60.515
0.867924528301887 0.875 0.862068965517241 0.922413793103448 0.88 0.847826086956522 0.907407407407407 0.912238325281803 1 3 4 2 60.515
0.886792452830189 0.875 0.896551724137931 0.972701149425287 0.89 0.891304347826087 0.888888888888889 0.944041867954911 2 3 4 2 60.515
0.849056603773585 0.875 0.827586206896552 0.931034482758621 0.86 0.760869565217391 0.944444444444444 0.912238325281803 NA 1 4 3 90.95
1 1 1 1 0.83 0.739130434782609 0.907407407407407 0.817834138486312 5 2 4 3 90.95
1 1 1 1 0.79 0.804347826086957 0.777777777777778 0.836553945249597 8 2 4 3 90.95
1 1 1 1 0.83 0.782608695652174 0.87037037037037 0.83695652173913 10 2 4 3 90.95
0.867924528301887 0.875 0.862068965517241 0.920977011494253 0.87 0.826086956521739 0.907407407407407 0.909017713365539 1 3 4 3 90.95
0.886792452830189 0.875 0.896551724137931 0.972701149425287 0.89 0.869565217391304 0.907407407407407 0.94524959742351 2 3 4 3 90.95
