0.846153846153846 0.833333333333333 0.857142857142857 0.923809523809524 0.8 0.86046511627907 0.754385964912281 0.91187270501836 NA 1 66 1 88.68
0.953846153846154 0.933333333333333 0.971428571428571 0.990476190476191 0.91 0.883720930232558 0.929824561403509 0.977560179518564 5 2 66 1 88.68
0.938461538461538 0.933333333333333 0.942857142857143 0.988571428571429 0.9 0.883720930232558 0.912280701754386 0.983272133822929 8 2 66 1 88.68
0.953846153846154 0.933333333333333 0.971428571428571 0.988571428571429 0.9 0.883720930232558 0.912280701754386 0.983272133822929 10 2 66 1 88.68
0.846153846153846 0.833333333333333 0.857142857142857 0.911428571428571 0.78 0.837209302325581 0.736842105263158 0.915544675642595 1 3 66 1 88.68
0.892307692307692 0.866666666666667 0.914285714285714 0.974285714285714 0.87 0.813953488372093 0.912280701754386 0.958384332925337 2 3 66 1 88.68
0.830769230769231 0.8 0.857142857142857 0.923809523809524 0.83 0.906976744186046 0.771929824561403 0.911056711546308 NA 1 66 2 76.316
0.953846153846154 0.933333333333333 0.971428571428571 0.990476190476191 0.91 0.883720930232558 0.929824561403509 0.977560179518564 5 2 66 2 76.316
0.938461538461538 0.933333333333333 0.942857142857143 0.988571428571429 0.9 0.883720930232558 0.912280701754386 0.982864137086903 8 2 66 2 76.316
0.953846153846154 0.933333333333333 0.971428571428571 0.988571428571429 0.9 0.883720930232558 0.912280701754386 0.983272133822929 10 2 66 2 76.316
0.846153846153846 0.833333333333333 0.857142857142857 0.913333333333333 0.79 0.837209302325581 0.754385964912281 0.916360669114647 1 3 66 2 76.316
0.892307692307692 0.866666666666667 0.914285714285714 0.973333333333333 0.86 0.790697674418605 0.912280701754386 0.959608323133415 2 3 66 2 76.316
0.846153846153846 0.833333333333333 0.857142857142857 0.922857142857143 0.76 0.790697674418605 0.736842105263158 0.905344757241942 NA 1 66 3 150.635
0.953846153846154 0.933333333333333 0.971428571428571 0.990476190476191 0.91 0.906976744186046 0.912280701754386 0.98000815993472 5 2 66 3 150.635
0.953846153846154 0.933333333333333 0.971428571428571 0.990476190476191 0.91 0.883720930232558 0.929824561403509 0.983680130558956 8 2 66 3 150.635
0.969230769230769 0.966666666666667 0.971428571428571 0.990476190476191 0.91 0.883720930232558 0.929824561403509 0.983272133822929 10 2 66 3 150.635
0.846153846153846 0.833333333333333 0.857142857142857 0.914285714285714 0.81 0.837209302325581 0.789473684210526 0.915136678906569 1 3 66 3 150.635
0.892307692307692 0.866666666666667 0.914285714285714 0.973333333333333 0.87 0.837209302325581 0.894736842105263 0.960016319869441 2 3 66 3 150.635
