0.853018372703412 0.864864864864865 0.841836734693878 0.938665195808053 0.85 0.918367346938776 0.784313725490196 0.941176470588235 NA 1 53 1 321.083
0.952755905511811 0.951351351351351 0.954081632653061 0.989189189189189 0.87 0.897959183673469 0.843137254901961 0.959183673469388 5 2 53 1 321.083
0.952755905511811 0.945945945945946 0.959183673469388 0.989189189189189 0.88 0.897959183673469 0.862745098039216 0.958783513405362 8 2 53 1 321.083
0.952755905511811 0.945945945945946 0.959183673469388 0.989106453392168 0.88 0.897959183673469 0.862745098039216 0.958783513405362 10 2 53 1 321.083
0.853018372703412 0.854054054054054 0.852040816326531 0.938775510204082 0.85 0.918367346938776 0.784313725490196 0.942376950780312 1 3 53 1 321.083
0.918635170603675 0.913513513513514 0.923469387755102 0.981412024269167 0.91 0.938775510204082 0.882352941176471 0.954781912765106 2 3 53 1 321.083
0.855643044619423 0.864864864864865 0.846938775510204 0.939023717595146 0.86 0.918367346938776 0.803921568627451 0.941976790716286 NA 1 53 2 288.04
0.950131233595801 0.951351351351351 0.948979591836735 0.989189189189189 0.88 0.918367346938776 0.843137254901961 0.958783513405362 5 2 53 2 288.04
0.952755905511811 0.945945945945946 0.959183673469388 0.988940981798125 0.88 0.897959183673469 0.862745098039216 0.958783513405362 8 2 53 2 288.04
0.952755905511811 0.945945945945946 0.959183673469388 0.989106453392168 0.89 0.918367346938776 0.862745098039216 0.958783513405362 10 2 53 2 288.04
0.855643044619423 0.859459459459459 0.852040816326531 0.938830667402096 0.85 0.918367346938776 0.784313725490196 0.941976790716286 1 3 53 2 288.04
0.921259842519685 0.918918918918919 0.923469387755102 0.981522338665196 0.91 0.938775510204082 0.882352941176471 0.953581432573029 2 3 53 2 288.04
0.853018372703412 0.859459459459459 0.846938775510204 0.938610038610039 0.86 0.938775510204082 0.784313725490196 0.942777110844338 NA 1 53 3 548.42
0.952755905511811 0.945945945945946 0.959183673469388 0.988940981798125 0.88 0.897959183673469 0.862745098039216 0.96078431372549 5 2 53 3 548.42
0.952755905511811 0.945945945945946 0.959183673469388 0.988747931605074 0.88 0.897959183673469 0.862745098039216 0.96078431372549 8 2 53 3 548.42
0.952755905511811 0.945945945945946 0.959183673469388 0.98869277440706 0.88 0.897959183673469 0.862745098039216 0.959983993597439 10 2 53 3 548.42
0.847769028871391 0.848648648648649 0.846938775510204 0.938223938223938 0.85 0.918367346938776 0.784313725490196 0.941576630652261 1 3 53 3 548.42
0.916010498687664 0.913513513513514 0.918367346938776 0.980860452289024 0.92 0.938775510204082 0.901960784313726 0.954781912765106 2 3 53 3 548.42
