0.75 0.785714285714286 0.71875 0.917410714285714 0.79 0.708333333333333 0.865384615384615 0.854166666666667 NA 1 5 1 80.42
1 1 1 1 0.72 0.541666666666667 0.884615384615385 0.738782051282051 5 2 5 1 80.42
1 1 1 1 0.74 0.541666666666667 0.923076923076923 0.787660256410256 8 2 5 1 80.42
1 1 1 1 0.73 0.541666666666667 0.903846153846154 0.7421875 10 2 5 1 80.42
0.766666666666667 0.857142857142857 0.6875 0.919642857142857 0.75 0.729166666666667 0.769230769230769 0.84775641025641 1 3 5 1 80.42
0.916666666666667 0.892857142857143 0.9375 0.978794642857143 0.8 0.645833333333333 0.942307692307692 0.873798076923077 2 3 5 1 80.42
0.783333333333333 0.857142857142857 0.71875 0.917410714285714 0.79 0.708333333333333 0.865384615384615 0.857371794871795 NA 1 5 2 68.34
1 1 1 1 0.72 0.479166666666667 0.942307692307692 0.740584935897436 5 2 5 2 68.34
1 1 1 1 0.67 0.4375 0.884615384615385 0.737179487179487 8 2 5 2 68.34
1 1 1 1 0.68 0.416666666666667 0.923076923076923 0.747596153846154 10 2 5 2 68.34
0.8 0.892857142857143 0.71875 0.917410714285714 0.78 0.75 0.807692307692308 0.844551282051282 1 3 5 2 68.34
0.916666666666667 0.928571428571429 0.90625 0.979910714285714 0.8 0.645833333333333 0.942307692307692 0.875 2 3 5 2 68.34
0.75 0.785714285714286 0.71875 0.918526785714286 0.78 0.708333333333333 0.846153846153846 0.856570512820513 NA 1 5 3 144.837
1 1 1 1 0.73 0.583333333333333 0.865384615384615 0.779246794871795 5 2 5 3 144.837
1 1 1 1 0.72 0.5625 0.865384615384615 0.766025641025641 8 2 5 3 144.837
1 1 1 1 0.73 0.5625 0.884615384615385 0.795673076923077 10 2 5 3 144.837
0.783333333333333 0.857142857142857 0.71875 0.918526785714286 0.76 0.729166666666667 0.788461538461538 0.842948717948718 1 3 5 3 144.837
0.9 0.928571428571429 0.875 0.986607142857143 0.81 0.666666666666667 0.942307692307692 0.869791666666667 2 3 5 3 144.837
