0.883333333333333 0.933333333333333 0.833333333333333 0.946666666666667 0.75 0.854545454545454 0.622222222222222 0.856969696969697 NA 1 94 1 75.019
1 1 1 1 0.72 0.709090909090909 0.733333333333333 0.74989898989899 5 2 94 1 75.019
1 1 1 1 0.7 0.763636363636364 0.622222222222222 0.731111111111111 8 2 94 1 75.019
1 1 1 1 0.72 0.763636363636364 0.666666666666667 0.753939393939394 10 2 94 1 75.019
0.916666666666667 0.933333333333333 0.9 0.943333333333333 0.74 0.854545454545454 0.6 0.847272727272727 1 3 94 1 75.019
0.916666666666667 0.933333333333333 0.9 0.976666666666667 0.74 0.781818181818182 0.688888888888889 0.831515151515152 2 3 94 1 75.019
0.883333333333333 0.933333333333333 0.833333333333333 0.945555555555556 0.75 0.854545454545454 0.622222222222222 0.856969696969697 NA 1 94 2 65.383
1 1 1 1 0.72 0.709090909090909 0.733333333333333 0.730505050505051 5 2 94 2 65.383
1 1 1 1 0.72 0.763636363636364 0.666666666666667 0.765656565656566 8 2 94 2 65.383
1 1 1 1 0.7 0.745454545454545 0.644444444444444 0.755959595959596 10 2 94 2 65.383
0.9 0.933333333333333 0.866666666666667 0.946666666666667 0.74 0.872727272727273 0.577777777777778 0.847676767676768 1 3 94 2 65.383
0.916666666666667 0.933333333333333 0.9 0.977777777777778 0.75 0.8 0.688888888888889 0.834747474747475 2 3 94 2 65.383
0.883333333333333 0.933333333333333 0.833333333333333 0.947777777777778 0.75 0.836363636363636 0.644444444444444 0.853737373737374 NA 1 94 3 125.566
1 1 1 1 0.68 0.763636363636364 0.577777777777778 0.688484848484849 5 2 94 3 125.566
0.983333333333333 1 0.966666666666667 1 0.71 0.8 0.6 0.773131313131313 8 2 94 3 125.566
1 1 1 1 0.74 0.763636363636364 0.711111111111111 0.772121212121212 10 2 94 3 125.566
0.916666666666667 0.933333333333333 0.9 0.942222222222222 0.73 0.836363636363636 0.6 0.84969696969697 1 3 94 3 125.566
0.916666666666667 0.933333333333333 0.9 0.978888888888889 0.74 0.781818181818182 0.688888888888889 0.821818181818182 2 3 94 3 125.566
