0.870689655172414 0.836538461538462 0.8984375 0.938701923076923 0.92 0.920634920634921 0.918918918918919 0.955812955812956 NA 1 33 1 265.863
0.90948275862069 0.903846153846154 0.9140625 0.983623798076923 0.95 0.952380952380952 0.945945945945946 0.988845988845989 5 2 33 1 265.863
0.935344827586207 0.923076923076923 0.9453125 0.987680288461538 0.97 0.968253968253968 0.972972972972973 0.984126984126984 8 2 33 1 265.863
0.922413793103448 0.903846153846154 0.9375 0.987379807692308 0.96 0.952380952380952 0.972972972972973 0.984984984984985 10 2 33 1 265.863
0.879310344827586 0.865384615384615 0.890625 0.938326322115385 0.91 0.920634920634921 0.891891891891892 0.956241956241956 1 3 33 1 265.863
0.90948275862069 0.875 0.9375 0.985576923076923 0.92 0.888888888888889 0.972972972972973 0.982410982410982 2 3 33 1 265.863
0.870689655172414 0.836538461538462 0.8984375 0.938551682692308 0.92 0.920634920634921 0.918918918918919 0.956241956241956 NA 1 33 2 306.84
0.90948275862069 0.903846153846154 0.9140625 0.983623798076923 0.95 0.952380952380952 0.945945945945946 0.988416988416988 5 2 33 2 306.84
0.935344827586207 0.923076923076923 0.9453125 0.987454927884615 0.97 0.968253968253968 0.972972972972973 0.984555984555985 8 2 33 2 306.84
0.918103448275862 0.903846153846154 0.9296875 0.986929086538462 0.96 0.952380952380952 0.972972972972973 0.985842985842986 10 2 33 2 306.84
0.879310344827586 0.865384615384615 0.890625 0.938251201923077 0.91 0.920634920634921 0.891891891891892 0.958386958386958 1 3 33 2 306.84
0.90948275862069 0.875 0.9375 0.9853515625 0.92 0.888888888888889 0.972972972972973 0.982410982410982 2 3 33 2 306.84
0.857758620689655 0.826923076923077 0.8828125 0.938326322115385 0.92 0.920634920634921 0.918918918918919 0.954096954096954 NA 1 33 3 496.844
0.90948275862069 0.894230769230769 0.921875 0.982346754807692 0.95 0.936507936507937 0.972972972972973 0.989274989274989 5 2 33 3 496.844
0.931034482758621 0.913461538461538 0.9453125 0.988131009615385 0.97 0.968253968253968 0.972972972972973 0.984126984126984 8 2 33 3 496.844
0.922413793103448 0.903846153846154 0.9375 0.987379807692308 0.95 0.952380952380952 0.945945945945946 0.984555984555985 10 2 33 3 496.844
0.883620689655172 0.865384615384615 0.8984375 0.936298076923077 0.91 0.920634920634921 0.891891891891892 0.954525954525955 1 3 33 3 496.844
0.905172413793103 0.875 0.9296875 0.983774038461538 0.93 0.904761904761905 0.972972972972973 0.981981981981982 2 3 33 3 496.844
