0.889380530973451 0.886178861788618 0.893203883495146 0.956271213197569 0.79 0.808510638297872 0.773584905660377 0.878362103572862 NA 1 98 1 285.741
0.942477876106195 0.943089430894309 0.941747572815534 0.98973873233878 0.89 0.936170212765957 0.849056603773585 0.97671617824167 5 2 98 1 285.741
0.938053097345133 0.943089430894309 0.932038834951456 0.990212329307759 0.89 0.936170212765957 0.849056603773585 0.973103171417102 8 2 98 1 285.741
0.938053097345133 0.943089430894309 0.932038834951456 0.990528060620412 0.89 0.936170212765957 0.849056603773585 0.973906061822561 10 2 98 1 285.741
0.898230088495575 0.910569105691057 0.883495145631068 0.955876549056753 0.77 0.808510638297872 0.735849056603774 0.877960658370132 1 3 98 1 285.741
0.951327433628319 0.951219512195122 0.951456310679612 0.989423001026127 0.83 0.872340425531915 0.792452830188679 0.949016459253312 2 3 98 1 285.741
0.893805309734513 0.894308943089431 0.893203883495146 0.956350146025732 0.79 0.808510638297872 0.773584905660377 0.879164993978322 NA 1 98 2 235.834
0.942477876106195 0.943089430894309 0.941747572815534 0.98973873233878 0.89 0.936170212765957 0.849056603773585 0.9771176234444 5 2 98 2 235.834
0.938053097345133 0.943089430894309 0.932038834951456 0.990212329307759 0.89 0.936170212765957 0.849056603773585 0.974307507025291 8 2 98 2 235.834
0.938053097345133 0.943089430894309 0.932038834951456 0.990606993448575 0.89 0.936170212765957 0.849056603773585 0.973906061822561 10 2 98 2 235.834
0.898230088495575 0.910569105691057 0.883495145631068 0.956350146025732 0.79 0.808510638297872 0.773584905660377 0.878763548775592 1 3 98 2 235.834
0.951327433628319 0.951219512195122 0.951456310679612 0.9892651353698 0.83 0.872340425531915 0.792452830188679 0.950220794861501 2 3 98 2 235.834
0.876106194690266 0.878048780487805 0.87378640776699 0.955876549056753 0.8 0.808510638297872 0.792452830188679 0.873946206342834 NA 1 98 3 452.32
0.942477876106195 0.943089430894309 0.941747572815534 0.989896597995106 0.89 0.936170212765957 0.849056603773585 0.978321959052589 5 2 98 3 452.32
0.942477876106195 0.943089430894309 0.941747572815534 0.990449127792249 0.89 0.936170212765957 0.849056603773585 0.975511842633481 8 2 98 3 452.32
0.938053097345133 0.943089430894309 0.932038834951456 0.990370194964086 0.89 0.936170212765957 0.849056603773585 0.97631473303894 10 2 98 3 452.32
0.889380530973451 0.910569105691057 0.864077669902913 0.954850422290631 0.78 0.808510638297872 0.754716981132076 0.875551987153753 1 3 98 3 452.32
0.946902654867257 0.951219512195122 0.941747572815534 0.989580866682453 0.83 0.872340425531915 0.792452830188679 0.951826575672421 2 3 98 3 452.32
