0.92156862745098 0.923076923076923 0.92 0.978461538461538 0.77 0.706896551724138 0.857142857142857 0.894499178981938 NA 1 23 1 57.413
1 1 1 1 0.75 0.758620689655172 0.738095238095238 0.811576354679803 5 2 23 1 57.413
1 1 1 1 0.86 0.879310344827586 0.833333333333333 0.911330049261084 8 2 23 1 57.413
1 1 1 1 0.83 0.775862068965517 0.904761904761905 0.860837438423645 10 2 23 1 57.413
0.882352941176471 1 0.76 0.975384615384615 0.76 0.758620689655172 0.761904761904762 0.895320197044335 1 3 23 1 57.413
0.980392156862745 1 0.96 0.998461538461539 0.83 0.896551724137931 0.738095238095238 0.92200328407225 2 3 23 1 57.413
0.92156862745098 0.923076923076923 0.92 0.98 0.79 0.724137931034483 0.880952380952381 0.902709359605911 NA 1 23 2 92.267
1 1 1 1 0.79 0.758620689655172 0.833333333333333 0.820197044334975 5 2 23 2 92.267
1 1 1 1 0.85 0.810344827586207 0.904761904761905 0.878694581280788 8 2 23 2 92.267
1 1 1 1 0.85 0.810344827586207 0.904761904761905 0.894499178981938 10 2 23 2 92.267
0.862745098039216 0.923076923076923 0.8 0.967692307692308 0.81 0.793103448275862 0.833333333333333 0.904351395730706 1 3 23 2 92.267
0.96078431372549 0.961538461538462 0.96 0.998461538461539 0.81 0.913793103448276 0.666666666666667 0.910919540229885 2 3 23 2 92.267
0.92156862745098 0.923076923076923 0.92 0.970769230769231 0.77 0.689655172413793 0.880952380952381 0.895320197044335 NA 1 23 3 108.663
1 1 1 1 0.88 0.827586206896552 0.952380952380952 0.943555008210181 5 2 23 3 108.663
1 1 1 1 0.86 0.793103448275862 0.952380952380952 0.907635467980296 8 2 23 3 108.663
1 1 1 1 0.82 0.741379310344828 0.928571428571429 0.872742200328407 10 2 23 3 108.663
0.862745098039216 0.961538461538462 0.76 0.969230769230769 0.79 0.775862068965517 0.80952380952381 0.897783251231527 1 3 23 3 108.663
0.96078431372549 0.961538461538462 0.96 0.998461538461539 0.81 0.913793103448276 0.666666666666667 0.912972085385878 2 3 23 3 108.663
