0.888888888888889 0.833333333333333 0.925925925925926 0.94238683127572 0.84 0.827586206896552 0.857142857142857 0.931034482758621 NA 1 45 1 39.062
1 1 1 1 0.9 0.896551724137931 0.904761904761905 0.917077175697865 5 2 45 1 39.062
1 1 1 1 0.78 0.827586206896552 0.714285714285714 0.838259441707718 8 2 45 1 39.062
1 1 1 1 0.89 0.879310344827586 0.904761904761905 0.899630541871921 10 2 45 1 39.062
0.888888888888889 0.888888888888889 0.888888888888889 0.932098765432099 0.81 0.827586206896552 0.785714285714286 0.927750410509031 1 3 45 1 39.062
0.933333333333333 0.888888888888889 0.962962962962963 0.979423868312757 0.87 0.810344827586207 0.952380952380952 0.94991789819376 2 3 45 1 39.062
0.888888888888889 0.833333333333333 0.925925925925926 0.94238683127572 0.8 0.827586206896552 0.761904761904762 0.928571428571429 NA 1 45 2 58.147
0.977777777777778 0.944444444444444 1 0.968106995884774 0.91 0.879310344827586 0.952380952380952 0.911535303776683 5 2 45 2 58.147
1 1 1 1 0.71 0.758620689655172 0.642857142857143 0.747331691297209 8 2 45 2 58.147
1 1 1 1 0.76 0.827586206896552 0.666666666666667 0.831486042692939 10 2 45 2 58.147
0.888888888888889 0.888888888888889 0.888888888888889 0.94238683127572 0.81 0.810344827586207 0.80952380952381 0.918308702791461 1 3 45 2 58.147
0.933333333333333 0.888888888888889 0.962962962962963 0.981481481481482 0.86 0.793103448275862 0.952380952380952 0.949096880131363 2 3 45 2 58.147
0.911111111111111 0.888888888888889 0.925925925925926 0.944444444444444 0.8 0.827586206896552 0.761904761904762 0.926518883415435 NA 1 45 3 70.149
1 1 1 1 0.89 0.879310344827586 0.904761904761905 0.908045977011494 5 2 45 3 70.149
1 1 1 1 0.89 0.913793103448276 0.857142857142857 0.893883415435139 8 2 45 3 70.149
1 1 1 1 0.89 0.862068965517241 0.928571428571429 0.919129720853859 10 2 45 3 70.149
0.888888888888889 0.888888888888889 0.888888888888889 0.94238683127572 0.79 0.793103448275862 0.785714285714286 0.912972085385878 1 3 45 3 70.149
0.933333333333333 0.888888888888889 0.962962962962963 0.983539094650206 0.85 0.775862068965517 0.952380952380952 0.947865353037767 2 3 45 3 70.149
