0.904109589041096 0.90625 0.902439024390244 0.96265243902439 0.81 0.787234042553192 0.830188679245283 0.932155760738659 NA 1 14 1 109.217
1 1 1 1 0.9 0.829787234042553 0.962264150943396 0.905861099959855 5 2 14 1 109.217
1 1 1 1 0.89 0.872340425531915 0.905660377358491 0.920313127258129 8 2 14 1 109.217
1 1 1 1 0.91 0.851063829787234 0.962264150943396 0.95262946607788 10 2 14 1 109.217
0.917808219178082 0.90625 0.926829268292683 0.957317073170732 0.81 0.787234042553192 0.830188679245283 0.922521075873143 1 3 14 1 109.217
0.931506849315068 0.9375 0.926829268292683 0.978658536585366 0.82 0.829787234042553 0.811320754716981 0.922119630670413 2 3 14 1 109.217
0.904109589041096 0.90625 0.902439024390244 0.96265243902439 0.81 0.808510638297872 0.811320754716981 0.932958651144119 NA 1 14 2 113.116
1 1 1 1 0.88 0.851063829787234 0.905660377358491 0.895222802087515 5 2 14 2 113.116
1 1 1 1 0.89 0.893617021276596 0.886792452830189 0.92934564431955 8 2 14 2 113.116
1 1 1 1 0.83 0.808510638297872 0.849056603773585 0.885588117221999 10 2 14 2 113.116
0.917808219178082 0.90625 0.926829268292683 0.957317073170732 0.82 0.808510638297872 0.830188679245283 0.922521075873143 1 3 14 2 113.116
0.931506849315068 0.9375 0.926829268292683 0.978658536585366 0.82 0.829787234042553 0.811320754716981 0.921316740264954 2 3 14 2 113.116
0.904109589041096 0.90625 0.902439024390244 0.960365853658537 0.81 0.787234042553192 0.830188679245283 0.932155760738659 NA 1 14 3 208.339
0.986301369863014 1 0.975609756097561 0.985518292682927 0.9 0.872340425531915 0.924528301886792 0.894821356884785 5 2 14 3 208.339
0.986301369863014 0.96875 1 0.98094512195122 0.88 0.808510638297872 0.943396226415094 0.904456041750301 8 2 14 3 208.339
1 1 1 1 0.95 0.914893617021277 0.981132075471698 0.955038137294259 10 2 14 3 208.339
0.917808219178082 0.90625 0.926829268292683 0.955792682926829 0.81 0.787234042553192 0.830188679245283 0.918908069048575 1 3 14 3 208.339
0.931506849315068 0.9375 0.926829268292683 0.982469512195122 0.82 0.829787234042553 0.811320754716981 0.924528301886792 2 3 14 3 208.339
