0.854304635761589 0.852941176470588 0.855421686746988 0.930014174344437 0.82 0.888888888888889 0.739130434782609 0.904589371980676 NA 1 98 1 97.868
1 1 1 1 0.85 0.851851851851852 0.847826086956522 0.85768921095008 5 2 98 1 97.868
0.986754966887417 1 0.975903614457831 0.993001417434444 0.86 0.87037037037037 0.847826086956522 0.868760064412238 8 2 98 1 97.868
1 1 1 1 0.83 0.87037037037037 0.782608695652174 0.835950080515298 10 2 98 1 97.868
0.847682119205298 0.838235294117647 0.855421686746988 0.929836995038979 0.82 0.87037037037037 0.760869565217391 0.898953301127214 1 3 98 1 97.868
0.960264900662252 0.970588235294118 0.951807228915663 0.992735648476258 0.84 0.907407407407407 0.760869565217391 0.923107890499195 2 3 98 1 97.868
0.841059602649007 0.823529411764706 0.855421686746988 0.926470588235294 0.81 0.87037037037037 0.739130434782609 0.896135265700483 NA 1 98 2 148.871
1 1 1 1 0.85 0.888888888888889 0.804347826086957 0.860507246376812 5 2 98 2 148.871
1 1 1 1 0.86 0.87037037037037 0.847826086956522 0.873389694041868 8 2 98 2 148.871
1 1 1 1 0.87 0.888888888888889 0.847826086956522 0.870571658615137 10 2 98 2 148.871
0.834437086092715 0.838235294117647 0.831325301204819 0.926647767540751 0.81 0.87037037037037 0.739130434782609 0.884863123993559 1 3 98 2 148.871
0.966887417218543 0.970588235294118 0.963855421686747 0.99202693125443 0.84 0.907407407407407 0.760869565217391 0.925925925925926 2 3 98 2 148.871
0.841059602649007 0.823529411764706 0.855421686746988 0.925407512402551 0.8 0.851851851851852 0.739130434782609 0.900161030595813 NA 1 98 3 214.709
1 1 1 1 0.87 0.87037037037037 0.869565217391304 0.8756038647343 5 2 98 3 214.709
1 1 1 1 0.84 0.87037037037037 0.804347826086957 0.854871175523349 8 2 98 3 214.709
1 1 1 1 0.86 0.888888888888889 0.826086956521739 0.853059581320451 10 2 98 3 214.709
0.841059602649007 0.852941176470588 0.831325301204819 0.921332388377038 0.8 0.851851851851852 0.739130434782609 0.890096618357488 1 3 98 3 214.709
0.966887417218543 0.970588235294118 0.963855421686747 0.992558469170801 0.84 0.907407407407407 0.760869565217391 0.925925925925926 2 3 98 3 214.709
