0.861975642760487 0.876288659793814 0.846153846153846 0.927460569213147 0.9 0.943396226415094 0.851063829787234 0.951826575672421 NA 1 77 1 1890.735
0.93234100135318 0.935567010309278 0.928774928774929 0.986063382970599 0.91 0.962264150943396 0.851063829787234 0.977920513849859 5 2 77 1 1890.735
0.933694181326116 0.938144329896907 0.928774928774929 0.986232267160102 0.91 0.943396226415094 0.872340425531915 0.978723404255319 8 2 77 1 1890.735
0.935047361299053 0.940721649484536 0.928774928774929 0.986327723441126 0.91 0.943396226415094 0.872340425531915 0.979124849458049 10 2 77 1 1890.735
0.860622462787551 0.878865979381443 0.84045584045584 0.927108115252445 0.9 0.943396226415094 0.851063829787234 0.950220794861501 1 3 77 1 1890.735
0.941813261163735 0.945876288659794 0.937321937321937 0.984602167591858 0.91 0.962264150943396 0.851063829787234 0.974708952228021 2 3 77 1 1890.735
0.866035182679296 0.878865979381443 0.851851851851852 0.927915822245719 0.9 0.943396226415094 0.851063829787234 0.951425130469691 NA 1 77 2 1468.253
0.93234100135318 0.935567010309278 0.928774928774929 0.986034011807208 0.91 0.962264150943396 0.851063829787234 0.97751906864713 5 2 77 2 1468.253
0.933694181326116 0.938144329896907 0.928774928774929 0.986246952741798 0.91 0.943396226415094 0.872340425531915 0.978723404255319 8 2 77 2 1468.253
0.935047361299053 0.940721649484536 0.928774928774929 0.98627632390519 0.91 0.943396226415094 0.872340425531915 0.979124849458049 10 2 77 2 1468.253
0.860622462787551 0.873711340206186 0.846153846153846 0.926997973389726 0.89 0.924528301886792 0.851063829787234 0.95343235648334 1 3 77 2 1468.253
0.940460081190798 0.945876288659794 0.934472934472934 0.98438188386642 0.91 0.962264150943396 0.851063829787234 0.97591328783621 2 3 77 2 1468.253
0.863328822733424 0.876288659793814 0.849002849002849 0.92812876318031 0.9 0.943396226415094 0.851063829787234 0.95262946607788 NA 1 77 3 3240.366
0.936400541271989 0.940721649484536 0.931623931623932 0.986070725761447 0.91 0.962264150943396 0.851063829787234 0.97671617824167 5 2 77 3 3240.366
0.935047361299053 0.940721649484536 0.928774928774929 0.986217581578406 0.91 0.943396226415094 0.872340425531915 0.97751906864713 8 2 77 3 3240.366
0.937753721244926 0.943298969072165 0.931623931623932 0.986335066231973 0.91 0.943396226415094 0.872340425531915 0.977920513849859 10 2 77 3 3240.366
0.866035182679296 0.884020618556701 0.846153846153846 0.9272696566511 0.91 0.943396226415094 0.872340425531915 0.95262946607788 1 3 77 3 3240.366
0.940460081190798 0.940721649484536 0.94017094017094 0.984778394572209 0.92 0.962264150943396 0.872340425531915 0.974307507025291 2 3 77 3 3240.366
