0.884057971014493 0.862068965517241 0.9 0.96551724137931 0.72 0.604651162790698 0.807017543859649 0.83108935128519 NA 1 35 1 35.866
1 1 1 1 0.75 0.604651162790698 0.859649122807018 0.760097919216646 5 2 35 1 35.866
1 1 1 1 0.65 0.651162790697674 0.649122807017544 0.705834353325173 8 2 35 1 35.866
1 1 1 1 0.77 0.651162790697674 0.859649122807018 0.80640554875561 10 2 35 1 35.866
0.91304347826087 0.896551724137931 0.925 0.95948275862069 0.76 0.674418604651163 0.824561403508772 0.860057119543044 1 3 35 1 35.866
0.956521739130435 1 0.925 0.995689655172414 0.82 0.744186046511628 0.87719298245614 0.890248878008976 2 3 35 1 35.866
0.898550724637681 0.862068965517241 0.925 0.960344827586207 0.74 0.697674418604651 0.771929824561403 0.838025295797634 NA 1 35 2 49.57
1 1 1 1 0.85 0.720930232558139 0.947368421052632 0.852101183190535 5 2 35 2 49.57
1 1 1 1 0.7 0.651162790697674 0.736842105263158 0.762545899632803 8 2 35 2 49.57
1 1 1 1 0.74 0.581395348837209 0.859649122807018 0.772745818033456 10 2 35 2 49.57
0.898550724637681 0.862068965517241 0.925 0.958620689655172 0.77 0.720930232558139 0.807017543859649 0.860873113015096 1 3 35 2 49.57
0.956521739130435 1 0.925 0.995689655172414 0.85 0.790697674418605 0.894736842105263 0.895144838841289 2 3 35 2 49.57
0.898550724637681 0.862068965517241 0.925 0.962068965517241 0.73 0.651162790697674 0.789473684210526 0.835169318645451 NA 1 35 3 70.634
1 1 1 1 0.8 0.674418604651163 0.894736842105263 0.817421460628315 5 2 35 3 70.634
1 1 1 1 0.81 0.674418604651163 0.912280701754386 0.812321501427989 8 2 35 3 70.634
1 1 1 1 0.79 0.651162790697674 0.894736842105263 0.817625458996328 10 2 35 3 70.634
0.91304347826087 0.896551724137931 0.925 0.958620689655172 0.78 0.720930232558139 0.824561403508772 0.863729090167279 1 3 35 3 70.634
0.956521739130435 1 0.925 0.996551724137931 0.82 0.767441860465116 0.859649122807018 0.893512851897185 2 3 35 3 70.634
