0.857723577235772 0.874666666666667 0.840220385674931 0.938343434343434 0.88 1 0.777777777777778 0.966183574879227 NA 1 73 1 1226.741
0.932249322493225 0.928 0.9366391184573 0.981707988980716 0.94 1 0.888888888888889 0.985909822866345 5 2 73 1 1226.741
0.93360433604336 0.930666666666667 0.9366391184573 0.981796143250689 0.94 1 0.888888888888889 0.986312399355878 8 2 73 1 1226.741
0.93360433604336 0.930666666666667 0.9366391184573 0.982156106519743 0.93 1 0.87037037037037 0.986714975845411 10 2 73 1 1226.741
0.861788617886179 0.874666666666667 0.848484848484849 0.938262626262626 0.91 1 0.833333333333333 0.966183574879227 1 3 73 1 1226.741
0.930894308943089 0.933333333333333 0.928374655647383 0.981370064279155 0.91 0.978260869565217 0.851851851851852 0.983091787439614 2 3 73 1 1226.741
0.861788617886179 0.872 0.851239669421488 0.93793204775023 0.87 0.978260869565217 0.777777777777778 0.965780998389694 NA 1 73 2 1421.288
0.929539295392954 0.925333333333333 0.933884297520661 0.981641873278237 0.94 1 0.888888888888889 0.985104669887279 5 2 73 2 1421.288
0.932249322493225 0.928 0.9366391184573 0.981730027548209 0.94 1 0.888888888888889 0.986312399355878 8 2 73 2 1421.288
0.932249322493225 0.928 0.9366391184573 0.981818181818182 0.93 1 0.87037037037037 0.986714975845411 10 2 73 2 1421.288
0.863143631436314 0.88 0.845730027548209 0.937902662993572 0.88 1 0.777777777777778 0.968196457326892 1 3 73 2 1421.288
0.929539295392954 0.938666666666667 0.920110192837466 0.9815463728191 0.91 0.978260869565217 0.851851851851852 0.982689210950081 2 3 73 2 1421.288
0.861788617886179 0.872 0.851239669421488 0.938262626262626 0.87 0.978260869565217 0.777777777777778 0.965780998389694 NA 1 73 3 2279.275
0.930894308943089 0.928 0.933884297520661 0.981450872359963 0.94 1 0.888888888888889 0.984299516908213 5 2 73 3 2279.275
0.932249322493225 0.928 0.9366391184573 0.981450872359963 0.94 1 0.888888888888889 0.985507246376812 8 2 73 3 2279.275
0.932249322493225 0.928 0.9366391184573 0.981737373737374 0.94 1 0.888888888888889 0.985909822866345 10 2 73 3 2279.275
0.868563685636856 0.88 0.856749311294766 0.937763085399449 0.89 1 0.796296296296296 0.968599033816425 1 3 73 3 2279.275
0.929539295392954 0.938666666666667 0.920110192837466 0.98125987144169 0.91 0.978260869565217 0.851851851851852 0.982689210950081 2 3 73 3 2279.275
