0.875 0.862745098039216 0.885245901639344 0.932417229186757 0.83 0.772727272727273 0.875 0.869318181818182 NA 1 93 1 261.382
0.950892857142857 0.941176470588235 0.959016393442623 0.98392799742848 0.88 0.886363636363636 0.875 0.935470779220779 5 2 93 1 261.382
0.950892857142857 0.941176470588235 0.959016393442623 0.984008357441337 0.88 0.863636363636364 0.892857142857143 0.937094155844156 8 2 93 1 261.382
0.950892857142857 0.941176470588235 0.959016393442623 0.98424943747991 0.88 0.863636363636364 0.892857142857143 0.938717532467532 10 2 93 1 261.382
0.866071428571429 0.862745098039216 0.868852459016393 0.931211828993893 0.82 0.772727272727273 0.857142857142857 0.871347402597403 1 3 93 1 261.382
0.955357142857143 0.950980392156863 0.959016393442623 0.976936676309868 0.83 0.772727272727273 0.875 0.912743506493507 2 3 93 1 261.382
0.879464285714286 0.872549019607843 0.885245901639344 0.93297974927676 0.83 0.772727272727273 0.875 0.870535714285714 NA 1 93 2 304.401
0.950892857142857 0.941176470588235 0.959016393442623 0.98392799742848 0.88 0.886363636363636 0.875 0.935064935064935 5 2 93 2 304.401
0.950892857142857 0.941176470588235 0.959016393442623 0.984088717454195 0.88 0.863636363636364 0.892857142857143 0.936688311688312 8 2 93 2 304.401
0.950892857142857 0.941176470588235 0.959016393442623 0.984410157505625 0.88 0.863636363636364 0.892857142857143 0.938311688311688 10 2 93 2 304.401
0.870535714285714 0.862745098039216 0.877049180327869 0.931613629058181 0.83 0.772727272727273 0.875 0.872970779220779 1 3 93 2 304.401
0.955357142857143 0.950980392156863 0.959016393442623 0.977017036322726 0.83 0.772727272727273 0.875 0.912743506493507 2 3 93 2 304.401
0.892857142857143 0.882352941176471 0.901639344262295 0.933783349405336 0.81 0.727272727272727 0.875 0.864448051948052 NA 1 93 3 445.107
0.946428571428571 0.931372549019608 0.959016393442623 0.984088717454195 0.88 0.886363636363636 0.875 0.935470779220779 5 2 93 3 445.107
0.950892857142857 0.941176470588235 0.959016393442623 0.984410157505625 0.88 0.863636363636364 0.892857142857143 0.935876623376623 8 2 93 3 445.107
0.950892857142857 0.941176470588235 0.959016393442623 0.984972677595628 0.88 0.863636363636364 0.892857142857143 0.936282467532468 10 2 93 3 445.107
0.888392857142857 0.882352941176471 0.89344262295082 0.93297974927676 0.81 0.75 0.857142857142857 0.866883116883117 1 3 93 3 445.107
0.955357142857143 0.950980392156863 0.959016393442623 0.977017036322726 0.84 0.795454545454545 0.875 0.913149350649351 2 3 93 3 445.107
