0.891246684350133 0.9 0.882352941176471 0.941035744441317 0.86 0.877551020408163 0.843137254901961 0.962785114045618 NA 1 27 1 705.878
0.928381962864722 0.931578947368421 0.925133689839572 0.979763580073178 0.97 0.979591836734694 0.96078431372549 0.997599039615846 5 2 27 1 705.878
0.928381962864722 0.931578947368421 0.925133689839572 0.981283422459893 0.97 0.979591836734694 0.96078431372549 0.997999199679872 8 2 27 1 705.878
0.941644562334218 0.942105263157895 0.941176470588235 0.98359133126935 0.97 0.979591836734694 0.96078431372549 0.997999199679872 10 2 27 1 705.878
0.883289124668435 0.889473684210526 0.877005347593583 0.941035744441317 0.88 0.897959183673469 0.862745098039216 0.963585434173669 1 3 27 1 705.878
0.928381962864722 0.947368421052632 0.909090909090909 0.981790036588798 0.94 0.938775510204082 0.941176470588235 0.985994397759104 2 3 27 1 705.878
0.891246684350133 0.9 0.882352941176471 0.941457922882072 0.86 0.897959183673469 0.823529411764706 0.963985594237695 NA 1 27 2 514.324
0.928381962864722 0.931578947368421 0.925133689839572 0.979960596678863 0.97 0.979591836734694 0.96078431372549 0.997599039615846 5 2 27 2 514.324
0.931034482758621 0.936842105263158 0.925133689839572 0.981198986771742 0.97 0.979591836734694 0.96078431372549 0.997999199679872 8 2 27 2 514.324
0.944297082228117 0.942105263157895 0.946524064171123 0.983703912186884 0.97 0.979591836734694 0.96078431372549 0.997999199679872 10 2 27 2 514.324
0.877984084880637 0.894736842105263 0.86096256684492 0.941486068111455 0.89 0.918367346938776 0.862745098039216 0.964785914365746 1 3 27 2 514.324
0.931034482758621 0.947368421052632 0.914438502673797 0.982099634112018 0.94 0.938775510204082 0.941176470588235 0.986394557823129 2 3 27 2 514.324
0.891246684350133 0.9 0.882352941176471 0.941148325358852 0.87 0.897959183673469 0.843137254901961 0.961584633853541 NA 1 27 3 1166.865
0.928381962864722 0.931578947368421 0.925133689839572 0.979904306220096 0.97 0.979591836734694 0.96078431372549 0.997599039615846 5 2 27 3 1166.865
0.928381962864722 0.931578947368421 0.925133689839572 0.981367858148044 0.97 0.979591836734694 0.96078431372549 0.997999199679872 8 2 27 3 1166.865
0.952254641909814 0.952631578947368 0.951871657754011 0.983647621728117 0.97 0.979591836734694 0.96078431372549 0.997599039615846 10 2 27 3 1166.865
0.877984084880637 0.9 0.855614973262032 0.94036025893611 0.88 0.897959183673469 0.862745098039216 0.963585434173669 1 3 27 3 1166.865
0.928381962864722 0.947368421052632 0.909090909090909 0.982099634112018 0.94 0.938775510204082 0.941176470588235 0.985994397759104 2 3 27 3 1166.865
