0.859249329758713 0.853723404255319 0.864864864864865 0.934373202990224 0.82 0.839285714285714 0.795454545454545 0.918019480519481 NA 1 43 1 721.308
0.931635388739946 0.930851063829787 0.932432432432432 0.983287809085681 0.92 0.964285714285714 0.863636363636364 0.943993506493506 5 2 43 1 721.308
0.934316353887399 0.933510638297872 0.935135135135135 0.983963484761357 0.91 0.964285714285714 0.840909090909091 0.94237012987013 8 2 43 1 721.308
0.932975871313673 0.933510638297872 0.932432432432432 0.983985048878666 0.91 0.964285714285714 0.840909090909091 0.944805194805195 10 2 43 1 721.308
0.857908847184987 0.853723404255319 0.862162162162162 0.934322886716504 0.83 0.857142857142857 0.795454545454545 0.920454545454545 1 3 43 1 721.308
0.927613941018767 0.928191489361702 0.927027027027027 0.983546578493387 0.93 0.982142857142857 0.863636363636364 0.957792207792208 2 3 43 1 721.308
0.86058981233244 0.856382978723404 0.864864864864865 0.934833237492812 0.82 0.839285714285714 0.795454545454545 0.918831168831169 NA 1 43 2 708.464
0.931635388739946 0.930851063829787 0.932432432432432 0.983352501437608 0.92 0.964285714285714 0.863636363636364 0.943181818181818 5 2 43 2 708.464
0.934316353887399 0.933510638297872 0.935135135135135 0.983956296722254 0.91 0.964285714285714 0.840909090909091 0.942775974025974 8 2 43 2 708.464
0.934316353887399 0.933510638297872 0.935135135135135 0.984042553191489 0.91 0.964285714285714 0.840909090909091 0.943587662337662 10 2 43 2 708.464
0.859249329758713 0.853723404255319 0.864864864864865 0.934782921219091 0.83 0.857142857142857 0.795454545454545 0.918831168831169 1 3 43 2 708.464
0.927613941018767 0.928191489361702 0.927027027027027 0.983510638297872 0.93 0.982142857142857 0.863636363636364 0.958198051948052 2 3 43 2 708.464
0.85254691689008 0.848404255319149 0.856756756756757 0.93313686026452 0.83 0.857142857142857 0.795454545454545 0.916396103896104 NA 1 43 3 1417.23
0.932975871313673 0.933510638297872 0.932432432432432 0.983625646923519 0.91 0.964285714285714 0.840909090909091 0.943181818181818 5 2 43 3 1417.23
0.935656836461126 0.936170212765957 0.935135135135135 0.984222254169063 0.91 0.964285714285714 0.840909090909091 0.941964285714286 8 2 43 3 1417.23
0.934316353887399 0.936170212765957 0.932432432432432 0.984243818286372 0.91 0.964285714285714 0.840909090909091 0.944805194805195 10 2 43 3 1417.23
0.853887399463807 0.851063829787234 0.856756756756757 0.932849338700403 0.83 0.857142857142857 0.795454545454545 0.915584415584416 1 3 43 3 1417.23
0.928954423592493 0.933510638297872 0.924324324324324 0.983467510063255 0.92 0.964285714285714 0.863636363636364 0.956168831168831 2 3 43 3 1417.23
