0.853658536585366 0.794117647058823 0.895833333333333 0.917279411764706 0.8 0.818181818181818 0.785714285714286 0.920048701298701 NA 1 43 1 75.584
0.939024390243902 0.941176470588235 0.9375 0.990196078431373 0.83 0.772727272727273 0.875 0.917613636363636 5 2 43 1 75.584
0.963414634146341 0.941176470588235 0.979166666666667 0.990808823529412 0.84 0.772727272727273 0.892857142857143 0.93262987012987 8 2 43 1 75.584
0.951219512195122 0.941176470588235 0.958333333333333 0.991421568627451 0.83 0.772727272727273 0.875 0.935876623376623 10 2 43 1 75.584
0.853658536585366 0.764705882352941 0.916666666666667 0.916666666666667 0.84 0.795454545454545 0.875 0.919237012987013 1 3 43 1 75.584
0.939024390243902 0.882352941176471 0.979166666666667 0.974877450980392 0.91 0.863636363636364 0.946428571428571 0.96875 2 3 43 1 75.584
0.853658536585366 0.794117647058823 0.895833333333333 0.917892156862745 0.8 0.818181818181818 0.785714285714286 0.92086038961039 NA 1 43 2 90.996
0.963414634146341 0.941176470588235 0.979166666666667 0.985906862745098 0.87 0.840909090909091 0.892857142857143 0.955357142857143 5 2 43 2 90.996
0.963414634146341 0.941176470588235 0.979166666666667 0.990808823529412 0.84 0.772727272727273 0.892857142857143 0.936282467532468 8 2 43 2 90.996
0.951219512195122 0.941176470588235 0.958333333333333 0.991421568627451 0.84 0.772727272727273 0.892857142857143 0.9375 10 2 43 2 90.996
0.853658536585366 0.764705882352941 0.916666666666667 0.915441176470588 0.84 0.795454545454545 0.875 0.924918831168831 1 3 43 2 90.996
0.939024390243902 0.882352941176471 0.979166666666667 0.975490196078431 0.91 0.863636363636364 0.946428571428571 0.968344155844156 2 3 43 2 90.996
0.841463414634146 0.764705882352941 0.895833333333333 0.922794117647059 0.81 0.840909090909091 0.785714285714286 0.916396103896104 NA 1 43 3 116.787
0.939024390243902 0.941176470588235 0.9375 0.990808823529412 0.83 0.772727272727273 0.875 0.921266233766234 5 2 43 3 116.787
0.951219512195122 0.941176470588235 0.958333333333333 0.990196078431373 0.84 0.772727272727273 0.892857142857143 0.931412337662338 8 2 43 3 116.787
0.951219512195122 0.941176470588235 0.958333333333333 0.990808823529412 0.84 0.772727272727273 0.892857142857143 0.936282467532468 10 2 43 3 116.787
0.853658536585366 0.764705882352941 0.916666666666667 0.916053921568627 0.85 0.795454545454545 0.892857142857143 0.926136363636364 1 3 43 3 116.787
0.939024390243902 0.882352941176471 0.979166666666667 0.976102941176471 0.91 0.863636363636364 0.946428571428571 0.966720779220779 2 3 43 3 116.787
