0.844660194174757 0.848484848484849 0.841121495327103 0.92372321344284 0.8 0.770833333333333 0.826923076923077 0.88261217948718 NA 1 2 1 293.417
0.970873786407767 0.96969696969697 0.97196261682243 0.996223921457566 0.89 0.875 0.903846153846154 0.951121794871795 5 2 2 1 293.417
0.980582524271845 0.97979797979798 0.981308411214953 0.997639950910979 0.89 0.854166666666667 0.923076923076923 0.950320512820513 8 2 2 1 293.417
0.985436893203884 0.97979797979798 0.990654205607477 0.998111960728783 0.89 0.854166666666667 0.923076923076923 0.954326923076923 10 2 2 1 293.417
0.868932038834951 0.888888888888889 0.850467289719626 0.922212782025866 0.83 0.8125 0.846153846153846 0.891826923076923 1 3 2 1 293.417
0.946601941747573 0.929292929292929 0.962616822429907 0.988671764372699 0.83 0.75 0.903846153846154 0.942708333333333 2 3 2 1 293.417
0.854368932038835 0.858585858585859 0.850467289719626 0.923817615406401 0.81 0.791666666666667 0.826923076923077 0.881810897435897 NA 1 2 2 187.332
0.970873786407767 0.96969696969697 0.97196261682243 0.996129519494006 0.9 0.875 0.923076923076923 0.952323717948718 5 2 2 2 187.332
0.980582524271845 0.97979797979798 0.981308411214953 0.997639950910979 0.9 0.875 0.923076923076923 0.949919871794872 8 2 2 2 187.332
0.985436893203884 0.97979797979798 0.990654205607477 0.998111960728783 0.9 0.875 0.923076923076923 0.954727564102564 10 2 2 2 187.332
0.868932038834951 0.888888888888889 0.850467289719626 0.922967997734353 0.79 0.75 0.826923076923077 0.887019230769231 1 3 2 2 187.332
0.946601941747573 0.929292929292929 0.962616822429907 0.988482960445577 0.83 0.75 0.903846153846154 0.944711538461538 2 3 2 2 187.332
0.854368932038835 0.848484848484849 0.85981308411215 0.923912017369961 0.8 0.770833333333333 0.826923076923077 0.885817307692308 NA 1 2 3 435.043
0.970873786407767 0.96969696969697 0.97196261682243 0.996223921457566 0.89 0.875 0.903846153846154 0.950721153846154 5 2 2 3 435.043
0.985436893203884 0.98989898989899 0.981308411214953 0.997828754838101 0.9 0.875 0.923076923076923 0.950721153846154 8 2 2 3 435.043
0.990291262135922 0.98989898989899 0.990654205607477 0.998300764655905 0.91 0.895833333333333 0.923076923076923 0.954326923076923 10 2 2 3 435.043
0.854368932038835 0.888888888888889 0.822429906542056 0.923440007552157 0.82 0.8125 0.826923076923077 0.893028846153846 1 3 2 3 435.043
0.951456310679612 0.929292929292929 0.97196261682243 0.989049372226942 0.83 0.770833333333333 0.884615384615385 0.944310897435897 2 3 2 3 435.043
