0.823529411764706 0.788732394366197 0.853658536585366 0.918584678804535 0.8 0.830188679245283 0.765957446808511 0.917302288237656 NA 1 91 1 134.818
0.888888888888889 0.873239436619718 0.902439024390244 0.964960494675369 0.9 0.867924528301887 0.936170212765957 0.961059815335207 5 2 91 1 134.818
0.882352941176471 0.873239436619718 0.890243902439024 0.965819306080385 0.9 0.867924528301887 0.936170212765957 0.959052589321558 8 2 91 1 134.818
0.882352941176471 0.873239436619718 0.890243902439024 0.966506355204397 0.89 0.849056603773585 0.936170212765957 0.957848253713368 10 2 91 1 134.818
0.856209150326797 0.859154929577465 0.853658536585366 0.918412916523531 0.81 0.849056603773585 0.765957446808511 0.925732637494982 1 3 91 1 134.818
0.888888888888889 0.859154929577465 0.914634146341463 0.967365166609413 0.88 0.905660377358491 0.851063829787234 0.921316740264954 2 3 91 1 134.818
0.823529411764706 0.788732394366197 0.853658536585366 0.918756441085538 0.8 0.811320754716981 0.787234042553192 0.914893617021277 NA 1 91 2 110.054
0.888888888888889 0.873239436619718 0.902439024390244 0.964616970113363 0.9 0.867924528301887 0.936170212765957 0.960658370132477 5 2 91 2 110.054
0.882352941176471 0.873239436619718 0.890243902439024 0.965991068361388 0.89 0.849056603773585 0.936170212765957 0.959855479727017 8 2 91 2 110.054
0.882352941176471 0.873239436619718 0.890243902439024 0.966506355204397 0.89 0.849056603773585 0.936170212765957 0.958249698916098 10 2 91 2 110.054
0.869281045751634 0.873239436619718 0.865853658536585 0.918069391961525 0.81 0.849056603773585 0.765957446808511 0.924528301886792 1 3 91 2 110.054
0.882352941176471 0.859154929577465 0.902439024390244 0.96719340432841 0.88 0.905660377358491 0.851063829787234 0.921718185467684 2 3 91 2 110.054
0.816993464052288 0.788732394366197 0.841463414634146 0.917554105118516 0.81 0.811320754716981 0.808510638297872 0.912886391007627 NA 1 91 3 256.98
0.882352941176471 0.873239436619718 0.890243902439024 0.965991068361388 0.9 0.867924528301887 0.936170212765957 0.958651144118828 5 2 91 3 256.98
0.882352941176471 0.873239436619718 0.890243902439024 0.967021642047406 0.89 0.867924528301887 0.914893617021277 0.957848253713368 8 2 91 3 256.98
0.882352941176471 0.873239436619718 0.890243902439024 0.96719340432841 0.89 0.849056603773585 0.936170212765957 0.957848253713368 10 2 91 3 256.98
0.856209150326797 0.845070422535211 0.865853658536585 0.915836482308485 0.82 0.849056603773585 0.787234042553192 0.919309514251305 1 3 91 3 256.98
0.888888888888889 0.859154929577465 0.914634146341463 0.968739264857437 0.85 0.867924528301887 0.829787234042553 0.921718185467684 2 3 91 3 256.98
