0.961038961038961 0.9375 0.977777777777778 0.991666666666667 0.88 0.847826086956522 0.907407407407407 0.926328502415459 NA 1 71 1 74.646
1 1 1 1 0.81 0.760869565217391 0.851851851851852 0.838768115942029 5 2 71 1 74.646
1 1 1 1 0.87 0.847826086956522 0.888888888888889 0.887479871175523 8 2 71 1 74.646
1 1 1 1 0.77 0.673913043478261 0.851851851851852 0.801932367149758 10 2 71 1 74.646
0.935064935064935 0.90625 0.955555555555556 0.986111111111111 0.85 0.804347826086957 0.888888888888889 0.922705314009662 1 3 71 1 74.646
0.961038961038961 0.9375 0.977777777777778 0.995138888888889 0.86 0.804347826086957 0.907407407407407 0.894122383252818 2 3 71 1 74.646
0.961038961038961 0.9375 0.977777777777778 0.992361111111111 0.85 0.782608695652174 0.907407407407407 0.924315619967794 NA 1 71 2 83.997
1 1 1 1 0.81 0.804347826086957 0.814814814814815 0.8329307568438 5 2 71 2 83.997
1 1 1 1 0.86 0.847826086956522 0.87037037037037 0.877415458937198 8 2 71 2 83.997
1 1 1 1 0.86 0.869565217391304 0.851851851851852 0.890499194847021 10 2 71 2 83.997
0.948051948051948 0.9375 0.955555555555556 0.990972222222222 0.84 0.782608695652174 0.888888888888889 0.918679549114332 1 3 71 2 83.997
0.961038961038961 0.9375 0.977777777777778 0.995833333333333 0.86 0.804347826086957 0.907407407407407 0.900563607085346 2 3 71 2 83.997
0.935064935064935 0.90625 0.955555555555556 0.990972222222222 0.85 0.804347826086957 0.888888888888889 0.920692431561997 NA 1 71 3 145.249
0.87012987012987 0.8125 0.911111111111111 0.848611111111111 0.8 0.760869565217391 0.833333333333333 0.797101449275362 5 2 71 3 145.249
1 1 1 1 0.83 0.826086956521739 0.833333333333333 0.850644122383253 8 2 71 3 145.249
1 1 1 1 0.83 0.804347826086957 0.851851851851852 0.857890499194847 10 2 71 3 145.249
0.948051948051948 0.9375 0.955555555555556 0.990277777777778 0.84 0.760869565217391 0.907407407407407 0.920289855072464 1 3 71 3 145.249
0.961038961038961 0.9375 0.977777777777778 0.995138888888889 0.86 0.804347826086957 0.907407407407407 0.892914653784219 2 3 71 3 145.249
