0.882352941176471 0.9 0.864864864864865 0.959295659295659 0.84 0.842105263157895 0.837209302325581 0.895552835577315 NA 1 87 1 393.239
0.959276018099548 0.963636363636364 0.954954954954955 0.997051597051597 0.91 0.947368421052632 0.86046511627907 0.968176254589963 5 2 87 1 393.239
1 1 1 1 0.88 0.929824561403509 0.813953488372093 0.889432884536924 8 2 87 1 393.239
1 1 1 1 0.88 0.929824561403509 0.813953488372093 0.878212974296206 10 2 87 1 393.239
0.882352941176471 0.9 0.864864864864865 0.959459459459459 0.85 0.859649122807018 0.837209302325581 0.893512851897185 1 3 87 1 393.239
0.95475113122172 0.954545454545455 0.954954954954955 0.993529893529894 0.84 0.859649122807018 0.813953488372093 0.945328437372501 2 3 87 1 393.239
0.882352941176471 0.9 0.864864864864865 0.959295659295659 0.85 0.859649122807018 0.837209302325581 0.89718482252142 NA 1 87 2 349.428
0.959276018099548 0.963636363636364 0.954954954954955 0.996969696969697 0.91 0.947368421052632 0.86046511627907 0.968584251325989 5 2 87 2 349.428
1 1 1 1 0.87 0.929824561403509 0.790697674418605 0.864137086903305 8 2 87 2 349.428
1 1 1 1 0.89 0.947368421052632 0.813953488372093 0.902488780089759 10 2 87 2 349.428
0.882352941176471 0.9 0.864864864864865 0.95962325962326 0.85 0.859649122807018 0.837209302325581 0.895960832313341 1 3 87 2 349.428
0.95475113122172 0.954545454545455 0.954954954954955 0.993366093366093 0.84 0.859649122807018 0.813953488372093 0.946552427580579 2 3 87 2 349.428
0.886877828054299 0.9 0.873873873873874 0.95986895986896 0.85 0.859649122807018 0.837209302325581 0.898000815993472 NA 1 87 3 672.152
0.959276018099548 0.963636363636364 0.954954954954955 0.996887796887797 0.91 0.947368421052632 0.86046511627907 0.966952264381885 5 2 87 3 672.152
1 1 1 1 0.86 0.929824561403509 0.767441860465116 0.874949000407997 8 2 87 3 672.152
1 1 1 1 0.85 0.912280701754386 0.767441860465116 0.876580987352101 10 2 87 3 672.152
0.882352941176471 0.9 0.864864864864865 0.96044226044226 0.85 0.859649122807018 0.837209302325581 0.895144838841289 1 3 87 3 672.152
0.950226244343891 0.954545454545455 0.945945945945946 0.993857493857494 0.85 0.859649122807018 0.837209302325581 0.945328437372501 2 3 87 3 672.152
