0.895104895104895 0.897058823529412 0.893333333333333 0.960980392156863 0.91 0.888888888888889 0.927272727272727 0.947474747474747 NA 1 93 1 143.768
1 1 1 1 0.93 0.888888888888889 0.963636363636364 0.936565656565656 5 2 93 1 143.768
1 1 1 1 0.94 0.888888888888889 0.981818181818182 0.946262626262626 8 2 93 1 143.768
1 1 1 1 0.94 0.911111111111111 0.963636363636364 0.955757575757576 10 2 93 1 143.768
0.888111888111888 0.897058823529412 0.88 0.958627450980392 0.9 0.888888888888889 0.909090909090909 0.937373737373737 1 3 93 1 143.768
0.972027972027972 0.970588235294118 0.973333333333333 0.996274509803922 0.93 0.911111111111111 0.945454545454545 0.977373737373737 2 3 93 1 143.768
0.895104895104895 0.897058823529412 0.893333333333333 0.96078431372549 0.91 0.888888888888889 0.927272727272727 0.944242424242424 NA 1 93 2 112.572
1 1 1 1 0.92 0.866666666666667 0.963636363636364 0.925454545454545 5 2 93 2 112.572
1 1 1 1 0.94 0.888888888888889 0.981818181818182 0.946262626262626 8 2 93 2 112.572
1 1 1 1 0.94 0.888888888888889 0.981818181818182 0.934343434343434 10 2 93 2 112.572
0.888111888111888 0.897058823529412 0.88 0.957843137254902 0.9 0.888888888888889 0.909090909090909 0.936969696969697 1 3 93 2 112.572
0.972027972027972 0.970588235294118 0.973333333333333 0.996078431372549 0.93 0.911111111111111 0.945454545454545 0.977373737373737 2 3 93 2 112.572
0.895104895104895 0.897058823529412 0.893333333333333 0.960980392156863 0.9 0.888888888888889 0.909090909090909 0.946262626262626 NA 1 93 3 224.758
1 1 1 1 0.95 0.911111111111111 0.981818181818182 0.946464646464646 5 2 93 3 224.758
1 1 1 1 0.94 0.911111111111111 0.963636363636364 0.937373737373737 8 2 93 3 224.758
1 1 1 1 0.94 0.888888888888889 0.981818181818182 0.935151515151515 10 2 93 3 224.758
0.888111888111888 0.882352941176471 0.893333333333333 0.958039215686275 0.9 0.888888888888889 0.909090909090909 0.935353535353535 1 3 93 3 224.758
0.965034965034965 0.970588235294118 0.96 0.996078431372549 0.93 0.911111111111111 0.945454545454545 0.977373737373737 2 3 93 3 224.758
