0.869565217391304 0.909090909090909 0.833333333333333 0.941287878787879 0.76 0.636363636363636 0.857142857142857 0.875 NA 1 42 1 57.501
1 1 1 1 0.77 0.795454545454545 0.75 0.796672077922078 5 2 42 1 57.501
1 1 1 1 0.77 0.681818181818182 0.839285714285714 0.82224025974026 8 2 42 1 57.501
1 1 1 1 0.66 0.75 0.589285714285714 0.731939935064935 10 2 42 1 57.501
0.891304347826087 0.909090909090909 0.875 0.931818181818182 0.8 0.75 0.839285714285714 0.881899350649351 1 3 42 1 57.501
0.956521739130435 0.909090909090909 1 0.994318181818182 0.82 0.704545454545455 0.910714285714286 0.913149350649351 2 3 42 1 57.501
0.869565217391304 0.909090909090909 0.833333333333333 0.941287878787879 0.77 0.636363636363636 0.875 0.876623376623377 NA 1 42 2 61.539
0.934782608695652 0.909090909090909 0.958333333333333 0.992424242424242 0.9 0.863636363636364 0.928571428571429 0.939123376623377 5 2 42 2 61.539
1 1 1 1 0.58 0.704545454545455 0.482142857142857 0.618303571428571 8 2 42 2 61.539
0.978260869565217 0.954545454545455 1 0.963068181818182 0.8 0.772727272727273 0.821428571428571 0.852069805194805 10 2 42 2 61.539
0.891304347826087 0.909090909090909 0.875 0.926136363636364 0.8 0.75 0.839285714285714 0.883522727272727 1 3 42 2 61.539
0.956521739130435 0.909090909090909 1 0.994318181818182 0.82 0.704545454545455 0.910714285714286 0.913961038961039 2 3 42 2 61.539
0.869565217391304 0.909090909090909 0.833333333333333 0.945075757575758 0.77 0.636363636363636 0.875 0.866477272727273 NA 1 42 3 101.387
0.91304347826087 0.909090909090909 0.916666666666667 0.992424242424242 0.87 0.818181818181818 0.910714285714286 0.935470779220779 5 2 42 3 101.387
1 1 1 1 0.66 0.772727272727273 0.571428571428571 0.701704545454546 8 2 42 3 101.387
1 1 1 1 0.83 0.795454545454545 0.857142857142857 0.85349025974026 10 2 42 3 101.387
0.891304347826087 0.909090909090909 0.875 0.924242424242424 0.79 0.727272727272727 0.839285714285714 0.872159090909091 1 3 42 3 101.387
0.956521739130435 0.909090909090909 1 0.994318181818182 0.79 0.659090909090909 0.892857142857143 0.894074675324675 2 3 42 3 101.387
