0.849056603773585 0.867724867724868 0.82967032967033 0.928600500029071 0.85 0.872340425531915 0.830188679245283 0.932155760738659 NA 1 20 1 585.606
0.935309973045822 0.947089947089947 0.923076923076923 0.981394267108553 0.9 0.872340425531915 0.924528301886792 0.963468486551586 5 2 20 1 585.606
0.932614555256065 0.936507936507937 0.928571428571429 0.985144485144485 0.91 0.893617021276596 0.924528301886792 0.962665596146126 8 2 20 1 585.606
0.929919137466307 0.936507936507937 0.923076923076923 0.984795627652771 0.91 0.893617021276596 0.924528301886792 0.962264150943396 10 2 20 1 585.606
0.849056603773585 0.867724867724868 0.82967032967033 0.928396999825571 0.87 0.893617021276596 0.849056603773585 0.933360096346849 1 3 20 1 585.606
0.921832884097035 0.925925925925926 0.917582417582418 0.981539624396767 0.86 0.851063829787234 0.867924528301887 0.947410678442393 2 3 20 1 585.606
0.846361185983827 0.867724867724868 0.824175824175824 0.928542357113786 0.85 0.872340425531915 0.830188679245283 0.934965877157768 NA 1 20 2 534.92
0.935309973045822 0.947089947089947 0.923076923076923 0.981481481481482 0.9 0.872340425531915 0.924528301886792 0.963067041348856 5 2 20 2 534.92
0.932614555256065 0.936507936507937 0.928571428571429 0.984533984533985 0.91 0.893617021276596 0.924528301886792 0.962665596146126 8 2 20 2 534.92
0.929919137466307 0.936507936507937 0.923076923076923 0.984621198906913 0.91 0.893617021276596 0.924528301886792 0.962665596146126 10 2 20 2 534.92
0.851752021563342 0.867724867724868 0.835164835164835 0.928077213791499 0.88 0.893617021276596 0.867924528301887 0.935367322360498 1 3 20 2 534.92
0.919137466307278 0.920634920634921 0.917582417582418 0.98156869585441 0.86 0.851063829787234 0.867924528301887 0.949016459253312 2 3 20 2 534.92
0.851752021563342 0.873015873015873 0.82967032967033 0.929298215012501 0.84 0.851063829787234 0.830188679245283 0.934162986752308 NA 1 20 3 1005.178
0.932614555256065 0.947089947089947 0.917582417582418 0.981423338566196 0.9 0.872340425531915 0.924528301886792 0.964271376957045 5 2 20 3 1005.178
0.929919137466307 0.931216931216931 0.928571428571429 0.984737484737485 0.91 0.893617021276596 0.924528301886792 0.962264150943396 8 2 20 3 1005.178
0.929919137466307 0.931216931216931 0.928571428571429 0.984563055991627 0.91 0.893617021276596 0.924528301886792 0.960658370132477 10 2 20 3 1005.178
0.849056603773585 0.862433862433862 0.835164835164835 0.928251642537357 0.87 0.893617021276596 0.849056603773585 0.934564431955038 1 3 20 3 1005.178
0.924528301886792 0.931216931216931 0.917582417582418 0.981452410023839 0.86 0.851063829787234 0.867924528301887 0.949417904456042 2 3 20 3 1005.178
