0.866666666666667 0.909090909090909 0.806451612903226 0.912756598240469 0.83 0.8 0.854545454545454 0.921212121212121 NA 1 41 1 121.288
0.933333333333333 0.931818181818182 0.935483870967742 0.986803519061584 0.84 0.866666666666667 0.818181818181818 0.945858585858586 5 2 41 1 121.288
0.933333333333333 0.931818181818182 0.935483870967742 0.989736070381232 0.85 0.822222222222222 0.872727272727273 0.93979797979798 8 2 41 1 121.288
1 1 1 1 0.82 0.755555555555556 0.872727272727273 0.854949494949495 10 2 41 1 121.288
0.853333333333333 0.909090909090909 0.774193548387097 0.907624633431085 0.85 0.911111111111111 0.8 0.928080808080808 1 3 41 1 121.288
0.92 0.954545454545455 0.870967741935484 0.971407624633431 0.86 0.844444444444444 0.872727272727273 0.937777777777778 2 3 41 1 121.288
0.866666666666667 0.909090909090909 0.806451612903226 0.913489736070381 0.83 0.822222222222222 0.836363636363636 0.922828282828283 NA 1 41 2 103.255
0.933333333333333 0.931818181818182 0.935483870967742 0.986803519061584 0.85 0.866666666666667 0.836363636363636 0.947474747474747 5 2 41 2 103.255
0.933333333333333 0.931818181818182 0.935483870967742 0.98900293255132 0.86 0.844444444444444 0.872727272727273 0.942222222222222 8 2 41 2 103.255
0.933333333333333 0.931818181818182 0.935483870967742 0.987536656891496 0.86 0.844444444444444 0.872727272727273 0.94020202020202 10 2 41 2 103.255
0.853333333333333 0.909090909090909 0.774193548387097 0.906891495601173 0.85 0.911111111111111 0.8 0.927676767676768 1 3 41 2 103.255
0.92 0.954545454545455 0.870967741935484 0.972873900293255 0.85 0.844444444444444 0.854545454545454 0.938585858585859 2 3 41 2 103.255
0.866666666666667 0.909090909090909 0.806451612903226 0.909824046920821 0.84 0.8 0.872727272727273 0.918383838383838 NA 1 41 3 193.688
0.933333333333333 0.931818181818182 0.935483870967742 0.986803519061584 0.84 0.866666666666667 0.818181818181818 0.947474747474747 5 2 41 3 193.688
0.933333333333333 0.931818181818182 0.935483870967742 0.990469208211144 0.86 0.844444444444444 0.872727272727273 0.94020202020202 8 2 41 3 193.688
0.946666666666667 0.931818181818182 0.967741935483871 0.956744868035191 0.79 0.755555555555556 0.818181818181818 0.80040404040404 10 2 41 3 193.688
0.853333333333333 0.909090909090909 0.774193548387097 0.907624633431085 0.85 0.911111111111111 0.8 0.925656565656566 1 3 41 3 193.688
0.92 0.954545454545455 0.870967741935484 0.970674486803519 0.85 0.822222222222222 0.872727272727273 0.937373737373737 2 3 41 3 193.688
