0.830769230769231 0.84375 0.818181818181818 0.933712121212121 0.77 0.693877551020408 0.843137254901961 0.854741896758703 NA 1 30 1 97.015
1 1 1 1 0.85 0.836734693877551 0.862745098039216 0.860544217687075 5 2 30 1 97.015
1 1 1 1 0.85 0.836734693877551 0.862745098039216 0.887154861944778 8 2 30 1 97.015
0.984615384615385 1 0.96969696969697 0.998106060606061 0.67 0.775510204081633 0.568627450980392 0.696678671468587 10 2 30 1 97.015
0.846153846153846 0.84375 0.848484848484849 0.914772727272727 0.81 0.795918367346939 0.823529411764706 0.878351340536214 1 3 30 1 97.015
0.953846153846154 0.9375 0.96969696969697 0.994318181818182 0.82 0.775510204081633 0.862745098039216 0.893957583033213 2 3 30 1 97.015
0.846153846153846 0.84375 0.848484848484849 0.933712121212121 0.77 0.693877551020408 0.843137254901961 0.857142857142857 NA 1 30 2 153.098
1 1 1 1 0.84 0.857142857142857 0.823529411764706 0.880952380952381 5 2 30 2 153.098
1 1 1 1 0.86 0.836734693877551 0.882352941176471 0.877751100440176 8 2 30 2 153.098
1 1 1 1 0.85 0.836734693877551 0.862745098039216 0.856342537014806 10 2 30 2 153.098
0.861538461538462 0.875 0.848484848484849 0.911931818181818 0.8 0.775510204081633 0.823529411764706 0.876350540216086 1 3 30 2 153.098
0.953846153846154 0.9375 0.96969696969697 0.992424242424242 0.82 0.775510204081633 0.862745098039216 0.896758703481393 2 3 30 2 153.098
0.846153846153846 0.84375 0.848484848484849 0.930871212121212 0.76 0.693877551020408 0.823529411764706 0.854341736694678 NA 1 30 3 179.265
1 1 1 1 0.84 0.795918367346939 0.882352941176471 0.861544617847139 5 2 30 3 179.265
0.984615384615385 1 0.96969696969697 0.976325757575758 0.81 0.857142857142857 0.764705882352941 0.834333733493397 8 2 30 3 179.265
1 1 1 1 0.74 0.775510204081633 0.705882352941177 0.795518207282913 10 2 30 3 179.265
0.846153846153846 0.84375 0.848484848484849 0.909090909090909 0.81 0.795918367346939 0.823529411764706 0.878351340536214 1 3 30 3 179.265
0.953846153846154 0.9375 0.96969696969697 0.993371212121212 0.82 0.775510204081633 0.862745098039216 0.892356942777111 2 3 30 3 179.265
