0.892857142857143 0.880597014925373 0.904109589041096 0.936209364138213 0.85 0.891304347826087 0.814814814814815 0.922705314009662 NA 1 73 1 198.411
0.914285714285714 0.925373134328358 0.904109589041096 0.981189940707422 0.91 0.956521739130435 0.87037037037037 0.968196457326892 5 2 73 1 198.411
0.914285714285714 0.925373134328358 0.904109589041096 0.983234512369659 0.91 0.956521739130435 0.87037037037037 0.97061191626409 8 2 73 1 198.411
0.935714285714286 0.925373134328358 0.945205479452055 0.989777141688816 0.91 0.91304347826087 0.907407407407407 0.975442834138486 10 2 73 1 198.411
0.885714285714286 0.880597014925373 0.89041095890411 0.931302392148845 0.83 0.869565217391304 0.796296296296296 0.90780998389694 1 3 73 1 198.411
0.928571428571429 0.925373134328358 0.931506849315068 0.976896340216725 0.87 0.869565217391304 0.87037037037037 0.952898550724638 2 3 73 1 198.411
0.892857142857143 0.865671641791045 0.917808219178082 0.935187078307095 0.85 0.891304347826087 0.814814814814815 0.926731078904992 NA 1 73 2 158.604
0.914285714285714 0.925373134328358 0.904109589041096 0.980985483541198 0.91 0.956521739130435 0.87037037037037 0.968599033816425 5 2 73 2 158.604
0.914285714285714 0.925373134328358 0.904109589041096 0.981803312206093 0.92 0.956521739130435 0.888888888888889 0.971014492753623 8 2 73 2 158.604
0.921428571428571 0.925373134328358 0.917808219178082 0.982825598037211 0.91 0.934782608695652 0.888888888888889 0.970209339774557 10 2 73 2 158.604
0.885714285714286 0.880597014925373 0.89041095890411 0.931506849315068 0.83 0.869565217391304 0.796296296296296 0.909822866344606 1 3 73 2 158.604
0.921428571428571 0.925373134328358 0.917808219178082 0.977305254549172 0.87 0.869565217391304 0.87037037037037 0.95450885668277 2 3 73 2 158.604
0.9 0.880597014925373 0.917808219178082 0.933755878143529 0.85 0.869565217391304 0.833333333333333 0.917471819645733 NA 1 73 3 275.821
0.914285714285714 0.925373134328358 0.904109589041096 0.979758740543856 0.91 0.956521739130435 0.87037037037037 0.968599033816425 5 2 73 3 275.821
0.914285714285714 0.925373134328358 0.904109589041096 0.980576569208751 0.91 0.956521739130435 0.87037037037037 0.967391304347826 8 2 73 3 275.821
0.921428571428571 0.925373134328358 0.917808219178082 0.984870169699448 0.91 0.956521739130435 0.87037037037037 0.975845410628019 10 2 73 3 275.821
0.892857142857143 0.895522388059702 0.89041095890411 0.929871191985279 0.82 0.847826086956522 0.796296296296296 0.901368760064412 1 3 73 3 275.821
0.928571428571429 0.925373134328358 0.931506849315068 0.976896340216725 0.87 0.869565217391304 0.87037037037037 0.948067632850242 2 3 73 3 275.821
