0.872727272727273 0.913978494623656 0.819444444444444 0.94205495818399 0.81 0.862745098039216 0.755102040816326 0.925970388155262 NA 1 90 1 239.831
0.933333333333333 0.946236559139785 0.916666666666667 0.978195937873357 0.92 0.941176470588235 0.897959183673469 0.973189275710284 5 2 90 1 239.831
0.921212121212121 0.935483870967742 0.902777777777778 0.977747909199522 0.93 0.96078431372549 0.897959183673469 0.975590236094438 8 2 90 1 239.831
0.933333333333333 0.946236559139785 0.916666666666667 0.980884109916368 0.91 0.96078431372549 0.857142857142857 0.974389755902361 10 2 90 1 239.831
0.872727272727273 0.913978494623656 0.819444444444444 0.944295101553166 0.81 0.862745098039216 0.755102040816326 0.930372148859544 1 3 90 1 239.831
0.927272727272727 0.935483870967742 0.916666666666667 0.977449223416965 0.86 0.862745098039216 0.857142857142857 0.951580632252901 2 3 90 1 239.831
0.872727272727273 0.913978494623656 0.819444444444444 0.941905615292712 0.8 0.843137254901961 0.755102040816326 0.924769907963185 NA 1 90 2 231.947
0.933333333333333 0.946236559139785 0.916666666666667 0.978345280764636 0.92 0.941176470588235 0.897959183673469 0.971588635454182 5 2 90 2 231.947
0.927272727272727 0.935483870967742 0.916666666666667 0.977598566308244 0.92 0.941176470588235 0.897959183673469 0.974389755902361 8 2 90 2 231.947
0.927272727272727 0.946236559139785 0.902777777777778 0.981780167264038 0.9 0.941176470588235 0.857142857142857 0.971988795518207 10 2 90 2 231.947
0.866666666666667 0.903225806451613 0.819444444444444 0.944593787335723 0.81 0.862745098039216 0.755102040816326 0.930772308923569 1 3 90 2 231.947
0.927272727272727 0.935483870967742 0.916666666666667 0.977299880525687 0.86 0.862745098039216 0.857142857142857 0.95078031212485 2 3 90 2 231.947
0.866666666666667 0.903225806451613 0.819444444444444 0.942353643966547 0.81 0.862745098039216 0.755102040816326 0.931972789115646 NA 1 90 3 422.613
0.927272727272727 0.935483870967742 0.916666666666667 0.978046594982079 0.92 0.941176470588235 0.897959183673469 0.973989595838335 5 2 90 3 422.613
0.921212121212121 0.935483870967742 0.902777777777778 0.978195937873357 0.93 0.96078431372549 0.897959183673469 0.977991196478591 8 2 90 3 422.613
0.951515151515152 0.956989247311828 0.944444444444444 0.9834229390681 0.9 0.96078431372549 0.836734693877551 0.97719087635054 10 2 90 3 422.613
0.872727272727273 0.913978494623656 0.819444444444444 0.94115890083632 0.82 0.882352941176471 0.755102040816326 0.935174069627851 1 3 90 3 422.613
0.921212121212121 0.924731182795699 0.916666666666667 0.977299880525687 0.89 0.901960784313726 0.877551020408163 0.95438175270108 2 3 90 3 422.613
