0.942857142857143 0.939393939393939 0.945945945945946 0.991809991809992 0.86 0.883333333333333 0.825 0.9225 NA 1 84 1 96.378
1 1 1 1 0.84 0.85 0.825 0.888333333333333 5 2 84 1 96.378
1 1 1 1 0.85 0.866666666666667 0.825 0.895833333333333 8 2 84 1 96.378
1 1 1 1 0.86 0.85 0.875 0.908541666666667 10 2 84 1 96.378
0.928571428571429 0.939393939393939 0.918918918918919 0.984438984438984 0.81 0.8 0.825 0.915 1 3 84 1 96.378
0.971428571428571 0.96969696969697 0.972972972972973 0.997542997542998 0.86 0.833333333333333 0.9 0.954583333333333 2 3 84 1 96.378
0.942857142857143 0.939393939393939 0.945945945945946 0.990990990990991 0.87 0.883333333333333 0.85 0.9225 NA 1 84 2 96.695
1 1 1 1 0.86 0.866666666666667 0.85 0.875833333333333 5 2 84 2 96.695
1 1 1 1 0.86 0.866666666666667 0.85 0.88 8 2 84 2 96.695
1 1 1 1 0.86 0.866666666666667 0.85 0.88 10 2 84 2 96.695
0.928571428571429 0.939393939393939 0.918918918918919 0.984438984438984 0.82 0.816666666666667 0.825 0.914583333333333 1 3 84 2 96.695
0.971428571428571 0.96969696969697 0.972972972972973 0.997542997542998 0.87 0.85 0.9 0.955416666666667 2 3 84 2 96.695
0.957142857142857 0.939393939393939 0.972972972972973 0.994266994266994 0.84 0.85 0.825 0.901666666666667 NA 1 84 3 167.624
1 1 1 1 0.84 0.833333333333333 0.85 0.891458333333333 5 2 84 3 167.624
1 1 1 1 0.87 0.866666666666667 0.875 0.877083333333333 8 2 84 3 167.624
1 1 1 1 0.86 0.85 0.875 0.875416666666667 10 2 84 3 167.624
0.928571428571429 0.939393939393939 0.918918918918919 0.984438984438984 0.81 0.783333333333333 0.85 0.916666666666667 1 3 84 3 167.624
0.971428571428571 0.96969696969697 0.972972972972973 0.996723996723997 0.87 0.833333333333333 0.925 0.956666666666667 2 3 84 3 167.624
