0.866666666666667 0.848167539267016 0.885869565217391 0.925221944001821 0.9 0.9 0.9 0.9732 NA 1 17 1 348.424
0.914666666666667 0.926701570680628 0.902173913043478 0.984407011154109 0.95 0.92 0.98 0.9884 5 2 17 1 348.424
0.917333333333333 0.931937172774869 0.902173913043478 0.984976098338265 0.94 0.92 0.96 0.99 8 2 17 1 348.424
0.917333333333333 0.926701570680628 0.907608695652174 0.985346005007967 0.94 0.92 0.96 0.9892 10 2 17 1 348.424
0.850666666666667 0.853403141361257 0.847826086956522 0.92470976553608 0.91 0.9 0.92 0.974 1 3 17 1 348.424
0.930666666666667 0.93717277486911 0.923913043478261 0.985089915775097 0.92 0.9 0.94 0.9792 2 3 17 1 348.424
0.866666666666667 0.848167539267016 0.885869565217391 0.925335761438652 0.91 0.9 0.92 0.9732 NA 1 17 2 421.21
0.914666666666667 0.926701570680628 0.902173913043478 0.984321648076485 0.95 0.92 0.98 0.9884 5 2 17 2 421.21
0.914666666666667 0.926701570680628 0.902173913043478 0.98517527885272 0.94 0.92 0.96 0.99 8 2 17 2 421.21
0.917333333333333 0.926701570680628 0.907608695652174 0.985516731163214 0.94 0.92 0.96 0.9892 10 2 17 2 421.21
0.856 0.858638743455497 0.853260869565217 0.924880491691327 0.91 0.9 0.92 0.9744 1 3 17 2 421.21
0.930666666666667 0.93717277486911 0.923913043478261 0.985118370134305 0.93 0.9 0.96 0.9784 2 3 17 2 421.21
0.856 0.853403141361257 0.858695652173913 0.924425221944002 0.91 0.9 0.92 0.9724 NA 1 17 3 702.82
0.914666666666667 0.926701570680628 0.902173913043478 0.983695652173913 0.95 0.92 0.98 0.9892 5 2 17 3 702.82
0.917333333333333 0.931937172774869 0.902173913043478 0.984549282950148 0.95 0.92 0.98 0.9908 8 2 17 3 702.82
0.917333333333333 0.931937172774869 0.902173913043478 0.984833826542226 0.94 0.92 0.96 0.9904 10 2 17 3 702.82
0.858666666666667 0.853403141361257 0.864130434782609 0.924368313225586 0.91 0.9 0.92 0.9732 1 3 17 3 702.82
0.930666666666667 0.93717277486911 0.923913043478261 0.984179376280446 0.95 0.92 0.98 0.9808 2 3 17 3 702.82
