0.935064935064935 0.903225806451613 0.956521739130435 0.989481065918654 0.9 0.830188679245283 0.978723404255319 0.95262946607788 NA 1 7 1 109.363
1 1 1 1 0.89 0.849056603773585 0.936170212765957 0.925531914893617 5 2 7 1 109.363
1 1 1 1 0.89 0.849056603773585 0.936170212765957 0.916298675230831 8 2 7 1 109.363
1 1 1 1 0.89 0.849056603773585 0.936170212765957 0.916298675230831 10 2 7 1 109.363
0.922077922077922 0.903225806451613 0.934782608695652 0.983169705469846 0.91 0.867924528301887 0.957446808510638 0.955439582496989 1 3 7 1 109.363
0.974025974025974 0.935483870967742 1 1 0.85 0.754716981132076 0.957446808510638 0.949819349658772 2 3 7 1 109.363
0.935064935064935 0.903225806451613 0.956521739130435 0.989481065918654 0.91 0.849056603773585 0.978723404255319 0.95303091128061 NA 1 7 2 114.189
1 1 1 1 0.89 0.849056603773585 0.936170212765957 0.924929747089522 5 2 7 2 114.189
1 1 1 1 0.89 0.849056603773585 0.936170212765957 0.933360096346849 8 2 7 2 114.189
1 1 1 1 0.89 0.849056603773585 0.936170212765957 0.924929747089522 10 2 7 2 114.189
0.909090909090909 0.870967741935484 0.934782608695652 0.985974754558205 0.91 0.867924528301887 0.957446808510638 0.9542352468888 1 3 7 2 114.189
0.974025974025974 0.935483870967742 1 1 0.86 0.792452830188679 0.936170212765957 0.951023685266961 2 3 7 2 114.189
0.935064935064935 0.903225806451613 0.956521739130435 0.987377279102384 0.89 0.811320754716981 0.978723404255319 0.951425130469691 NA 1 7 3 187.502
1 1 1 1 0.89 0.849056603773585 0.936170212765957 0.916499397832196 5 2 7 3 187.502
1 1 1 1 0.89 0.849056603773585 0.936170212765957 0.924929747089522 8 2 7 3 187.502
1 1 1 1 0.89 0.849056603773585 0.936170212765957 0.916097952629466 10 2 7 3 187.502
0.909090909090909 0.870967741935484 0.934782608695652 0.983169705469846 0.9 0.849056603773585 0.957446808510638 0.951425130469691 1 3 7 3 187.502
0.974025974025974 0.935483870967742 1 1 0.85 0.754716981132076 0.957446808510638 0.947009233239663 2 3 7 3 187.502
