0.834635416666667 0.832474226804124 0.836842105263158 0.910146500271297 0.89 0.891304347826087 0.888888888888889 0.962157809983897 NA 1 82 1 928.09
0.908854166666667 0.917525773195876 0.9 0.974491318502442 0.95 0.91304347826087 0.981481481481482 0.995571658615137 5 2 82 1 928.09
0.91015625 0.914948453608247 0.905263157894737 0.974789744981009 0.95 0.91304347826087 0.981481481481482 0.994766505636071 8 2 82 1 928.09
0.912760416666667 0.917525773195876 0.907894736842105 0.974911828540423 0.95 0.91304347826087 0.981481481481482 0.993558776167472 10 2 82 1 928.09
0.834635416666667 0.842783505154639 0.826315789473684 0.910607704829083 0.88 0.869565217391304 0.888888888888889 0.960950080515298 1 3 82 1 928.09
0.912760416666667 0.914948453608247 0.910526315789474 0.972795713510581 0.94 0.956521739130435 0.925925925925926 0.988325281803543 2 3 82 1 928.09
0.837239583333333 0.837628865979381 0.836842105263158 0.910078676071622 0.88 0.869565217391304 0.888888888888889 0.961755233494364 NA 1 82 2 908.04
0.908854166666667 0.917525773195876 0.9 0.974498100922409 0.95 0.91304347826087 0.981481481481482 0.995571658615137 5 2 82 2 908.04
0.91015625 0.914948453608247 0.905263157894737 0.974769397721107 0.95 0.91304347826087 0.981481481481482 0.994766505636071 8 2 82 2 908.04
0.908854166666667 0.914948453608247 0.902631578947368 0.974857569180684 0.95 0.91304347826087 0.981481481481482 0.993558776167472 10 2 82 2 908.04
0.842447916666667 0.853092783505155 0.831578947368421 0.910628052088985 0.88 0.869565217391304 0.888888888888889 0.961755233494364 1 3 82 2 908.04
0.912760416666667 0.914948453608247 0.910526315789474 0.972856755290288 0.93 0.956521739130435 0.907407407407407 0.98792270531401 2 3 82 2 908.04
0.83203125 0.829896907216495 0.83421052631579 0.910465274009767 0.89 0.891304347826087 0.888888888888889 0.9585346215781 NA 1 82 3 1621.288
0.908854166666667 0.917525773195876 0.9 0.974511665762344 0.95 0.91304347826087 0.981481481481482 0.99597423510467 5 2 82 3 1621.288
0.91015625 0.914948453608247 0.905263157894737 0.974728703201302 0.95 0.91304347826087 0.981481481481482 0.994766505636071 8 2 82 3 1621.288
0.911458333333333 0.917525773195876 0.905263157894737 0.974871134020619 0.95 0.91304347826087 0.981481481481482 0.993558776167472 10 2 82 3 1621.288
0.83984375 0.847938144329897 0.831578947368421 0.910777265328269 0.88 0.869565217391304 0.888888888888889 0.955716586151369 1 3 82 3 1621.288
0.91015625 0.90979381443299 0.910526315789474 0.972700759631036 0.93 0.956521739130435 0.907407407407407 0.989130434782609 2 3 82 3 1621.288
