0.935897435897436 0.947368421052632 0.925 0.969736842105263 0.79 0.818181818181818 0.755555555555556 0.915959595959596 NA 1 92 1 58.109
1 1 1 1 0.78 0.8 0.755555555555556 0.793333333333333 5 2 92 1 58.109
1 1 1 1 0.72 0.763636363636364 0.666666666666667 0.741212121212121 8 2 92 1 58.109
1 1 1 1 0.78 0.8 0.755555555555556 0.791515151515152 10 2 92 1 58.109
0.897435897435897 0.921052631578947 0.875 0.960526315789474 0.84 0.890909090909091 0.777777777777778 0.915555555555556 1 3 92 1 58.109
0.935897435897436 0.921052631578947 0.95 0.980921052631579 0.76 0.709090909090909 0.822222222222222 0.899393939393939 2 3 92 1 58.109
0.935897435897436 0.947368421052632 0.925 0.968421052631579 0.8 0.818181818181818 0.777777777777778 0.916363636363636 NA 1 92 2 70.702
1 1 1 1 0.78 0.8 0.755555555555556 0.788484848484848 5 2 92 2 70.702
1 1 1 1 0.81 0.818181818181818 0.8 0.823838383838384 8 2 92 2 70.702
1 1 1 1 0.83 0.818181818181818 0.844444444444444 0.821212121212121 10 2 92 2 70.702
0.897435897435897 0.921052631578947 0.875 0.960526315789474 0.84 0.890909090909091 0.777777777777778 0.915959595959596 1 3 92 2 70.702
0.935897435897436 0.921052631578947 0.95 0.980921052631579 0.77 0.727272727272727 0.822222222222222 0.901010101010101 2 3 92 2 70.702
0.935897435897436 0.947368421052632 0.925 0.966447368421053 0.8 0.818181818181818 0.777777777777778 0.915151515151515 NA 1 92 3 105.557
1 1 1 1 0.77 0.781818181818182 0.755555555555556 0.772929292929293 5 2 92 3 105.557
1 1 1 1 0.8 0.818181818181818 0.777777777777778 0.802828282828283 8 2 92 3 105.557
1 1 1 1 0.71 0.781818181818182 0.622222222222222 0.736161616161616 10 2 92 3 105.557
0.897435897435897 0.921052631578947 0.875 0.959868421052632 0.82 0.872727272727273 0.755555555555556 0.91030303030303 1 3 92 3 105.557
0.935897435897436 0.921052631578947 0.95 0.980263157894737 0.78 0.763636363636364 0.8 0.89979797979798 2 3 92 3 105.557
