0.895833333333333 0.904761904761905 0.888888888888889 0.961199294532628 0.75 0.818181818181818 0.666666666666667 0.87030303030303 NA 1 100 1 38.633
1 1 1 1 0.8 0.872727272727273 0.711111111111111 0.83959595959596 5 2 100 1 38.633
1 1 1 1 0.79 0.854545454545454 0.711111111111111 0.823434343434343 8 2 100 1 38.633
1 1 1 1 0.79 0.872727272727273 0.688888888888889 0.824444444444444 10 2 100 1 38.633
0.875 0.857142857142857 0.888888888888889 0.964726631393298 0.76 0.8 0.711111111111111 0.870707070707071 1 3 100 1 38.633
0.9375 1 0.888888888888889 0.984126984126984 0.78 0.818181818181818 0.733333333333333 0.856565656565657 2 3 100 1 38.633
0.895833333333333 0.904761904761905 0.888888888888889 0.962962962962963 0.76 0.818181818181818 0.688888888888889 0.870707070707071 NA 1 100 2 55.725
1 1 1 1 0.81 0.890909090909091 0.711111111111111 0.83959595959596 5 2 100 2 55.725
1 1 1 1 0.77 0.8 0.733333333333333 0.79050505050505 8 2 100 2 55.725
1 1 1 1 0.75 0.781818181818182 0.711111111111111 0.855353535353535 10 2 100 2 55.725
0.875 0.857142857142857 0.888888888888889 0.964726631393298 0.76 0.8 0.711111111111111 0.87030303030303 1 3 100 2 55.725
0.9375 1 0.888888888888889 0.984126984126984 0.77 0.818181818181818 0.711111111111111 0.857373737373737 2 3 100 2 55.725
0.895833333333333 0.904761904761905 0.888888888888889 0.966490299823633 0.78 0.836363636363636 0.711111111111111 0.872323232323232 NA 1 100 3 71.942
1 1 1 1 0.8 0.890909090909091 0.688888888888889 0.837575757575758 5 2 100 3 71.942
1 1 1 1 0.79 0.872727272727273 0.688888888888889 0.824646464646465 8 2 100 3 71.942
1 1 1 1 0.79 0.872727272727273 0.688888888888889 0.81979797979798 10 2 100 3 71.942
0.895833333333333 0.904761904761905 0.888888888888889 0.964726631393298 0.78 0.836363636363636 0.711111111111111 0.875959595959596 1 3 100 3 71.942
0.916666666666667 0.952380952380952 0.888888888888889 0.982363315696649 0.76 0.818181818181818 0.688888888888889 0.858181818181818 2 3 100 3 71.942
