0.858108108108108 0.868632707774799 0.847411444141689 0.940375919527215 0.9 0.892857142857143 0.909090909090909 0.967532467532468 NA 1 64 1 1188.332
0.924324324324324 0.938337801608579 0.91008174386921 0.978639939806123 0.98 1 0.954545454545455 0.991477272727273 5 2 64 1 1188.332
0.925675675675676 0.935656836461126 0.915531335149864 0.979574990320766 0.97 0.982142857142857 0.954545454545455 0.992288961038961 8 2 64 1 1188.332
0.924324324324324 0.935656836461126 0.912806539509537 0.980436990013953 0.96 0.964285714285714 0.954545454545455 0.992694805194805 10 2 64 1 1188.332
0.860810810810811 0.873994638069705 0.847411444141689 0.940463580512963 0.9 0.892857142857143 0.909090909090909 0.967938311688312 1 3 64 1 1188.332
0.932432432432432 0.935656836461126 0.929155313351499 0.980429684931807 0.95 0.946428571428571 0.954545454545455 0.991477272727273 2 3 64 1 1188.332
0.858108108108108 0.868632707774799 0.847411444141689 0.940551241498711 0.9 0.892857142857143 0.909090909090909 0.967532467532468 NA 1 64 2 1015.577
0.924324324324324 0.938337801608579 0.91008174386921 0.978632634723977 0.98 1 0.954545454545455 0.991477272727273 5 2 64 2 1015.577
0.925675675675676 0.935656836461126 0.915531335149864 0.979582295402912 0.97 0.982142857142857 0.954545454545455 0.992288961038961 8 2 64 2 1015.577
0.924324324324324 0.935656836461126 0.912806539509537 0.980495430671118 0.96 0.964285714285714 0.954545454545455 0.992694805194805 10 2 64 2 1015.577
0.859459459459459 0.868632707774799 0.850136239782016 0.940792309209517 0.9 0.892857142857143 0.909090909090909 0.967532467532468 1 3 64 2 1015.577
0.932432432432432 0.935656836461126 0.929155313351499 0.980349329028205 0.95 0.946428571428571 0.954545454545455 0.991477272727273 2 3 64 2 1015.577
0.855405405405405 0.86058981233244 0.850136239782016 0.939879173941311 0.91 0.910714285714286 0.909090909090909 0.969561688311688 NA 1 64 3 2230.111
0.924324324324324 0.935656836461126 0.912806539509537 0.978603414395395 0.98 1 0.954545454545455 0.991477272727273 5 2 64 3 2230.111
0.924324324324324 0.932975871313673 0.915531335149864 0.979596905567203 0.97 0.982142857142857 0.954545454545455 0.992694805194805 8 2 64 3 2230.111
0.924324324324324 0.932975871313673 0.915531335149864 0.980436990013953 0.96 0.964285714285714 0.954545454545455 0.992694805194805 10 2 64 3 2230.111
0.863513513513513 0.871313672922252 0.85558583106267 0.939835343448437 0.9 0.892857142857143 0.909090909090909 0.967532467532468 1 3 64 3 2230.111
0.933783783783784 0.935656836461126 0.931880108991826 0.980363939192496 0.95 0.946428571428571 0.954545454545455 0.989853896103896 2 3 64 3 2230.111
