0.857142857142857 0.925925925925926 0.733333333333333 0.891358024691358 0.88 0.936170212765957 0.830188679245283 0.971898835808912 NA 1 95 1 35.601
1 1 1 1 0.92 0.914893617021277 0.924528301886792 0.952027298273786 5 2 95 1 35.601
1 1 1 1 0.91 0.851063829787234 0.962264150943396 0.94078683259735 8 2 95 1 35.601
0.976190476190476 0.962962962962963 1 0.977777777777778 0.86 0.893617021276596 0.830188679245283 0.885989562424729 10 2 95 1 35.601
0.761904761904762 1 0.333333333333333 0.898765432098765 0.66 0.978723404255319 0.377358490566038 0.969088719389803 1 3 95 1 35.601
0.952380952380952 1 0.866666666666667 0.997530864197531 0.86 0.957446808510638 0.773584905660377 0.97591328783621 2 3 95 1 35.601
0.857142857142857 0.925925925925926 0.733333333333333 0.891358024691358 0.89 0.936170212765957 0.849056603773585 0.971898835808912 NA 1 95 2 43.734
1 1 1 1 0.85 0.787234042553192 0.905660377358491 0.92934564431955 5 2 95 2 43.734
1 1 1 1 0.88 0.936170212765957 0.830188679245283 0.923725411481333 8 2 95 2 43.734
1 1 1 1 0.93 0.978723404255319 0.886792452830189 0.964271376957045 10 2 95 2 43.734
0.761904761904762 1 0.333333333333333 0.893827160493827 0.67 0.978723404255319 0.39622641509434 0.969490164592533 1 3 95 2 43.734
0.952380952380952 1 0.866666666666667 0.997530864197531 0.86 0.957446808510638 0.773584905660377 0.97631473303894 2 3 95 2 43.734
0.857142857142857 0.925925925925926 0.733333333333333 0.893827160493827 0.88 0.936170212765957 0.830188679245283 0.971497390606182 NA 1 95 3 58.574
1 1 1 1 0.94 0.914893617021277 0.962264150943396 0.962464873544761 5 2 95 3 58.574
1 1 1 1 0.9 0.957446808510638 0.849056603773585 0.920313127258129 8 2 95 3 58.574
1 1 1 1 0.8 0.74468085106383 0.849056603773585 0.826575672420715 10 2 95 3 58.574
0.761904761904762 1 0.333333333333333 0.896296296296296 0.65 0.978723404255319 0.358490566037736 0.969088719389803 1 3 95 3 58.574
0.952380952380952 1 0.866666666666667 0.997530864197531 0.87 0.957446808510638 0.792452830188679 0.9771176234444 2 3 95 3 58.574
