0.827814569536424 0.835443037974684 0.819444444444444 0.89803094233474 0.78 0.84 0.72 0.8916 NA 1 70 1 225.991
0.947019867549669 0.962025316455696 0.930555555555556 0.970991561181435 0.9 0.94 0.86 0.9692 5 2 70 1 225.991
0.973509933774834 0.987341772151899 0.958333333333333 0.982243319268636 0.89 0.96 0.82 0.9604 8 2 70 1 225.991
0.973509933774834 0.987341772151899 0.958333333333333 0.988396624472574 0.87 0.92 0.82 0.9544 10 2 70 1 225.991
0.814569536423841 0.848101265822785 0.777777777777778 0.898382559774965 0.79 0.86 0.72 0.892 1 3 70 1 225.991
0.947019867549669 0.936708860759494 0.958333333333333 0.981188466947961 0.79 0.82 0.76 0.9096 2 3 70 1 225.991
0.827814569536424 0.835443037974684 0.819444444444444 0.89873417721519 0.79 0.84 0.74 0.892 NA 1 70 2 183.06
0.940397350993378 0.962025316455696 0.916666666666667 0.970815752461322 0.91 0.94 0.88 0.9696 5 2 70 2 183.06
0.973509933774834 0.987341772151899 0.958333333333333 0.982419127988748 0.89 0.96 0.82 0.9596 8 2 70 2 183.06
0.973509933774834 0.987341772151899 0.958333333333333 0.988924050632911 0.87 0.92 0.82 0.9528 10 2 70 2 183.06
0.834437086092715 0.873417721518987 0.791666666666667 0.899613220815752 0.79 0.86 0.72 0.8928 1 3 70 2 183.06
0.95364238410596 0.936708860759494 0.972222222222222 0.981188466947961 0.79 0.82 0.76 0.9084 2 3 70 2 183.06
0.827814569536424 0.835443037974684 0.819444444444444 0.896976090014065 0.79 0.86 0.72 0.8948 NA 1 70 3 428.906
0.947019867549669 0.962025316455696 0.930555555555556 0.969760900140647 0.9 0.94 0.86 0.9712 5 2 70 3 428.906
0.973509933774834 0.987341772151899 0.958333333333333 0.980836849507736 0.89 0.96 0.82 0.9644 8 2 70 3 428.906
0.973509933774834 0.987341772151899 0.958333333333333 0.987517580872011 0.88 0.94 0.82 0.9588 10 2 70 3 428.906
0.821192052980132 0.835443037974684 0.805555555555556 0.895042194092827 0.78 0.84 0.72 0.894 1 3 70 3 428.906
0.947019867549669 0.936708860759494 0.958333333333333 0.980485232067511 0.8 0.84 0.76 0.9148 2 3 70 3 428.906
