0.807692307692308 0.821428571428571 0.791666666666667 0.924107142857143 0.87 0.945454545454545 0.777777777777778 0.941818181818182 NA 1 98 1 39.435
0.980769230769231 0.964285714285714 1 0.988095238095238 0.82 0.781818181818182 0.866666666666667 0.89979797979798 5 2 98 1 39.435
1 1 1 1 0.83 0.836363636363636 0.822222222222222 0.876363636363636 8 2 98 1 39.435
1 1 1 1 0.84 0.818181818181818 0.866666666666667 0.908282828282828 10 2 98 1 39.435
0.846153846153846 0.857142857142857 0.833333333333333 0.90625 0.87 0.945454545454545 0.777777777777778 0.938181818181818 1 3 98 1 39.435
0.923076923076923 0.928571428571429 0.916666666666667 0.979166666666667 0.9 0.909090909090909 0.888888888888889 0.958787878787879 2 3 98 1 39.435
0.807692307692308 0.821428571428571 0.791666666666667 0.921130952380952 0.87 0.927272727272727 0.8 0.941414141414141 NA 1 98 2 49.488
1 1 1 1 0.84 0.890909090909091 0.777777777777778 0.898585858585859 5 2 98 2 49.488
1 1 1 1 0.85 0.836363636363636 0.866666666666667 0.884040404040404 8 2 98 2 49.488
1 1 1 1 0.83 0.872727272727273 0.777777777777778 0.863232323232323 10 2 98 2 49.488
0.865384615384615 0.892857142857143 0.833333333333333 0.90922619047619 0.87 0.945454545454545 0.777777777777778 0.936969696969697 1 3 98 2 49.488
0.923076923076923 0.928571428571429 0.916666666666667 0.977678571428571 0.9 0.909090909090909 0.888888888888889 0.958383838383838 2 3 98 2 49.488
0.788461538461538 0.821428571428571 0.75 0.919642857142857 0.87 0.945454545454545 0.777777777777778 0.937777777777778 NA 1 98 3 61.891
0.884615384615385 0.964285714285714 0.791666666666667 0.890625 0.77 0.890909090909091 0.622222222222222 0.785454545454545 5 2 98 3 61.891
1 1 1 1 0.86 0.872727272727273 0.844444444444444 0.890909090909091 8 2 98 3 61.891
1 1 1 1 0.84 0.854545454545454 0.822222222222222 0.888484848484848 10 2 98 3 61.891
0.846153846153846 0.857142857142857 0.833333333333333 0.90625 0.86 0.945454545454545 0.755555555555556 0.935757575757576 1 3 98 3 61.891
0.903846153846154 0.928571428571429 0.875 0.977678571428571 0.9 0.909090909090909 0.888888888888889 0.954343434343434 2 3 98 3 61.891
