0.856396866840731 0.882075471698113 0.824561403508772 0.93821030563831 0.93 0.895833333333333 0.961538461538462 0.96073717948718 NA 1 56 1 713.995
0.953002610966057 0.957547169811321 0.947368421052632 0.990372944940969 0.97 0.958333333333333 0.980769230769231 0.98838141025641 5 2 56 1 713.995
0.95822454308094 0.966981132075472 0.947368421052632 0.991255654860421 0.96 0.958333333333333 0.961538461538462 0.987580128205128 8 2 56 1 713.995
0.966057441253264 0.981132075471698 0.947368421052632 0.991862517930045 0.96 0.958333333333333 0.961538461538462 0.985576923076923 10 2 56 1 713.995
0.869451697127937 0.905660377358491 0.824561403508772 0.937934458788481 0.89 0.895833333333333 0.884615384615385 0.959134615384615 1 3 56 1 713.995
0.947780678851175 0.966981132075472 0.923976608187134 0.9841939755048 0.94 0.958333333333333 0.923076923076923 0.981570512820513 2 3 56 1 713.995
0.851174934725849 0.877358490566038 0.818713450292398 0.938072382213395 0.93 0.895833333333333 0.961538461538462 0.963141025641026 NA 1 56 2 552.251
0.955613577023499 0.957547169811321 0.953216374269006 0.990124682776123 0.96 0.958333333333333 0.961538461538462 0.987980769230769 5 2 56 2 552.251
0.95822454308094 0.966981132075472 0.947368421052632 0.99114531612049 0.96 0.958333333333333 0.961538461538462 0.986778846153846 8 2 56 2 552.251
0.963446475195822 0.976415094339623 0.947368421052632 0.991697009820148 0.96 0.958333333333333 0.961538461538462 0.985176282051282 10 2 56 2 552.251
0.869451697127937 0.900943396226415 0.830409356725146 0.937824120048549 0.89 0.895833333333333 0.884615384615385 0.959535256410256 1 3 56 2 552.251
0.947780678851175 0.966981132075472 0.923976608187134 0.984083636764868 0.94 0.958333333333333 0.923076923076923 0.982371794871795 2 3 56 2 552.251
0.851174934725849 0.877358490566038 0.818713450292398 0.937713781308617 0.93 0.895833333333333 0.961538461538462 0.960336538461538 NA 1 56 3 1178.071
0.955613577023499 0.962264150943396 0.947368421052632 0.990317775571003 0.97 0.958333333333333 0.980769230769231 0.988782051282051 5 2 56 3 1178.071
0.95822454308094 0.971698113207547 0.941520467836257 0.991062562065541 0.96 0.958333333333333 0.961538461538462 0.98838141025641 8 2 56 3 1178.071
0.966057441253264 0.981132075471698 0.947368421052632 0.992165949464857 0.96 0.958333333333333 0.961538461538462 0.987980769230769 10 2 56 3 1178.071
0.859007832898172 0.886792452830189 0.824561403508772 0.937906874103498 0.89 0.895833333333333 0.884615384615385 0.956730769230769 1 3 56 3 1178.071
0.945169712793734 0.962264150943396 0.923976608187134 0.984304314244731 0.95 0.958333333333333 0.942307692307692 0.981169871794872 2 3 56 3 1178.071
