0.827751196172249 0.838383838383838 0.818181818181818 0.902754820936639 0.84 0.883720930232558 0.807017543859649 0.925744594043248 NA 1 35 1 325.977
0.894736842105263 0.888888888888889 0.9 0.972176308539945 0.92 0.953488372093023 0.894736842105263 0.972664218686251 5 2 35 1 325.977
0.91866028708134 0.898989898989899 0.936363636363636 0.97842056932966 0.9 0.953488372093023 0.859649122807018 0.974704202366381 8 2 35 1 325.977
0.923444976076555 0.909090909090909 0.936363636363636 0.979338842975207 0.91 0.953488372093023 0.87719298245614 0.973480212158303 10 2 35 1 325.977
0.813397129186603 0.838383838383838 0.790909090909091 0.900826446280992 0.84 0.906976744186046 0.789473684210526 0.923704610363117 1 3 35 1 325.977
0.909090909090909 0.909090909090909 0.909090909090909 0.969421487603306 0.88 0.953488372093023 0.824561403508772 0.953080375356997 2 3 35 1 325.977
0.827751196172249 0.838383838383838 0.818181818181818 0.902295684113866 0.84 0.883720930232558 0.807017543859649 0.926152590779274 NA 1 35 2 313.488
0.894736842105263 0.888888888888889 0.9 0.97208448117539 0.92 0.953488372093023 0.894736842105263 0.972664218686251 5 2 35 2 313.488
0.91866028708134 0.898989898989899 0.936363636363636 0.978236914600551 0.9 0.953488372093023 0.859649122807018 0.975112199102407 8 2 35 2 313.488
0.923444976076555 0.909090909090909 0.936363636363636 0.979063360881543 0.91 0.953488372093023 0.87719298245614 0.973888208894329 10 2 35 2 313.488
0.813397129186603 0.838383838383838 0.790909090909091 0.901101928374656 0.84 0.906976744186046 0.789473684210526 0.922480620155039 1 3 35 2 313.488
0.909090909090909 0.909090909090909 0.909090909090909 0.969329660238751 0.88 0.953488372093023 0.824561403508772 0.955120359037128 2 3 35 2 313.488
0.827751196172249 0.838383838383838 0.818181818181818 0.901652892561983 0.85 0.86046511627907 0.842105263157895 0.926152590779274 NA 1 35 3 587.308
0.889952153110048 0.888888888888889 0.890909090909091 0.972176308539945 0.92 0.953488372093023 0.894736842105263 0.971032231742146 5 2 35 3 587.308
0.91866028708134 0.909090909090909 0.927272727272727 0.978236914600551 0.89 0.953488372093023 0.842105263157895 0.972256221950224 8 2 35 3 587.308
0.92822966507177 0.919191919191919 0.936363636363636 0.978971533516988 0.89 0.930232558139535 0.859649122807018 0.971440228478172 10 2 35 3 587.308
0.822966507177033 0.848484848484849 0.8 0.902203856749311 0.83 0.883720930232558 0.789473684210526 0.922480620155039 1 3 35 3 587.308
0.909090909090909 0.909090909090909 0.909090909090909 0.969146005509642 0.87 0.953488372093023 0.807017543859649 0.951448388412893 2 3 35 3 587.308
