0.8875 0.864864864864865 0.906976744186046 0.94531741043369 0.87 0.893617021276596 0.849056603773585 0.93095142513047 NA 1 63 1 67.188
0.975 0.972972972972973 0.976744186046512 0.986172218730358 0.88 0.872340425531915 0.886792452830189 0.956643918105179 5 2 63 1 67.188
0.975 0.972972972972973 0.976744186046512 0.986172218730358 0.88 0.872340425531915 0.886792452830189 0.957045363307908 8 2 63 1 67.188
0.975 0.972972972972973 0.976744186046512 0.986172218730358 0.88 0.872340425531915 0.886792452830189 0.957045363307908 10 2 63 1 67.188
0.9125 0.945945945945946 0.883720930232558 0.937774984286612 0.86 0.893617021276596 0.830188679245283 0.933360096346849 1 3 63 1 67.188
0.9125 0.918918918918919 0.906976744186046 0.975487115021999 0.87 0.872340425531915 0.867924528301887 0.938177438779607 2 3 63 1 67.188
0.875 0.864864864864865 0.883720930232558 0.946574481458202 0.85 0.851063829787234 0.849056603773585 0.93054997992774 NA 1 63 2 65.467
0.975 0.972972972972973 0.976744186046512 0.986172218730358 0.88 0.872340425531915 0.886792452830189 0.956643918105179 5 2 63 2 65.467
1 1 1 1 0.78 0.787234042553192 0.773584905660377 0.806904857486953 8 2 63 2 65.467
1 1 1 1 0.79 0.808510638297872 0.773584905660377 0.831393014853473 10 2 63 2 65.467
0.8875 0.918918918918919 0.86046511627907 0.940917661847894 0.84 0.872340425531915 0.811320754716981 0.9313528703332 1 3 63 2 65.467
0.9125 0.918918918918919 0.906976744186046 0.974858579509742 0.89 0.914893617021277 0.867924528301887 0.938177438779607 2 3 63 2 65.467
0.875 0.864864864864865 0.883720930232558 0.945945945945946 0.86 0.872340425531915 0.849056603773585 0.92934564431955 NA 1 63 3 111.939
0.975 0.972972972972973 0.976744186046512 0.986172218730358 0.88 0.872340425531915 0.886792452830189 0.955841027699719 5 2 63 3 111.939
1 1 1 1 0.78 0.765957446808511 0.792452830188679 0.832597350461662 8 2 63 3 111.939
1 1 1 1 0.78 0.787234042553192 0.773584905660377 0.812123645122441 10 2 63 3 111.939
0.8875 0.918918918918919 0.86046511627907 0.940917661847894 0.86 0.872340425531915 0.849056603773585 0.93095142513047 1 3 63 3 111.939
0.9125 0.918918918918919 0.906976744186046 0.976115650534255 0.89 0.914893617021277 0.867924528301887 0.934965877157768 2 3 63 3 111.939
