0.841688654353562 0.864450127877238 0.817438692098093 0.920820644334028 0.84 0.867924528301887 0.808510638297872 0.935768767563228 NA 1 91 1 2045.002
0.923482849604222 0.938618925831202 0.907356948228883 0.981915998243866 0.94 0.943396226415094 0.936170212765957 0.988759534323565 5 2 91 1 2045.002
0.923482849604222 0.938618925831202 0.907356948228883 0.982466532401374 0.94 0.943396226415094 0.936170212765957 0.988358089120835 8 2 91 1 2045.002
0.922163588390501 0.936061381074169 0.907356948228883 0.982640752071472 0.94 0.943396226415094 0.936170212765957 0.988358089120835 10 2 91 1 2045.002
0.844327176781003 0.869565217391304 0.817438692098093 0.920987895217322 0.84 0.886792452830189 0.787234042553192 0.937775993576877 1 3 91 1 2045.002
0.936675461741425 0.948849104859335 0.923705722070845 0.980229551837321 0.91 0.924528301886792 0.893617021276596 0.979526294660779 2 3 91 1 2045.002
0.843007915567282 0.867007672634271 0.817438692098093 0.921071520658968 0.85 0.886792452830189 0.808510638297872 0.936170212765957 NA 1 91 2 1735.061
0.923482849604222 0.938618925831202 0.907356948228883 0.981895091883454 0.94 0.943396226415094 0.936170212765957 0.988759534323565 5 2 91 2 1735.061
0.924802110817942 0.938618925831202 0.91008174386921 0.982431688467355 0.94 0.943396226415094 0.936170212765957 0.987956643918105 8 2 91 2 1735.061
0.923482849604222 0.936061381074169 0.91008174386921 0.98265468964508 0.94 0.943396226415094 0.936170212765957 0.987956643918105 10 2 91 2 1735.061
0.844327176781003 0.869565217391304 0.817438692098093 0.921231802755458 0.84 0.886792452830189 0.787234042553192 0.937374548374147 1 3 91 2 1735.061
0.934036939313984 0.948849104859335 0.918256130790191 0.979992613085988 0.91 0.924528301886792 0.893617021276596 0.978723404255319 2 3 91 2 1735.061
0.843007915567282 0.864450127877238 0.82016348773842 0.919956514770344 0.84 0.867924528301887 0.808510638297872 0.934965877157768 NA 1 91 3 3325.748
0.923482849604222 0.938618925831202 0.907356948228883 0.981846310375827 0.94 0.943396226415094 0.936170212765957 0.988759534323565 5 2 91 3 3325.748
0.924802110817942 0.938618925831202 0.91008174386921 0.982348063025708 0.94 0.943396226415094 0.936170212765957 0.987153753512646 8 2 91 3 3325.748
0.920844327176781 0.936061381074169 0.904632152588556 0.982487438761786 0.94 0.943396226415094 0.936170212765957 0.987555198715375 10 2 91 3 3325.748
0.848284960422164 0.869565217391304 0.825613079019074 0.920228297455696 0.86 0.905660377358491 0.808510638297872 0.938177438779607 1 3 91 3 3325.748
0.935356200527705 0.951406649616368 0.918256130790191 0.980048363380419 0.91 0.924528301886792 0.893617021276596 0.979927739863509 2 3 91 3 3325.748
