0.877437325905292 0.896373056994819 0.855421686746988 0.951651164242462 0.9 0.918367346938776 0.882352941176471 0.931972789115646 NA 1 96 1 396.645
0.944289693593315 0.963730569948187 0.921686746987952 0.985517198326987 0.93 0.938775510204082 0.92156862745098 0.980392156862745 5 2 96 1 396.645
0.949860724233983 0.963730569948187 0.933734939759036 0.986141457019789 0.94 0.959183673469388 0.92156862745098 0.979191676670668 8 2 96 1 396.645
0.949860724233983 0.968911917098446 0.927710843373494 0.98629752169299 0.94 0.959183673469388 0.92156862745098 0.978791516606643 10 2 96 1 396.645
0.877437325905292 0.906735751295337 0.843373493975904 0.951245396092141 0.88 0.897959183673469 0.862745098039216 0.923969587835134 1 3 96 1 396.645
0.935933147632312 0.937823834196891 0.933734939759036 0.984299893876022 0.93 0.938775510204082 0.92156862745098 0.966386554621849 2 3 96 1 396.645
0.877437325905292 0.896373056994819 0.855421686746988 0.950652350333978 0.9 0.918367346938776 0.882352941176471 0.933573429371749 NA 1 96 2 292.235
0.944289693593315 0.963730569948187 0.921686746987952 0.985454772457707 0.93 0.938775510204082 0.92156862745098 0.980792316926771 5 2 96 2 292.235
0.947075208913649 0.963730569948187 0.927710843373494 0.98632873462763 0.94 0.959183673469388 0.92156862745098 0.97999199679872 8 2 96 2 292.235
0.952646239554318 0.968911917098446 0.933734939759036 0.98639116049691 0.94 0.959183673469388 0.92156862745098 0.978391356542617 10 2 96 2 292.235
0.877437325905292 0.896373056994819 0.855421686746988 0.950465072726138 0.87 0.857142857142857 0.882352941176471 0.925170068027211 1 3 96 2 292.235
0.938718662952646 0.94300518134715 0.933734939759036 0.984861726699544 0.92 0.918367346938776 0.92156862745098 0.966386554621849 2 3 96 2 292.235
0.880222841225627 0.901554404145078 0.855421686746988 0.952025719458143 0.89 0.897959183673469 0.882352941176471 0.931572629051621 NA 1 96 3 761.588
0.94150417827298 0.958549222797927 0.921686746987952 0.985080217242025 0.93 0.938775510204082 0.92156862745098 0.980792316926771 5 2 96 3 761.588
0.949860724233983 0.968911917098446 0.927710843373494 0.985829327673388 0.94 0.959183673469388 0.92156862745098 0.978391356542617 8 2 96 3 761.588
0.952646239554318 0.968911917098446 0.933734939759036 0.986047818215869 0.94 0.959183673469388 0.92156862745098 0.977591036414566 10 2 96 3 761.588
0.880222841225627 0.901554404145078 0.855421686746988 0.952212997065984 0.89 0.897959183673469 0.882352941176471 0.927170868347339 1 3 96 3 761.588
0.933147632311978 0.937823834196891 0.927710843373494 0.984487171483863 0.93 0.938775510204082 0.92156862745098 0.965186074429772 2 3 96 3 761.588
