0.8475935828877 0.871794871794872 0.82122905027933 0.932531155994843 0.76 0.673913043478261 0.833333333333333 0.873590982286634 NA 1 42 1 637.629
0.919786096256685 0.923076923076923 0.916201117318436 0.977682280475577 0.88 0.847826086956522 0.907407407407407 0.958132045088567 5 2 42 1 637.629
0.93048128342246 0.933333333333333 0.927374301675978 0.980432602778971 0.9 0.869565217391304 0.925925925925926 0.955716586151369 8 2 42 1 637.629
0.933155080213904 0.928205128205128 0.93854748603352 0.981463973642745 0.91 0.869565217391304 0.944444444444444 0.95450885668277 10 2 42 1 637.629
0.850267379679144 0.887179487179487 0.810055865921788 0.932846297092107 0.76 0.673913043478261 0.833333333333333 0.878421900161031 1 3 42 1 637.629
0.938502673796791 0.938461538461538 0.93854748603352 0.982982380747744 0.89 0.847826086956522 0.925925925925926 0.952898550724638 2 3 42 1 637.629
0.850267379679144 0.871794871794872 0.826815642458101 0.932817647901447 0.76 0.673913043478261 0.833333333333333 0.876006441223833 NA 1 42 2 630.306
0.917112299465241 0.923076923076923 0.910614525139665 0.977682280475577 0.89 0.847826086956522 0.925925925925926 0.958132045088567 5 2 42 2 630.306
0.927807486631016 0.933333333333333 0.921787709497207 0.980489901160292 0.9 0.869565217391304 0.925925925925926 0.956521739130435 8 2 42 2 630.306
0.93048128342246 0.928205128205128 0.932960893854749 0.981378026070764 0.91 0.869565217391304 0.944444444444444 0.95450885668277 10 2 42 2 630.306
0.850267379679144 0.887179487179487 0.810055865921788 0.932760349520126 0.76 0.673913043478261 0.833333333333333 0.880837359098229 1 3 42 2 630.306
0.935828877005348 0.938461538461538 0.932960893854749 0.982953731557084 0.89 0.847826086956522 0.925925925925926 0.953301127214171 2 3 42 2 630.306
0.852941176470588 0.876923076923077 0.826815642458101 0.932445208422862 0.77 0.673913043478261 0.851851851851852 0.873993558776167 NA 1 42 3 1102.586
0.917112299465241 0.917948717948718 0.916201117318436 0.977510385331614 0.88 0.847826086956522 0.907407407407407 0.957729468599034 5 2 42 3 1102.586
0.933155080213904 0.928205128205128 0.93854748603352 0.98109153416416 0.9 0.869565217391304 0.925925925925926 0.955314009661836 8 2 42 3 1102.586
0.935828877005348 0.928205128205128 0.94413407821229 0.981320727689443 0.9 0.847826086956522 0.944444444444444 0.953301127214171 10 2 42 3 1102.586
0.855614973262032 0.887179487179487 0.82122905027933 0.932330611660221 0.77 0.695652173913043 0.833333333333333 0.881239935587762 1 3 42 3 1102.586
0.941176470588235 0.943589743589744 0.93854748603352 0.98349806617963 0.88 0.826086956521739 0.925925925925926 0.952898550724638 2 3 42 3 1102.586
