0.883720930232558 0.904761904761905 0.863636363636364 0.935064935064935 0.94 0.945454545454545 0.933333333333333 0.978181818181818 NA 1 88 1 95.43
1 1 1 1 0.92 1 0.822222222222222 0.962626262626263 5 2 88 1 95.43
1 1 1 1 0.86 0.927272727272727 0.777777777777778 0.933737373737374 8 2 88 1 95.43
1 1 1 1 0.86 0.927272727272727 0.777777777777778 0.886868686868687 10 2 88 1 95.43
0.883720930232558 0.904761904761905 0.863636363636364 0.935064935064935 0.84 0.854545454545454 0.822222222222222 0.928080808080808 1 3 88 1 95.43
0.976744186046512 0.952380952380952 1 0.997835497835498 0.89 0.963636363636364 0.8 0.945454545454545 2 3 88 1 95.43
0.883720930232558 0.904761904761905 0.863636363636364 0.935064935064935 0.94 0.945454545454545 0.933333333333333 0.979393939393939 NA 1 88 2 144.851
1 1 1 1 0.94 0.981818181818182 0.888888888888889 0.943030303030303 5 2 88 2 144.851
0.976744186046512 0.952380952380952 1 1 0.93 0.963636363636364 0.888888888888889 0.970909090909091 8 2 88 2 144.851
1 1 1 1 0.93 0.963636363636364 0.888888888888889 0.94989898989899 10 2 88 2 144.851
0.883720930232558 0.904761904761905 0.863636363636364 0.937229437229437 0.83 0.854545454545454 0.8 0.928888888888889 1 3 88 2 144.851
0.976744186046512 0.952380952380952 1 0.997835497835498 0.89 0.963636363636364 0.8 0.944646464646465 2 3 88 2 144.851
0.883720930232558 0.904761904761905 0.863636363636364 0.935064935064935 0.94 0.963636363636364 0.911111111111111 0.976161616161616 NA 1 88 3 151.456
1 1 1 1 0.94 0.963636363636364 0.911111111111111 0.944444444444445 5 2 88 3 151.456
1 1 1 1 0.95 0.981818181818182 0.911111111111111 0.953535353535354 8 2 88 3 151.456
1 1 1 1 0.92 0.963636363636364 0.866666666666667 0.949090909090909 10 2 88 3 151.456
0.883720930232558 0.904761904761905 0.863636363636364 0.935064935064935 0.84 0.872727272727273 0.8 0.926464646464646 1 3 88 3 151.456
0.976744186046512 0.952380952380952 1 0.997835497835498 0.89 0.963636363636364 0.8 0.951919191919192 2 3 88 3 151.456
