0.952380952380952 0.925925925925926 0.972222222222222 0.993827160493827 0.81 0.69811320754717 0.936170212765957 0.874347651545564 NA 1 13 1 87.204
1 1 1 1 0.9 0.924528301886792 0.872340425531915 0.937173825772782 5 2 13 1 87.204
1 1 1 1 0.82 0.716981132075472 0.936170212765957 0.834203131272581 8 2 13 1 87.204
1 1 1 1 0.82 0.716981132075472 0.936170212765957 0.822962665596146 10 2 13 1 87.204
0.952380952380952 0.962962962962963 0.944444444444444 0.974279835390946 0.85 0.773584905660377 0.936170212765957 0.886391007627459 1 3 13 1 87.204
0.936507936507937 0.888888888888889 0.972222222222222 0.989711934156379 0.79 0.679245283018868 0.914893617021277 0.915696507426736 2 3 13 1 87.204
0.936507936507937 0.888888888888889 0.972222222222222 0.992798353909465 0.81 0.69811320754717 0.936170212765957 0.881573665194701 NA 1 13 2 82.122
1 1 1 1 0.82 0.716981132075472 0.936170212765957 0.826575672420715 5 2 13 2 82.122
1 1 1 1 0.82 0.792452830188679 0.851063829787234 0.869931754315536 8 2 13 2 82.122
1 1 1 1 0.88 0.849056603773585 0.914893617021277 0.921517462866319 10 2 13 2 82.122
0.952380952380952 0.962962962962963 0.944444444444444 0.973251028806584 0.84 0.792452830188679 0.893617021276596 0.891208350060217 1 3 13 2 82.122
0.936507936507937 0.888888888888889 0.972222222222222 0.988683127572016 0.78 0.660377358490566 0.914893617021277 0.914893617021277 2 3 13 2 82.122
0.952380952380952 0.962962962962963 0.944444444444444 0.993827160493827 0.81 0.69811320754717 0.936170212765957 0.865917302288238 NA 1 13 3 149.787
1 1 1 1 0.81 0.69811320754717 0.936170212765957 0.851866720192694 5 2 13 3 149.787
1 1 1 1 0.81 0.69811320754717 0.936170212765957 0.822360497792051 8 2 13 3 149.787
1 1 1 1 0.81 0.69811320754717 0.936170212765957 0.816539542352469 10 2 13 3 149.787
0.952380952380952 0.962962962962963 0.944444444444444 0.974279835390946 0.84 0.773584905660377 0.914893617021277 0.872741870734645 1 3 13 3 149.787
0.936507936507937 0.888888888888889 0.972222222222222 0.987654320987654 0.75 0.60377358490566 0.914893617021277 0.905660377358491 2 3 13 3 149.787
