0.892307692307692 0.884615384615385 0.897435897435897 0.958579881656805 0.82 0.76 0.88 0.874 NA 1 49 1 73.692
1 1 1 1 0.75 0.72 0.78 0.8188 5 2 49 1 73.692
1 1 1 1 0.83 0.74 0.92 0.8802 8 2 49 1 73.692
1 1 1 1 0.77 0.74 0.8 0.8566 10 2 49 1 73.692
0.876923076923077 0.884615384615385 0.871794871794872 0.952662721893491 0.8 0.74 0.86 0.8704 1 3 49 1 73.692
0.969230769230769 0.923076923076923 1 0.997041420118343 0.78 0.68 0.88 0.854 2 3 49 1 73.692
0.907692307692308 0.884615384615385 0.923076923076923 0.958579881656805 0.82 0.76 0.88 0.8784 NA 1 49 2 74.485
1 1 1 1 0.83 0.76 0.9 0.8548 5 2 49 2 74.485
1 1 1 1 0.78 0.68 0.88 0.8694 8 2 49 2 74.485
1 1 1 1 0.8 0.68 0.92 0.8528 10 2 49 2 74.485
0.876923076923077 0.884615384615385 0.871794871794872 0.953648915187377 0.81 0.76 0.86 0.8756 1 3 49 2 74.485
0.969230769230769 0.923076923076923 1 0.997041420118343 0.79 0.7 0.88 0.8572 2 3 49 2 74.485
0.892307692307692 0.884615384615385 0.897435897435897 0.957593688362919 0.77 0.66 0.88 0.8656 NA 1 49 3 129.005
1 1 1 1 0.83 0.78 0.88 0.8458 5 2 49 3 129.005
1 1 1 1 0.84 0.78 0.9 0.8498 8 2 49 3 129.005
1 1 1 1 0.81 0.72 0.9 0.8486 10 2 49 3 129.005
0.876923076923077 0.846153846153846 0.897435897435897 0.949704142011834 0.78 0.68 0.88 0.8616 1 3 49 3 129.005
0.969230769230769 0.923076923076923 1 0.997041420118343 0.79 0.68 0.9 0.852 2 3 49 3 129.005
