0.857142857142857 0.911764705882353 0.793103448275862 0.92393509127789 0.84 0.907407407407407 0.760869565217391 0.935990338164251 NA 1 96 1 48.012
1 1 1 1 0.9 0.962962962962963 0.826086956521739 0.91304347826087 5 2 96 1 48.012
1 1 1 1 0.86 0.925925925925926 0.782608695652174 0.871175523349436 8 2 96 1 48.012
1 1 1 1 0.92 0.925925925925926 0.91304347826087 0.936795491143317 10 2 96 1 48.012
0.825396825396825 0.941176470588235 0.689655172413793 0.924949290060852 0.83 0.944444444444444 0.695652173913043 0.931964573268921 1 3 96 1 48.012
0.904761904761905 0.970588235294118 0.827586206896552 0.966531440162272 0.86 0.925925925925926 0.782608695652174 0.942028985507246 2 3 96 1 48.012
0.857142857142857 0.911764705882353 0.793103448275862 0.925963488843813 0.85 0.925925925925926 0.760869565217391 0.937600644122383 NA 1 96 2 71.484
1 1 1 1 0.84 0.888888888888889 0.782608695652174 0.876006441223833 5 2 96 2 71.484
1 1 1 1 0.89 0.962962962962963 0.804347826086957 0.917471819645733 8 2 96 2 71.484
1 1 1 1 0.92 0.925925925925926 0.91304347826087 0.946859903381642 10 2 96 2 71.484
0.825396825396825 0.941176470588235 0.689655172413793 0.925963488843813 0.83 0.944444444444444 0.695652173913043 0.933574879227053 1 3 96 2 71.484
0.904761904761905 0.970588235294118 0.827586206896552 0.966531440162272 0.87 0.925925925925926 0.804347826086957 0.942834138486312 2 3 96 2 71.484
0.841269841269841 0.911764705882353 0.758620689655172 0.924949290060852 0.84 0.888888888888889 0.782608695652174 0.931561996779388 NA 1 96 3 103.708
1 1 1 1 0.86 0.907407407407407 0.804347826086957 0.884863123993559 5 2 96 3 103.708
1 1 1 1 0.85 0.888888888888889 0.804347826086957 0.852254428341385 8 2 96 3 103.708
1 1 1 1 0.89 0.907407407407407 0.869565217391304 0.926731078904992 10 2 96 3 103.708
0.825396825396825 0.941176470588235 0.689655172413793 0.922920892494929 0.83 0.944444444444444 0.695652173913043 0.930756843800322 1 3 96 3 103.708
0.888888888888889 0.970588235294118 0.793103448275862 0.964503042596349 0.85 0.925925925925926 0.760869565217391 0.940418679549114 2 3 96 3 103.708
