0.770491803278688 0.8125 0.724137931034483 0.857758620689655 0.82 0.871794871794872 0.786885245901639 0.931483816729718 NA 1 52 1 119.007
1 1 1 1 0.79 0.794871794871795 0.786885245901639 0.806851618327028 5 2 52 1 119.007
1 1 1 1 0.85 0.794871794871795 0.885245901639344 0.849936948297604 8 2 52 1 119.007
1 1 1 1 0.82 0.717948717948718 0.885245901639344 0.829760403530895 10 2 52 1 119.007
0.786885245901639 0.84375 0.724137931034483 0.865301724137931 0.81 0.897435897435897 0.754098360655738 0.933165195460277 1 3 52 1 119.007
0.901639344262295 0.9375 0.862068965517241 0.955818965517241 0.86 0.871794871794872 0.852459016393443 0.957965531736024 2 3 52 1 119.007
0.770491803278688 0.8125 0.724137931034483 0.856681034482759 0.82 0.871794871794872 0.786885245901639 0.929802437999159 NA 1 52 2 102.279
1 1 1 1 0.83 0.794871794871795 0.852459016393443 0.817990752416982 5 2 52 2 102.279
1 1 1 1 0.84 0.769230769230769 0.885245901639344 0.850777637662884 8 2 52 2 102.279
0.983606557377049 1 0.96551724137931 1 0.77 0.769230769230769 0.770491803278688 0.823034888608659 10 2 52 2 102.279
0.786885245901639 0.84375 0.724137931034483 0.858836206896552 0.81 0.897435897435897 0.754098360655738 0.931063472047079 1 3 52 2 102.279
0.901639344262295 0.9375 0.862068965517241 0.955818965517241 0.85 0.846153846153846 0.852459016393443 0.958806221101303 2 3 52 2 102.279
0.770491803278688 0.8125 0.724137931034483 0.857758620689655 0.84 0.897435897435897 0.80327868852459 0.933165195460277 NA 1 52 3 191.083
1 1 1 1 0.81 0.82051282051282 0.80327868852459 0.833123160992013 5 2 52 3 191.083
1 1 1 1 0.79 0.82051282051282 0.770491803278688 0.808322824716267 8 2 52 3 191.083
1 1 1 1 0.85 0.769230769230769 0.901639344262295 0.860655737704918 10 2 52 3 191.083
0.819672131147541 0.875 0.758620689655172 0.855603448275862 0.8 0.897435897435897 0.737704918032787 0.937368642286675 1 3 52 3 191.083
0.901639344262295 0.9375 0.862068965517241 0.948275862068966 0.88 0.897435897435897 0.868852459016393 0.960907944514502 2 3 52 3 191.083
