0.885964912280702 0.878504672897196 0.892561983471074 0.944543137406349 0.84 0.958333333333333 0.730769230769231 0.929487179487179 NA 1 16 1 467.154
0.960526315789474 0.962616822429907 0.958677685950413 0.996369815401251 0.88 0.854166666666667 0.903846153846154 0.955528846153846 5 2 16 1 467.154
0.973684210526316 0.981308411214953 0.966942148760331 0.997682860894416 0.87 0.833333333333333 0.903846153846154 0.951522435897436 8 2 16 1 467.154
1 1 1 1 0.85 0.833333333333333 0.865384615384615 0.860376602564102 10 2 16 1 467.154
0.894736842105263 0.878504672897196 0.909090909090909 0.941144666718159 0.83 0.916666666666667 0.75 0.93349358974359 1 3 16 1 467.154
0.93859649122807 0.934579439252336 0.942148760330578 0.99158106124971 0.88 0.895833333333333 0.865384615384615 0.959935897435897 2 3 16 1 467.154
0.885964912280702 0.878504672897196 0.892561983471074 0.944852089287094 0.84 0.958333333333333 0.730769230769231 0.928685897435897 NA 1 16 2 306.392
0.960526315789474 0.962616822429907 0.958677685950413 0.996524291341624 0.87 0.833333333333333 0.903846153846154 0.955528846153846 5 2 16 2 306.392
0.973684210526316 0.981308411214953 0.966942148760331 0.997760098864602 0.85 0.833333333333333 0.865384615384615 0.951121794871795 8 2 16 2 306.392
1 1 1 1 0.86 0.854166666666667 0.865384615384615 0.864783653846154 10 2 16 2 306.392
0.894736842105263 0.878504672897196 0.909090909090909 0.941762570479648 0.83 0.916666666666667 0.75 0.932692307692308 1 3 16 2 306.392
0.93859649122807 0.934579439252336 0.942148760330578 0.991658299219896 0.89 0.916666666666667 0.865384615384615 0.959935897435897 2 3 16 2 306.392
0.890350877192982 0.878504672897196 0.900826446280992 0.94531551710821 0.85 0.958333333333333 0.75 0.927884615384615 NA 1 16 3 750.488
0.969298245614035 0.97196261682243 0.966942148760331 0.996369815401251 0.88 0.854166666666667 0.903846153846154 0.955528846153846 5 2 16 3 750.488
0.973684210526316 0.981308411214953 0.966942148760331 0.997760098864602 0.85 0.833333333333333 0.865384615384615 0.949519230769231 8 2 16 3 750.488
1 1 1 1 0.84 0.833333333333333 0.846153846153846 0.851161858974359 10 2 16 3 750.488
0.899122807017544 0.878504672897196 0.917355371900826 0.941762570479648 0.84 0.916666666666667 0.769230769230769 0.930288461538462 1 3 16 3 750.488
0.93859649122807 0.934579439252336 0.942148760330578 0.991658299219896 0.87 0.875 0.865384615384615 0.961538461538462 2 3 16 3 750.488
