0.830434782608696 0.856 0.8 0.924038095238095 0.89 0.847826086956522 0.925925925925926 0.963365539452496 NA 1 1 1 226.227
0.956521739130435 0.96 0.952380952380952 0.985980952380952 0.95 0.891304347826087 1 0.983494363929147 5 2 1 1 226.227
0.960869565217391 0.968 0.952380952380952 0.986057142857143 0.94 0.891304347826087 0.981481481481482 0.98389694041868 8 2 1 1 226.227
0.960869565217391 0.968 0.952380952380952 0.986438095238095 0.94 0.891304347826087 0.981481481481482 0.982689210950081 10 2 1 1 226.227
0.843478260869565 0.88 0.8 0.926247619047619 0.89 0.869565217391304 0.907407407407407 0.957729468599034 1 3 1 1 226.227
0.921739130434783 0.944 0.895238095238095 0.977904761904762 0.89 0.869565217391304 0.907407407407407 0.967391304347826 2 3 1 1 226.227
0.821739130434783 0.856 0.780952380952381 0.926019047619048 0.89 0.847826086956522 0.925925925925926 0.964170692431562 NA 1 1 2 280.813
0.956521739130435 0.968 0.942857142857143 0.986285714285714 0.95 0.891304347826087 1 0.983494363929147 5 2 1 2 280.813
0.956521739130435 0.968 0.942857142857143 0.986666666666667 0.94 0.891304347826087 0.981481481481482 0.983494363929147 8 2 1 2 280.813
0.965217391304348 0.976 0.952380952380952 0.98712380952381 0.93 0.869565217391304 0.981481481481482 0.983494363929147 10 2 1 2 280.813
0.834782608695652 0.888 0.771428571428571 0.926780952380952 0.9 0.891304347826087 0.907407407407407 0.961352657004831 1 3 1 2 280.813
0.930434782608696 0.952 0.904761904761905 0.978666666666667 0.87 0.847826086956522 0.888888888888889 0.966988727858293 2 3 1 2 280.813
0.821739130434783 0.856 0.780952380952381 0.9248 0.89 0.847826086956522 0.925925925925926 0.964975845410628 NA 1 1 3 400.662
0.960869565217391 0.968 0.952380952380952 0.985980952380952 0.95 0.891304347826087 1 0.985104669887279 5 2 1 3 400.662
0.960869565217391 0.968 0.952380952380952 0.986133333333333 0.94 0.891304347826087 0.981481481481482 0.984299516908213 8 2 1 3 400.662
0.960869565217391 0.976 0.942857142857143 0.986514285714286 0.94 0.891304347826087 0.981481481481482 0.983091787439614 10 2 1 3 400.662
0.826086956521739 0.864 0.780952380952381 0.925638095238095 0.9 0.869565217391304 0.925925925925926 0.961352657004831 1 3 1 3 400.662
0.926086956521739 0.952 0.895238095238095 0.97912380952381 0.88 0.847826086956522 0.907407407407407 0.968599033816425 2 3 1 3 400.662
