0.892307692307692 0.921052631578947 0.851851851851852 0.969785575048733 0.82 0.84 0.8 0.894 NA 1 26 1 104.616
1 1 1 1 0.87 0.86 0.88 0.8864 5 2 26 1 104.616
1 1 1 1 0.89 0.9 0.88 0.9294 8 2 26 1 104.616
1 1 1 1 0.85 0.92 0.78 0.8974 10 2 26 1 104.616
0.907692307692308 0.973684210526316 0.814814814814815 0.963937621832359 0.84 0.94 0.74 0.908 1 3 26 1 104.616
0.969230769230769 1 0.925925925925926 0.996101364522417 0.88 0.94 0.82 0.9404 2 3 26 1 104.616
0.861538461538462 0.894736842105263 0.814814814814815 0.962962962962963 0.86 0.9 0.82 0.9004 NA 1 26 2 105.102
1 1 1 1 0.86 0.9 0.82 0.8818 5 2 26 2 105.102
1 1 1 1 0.87 0.82 0.92 0.8794 8 2 26 2 105.102
1 1 1 1 0.88 0.82 0.94 0.9112 10 2 26 2 105.102
0.907692307692308 0.973684210526316 0.814814814814815 0.961013645224172 0.85 0.94 0.76 0.904 1 3 26 2 105.102
0.969230769230769 1 0.925925925925926 0.996101364522417 0.9 0.96 0.84 0.944 2 3 26 2 105.102
0.861538461538462 0.894736842105263 0.814814814814815 0.96588693957115 0.83 0.86 0.8 0.9 NA 1 26 3 172.557
0.984615384615385 0.973684210526316 1 1 0.85 0.82 0.88 0.8862 5 2 26 3 172.557
1 1 1 1 0.87 0.82 0.92 0.8872 8 2 26 3 172.557
1 1 1 1 0.87 0.82 0.92 0.8876 10 2 26 3 172.557
0.923076923076923 1 0.814814814814815 0.967836257309941 0.83 0.94 0.72 0.9108 1 3 26 3 172.557
0.969230769230769 1 0.925925925925926 0.996101364522417 0.88 0.94 0.82 0.946 2 3 26 3 172.557
