1 1 1 1 0.73 0.648148148148148 0.826086956521739 0.760265700483092 NA 1 12 1 95.587
1 1 1 1 0.74 0.666666666666667 0.826086956521739 0.753623188405797 5 2 12 1 95.587
1 1 1 1 0.74 0.666666666666667 0.826086956521739 0.753220611916264 8 2 12 1 95.587
1 1 1 1 0.74 0.666666666666667 0.826086956521739 0.753623188405797 10 2 12 1 95.587
0.953488372093023 1 0.91304347826087 0.989130434782609 0.86 0.851851851851852 0.869565217391304 0.919484702093398 1 3 12 1 95.587
0.953488372093023 1 0.91304347826087 0.991304347826087 0.78 0.740740740740741 0.826086956521739 0.890901771336554 2 3 12 1 95.587
1 1 1 1 0.74 0.666666666666667 0.826086956521739 0.766505636070853 NA 1 12 2 112.179
1 1 1 1 0.74 0.666666666666667 0.826086956521739 0.760869565217391 5 2 12 2 112.179
1 1 1 1 0.74 0.666666666666667 0.826086956521739 0.760466988727858 8 2 12 2 112.179
1 1 1 1 0.74 0.666666666666667 0.826086956521739 0.760869565217391 10 2 12 2 112.179
0.953488372093023 1 0.91304347826087 0.991304347826087 0.85 0.833333333333333 0.869565217391304 0.917471819645733 1 3 12 2 112.179
0.953488372093023 1 0.91304347826087 0.991304347826087 0.78 0.740740740740741 0.826086956521739 0.892914653784219 2 3 12 2 112.179
1 1 1 1 0.74 0.685185185185185 0.804347826086957 0.749597423510467 NA 1 12 3 153.943
1 1 1 1 0.74 0.685185185185185 0.804347826086957 0.749194847020934 5 2 12 3 153.943
1 1 1 1 0.74 0.685185185185185 0.804347826086957 0.749194847020934 8 2 12 3 153.943
1 1 1 1 0.74 0.685185185185185 0.804347826086957 0.749194847020934 10 2 12 3 153.943
0.953488372093023 1 0.91304347826087 0.991304347826087 0.86 0.833333333333333 0.891304347826087 0.92109500805153 1 3 12 3 153.943
0.953488372093023 1 0.91304347826087 0.991304347826087 0.79 0.722222222222222 0.869565217391304 0.898148148148148 2 3 12 3 153.943
