0.902777777777778 0.923076923076923 0.878787878787879 0.974358974358974 0.95 0.928571428571429 0.977272727272727 0.975649350649351 NA 1 1 1 106.681
1 1 1 1 0.92 0.910714285714286 0.931818181818182 0.939123376623377 5 2 1 1 106.681
1 1 1 1 0.93 0.910714285714286 0.954545454545455 0.939529220779221 8 2 1 1 106.681
1 1 1 1 0.93 0.910714285714286 0.954545454545455 0.939529220779221 10 2 1 1 106.681
0.888888888888889 0.897435897435897 0.878787878787879 0.97979797979798 0.96 0.946428571428571 0.977272727272727 0.977272727272727 1 3 1 1 106.681
0.958333333333333 0.974358974358974 0.939393939393939 0.996891996891997 0.9 0.892857142857143 0.909090909090909 0.976055194805195 2 3 1 1 106.681
0.916666666666667 0.948717948717949 0.878787878787879 0.974358974358974 0.96 0.946428571428571 0.977272727272727 0.972402597402597 NA 1 1 2 102.294
1 1 1 1 0.91 0.892857142857143 0.931818181818182 0.930803571428571 5 2 1 2 102.294
1 1 1 1 0.91 0.892857142857143 0.931818181818182 0.934659090909091 8 2 1 2 102.294
1 1 1 1 0.92 0.892857142857143 0.954545454545455 0.931209415584416 10 2 1 2 102.294
0.875 0.871794871794872 0.878787878787879 0.978243978243978 0.96 0.946428571428571 0.977272727272727 0.976055194805195 1 3 1 2 102.294
0.958333333333333 0.974358974358974 0.939393939393939 0.996891996891997 0.88 0.857142857142857 0.909090909090909 0.97362012987013 2 3 1 2 102.294
0.902777777777778 0.923076923076923 0.878787878787879 0.972804972804973 0.95 0.928571428571429 0.977272727272727 0.970779220779221 NA 1 1 3 179.315
1 1 1 1 0.91 0.892857142857143 0.931818181818182 0.929788961038961 5 2 1 3 179.315
1 1 1 1 0.91 0.892857142857143 0.931818181818182 0.930803571428571 8 2 1 3 179.315
1 1 1 1 0.93 0.910714285714286 0.954545454545455 0.931209415584416 10 2 1 3 179.315
0.888888888888889 0.897435897435897 0.878787878787879 0.972027972027972 0.96 0.946428571428571 0.977272727272727 0.976866883116883 1 3 1 3 179.315
0.972222222222222 0.974358974358974 0.96969696969697 0.996891996891997 0.9 0.892857142857143 0.909090909090909 0.969155844155844 2 3 1 3 179.315
