0.834821428571429 0.846846846846847 0.823008849557522 0.924340269473013 0.84 0.854545454545454 0.822222222222222 0.946666666666667 NA 1 38 1 334.615
0.924107142857143 0.918918918918919 0.929203539823009 0.974328310611496 0.93 0.890909090909091 0.977777777777778 0.98020202020202 5 2 38 1 334.615
0.924107142857143 0.918918918918919 0.929203539823009 0.974248584868054 0.93 0.890909090909091 0.977777777777778 0.978585858585859 8 2 38 1 334.615
0.924107142857143 0.918918918918919 0.929203539823009 0.974726939328709 0.93 0.890909090909091 0.977777777777778 0.977777777777778 10 2 38 1 334.615
0.816964285714286 0.828828828828829 0.805309734513274 0.92362273778203 0.85 0.872727272727273 0.822222222222222 0.945050505050505 1 3 38 1 334.615
0.919642857142857 0.918918918918919 0.920353982300885 0.977756517579526 0.9 0.890909090909091 0.911111111111111 0.970909090909091 2 3 38 1 334.615
0.834821428571429 0.837837837837838 0.831858407079646 0.924818623933668 0.84 0.854545454545454 0.822222222222222 0.944242424242424 NA 1 38 2 333.282
0.924107142857143 0.918918918918919 0.929203539823009 0.974408036354939 0.93 0.890909090909091 0.977777777777778 0.97979797979798 5 2 38 2 333.282
0.924107142857143 0.918918918918919 0.929203539823009 0.974248584868054 0.93 0.890909090909091 0.977777777777778 0.977777777777778 8 2 38 2 333.282
0.924107142857143 0.918918918918919 0.929203539823009 0.974966116559037 0.93 0.890909090909091 0.977777777777778 0.977777777777778 10 2 38 2 333.282
0.825892857142857 0.837837837837838 0.814159292035398 0.924818623933668 0.86 0.890909090909091 0.822222222222222 0.944242424242424 1 3 38 2 333.282
0.915178571428571 0.918918918918919 0.911504424778761 0.977437614605756 0.9 0.890909090909091 0.911111111111111 0.970505050505051 2 3 38 2 333.282
0.834821428571429 0.846846846846847 0.823008849557522 0.922984931834489 0.84 0.854545454545454 0.822222222222222 0.946666666666667 NA 1 38 3 575.937
0.924107142857143 0.918918918918919 0.929203539823009 0.973690504663956 0.93 0.890909090909091 0.977777777777778 0.979393939393939 5 2 38 3 575.937
0.924107142857143 0.918918918918919 0.929203539823009 0.973929681894284 0.93 0.890909090909091 0.977777777777778 0.978585858585859 8 2 38 3 575.937
0.924107142857143 0.918918918918919 0.929203539823009 0.974726939328709 0.93 0.890909090909091 0.977777777777778 0.978989898989899 10 2 38 3 575.937
0.830357142857143 0.846846846846847 0.814159292035398 0.922506577373834 0.84 0.872727272727273 0.8 0.946666666666667 1 3 38 3 575.937
0.915178571428571 0.90990990990991 0.920353982300885 0.97879295224428 0.91 0.909090909090909 0.911111111111111 0.971717171717172 2 3 38 3 575.937
