0.891304347826087 0.92 0.857142857142857 0.954285714285714 0.82 0.813953488372093 0.824561403508772 0.896368829049368 NA 1 59 1 56.638
1 1 1 1 0.78 0.883720930232558 0.701754385964912 0.835169318645451 5 2 59 1 56.638
1 1 1 1 0.9 0.813953488372093 0.964912280701754 0.936760505915953 8 2 59 1 56.638
1 1 1 1 0.89 0.790697674418605 0.964912280701754 0.920440636474908 10 2 59 1 56.638
0.934782608695652 0.92 0.952380952380952 0.948571428571429 0.8 0.86046511627907 0.754385964912281 0.905752753977968 1 3 59 1 56.638
0.978260869565217 1 0.952380952380952 1 0.82 0.86046511627907 0.789473684210526 0.931864545083639 2 3 59 1 56.638
0.891304347826087 0.92 0.857142857142857 0.956190476190476 0.83 0.813953488372093 0.842105263157895 0.891472868217054 NA 1 59 2 68.319
1 1 1 1 0.88 0.906976744186046 0.859649122807018 0.926152590779274 5 2 59 2 68.319
1 1 1 1 0.89 0.883720930232558 0.894736842105263 0.928804569563443 8 2 59 2 68.319
1 1 1 1 0.91 0.837209302325581 0.964912280701754 0.922480620155039 10 2 59 2 68.319
0.934782608695652 0.92 0.952380952380952 0.95047619047619 0.79 0.813953488372093 0.771929824561403 0.90452876376989 1 3 59 2 68.319
1 1 1 1 0.82 0.86046511627907 0.789473684210526 0.928192574459404 2 3 59 2 68.319
0.891304347826087 0.92 0.857142857142857 0.954285714285714 0.83 0.813953488372093 0.842105263157895 0.893920848633211 NA 1 59 3 124.469
1 1 1 1 0.85 0.790697674418605 0.894736842105263 0.923704610363117 5 2 59 3 124.469
1 1 1 1 0.83 0.813953488372093 0.842105263157895 0.852713178294574 8 2 59 3 124.469
1 1 1 1 0.91 0.86046511627907 0.947368421052632 0.940024479804161 10 2 59 3 124.469
0.934782608695652 0.92 0.952380952380952 0.952380952380952 0.81 0.86046511627907 0.771929824561403 0.905752753977968 1 3 59 3 124.469
0.978260869565217 1 0.952380952380952 1 0.82 0.86046511627907 0.789473684210526 0.92860057119543 2 3 59 3 124.469
