0.868055555555556 0.866666666666667 0.869565217391304 0.938937198067633 0.86 0.911111111111111 0.818181818181818 0.939393939393939 NA 1 30 1 246.815
0.944444444444444 0.946666666666667 0.942028985507246 0.985507246376812 0.95 0.955555555555556 0.945454545454545 0.984646464646465 5 2 30 1 246.815
0.951388888888889 0.96 0.942028985507246 0.985700483091787 0.94 0.933333333333333 0.945454545454545 0.984242424242424 8 2 30 1 246.815
0.944444444444444 0.946666666666667 0.942028985507246 0.987246376811594 0.94 0.933333333333333 0.945454545454545 0.982222222222222 10 2 30 1 246.815
0.854166666666667 0.866666666666667 0.840579710144927 0.938357487922705 0.85 0.911111111111111 0.8 0.937777777777778 1 3 30 1 246.815
0.944444444444444 0.946666666666667 0.942028985507246 0.986473429951691 0.88 0.844444444444444 0.909090909090909 0.971313131313131 2 3 30 1 246.815
0.868055555555556 0.866666666666667 0.869565217391304 0.939710144927536 0.86 0.911111111111111 0.818181818181818 0.94020202020202 NA 1 30 2 229.39
0.944444444444444 0.946666666666667 0.942028985507246 0.985507246376812 0.95 0.955555555555556 0.945454545454545 0.984646464646465 5 2 30 2 229.39
0.951388888888889 0.96 0.942028985507246 0.985700483091787 0.94 0.933333333333333 0.945454545454545 0.984646464646465 8 2 30 2 229.39
0.944444444444444 0.946666666666667 0.942028985507246 0.987053140096618 0.94 0.933333333333333 0.945454545454545 0.982222222222222 10 2 30 2 229.39
0.854166666666667 0.866666666666667 0.840579710144927 0.938357487922705 0.85 0.911111111111111 0.8 0.936161616161616 1 3 30 2 229.39
0.9375 0.946666666666667 0.927536231884058 0.986086956521739 0.87 0.822222222222222 0.909090909090909 0.969292929292929 2 3 30 2 229.39
0.868055555555556 0.866666666666667 0.869565217391304 0.937971014492754 0.86 0.911111111111111 0.818181818181818 0.939393939393939 NA 1 30 3 407.384
0.944444444444444 0.946666666666667 0.942028985507246 0.984927536231884 0.94 0.933333333333333 0.945454545454545 0.983030303030303 5 2 30 3 407.384
0.951388888888889 0.96 0.942028985507246 0.985507246376812 0.94 0.933333333333333 0.945454545454545 0.983434343434343 8 2 30 3 407.384
1 1 1 1 0.87 0.822222222222222 0.909090909090909 0.885656565656566 10 2 30 3 407.384
0.854166666666667 0.866666666666667 0.840579710144927 0.936811594202899 0.85 0.911111111111111 0.8 0.938585858585859 1 3 30 3 407.384
0.9375 0.946666666666667 0.927536231884058 0.987246376811594 0.87 0.822222222222222 0.909090909090909 0.972525252525253 2 3 30 3 407.384
