0.854368932038835 0.877358490566038 0.83 0.94122641509434 0.84 0.882352941176471 0.795918367346939 0.920768307322929 NA 1 48 1 407.633
0.907766990291262 0.905660377358491 0.91 0.977547169811321 0.9 0.96078431372549 0.836734693877551 0.963985594237695 5 2 48 1 407.633
0.907766990291262 0.905660377358491 0.91 0.977641509433962 0.92 0.96078431372549 0.877551020408163 0.974389755902361 8 2 48 1 407.633
0.912621359223301 0.905660377358491 0.92 0.978018867924528 0.92 0.96078431372549 0.877551020408163 0.976390556222489 10 2 48 1 407.633
0.864077669902913 0.886792452830189 0.84 0.939811320754717 0.85 0.901960784313726 0.795918367346939 0.913965586234494 1 3 48 1 407.633
0.932038834951456 0.924528301886792 0.94 0.980943396226415 0.86 0.92156862745098 0.795918367346939 0.947178871548619 2 3 48 1 407.633
0.859223300970874 0.877358490566038 0.84 0.940943396226415 0.85 0.882352941176471 0.816326530612245 0.92156862745098 NA 1 48 2 398.825
0.907766990291262 0.905660377358491 0.91 0.977452830188679 0.91 0.980392156862745 0.836734693877551 0.962785114045618 5 2 48 2 398.825
0.907766990291262 0.905660377358491 0.91 0.977924528301887 0.92 0.96078431372549 0.877551020408163 0.97358943577431 8 2 48 2 398.825
0.912621359223301 0.905660377358491 0.92 0.978207547169811 0.92 0.96078431372549 0.877551020408163 0.975590236094438 10 2 48 2 398.825
0.868932038834951 0.89622641509434 0.84 0.939433962264151 0.85 0.901960784313726 0.795918367346939 0.914765906362545 1 3 48 2 398.825
0.932038834951456 0.924528301886792 0.94 0.981132075471698 0.87 0.92156862745098 0.816326530612245 0.948779511804722 2 3 48 2 398.825
0.854368932038835 0.877358490566038 0.83 0.941603773584906 0.85 0.882352941176471 0.816326530612245 0.92156862745098 NA 1 48 3 707.047
0.907766990291262 0.905660377358491 0.91 0.97811320754717 0.89 0.96078431372549 0.816326530612245 0.955182072829132 5 2 48 3 707.047
0.912621359223301 0.905660377358491 0.92 0.979433962264151 0.89 0.96078431372549 0.816326530612245 0.966386554621849 8 2 48 3 707.047
0.912621359223301 0.905660377358491 0.92 0.978301886792453 0.92 0.96078431372549 0.877551020408163 0.969587835134054 10 2 48 3 707.047
0.87378640776699 0.886792452830189 0.86 0.93688679245283 0.82 0.862745098039216 0.775510204081633 0.909163665466186 1 3 48 3 707.047
0.941747572815534 0.933962264150943 0.95 0.981603773584906 0.87 0.92156862745098 0.816326530612245 0.941976790716286 2 3 48 3 707.047
