1 1 1 1 0.8 0.653061224489796 0.941176470588235 0.819327731092437 NA 1 15 1 117.241
1 1 1 1 0.8 0.653061224489796 0.941176470588235 0.81952781112445 5 2 15 1 117.241
1 1 1 1 0.8 0.653061224489796 0.941176470588235 0.819327731092437 8 2 15 1 117.241
1 1 1 1 0.8 0.653061224489796 0.941176470588235 0.81952781112445 10 2 15 1 117.241
0.938775510204082 0.909090909090909 0.962962962962963 0.971380471380471 0.86 0.836734693877551 0.882352941176471 0.927170868347339 1 3 15 1 117.241
0.979591836734694 1 0.962962962962963 1 0.88 0.836734693877551 0.92156862745098 0.942777110844338 2 3 15 1 117.241
1 1 1 1 0.8 0.653061224489796 0.941176470588235 0.838135254101641 NA 1 15 2 117.07
1 1 1 1 0.8 0.653061224489796 0.941176470588235 0.828531412565026 5 2 15 2 117.07
1 1 1 1 0.8 0.653061224489796 0.941176470588235 0.828531412565026 8 2 15 2 117.07
1 1 1 1 0.8 0.653061224489796 0.941176470588235 0.828531412565026 10 2 15 2 117.07
0.938775510204082 0.909090909090909 0.962962962962963 0.971380471380471 0.85 0.816326530612245 0.882352941176471 0.928371348539416 1 3 15 2 117.07
0.979591836734694 1 0.962962962962963 1 0.89 0.836734693877551 0.941176470588235 0.942376950780312 2 3 15 2 117.07
1 1 1 1 0.81 0.673469387755102 0.941176470588235 0.833133253301321 NA 1 15 3 205.912
1 1 1 1 0.81 0.673469387755102 0.941176470588235 0.823529411764706 5 2 15 3 205.912
1 1 1 1 0.82 0.693877551020408 0.941176470588235 0.823529411764706 8 2 15 3 205.912
1 1 1 1 0.81 0.673469387755102 0.941176470588235 0.823529411764706 10 2 15 3 205.912
0.938775510204082 0.909090909090909 0.962962962962963 0.981481481481482 0.86 0.816326530612245 0.901960784313726 0.927571028411365 1 3 15 3 205.912
0.979591836734694 1 0.962962962962963 1 0.88 0.816326530612245 0.941176470588235 0.943177270908363 2 3 15 3 205.912
