0.846534653465347 0.858585858585859 0.83495145631068 0.93909973521624 0.78 0.760869565217391 0.796296296296296 0.899355877616747 NA 1 90 1 316.911
0.940594059405941 0.939393939393939 0.941747572815534 0.989310581543591 0.86 0.869565217391304 0.851851851851852 0.931561996779388 5 2 90 1 316.911
0.940594059405941 0.939393939393939 0.941747572815534 0.989702853780524 0.86 0.869565217391304 0.851851851851852 0.931964573268921 8 2 90 1 316.911
0.945544554455445 0.939393939393939 0.951456310679612 0.990291262135922 0.87 0.869565217391304 0.87037037037037 0.932367149758454 10 2 90 1 316.911
0.861386138613861 0.878787878787879 0.844660194174757 0.935078944787683 0.77 0.760869565217391 0.777777777777778 0.913446054750403 1 3 90 1 316.911
0.925742574257426 0.919191919191919 0.932038834951456 0.984897518878101 0.81 0.826086956521739 0.796296296296296 0.931561996779388 2 3 90 1 316.911
0.846534653465347 0.858585858585859 0.83495145631068 0.939295871334706 0.78 0.760869565217391 0.796296296296296 0.898953301127214 NA 1 90 2 241.491
0.940594059405941 0.939393939393939 0.941747572815534 0.989212513484358 0.87 0.869565217391304 0.87037037037037 0.931561996779388 5 2 90 2 241.491
0.940594059405941 0.939393939393939 0.941747572815534 0.989702853780524 0.87 0.869565217391304 0.87037037037037 0.931964573268921 8 2 90 2 241.491
0.940594059405941 0.939393939393939 0.941747572815534 0.990389330195155 0.87 0.869565217391304 0.87037037037037 0.932769726247987 10 2 90 2 241.491
0.856435643564356 0.868686868686869 0.844660194174757 0.935765421202314 0.77 0.760869565217391 0.777777777777778 0.91304347826087 1 3 90 2 241.491
0.925742574257426 0.919191919191919 0.932038834951456 0.985583995292733 0.81 0.826086956521739 0.796296296296296 0.929549114331723 2 3 90 2 241.491
0.856435643564356 0.858585858585859 0.854368932038835 0.938217122683142 0.78 0.782608695652174 0.777777777777778 0.909822866344606 NA 1 90 3 482.521
0.940594059405941 0.939393939393939 0.941747572815534 0.989408649602824 0.86 0.869565217391304 0.851851851851852 0.930354267310789 5 2 90 3 482.521
0.95049504950495 0.94949494949495 0.951456310679612 0.989997057958223 0.85 0.847826086956522 0.851851851851852 0.931964573268921 8 2 90 3 482.521
0.95049504950495 0.94949494949495 0.951456310679612 0.990487398254389 0.87 0.869565217391304 0.87037037037037 0.933977455716586 10 2 90 3 482.521
0.861386138613861 0.878787878787879 0.844660194174757 0.936353829557713 0.78 0.782608695652174 0.777777777777778 0.920289855072464 1 3 90 3 482.521
0.925742574257426 0.919191919191919 0.932038834951456 0.984995586937334 0.82 0.847826086956522 0.796296296296296 0.933574879227053 2 3 90 3 482.521
