0.919148936170213 0.930232558139535 0.905660377358491 0.965701330993126 0.89 0.833333333333333 0.956521739130435 0.96256038647343 NA 1 39 1 466.66
0.965957446808511 0.968992248062015 0.962264150943396 0.99341816586222 0.94 0.925925925925926 0.956521739130435 0.989533011272142 5 2 39 1 466.66
0.970212765957447 0.976744186046512 0.962264150943396 0.994003217785578 0.94 0.925925925925926 0.956521739130435 0.985507246376812 8 2 39 1 466.66
0.970212765957447 0.968992248062015 0.971698113207547 0.995100190141875 0.94 0.925925925925926 0.956521739130435 0.981078904991948 10 2 39 1 466.66
0.919148936170213 0.930232558139535 0.905660377358491 0.965555068012286 0.86 0.814814814814815 0.91304347826087 0.958937198067633 1 3 39 1 466.66
0.94468085106383 0.968992248062015 0.915094339622642 0.991443615620886 0.92 0.907407407407407 0.934782608695652 0.979468599033816 2 3 39 1 466.66
0.919148936170213 0.930232558139535 0.905660377358491 0.965920725464385 0.89 0.833333333333333 0.956521739130435 0.962962962962963 NA 1 39 2 410.263
0.965957446808511 0.968992248062015 0.962264150943396 0.993271902881381 0.94 0.925925925925926 0.956521739130435 0.989533011272142 5 2 39 2 410.263
0.961702127659574 0.961240310077519 0.962264150943396 0.993856954804739 0.94 0.925925925925926 0.956521739130435 0.985507246376812 8 2 39 2 410.263
0.970212765957447 0.968992248062015 0.971698113207547 0.995027058651455 0.95 0.944444444444444 0.956521739130435 0.981078904991948 10 2 39 2 410.263
0.919148936170213 0.930232558139535 0.905660377358491 0.964750621617669 0.86 0.814814814814815 0.91304347826087 0.960144927536232 1 3 39 2 410.263
0.94468085106383 0.968992248062015 0.915094339622642 0.991882404563405 0.92 0.907407407407407 0.934782608695652 0.979871175523349 2 3 39 2 410.263
0.91063829787234 0.922480620155039 0.89622641509434 0.965774462483545 0.87 0.814814814814815 0.934782608695652 0.961755233494364 NA 1 39 3 879.723
0.965957446808511 0.968992248062015 0.962264150943396 0.99356442884306 0.94 0.925925925925926 0.956521739130435 0.98792270531401 5 2 39 3 879.723
0.970212765957447 0.976744186046512 0.962264150943396 0.994003217785578 0.94 0.925925925925926 0.956521739130435 0.985507246376812 8 2 39 3 879.723
0.965957446808511 0.968992248062015 0.962264150943396 0.995027058651455 0.94 0.925925925925926 0.956521739130435 0.983091787439614 10 2 39 3 879.723
0.914893617021277 0.922480620155039 0.905660377358491 0.965116279069767 0.85 0.796296296296296 0.91304347826087 0.9585346215781 1 3 39 3 879.723
0.936170212765957 0.953488372093023 0.915094339622642 0.991151089659207 0.92 0.907407407407407 0.934782608695652 0.979066022544283 2 3 39 3 879.723
