0.849259757738896 0.854054054054054 0.844504021447721 0.935388739946381 0.89 0.94 0.84 0.9332 NA 1 85 1 1790.628
0.919246298788694 0.921621621621622 0.916890080428954 0.978624737337874 0.88 0.92 0.84 0.9536 5 2 85 1 1790.628
0.920592193808883 0.921621621621622 0.919571045576407 0.97887834214912 0.88 0.92 0.84 0.9536 8 2 85 1 1790.628
0.919246298788694 0.921621621621622 0.916890080428954 0.979204405477864 0.88 0.92 0.84 0.954 10 2 85 1 1790.628
0.839838492597577 0.845945945945946 0.833780160857909 0.935519165277878 0.88 0.92 0.84 0.9352 1 3 85 1 1790.628
0.932705248990579 0.92972972972973 0.935656836461126 0.981450619520325 0.9 0.92 0.88 0.9504 2 3 85 1 1790.628
0.850605652759085 0.859459459459459 0.841823056300268 0.935584377943627 0.89 0.94 0.84 0.9352 NA 1 85 2 1657.633
0.919246298788694 0.921621621621622 0.916890080428954 0.978566770523875 0.88 0.92 0.84 0.9536 5 2 85 2 1657.633
0.920592193808883 0.921621621621622 0.919571045576407 0.978813129483371 0.88 0.92 0.84 0.9536 8 2 85 2 1657.633
0.919246298788694 0.921621621621622 0.916890080428954 0.979131946960365 0.88 0.92 0.84 0.954 10 2 85 2 1657.633
0.842530282637954 0.851351351351351 0.833780160857909 0.935642344757626 0.88 0.92 0.84 0.9368 1 3 85 2 1657.633
0.928667563930013 0.927027027027027 0.93029490616622 0.981341931744076 0.9 0.92 0.88 0.9508 2 3 85 2 1657.633
0.849259757738896 0.854054054054054 0.844504021447721 0.93541047750163 0.89 0.94 0.84 0.934 NA 1 85 3 3438.217
0.917900403768506 0.913513513513514 0.922252010723861 0.978617491486124 0.88 0.92 0.84 0.9536 5 2 85 3 3438.217
0.919246298788694 0.921621621621622 0.916890080428954 0.978805883631621 0.88 0.92 0.84 0.9536 8 2 85 3 3438.217
0.919246298788694 0.921621621621622 0.916890080428954 0.979131946960365 0.88 0.92 0.84 0.9536 10 2 85 3 3438.217
0.847913862718708 0.851351351351351 0.844504021447721 0.935555394536628 0.88 0.92 0.84 0.9356 1 3 85 3 3438.217
0.934051144010767 0.92972972972973 0.938337801608579 0.982109992029563 0.89 0.92 0.86 0.9516 2 3 85 3 3438.217
