0.836363636363636 0.833333333333333 0.84 0.906666666666667 0.85 0.823529411764706 0.877551020408163 0.902761104441777 NA 1 28 1 141.747
0.927272727272727 0.933333333333333 0.92 0.985333333333333 0.86 0.882352941176471 0.836734693877551 0.957983193277311 5 2 28 1 141.747
1 1 1 1 0.78 0.803921568627451 0.755102040816326 0.805922368947579 8 2 28 1 141.747
1 1 1 1 0.85 0.882352941176471 0.816326530612245 0.87374949979992 10 2 28 1 141.747
0.745454545454545 0.933333333333333 0.52 0.916 0.83 0.882352941176471 0.775510204081633 0.903961584633854 1 3 28 1 141.747
0.963636363636364 0.966666666666667 0.96 0.993333333333333 0.85 0.901960784313726 0.795918367346939 0.916766706682673 2 3 28 1 141.747
0.836363636363636 0.833333333333333 0.84 0.908 0.85 0.823529411764706 0.877551020408163 0.900760304121649 NA 1 28 2 108.725
0.927272727272727 0.933333333333333 0.92 0.986666666666667 0.83 0.823529411764706 0.836734693877551 0.937575030012005 5 2 28 2 108.725
1 1 1 1 0.84 0.843137254901961 0.836734693877551 0.851940776310524 8 2 28 2 108.725
1 1 1 1 0.81 0.784313725490196 0.836734693877551 0.815726290516206 10 2 28 2 108.725
0.745454545454545 0.9 0.56 0.916 0.83 0.882352941176471 0.775510204081633 0.899159663865546 1 3 28 2 108.725
0.963636363636364 0.966666666666667 0.96 0.993333333333333 0.85 0.901960784313726 0.795918367346939 0.916366546618647 2 3 28 2 108.725
0.818181818181818 0.8 0.84 0.912 0.83 0.784313725490196 0.877551020408163 0.893557422969188 NA 1 28 3 207.116
0.927272727272727 0.933333333333333 0.92 0.988 0.86 0.882352941176471 0.836734693877551 0.951980792316927 5 2 28 3 207.116
0.981818181818182 1 0.96 0.972 0.75 0.823529411764706 0.673469387755102 0.759503801520608 8 2 28 3 207.116
1 1 1 1 0.86 0.843137254901961 0.877551020408163 0.865546218487395 10 2 28 3 207.116
0.745454545454545 0.9 0.56 0.916 0.81 0.823529411764706 0.795918367346939 0.886354541816727 1 3 28 3 207.116
0.945454545454545 0.933333333333333 0.96 0.993333333333333 0.85 0.901960784313726 0.795918367346939 0.907162865146058 2 3 28 3 207.116
