0.790322580645161 0.708333333333333 0.842105263157895 0.913377192982456 0.81 0.826923076923077 0.791666666666667 0.891826923076923 NA 1 9 1 80.352
0.919354838709677 0.916666666666667 0.921052631578947 0.972587719298246 0.82 0.846153846153846 0.791666666666667 0.920272435897436 5 2 9 1 80.352
1 1 1 1 0.83 0.788461538461538 0.875 0.82832532051282 8 2 9 1 80.352
1 1 1 1 0.79 0.769230769230769 0.8125 0.834935897435897 10 2 9 1 80.352
0.870967741935484 0.833333333333333 0.894736842105263 0.905701754385965 0.81 0.788461538461538 0.833333333333333 0.893830128205128 1 3 9 1 80.352
0.903225806451613 0.833333333333333 0.947368421052632 0.971491228070175 0.87 0.769230769230769 0.979166666666667 0.943108974358974 2 3 9 1 80.352
0.806451612903226 0.75 0.842105263157895 0.911184210526316 0.81 0.826923076923077 0.791666666666667 0.893028846153846 NA 1 9 2 74.655
0.903225806451613 0.875 0.921052631578947 0.963815789473684 0.84 0.865384615384615 0.8125 0.941907051282051 5 2 9 2 74.655
1 1 1 1 0.75 0.769230769230769 0.729166666666667 0.764423076923077 8 2 9 2 74.655
0.951612903225806 0.958333333333333 0.947368421052632 0.993421052631579 0.66 0.692307692307692 0.625 0.659855769230769 10 2 9 2 74.655
0.870967741935484 0.833333333333333 0.894736842105263 0.904605263157895 0.81 0.807692307692308 0.8125 0.895833333333333 1 3 9 2 74.655
0.903225806451613 0.833333333333333 0.947368421052632 0.968201754385965 0.86 0.769230769230769 0.958333333333333 0.94551282051282 2 3 9 2 74.655
0.790322580645161 0.708333333333333 0.842105263157895 0.907894736842105 0.81 0.807692307692308 0.8125 0.893830128205128 NA 1 9 3 135.579
0.919354838709677 0.916666666666667 0.921052631578947 0.974780701754386 0.83 0.884615384615385 0.770833333333333 0.912259615384615 5 2 9 3 135.579
1 1 1 1 0.78 0.788461538461538 0.770833333333333 0.786458333333333 8 2 9 3 135.579
0.983870967741935 1 0.973684210526316 1 0.69 0.692307692307692 0.6875 0.73818108974359 10 2 9 3 135.579
0.854838709677419 0.791666666666667 0.894736842105263 0.911184210526316 0.83 0.807692307692308 0.854166666666667 0.903445512820513 1 3 9 3 135.579
0.903225806451613 0.833333333333333 0.947368421052632 0.971491228070175 0.87 0.769230769230769 0.979166666666667 0.944711538461538 2 3 9 3 135.579
