0.87012987012987 0.858490566037736 0.88 0.952830188679245 0.84 0.825396825396825 0.864864864864865 0.936936936936937 NA 1 47 1 401.753
0.948051948051948 0.943396226415094 0.952 0.988150943396226 0.89 0.888888888888889 0.891891891891892 0.967395967395967 5 2 47 1 401.753
0.956709956709957 0.952830188679245 0.96 0.990641509433962 0.89 0.904761904761905 0.864864864864865 0.964392964392964 8 2 47 1 401.753
0.956709956709957 0.952830188679245 0.96 0.991471698113208 0.88 0.888888888888889 0.864864864864865 0.963534963534963 10 2 47 1 401.753
0.874458874458874 0.886792452830189 0.864 0.951622641509434 0.86 0.857142857142857 0.864864864864865 0.946803946803947 1 3 47 1 401.753
0.943722943722944 0.943396226415094 0.944 0.989358490566038 0.87 0.873015873015873 0.864864864864865 0.952380952380952 2 3 47 1 401.753
0.87012987012987 0.858490566037736 0.88 0.954264150943396 0.84 0.825396825396825 0.864864864864865 0.937365937365937 NA 1 47 2 409.638
0.948051948051948 0.943396226415094 0.952 0.98822641509434 0.89 0.888888888888889 0.891891891891892 0.966966966966967 5 2 47 2 409.638
0.956709956709957 0.952830188679245 0.96 0.990641509433962 0.89 0.904761904761905 0.864864864864865 0.965250965250965 8 2 47 2 409.638
0.956709956709957 0.952830188679245 0.96 0.991547169811321 0.89 0.904761904761905 0.864864864864865 0.963105963105963 10 2 47 2 409.638
0.87012987012987 0.886792452830189 0.856 0.952452830188679 0.86 0.857142857142857 0.864864864864865 0.948090948090948 1 3 47 2 409.638
0.943722943722944 0.943396226415094 0.944 0.989283018867925 0.87 0.873015873015873 0.864864864864865 0.951522951522952 2 3 47 2 409.638
0.878787878787879 0.867924528301887 0.888 0.95222641509434 0.86 0.841269841269841 0.891891891891892 0.936507936507937 NA 1 47 3 798.083
0.948051948051948 0.943396226415094 0.952 0.988377358490566 0.9 0.904761904761905 0.891891891891892 0.966966966966967 5 2 47 3 798.083
0.956709956709957 0.952830188679245 0.96 0.991169811320755 0.89 0.904761904761905 0.864864864864865 0.963963963963964 8 2 47 3 798.083
0.956709956709957 0.952830188679245 0.96 0.991471698113208 0.88 0.888888888888889 0.864864864864865 0.961389961389961 10 2 47 3 798.083
0.874458874458874 0.886792452830189 0.864 0.950716981132075 0.86 0.857142857142857 0.864864864864865 0.946374946374946 1 3 47 3 798.083
0.948051948051948 0.952830188679245 0.944 0.989584905660377 0.88 0.873015873015873 0.891891891891892 0.951951951951952 2 3 47 3 798.083
