0.842105263157895 0.855670103092783 0.827956989247312 0.930772641614012 0.81 0.891304347826087 0.740740740740741 0.906602254428341 NA 1 94 1 418.003
0.955263157894737 0.948453608247423 0.962365591397849 0.991630639618668 0.91 0.978260869565217 0.851851851851852 0.968599033816425 5 2 94 1 418.003
0.952631578947368 0.948453608247423 0.956989247311828 0.992101762554041 0.91 0.978260869565217 0.851851851851852 0.969001610305958 8 2 94 1 418.003
0.952631578947368 0.948453608247423 0.956989247311828 0.992600598603259 0.91 0.978260869565217 0.851851851851852 0.969404186795491 10 2 94 1 418.003
0.847368421052632 0.865979381443299 0.827956989247312 0.930578649817093 0.81 0.891304347826087 0.740740740740741 0.908615136876006 1 3 94 1 418.003
0.931578947368421 0.927835051546392 0.935483870967742 0.990411262609467 0.89 0.934782608695652 0.851851851851852 0.950885668276973 2 3 94 1 418.003
0.842105263157895 0.855670103092783 0.827956989247312 0.931299190777076 0.8 0.869565217391304 0.740740740740741 0.906199677938808 NA 1 94 2 274.887
0.955263157894737 0.948453608247423 0.962365591397849 0.991575213390977 0.91 0.978260869565217 0.851851851851852 0.968196457326892 5 2 94 2 274.887
0.952631578947368 0.948453608247423 0.956989247311828 0.992074049440195 0.91 0.978260869565217 0.851851851851852 0.968599033816425 8 2 94 2 274.887
0.952631578947368 0.948453608247423 0.956989247311828 0.992545172375568 0.91 0.978260869565217 0.851851851851852 0.969806763285024 10 2 94 2 274.887
0.852631578947368 0.865979381443299 0.838709677419355 0.931160625207848 0.81 0.891304347826087 0.740740740740741 0.906602254428341 1 3 94 2 274.887
0.934210526315789 0.93298969072165 0.935483870967742 0.990522115064849 0.9 0.956521739130435 0.851851851851852 0.950885668276973 2 3 94 2 274.887
0.842105263157895 0.860824742268041 0.82258064516129 0.929996674426339 0.82 0.891304347826087 0.759259259259259 0.90780998389694 NA 1 94 3 726.008
0.955263157894737 0.948453608247423 0.962365591397849 0.991741492074049 0.91 0.978260869565217 0.851851851851852 0.968599033816425 5 2 94 3 726.008
0.95 0.948453608247423 0.951612903225806 0.992157188781732 0.91 0.978260869565217 0.851851851851852 0.969001610305958 8 2 94 3 726.008
0.952631578947368 0.948453608247423 0.956989247311828 0.992406606806341 0.91 0.978260869565217 0.851851851851852 0.968196457326892 10 2 94 3 726.008
0.852631578947368 0.865979381443299 0.838709677419355 0.929747256401729 0.81 0.891304347826087 0.740740740740741 0.910628019323672 1 3 94 3 726.008
0.936842105263158 0.938144329896907 0.935483870967742 0.99057754129254 0.89 0.91304347826087 0.87037037037037 0.948067632850242 2 3 94 3 726.008
