0.953488372093023 1 0.894736842105263 0.984649122807018 0.86 0.844444444444444 0.872727272727273 0.936565656565657 NA 1 24 1 53.738
1 1 1 1 0.85 0.844444444444444 0.854545454545454 0.887878787878788 5 2 24 1 53.738
1 1 1 1 0.86 0.8 0.909090909090909 0.898181818181818 8 2 24 1 53.738
1 1 1 1 0.88 0.844444444444444 0.909090909090909 0.872323232323232 10 2 24 1 53.738
0.883720930232558 0.958333333333333 0.789473684210526 0.964912280701754 0.84 0.933333333333333 0.763636363636364 0.937373737373737 1 3 24 1 53.738
0.930232558139535 0.958333333333333 0.894736842105263 0.986842105263158 0.86 0.933333333333333 0.8 0.926868686868687 2 3 24 1 53.738
0.883720930232558 0.958333333333333 0.789473684210526 0.969298245614035 0.85 0.844444444444444 0.854545454545454 0.92969696969697 NA 1 24 2 78.847
1 1 1 1 0.86 0.888888888888889 0.836363636363636 0.896565656565657 5 2 24 2 78.847
1 1 1 1 0.86 0.911111111111111 0.818181818181818 0.89979797979798 8 2 24 2 78.847
1 1 1 1 0.85 0.777777777777778 0.909090909090909 0.856161616161616 10 2 24 2 78.847
0.837209302325581 0.875 0.789473684210526 0.969298245614035 0.83 0.933333333333333 0.745454545454545 0.92040404040404 1 3 24 2 78.847
0.930232558139535 0.958333333333333 0.894736842105263 0.984649122807018 0.85 0.911111111111111 0.8 0.927272727272727 2 3 24 2 78.847
0.883720930232558 0.958333333333333 0.789473684210526 0.967105263157895 0.84 0.822222222222222 0.854545454545454 0.923232323232323 NA 1 24 3 95.95
1 1 1 1 0.9 0.888888888888889 0.909090909090909 0.931515151515152 5 2 24 3 95.95
1 1 1 1 0.92 0.933333333333333 0.909090909090909 0.932121212121212 8 2 24 3 95.95
1 1 1 1 0.85 0.777777777777778 0.909090909090909 0.842828282828283 10 2 24 3 95.95
0.86046511627907 0.916666666666667 0.789473684210526 0.971491228070175 0.84 0.911111111111111 0.781818181818182 0.915959595959596 1 3 24 3 95.95
0.906976744186046 0.958333333333333 0.842105263157895 0.986842105263158 0.86 0.911111111111111 0.818181818181818 0.926464646464646 2 3 24 3 95.95
