0.802721088435374 0.831168831168831 0.771428571428571 0.912987012987013 0.84 0.877551020408163 0.803921568627451 0.941576630652261 NA 1 67 1 102.758
1 1 1 1 0.88 0.857142857142857 0.901960784313726 0.902761104441777 5 2 67 1 102.758
1 1 1 1 0.85 0.857142857142857 0.843137254901961 0.888355342136855 8 2 67 1 102.758
1 1 1 1 0.9 0.877551020408163 0.92156862745098 0.892757102841136 10 2 67 1 102.758
0.816326530612245 0.896103896103896 0.728571428571429 0.913543599257885 0.82 0.897959183673469 0.745098039215686 0.938375350140056 1 3 67 1 102.758
0.931972789115646 0.961038961038961 0.9 0.979591836734694 0.9 0.938775510204082 0.862745098039216 0.963585434173669 2 3 67 1 102.758
0.80952380952381 0.831168831168831 0.785714285714286 0.915213358070501 0.84 0.877551020408163 0.803921568627451 0.942376950780312 NA 1 67 2 130.115
1 1 1 1 0.87 0.857142857142857 0.882352941176471 0.894357743097239 5 2 67 2 130.115
1 1 1 1 0.84 0.816326530612245 0.862745098039216 0.869547819127651 8 2 67 2 130.115
1 1 1 1 0.87 0.877551020408163 0.862745098039216 0.882753101240496 10 2 67 2 130.115
0.80952380952381 0.883116883116883 0.728571428571429 0.915584415584416 0.83 0.918367346938776 0.745098039215686 0.938375350140056 1 3 67 2 130.115
0.931972789115646 0.961038961038961 0.9 0.980148423005566 0.9 0.938775510204082 0.862745098039216 0.963185274109644 2 3 67 2 130.115
0.795918367346939 0.818181818181818 0.771428571428571 0.909090909090909 0.84 0.877551020408163 0.803921568627451 0.94077631052421 NA 1 67 3 184.477
0.952380952380952 0.974025974025974 0.928571428571429 0.99165120593692 0.95 0.959183673469388 0.941176470588235 0.978791516606643 5 2 67 3 184.477
1 1 1 1 0.87 0.877551020408163 0.862745098039216 0.909163665466186 8 2 67 3 184.477
1 1 1 1 0.88 0.877551020408163 0.882352941176471 0.901760704281713 10 2 67 3 184.477
0.782312925170068 0.831168831168831 0.728571428571429 0.910946196660482 0.81 0.897959183673469 0.725490196078431 0.936774709883954 1 3 67 3 184.477
0.931972789115646 0.961038961038961 0.9 0.979406307977737 0.91 0.959183673469388 0.862745098039216 0.964385754301721 2 3 67 3 184.477
