0.898305084745763 0.896551724137931 0.9 0.966666666666667 0.87 0.811320754716981 0.936170212765957 0.928542753914091 NA 1 31 1 106.009
1 1 1 1 0.79 0.849056603773585 0.723404255319149 0.823364110798876 5 2 31 1 106.009
1 1 1 1 0.78 0.773584905660377 0.787234042553192 0.831794460056202 8 2 31 1 106.009
1 1 1 1 0.82 0.811320754716981 0.829787234042553 0.846647932557206 10 2 31 1 106.009
0.915254237288136 0.931034482758621 0.9 0.96551724137931 0.87 0.830188679245283 0.914893617021277 0.940586109995986 1 3 31 1 106.009
0.966101694915254 1 0.933333333333333 0.990804597701149 0.87 0.849056603773585 0.893617021276596 0.939381774387796 2 3 31 1 106.009
0.898305084745763 0.896551724137931 0.9 0.964367816091954 0.87 0.811320754716981 0.936170212765957 0.928944199116821 NA 1 31 2 123.932
1 1 1 1 0.81 0.886792452830189 0.723404255319149 0.832195905258932 5 2 31 2 123.932
1 1 1 1 0.82 0.830188679245283 0.808510638297872 0.831794460056202 8 2 31 2 123.932
1 1 1 1 0.76 0.735849056603774 0.787234042553192 0.844239261340827 10 2 31 2 123.932
0.915254237288136 0.931034482758621 0.9 0.963218390804598 0.88 0.830188679245283 0.936170212765957 0.938578883982336 1 3 31 2 123.932
0.966101694915254 1 0.933333333333333 0.990804597701149 0.86 0.849056603773585 0.872340425531915 0.940586109995986 2 3 31 2 123.932
0.898305084745763 0.896551724137931 0.9 0.963218390804598 0.88 0.811320754716981 0.957446808510638 0.928944199116821 NA 1 31 3 221.337
1 1 1 1 0.79 0.830188679245283 0.74468085106383 0.780208751505419 5 2 31 3 221.337
1 1 1 1 0.83 0.830188679245283 0.829787234042553 0.865315134484143 8 2 31 3 221.337
1 1 1 1 0.79 0.792452830188679 0.787234042553192 0.832998795664392 10 2 31 3 221.337
0.915254237288136 0.931034482758621 0.9 0.962068965517241 0.88 0.849056603773585 0.914893617021277 0.938177438779607 1 3 31 3 221.337
0.966101694915254 1 0.933333333333333 0.990804597701149 0.86 0.849056603773585 0.872340425531915 0.935367322360498 2 3 31 3 221.337
