0.852417302798982 0.855670103092783 0.849246231155779 0.923043050303062 0.85 0.865384615384615 0.833333333333333 0.945913461538462 NA 1 93 1 445.311
0.933842239185751 0.938144329896907 0.92964824120603 0.969797440812309 0.89 0.903846153846154 0.875 0.958333333333333 5 2 93 1 445.311
0.928753180661578 0.927835051546392 0.92964824120603 0.97269854426773 0.9 0.923076923076923 0.875 0.958733974358974 8 2 93 1 445.311
0.931297709923664 0.927835051546392 0.934673366834171 0.972413614464073 0.89 0.903846153846154 0.875 0.957932692307692 10 2 93 1 445.311
0.852417302798982 0.865979381443299 0.839195979899497 0.920530487488991 0.86 0.884615384615385 0.833333333333333 0.943910256410256 1 3 93 1 445.311
0.936386768447837 0.927835051546392 0.944723618090452 0.972828057814847 0.86 0.865384615384615 0.854166666666667 0.944711538461538 2 3 93 1 445.311
0.854961832061069 0.860824742268041 0.849246231155779 0.923172563850179 0.85 0.865384615384615 0.833333333333333 0.947516025641026 NA 1 93 2 449.489
0.931297709923664 0.93298969072165 0.92964824120603 0.969823343521732 0.89 0.903846153846154 0.875 0.957932692307692 5 2 93 2 449.489
0.931297709923664 0.927835051546392 0.934673366834171 0.972957571361964 0.9 0.923076923076923 0.875 0.957532051282051 8 2 93 2 449.489
0.933842239185751 0.927835051546392 0.939698492462312 0.972724446977154 0.9 0.923076923076923 0.875 0.957932692307692 10 2 93 2 449.489
0.847328244274809 0.855670103092783 0.839195979899497 0.920737709164379 0.86 0.884615384615385 0.833333333333333 0.943910256410256 1 3 93 2 449.489
0.933842239185751 0.922680412371134 0.944723618090452 0.973035279490235 0.85 0.846153846153846 0.854166666666667 0.944310897435897 2 3 93 2 449.489
0.849872773536896 0.850515463917526 0.849246231155779 0.922991244884215 0.85 0.865384615384615 0.833333333333333 0.94150641025641 NA 1 93 3 870.63
0.938931297709924 0.938144329896907 0.939698492462312 0.970056467906543 0.89 0.903846153846154 0.875 0.956330128205128 5 2 93 3 870.63
0.931297709923664 0.927835051546392 0.934673366834171 0.972646738848884 0.89 0.903846153846154 0.875 0.957932692307692 8 2 93 3 870.63
0.936386768447837 0.938144329896907 0.934673366834171 0.972776252396001 0.89 0.903846153846154 0.875 0.957532051282051 10 2 93 3 870.63
0.849872773536896 0.850515463917526 0.849246231155779 0.919727503496866 0.85 0.865384615384615 0.833333333333333 0.939903846153846 1 3 93 3 870.63
0.936386768447837 0.93298969072165 0.939698492462312 0.972439517173496 0.85 0.865384615384615 0.833333333333333 0.943108974358974 2 3 93 3 870.63
