0.836734693877551 0.888888888888889 0.772727272727273 0.909090909090909 0.72 0.947368421052632 0.580645161290323 0.913412563667233 NA 1 21 1 54.524
1 1 1 1 0.88 0.921052631578947 0.854838709677419 0.923811544991511 5 2 21 1 54.524
1 1 1 1 0.9 0.868421052631579 0.919354838709677 0.933786078098472 8 2 21 1 54.524
1 1 1 1 0.83 0.947368421052632 0.758064516129032 0.88688455008489 10 2 21 1 54.524
0.836734693877551 0.925925925925926 0.727272727272727 0.902356902356902 0.68 0.973684210526316 0.5 0.917657045840407 1 3 21 1 54.524
0.918367346938776 0.925925925925926 0.909090909090909 0.95959595959596 0.81 0.947368421052632 0.725806451612903 0.917657045840407 2 3 21 1 54.524
0.836734693877551 0.888888888888889 0.772727272727273 0.909090909090909 0.73 0.947368421052632 0.596774193548387 0.915110356536503 NA 1 21 2 82.296
1 1 1 1 0.87 0.921052631578947 0.838709677419355 0.905135823429541 5 2 21 2 82.296
1 1 1 1 0.9 0.894736842105263 0.903225806451613 0.951825127334465 8 2 21 2 82.296
1 1 1 1 0.87 0.947368421052632 0.82258064516129 0.935059422750424 10 2 21 2 82.296
0.816326530612245 0.925925925925926 0.681818181818182 0.902356902356902 0.65 0.973684210526316 0.451612903225806 0.9223259762309 1 3 21 2 82.296
0.918367346938776 0.925925925925926 0.909090909090909 0.957912457912458 0.81 0.947368421052632 0.725806451612903 0.92062818336163 2 3 21 2 82.296
0.836734693877551 0.888888888888889 0.772727272727273 0.898989898989899 0.69 0.921052631578947 0.548387096774194 0.9223259762309 NA 1 21 3 100.402
0.959183673469388 0.925925925925926 1 1 0.89 0.842105263157895 0.919354838709677 0.881154499151104 5 2 21 3 100.402
1 1 1 1 0.89 0.947368421052632 0.854838709677419 0.951825127334465 8 2 21 3 100.402
1 1 1 1 0.89 0.921052631578947 0.870967741935484 0.932088285229202 10 2 21 3 100.402
0.795918367346939 0.888888888888889 0.681818181818182 0.885521885521885 0.68 0.947368421052632 0.516129032258065 0.912563667232598 1 3 21 3 100.402
0.918367346938776 0.962962962962963 0.863636363636364 0.95959595959596 0.77 0.921052631578947 0.67741935483871 0.918081494057725 2 3 21 3 100.402
