0.855203619909502 0.88135593220339 0.825242718446602 0.943146289287477 0.92 0.933333333333333 0.909090909090909 0.96969696969697 NA 1 27 1 374.5
0.959276018099548 0.966101694915254 0.951456310679612 0.98823432614777 0.96 0.977777777777778 0.945454545454545 0.993939393939394 5 2 27 1 374.5
0.963800904977376 0.966101694915254 0.961165048543689 0.993253249958861 0.96 0.955555555555556 0.963636363636364 0.996363636363636 8 2 27 1 374.5
0.963800904977376 0.966101694915254 0.961165048543689 0.99391146947507 0.97 0.977777777777778 0.963636363636364 0.996767676767677 10 2 27 1 374.5
0.841628959276018 0.88135593220339 0.796116504854369 0.943639953924634 0.9 0.933333333333333 0.872727272727273 0.964848484848485 1 3 27 1 374.5
0.927601809954751 0.949152542372881 0.902912621359223 0.984202731610992 0.98 0.977777777777778 0.981818181818182 0.996767676767677 2 3 27 1 374.5
0.855203619909502 0.88135593220339 0.825242718446602 0.942817179529373 0.92 0.933333333333333 0.909090909090909 0.96969696969697 NA 1 27 2 355.497
0.959276018099548 0.966101694915254 0.951456310679612 0.988398881026822 0.96 0.977777777777778 0.945454545454545 0.993939393939394 5 2 27 2 355.497
0.963800904977376 0.966101694915254 0.961165048543689 0.993253249958861 0.96 0.955555555555556 0.963636363636364 0.996363636363636 8 2 27 2 355.497
0.963800904977376 0.974576271186441 0.951456310679612 0.993582359716966 0.96 0.977777777777778 0.945454545454545 0.997979797979798 10 2 27 2 355.497
0.841628959276018 0.88135593220339 0.796116504854369 0.944051341122264 0.9 0.933333333333333 0.872727272727273 0.968484848484849 1 3 27 2 355.497
0.923076923076923 0.940677966101695 0.902912621359223 0.983873621852888 0.98 0.977777777777778 0.981818181818182 0.996363636363636 2 3 27 2 355.497
0.855203619909502 0.872881355932203 0.83495145631068 0.943393121606056 0.91 0.911111111111111 0.909090909090909 0.966868686868687 NA 1 27 3 657.742
0.95475113122172 0.966101694915254 0.941747572815534 0.988069771268718 0.96 0.977777777777778 0.945454545454545 0.993535353535353 5 2 27 3 657.742
0.959276018099548 0.966101694915254 0.951456310679612 0.992924140200757 0.98 1 0.963636363636364 0.995959595959596 8 2 27 3 657.742
0.963800904977376 0.974576271186441 0.951456310679612 0.993664637156492 0.96 0.977777777777778 0.945454545454545 0.997979797979798 10 2 27 3 657.742
0.855203619909502 0.88135593220339 0.825242718446602 0.942241237452691 0.89 0.911111111111111 0.872727272727273 0.962828282828283 1 3 27 3 657.742
0.927601809954751 0.949152542372881 0.902912621359223 0.984449563929571 0.98 0.977777777777778 0.981818181818182 0.997171717171717 2 3 27 3 657.742
