0.826143790849673 0.8425 0.808219178082192 0.923109589041096 0.87 0.884615384615385 0.854166666666667 0.942708333333333 NA 1 9 1 947.311
0.903267973856209 0.91 0.895890410958904 0.967952054794521 0.93 0.942307692307692 0.916666666666667 0.975961538461538 5 2 9 1 947.311
0.908496732026144 0.915 0.901369863013699 0.97027397260274 0.93 0.942307692307692 0.916666666666667 0.972355769230769 8 2 9 1 947.311
0.908496732026144 0.915 0.901369863013699 0.9705 0.93 0.942307692307692 0.916666666666667 0.972355769230769 10 2 9 1 947.311
0.833986928104575 0.855 0.810958904109589 0.923383561643836 0.84 0.846153846153846 0.833333333333333 0.940705128205128 1 3 9 1 947.311
0.90718954248366 0.91 0.904109589041096 0.97072602739726 0.91 0.923076923076923 0.895833333333333 0.961538461538462 2 3 9 1 947.311
0.830065359477124 0.8475 0.810958904109589 0.923321917808219 0.87 0.884615384615385 0.854166666666667 0.943108974358974 NA 1 9 2 763.057
0.901960784313726 0.91 0.893150684931507 0.967986301369863 0.93 0.942307692307692 0.916666666666667 0.975961538461538 5 2 9 2 763.057
0.90718954248366 0.9125 0.901369863013699 0.970267123287671 0.93 0.942307692307692 0.916666666666667 0.971955128205128 8 2 9 2 763.057
0.909803921568627 0.915 0.904109589041096 0.970650684931507 0.93 0.942307692307692 0.916666666666667 0.971955128205128 10 2 9 2 763.057
0.832679738562092 0.855 0.808219178082192 0.923397260273973 0.83 0.826923076923077 0.833333333333333 0.941105769230769 1 3 9 2 763.057
0.90718954248366 0.91 0.904109589041096 0.970397260273973 0.91 0.923076923076923 0.895833333333333 0.961939102564103 2 3 9 2 763.057
0.827450980392157 0.845 0.808219178082192 0.923506849315069 0.86 0.884615384615385 0.833333333333333 0.94150641025641 NA 1 9 3 1601.145
0.901960784313726 0.91 0.893150684931507 0.968 0.93 0.942307692307692 0.916666666666667 0.975961538461538 5 2 9 3 1601.145
0.908496732026144 0.915 0.901369863013699 0.970034246575342 0.93 0.942307692307692 0.916666666666667 0.972355769230769 8 2 9 3 1601.145
0.905882352941176 0.9125 0.898630136986301 0.970157534246575 0.93 0.942307692307692 0.916666666666667 0.971955128205128 10 2 9 3 1601.145
0.826143790849673 0.8425 0.808219178082192 0.923684931506849 0.84 0.846153846153846 0.833333333333333 0.938301282051282 1 3 9 3 1601.145
0.905882352941176 0.91 0.901369863013699 0.971041095890411 0.91 0.923076923076923 0.895833333333333 0.961939102564103 2 3 9 3 1601.145
