0.883333333333333 0.851851851851852 0.909090909090909 0.942760942760943 0.87 0.846153846153846 0.895833333333333 0.919471153846154 NA 1 79 1 69.231
1 1 1 1 0.87 0.75 1 0.903846153846154 5 2 79 1 69.231
0.983333333333333 1 0.96969696969697 1 0.82 0.788461538461538 0.854166666666667 0.830128205128205 8 2 79 1 69.231
1 1 1 1 0.85 0.769230769230769 0.9375 0.887019230769231 10 2 79 1 69.231
0.9 0.925925925925926 0.878787878787879 0.929292929292929 0.79 0.730769230769231 0.854166666666667 0.89823717948718 1 3 79 1 69.231
0.966666666666667 0.962962962962963 0.96969696969697 0.984287317620651 0.83 0.807692307692308 0.854166666666667 0.944711538461538 2 3 79 1 69.231
0.883333333333333 0.851851851851852 0.909090909090909 0.938271604938272 0.86 0.826923076923077 0.895833333333333 0.918669871794872 NA 1 79 2 61.946
1 1 1 1 0.85 0.711538461538462 1 0.894230769230769 5 2 79 2 61.946
1 1 1 1 0.84 0.769230769230769 0.916666666666667 0.881209935897436 8 2 79 2 61.946
1 1 1 1 0.85 0.807692307692308 0.895833333333333 0.866586538461538 10 2 79 2 61.946
0.883333333333333 0.888888888888889 0.878787878787879 0.932659932659933 0.83 0.788461538461538 0.875 0.895032051282051 1 3 79 2 61.946
0.966666666666667 0.962962962962963 0.96969696969697 0.983164983164983 0.83 0.826923076923077 0.833333333333333 0.944310897435897 2 3 79 2 61.946
0.866666666666667 0.814814814814815 0.909090909090909 0.942760942760943 0.85 0.788461538461538 0.916666666666667 0.922275641025641 NA 1 79 3 113.642
1 1 1 1 0.87 0.75 1 0.892027243589744 5 2 79 3 113.642
1 1 1 1 0.75 0.711538461538462 0.791666666666667 0.802884615384615 8 2 79 3 113.642
1 1 1 1 0.85 0.730769230769231 0.979166666666667 0.900240384615385 10 2 79 3 113.642
0.9 0.925925925925926 0.878787878787879 0.934904601571268 0.8 0.75 0.854166666666667 0.892227564102564 1 3 79 3 113.642
0.95 0.962962962962963 0.939393939393939 0.985409652076319 0.83 0.807692307692308 0.854166666666667 0.94150641025641 2 3 79 3 113.642
