0.904761904761905 0.9375 0.884615384615385 0.963942307692308 0.84 0.866666666666667 0.8 0.93375 NA 1 90 1 43.82
1 1 1 1 0.85 0.916666666666667 0.75 0.860833333333333 5 2 90 1 43.82
1 1 1 1 0.85 0.883333333333333 0.8 0.847916666666667 8 2 90 1 43.82
1 1 1 1 0.85 0.9 0.775 0.869166666666667 10 2 90 1 43.82
0.952380952380952 0.875 1 0.935096153846154 0.83 0.866666666666667 0.775 0.937916666666667 1 3 90 1 43.82
0.976190476190476 1 0.961538461538462 0.992788461538462 0.9 0.883333333333333 0.925 0.94125 2 3 90 1 43.82
0.904761904761905 0.9375 0.884615384615385 0.966346153846154 0.84 0.866666666666667 0.8 0.933333333333333 NA 1 90 2 46.703
1 1 1 1 0.84 0.866666666666667 0.8 0.84125 5 2 90 2 46.703
1 1 1 1 0.86 0.883333333333333 0.825 0.8775 8 2 90 2 46.703
1 1 1 1 0.83 0.866666666666667 0.775 0.8475 10 2 90 2 46.703
0.952380952380952 0.875 1 0.9375 0.83 0.866666666666667 0.775 0.937083333333333 1 3 90 2 46.703
0.976190476190476 1 0.961538461538462 0.995192307692308 0.9 0.883333333333333 0.925 0.94125 2 3 90 2 46.703
0.952380952380952 0.9375 0.961538461538462 0.971153846153846 0.83 0.85 0.8 0.92625 NA 1 90 3 76.775
1 1 1 1 0.83 0.866666666666667 0.775 0.83625 5 2 90 3 76.775
1 1 1 1 0.84 0.883333333333333 0.775 0.846041666666667 8 2 90 3 76.775
1 1 1 1 0.84 0.866666666666667 0.8 0.852083333333333 10 2 90 3 76.775
0.928571428571429 0.875 0.961538461538462 0.935096153846154 0.82 0.883333333333333 0.725 0.936666666666667 1 3 90 3 76.775
0.976190476190476 1 0.961538461538462 1 0.91 0.916666666666667 0.9 0.940833333333333 2 3 90 3 76.775
