0.844827586206897 0.769230769230769 0.90625 0.926682692307692 0.87 0.92 0.82 0.9472 NA 1 47 1 75.255
1 1 1 1 0.88 0.86 0.9 0.9048 5 2 47 1 75.255
1 1 1 1 0.87 0.86 0.88 0.9224 8 2 47 1 75.255
1 1 1 1 0.73 0.7 0.76 0.8048 10 2 47 1 75.255
0.862068965517241 0.769230769230769 0.9375 0.926682692307692 0.89 0.92 0.86 0.9488 1 3 47 1 75.255
0.948275862068966 0.884615384615385 1 0.997596153846154 0.87 0.9 0.84 0.952 2 3 47 1 75.255
0.844827586206897 0.769230769230769 0.90625 0.927884615384615 0.87 0.92 0.82 0.9444 NA 1 47 2 118.249
1 1 1 1 0.86 0.84 0.88 0.8896 5 2 47 2 118.249
1 1 1 1 0.87 0.88 0.86 0.8996 8 2 47 2 118.249
1 1 1 1 0.87 0.84 0.9 0.8958 10 2 47 2 118.249
0.862068965517241 0.769230769230769 0.9375 0.927884615384615 0.88 0.92 0.84 0.9436 1 3 47 2 118.249
0.948275862068966 0.884615384615385 1 0.997596153846154 0.86 0.9 0.82 0.9512 2 3 47 2 118.249
0.844827586206897 0.769230769230769 0.90625 0.921875 0.87 0.92 0.82 0.9464 NA 1 47 3 149.729
1 1 1 1 0.86 0.82 0.9 0.862 5 2 47 3 149.729
1 1 1 1 0.87 0.88 0.86 0.899 8 2 47 3 149.729
1 1 1 1 0.71 0.72 0.7 0.8322 10 2 47 3 149.729
0.862068965517241 0.769230769230769 0.9375 0.920673076923077 0.85 0.88 0.82 0.9428 1 3 47 3 149.729
0.948275862068966 0.884615384615385 1 0.996394230769231 0.85 0.88 0.82 0.9504 2 3 47 3 149.729
