0.861386138613861 0.87378640776699 0.848484848484849 0.936059625380014 0.86 0.928571428571429 0.772727272727273 0.933847402597403 NA 1 86 1 571.065
0.940594059405941 0.951456310679612 0.929292929292929 0.992644895557517 0.88 0.964285714285714 0.772727272727273 0.974025974025974 5 2 86 1 571.065
0.96039603960396 0.970873786407767 0.94949494949495 0.993625576149848 0.9 0.964285714285714 0.818181818181818 0.973214285714286 8 2 86 1 571.065
1 1 1 1 0.86 0.910714285714286 0.795454545454545 0.876623376623377 10 2 86 1 571.065
0.851485148514851 0.844660194174757 0.858585858585859 0.934196332254585 0.88 0.964285714285714 0.772727272727273 0.933035714285714 1 3 86 1 571.065
0.96039603960396 0.980582524271845 0.939393939393939 0.993331371972149 0.85 0.910714285714286 0.772727272727273 0.943993506493506 2 3 86 1 571.065
0.861386138613861 0.87378640776699 0.848484848484849 0.935863489261547 0.86 0.928571428571429 0.772727272727273 0.931818181818182 NA 1 86 2 341.365
0.940594059405941 0.951456310679612 0.929292929292929 0.992644895557517 0.88 0.964285714285714 0.772727272727273 0.972808441558442 5 2 86 2 341.365
0.96039603960396 0.970873786407767 0.94949494949495 0.993625576149848 0.89 0.964285714285714 0.795454545454545 0.972402597402597 8 2 86 2 341.365
1 1 1 1 0.86 0.910714285714286 0.795454545454545 0.876826298701299 10 2 86 2 341.365
0.846534653465347 0.844660194174757 0.848484848484849 0.933705991958419 0.88 0.964285714285714 0.772727272727273 0.931818181818182 1 3 86 2 341.365
0.965346534653465 0.980582524271845 0.94949494949495 0.993233303912916 0.85 0.910714285714286 0.772727272727273 0.940746753246753 2 3 86 2 341.365
0.856435643564356 0.864077669902913 0.848484848484849 0.936844169853879 0.87 0.946428571428571 0.772727272727273 0.933847402597403 NA 1 86 3 874.567
0.940594059405941 0.951456310679612 0.929292929292929 0.992448759439051 0.88 0.964285714285714 0.772727272727273 0.97362012987013 5 2 86 3 874.567
0.95049504950495 0.951456310679612 0.94949494949495 0.993331371972149 0.89 0.964285714285714 0.795454545454545 0.97362012987013 8 2 86 3 874.567
0.98019801980198 0.980582524271845 0.97979797979798 0.998627047170736 0.87 0.928571428571429 0.795454545454545 0.957386363636364 10 2 86 3 874.567
0.856435643564356 0.854368932038835 0.858585858585859 0.934098264195352 0.89 0.982142857142857 0.772727272727273 0.936282467532468 1 3 86 3 874.567
0.96039603960396 0.980582524271845 0.939393939393939 0.993527508090615 0.86 0.928571428571429 0.772727272727273 0.946428571428571 2 3 86 3 874.567
