0.805194805194805 0.794117647058823 0.813953488372093 0.922708618331053 0.85 0.790697674418605 0.894736842105263 0.932272541819665 NA 1 62 1 55.052
1 1 1 1 0.85 0.744186046511628 0.929824561403509 0.860057119543044 5 2 62 1 55.052
1 1 1 1 0.81 0.697674418604651 0.894736842105263 0.820277437780498 8 2 62 1 55.052
1 1 1 1 0.82 0.697674418604651 0.912280701754386 0.814769481844145 10 2 62 1 55.052
0.805194805194805 0.794117647058823 0.813953488372093 0.917920656634747 0.85 0.813953488372093 0.87719298245614 0.933496532027744 1 3 62 1 55.052
0.922077922077922 0.882352941176471 0.953488372093023 0.983584131326949 0.87 0.790697674418605 0.929824561403509 0.948184414524684 2 3 62 1 55.052
0.805194805194805 0.794117647058823 0.813953488372093 0.923392612859097 0.85 0.790697674418605 0.894736842105263 0.931048551611587 NA 1 62 2 81.149
0.987012987012987 1 0.976744186046512 0.984952120383037 0.79 0.720930232558139 0.842105263157895 0.821297429620563 5 2 62 2 81.149
1 1 1 1 0.87 0.790697674418605 0.929824561403509 0.878212974296206 8 2 62 2 81.149
1 1 1 1 0.85 0.767441860465116 0.912280701754386 0.866177070583435 10 2 62 2 81.149
0.805194805194805 0.794117647058823 0.813953488372093 0.918604651162791 0.85 0.813953488372093 0.87719298245614 0.934312525499796 1 3 62 2 81.149
0.922077922077922 0.882352941176471 0.953488372093023 0.983584131326949 0.87 0.790697674418605 0.929824561403509 0.947776417788658 2 3 62 2 81.149
0.805194805194805 0.794117647058823 0.813953488372093 0.926128590971272 0.83 0.767441860465116 0.87719298245614 0.933088535291718 NA 1 62 3 106.29
1 1 1 1 0.85 0.744186046511628 0.929824561403509 0.858833129334965 5 2 62 3 106.29
1 1 1 1 0.84 0.744186046511628 0.912280701754386 0.854141166870665 8 2 62 3 106.29
1 1 1 1 0.82 0.744186046511628 0.87719298245614 0.837617299061608 10 2 62 3 106.29
0.818181818181818 0.823529411764706 0.813953488372093 0.917920656634747 0.83 0.790697674418605 0.859649122807018 0.937984496124031 1 3 62 3 106.29
0.922077922077922 0.882352941176471 0.953488372093023 0.981532147742818 0.87 0.790697674418605 0.929824561403509 0.951040391676867 2 3 62 3 106.29
