0.841544607190413 0.848167539267016 0.834688346883469 0.931639211680075 0.86 0.847457627118644 0.878048780487805 0.911120297643654 NA 1 72 1 1132.609
0.936085219707057 0.93979057591623 0.932249322493225 0.981129130663034 0.92 0.932203389830508 0.902439024390244 0.962381149235221 5 2 72 1 1132.609
0.937416777629827 0.93979057591623 0.934959349593496 0.982250031924403 0.91 0.915254237288136 0.902439024390244 0.963207937164117 8 2 72 1 1132.609
0.938748335552597 0.942408376963351 0.934959349593496 0.982462861277827 0.91 0.915254237288136 0.902439024390244 0.963207937164117 10 2 72 1 1132.609
0.838881491344874 0.856020942408377 0.821138211382114 0.931710154797883 0.86 0.847457627118644 0.878048780487805 0.909053327821414 1 3 72 1 1132.609
0.938748335552597 0.934554973821989 0.943089430894309 0.980639623150158 0.87 0.88135593220339 0.853658536585366 0.951219512195122 2 3 72 1 1132.609
0.844207723035952 0.853403141361257 0.834688346883469 0.931667588927198 0.86 0.847457627118644 0.878048780487805 0.911533691608102 NA 1 72 2 1095.97
0.936085219707057 0.93979057591623 0.932249322493225 0.981256828275089 0.92 0.932203389830508 0.902439024390244 0.963621331128566 5 2 72 2 1095.97
0.937416777629827 0.93979057591623 0.934959349593496 0.982299692106869 0.91 0.915254237288136 0.902439024390244 0.964034725093014 8 2 72 2 1095.97
0.938748335552597 0.942408376963351 0.934959349593496 0.982519615772074 0.91 0.915254237288136 0.902439024390244 0.964448119057462 10 2 72 2 1095.97
0.838881491344874 0.856020942408377 0.821138211382114 0.931788192227472 0.84 0.847457627118644 0.829268292682927 0.910293509714758 1 3 72 2 1095.97
0.938748335552597 0.934554973821989 0.943089430894309 0.980710566267966 0.88 0.88135593220339 0.878048780487805 0.952873088052914 2 3 72 2 1095.97
0.844207723035952 0.853403141361257 0.834688346883469 0.931291590402815 0.86 0.847457627118644 0.878048780487805 0.911947085572551 NA 1 72 3 2083.028
0.934753661784288 0.93979057591623 0.929539295392954 0.980951772868514 0.92 0.932203389830508 0.902439024390244 0.961140967341877 5 2 72 3 2083.028
0.936085219707057 0.93979057591623 0.932249322493225 0.982030108259198 0.91 0.915254237288136 0.902439024390244 0.962794543199669 8 2 72 3 2083.028
0.940079893475366 0.945026178010471 0.934959349593496 0.982186183118376 0.91 0.915254237288136 0.902439024390244 0.962381149235221 10 2 72 3 2083.028
0.841544607190413 0.853403141361257 0.829268292682927 0.93098653499624 0.86 0.847457627118644 0.878048780487805 0.909466721785862 1 3 72 3 2083.028
0.938748335552597 0.934554973821989 0.943089430894309 0.980668000397281 0.87 0.88135593220339 0.853658536585366 0.948739148408433 2 3 72 3 2083.028
