0.951612903225806 0.967741935483871 0.935483870967742 0.970863683662851 0.82 0.735849056603774 0.914893617021277 0.937374548374147 NA 1 26 1 67.609
1 1 1 1 0.9 0.849056603773585 0.957446808510638 0.930349257326375 5 2 26 1 67.609
1 1 1 1 0.91 0.867924528301887 0.957446808510638 0.929947812123645 8 2 26 1 67.609
1 1 1 1 0.91 0.867924528301887 0.957446808510638 0.936170212765957 10 2 26 1 67.609
0.919354838709677 0.935483870967742 0.903225806451613 0.962539021852237 0.86 0.811320754716981 0.914893617021277 0.92934564431955 1 3 26 1 67.609
0.919354838709677 0.903225806451613 0.935483870967742 0.965660770031218 0.8 0.69811320754717 0.914893617021277 0.900843034925733 2 3 26 1 67.609
0.951612903225806 0.967741935483871 0.935483870967742 0.971904266389178 0.83 0.754716981132076 0.914893617021277 0.934162986752308 NA 1 26 2 90.496
1 1 1 1 0.89 0.867924528301887 0.914893617021277 0.899237254114813 5 2 26 2 90.496
1 1 1 1 0.88 0.867924528301887 0.893617021276596 0.913689281413087 8 2 26 2 90.496
1 1 1 1 0.88 0.830188679245283 0.936170212765957 0.913689281413087 10 2 26 2 90.496
0.935483870967742 0.935483870967742 0.935483870967742 0.963579604578564 0.8 0.69811320754717 0.914893617021277 0.926134082697712 1 3 26 2 90.496
0.919354838709677 0.903225806451613 0.935483870967742 0.970863683662851 0.8 0.69811320754717 0.914893617021277 0.904054596547571 2 3 26 2 90.496
0.951612903225806 0.967741935483871 0.935483870967742 0.969823100936524 0.82 0.735849056603774 0.914893617021277 0.93054997992774 NA 1 26 3 160.308
1 1 1 1 0.91 0.886792452830189 0.936170212765957 0.911481332798073 5 2 26 3 160.308
1 1 1 1 0.86 0.811320754716981 0.914893617021277 0.891208350060217 8 2 26 3 160.308
1 1 1 1 0.84 0.867924528301887 0.808510638297872 0.873143315937374 10 2 26 3 160.308
0.935483870967742 0.935483870967742 0.935483870967742 0.963579604578564 0.81 0.716981132075472 0.914893617021277 0.920112404656764 1 3 26 3 160.308
0.919354838709677 0.903225806451613 0.935483870967742 0.971904266389178 0.79 0.679245283018868 0.914893617021277 0.896427137695705 2 3 26 3 160.308
