0.845714285714286 0.866310160427808 0.822085889570552 0.934811850004921 0.82 0.86 0.78 0.9216 NA 1 66 1 689.503
0.931428571428571 0.941176470588235 0.920245398773006 0.98681145631705 0.9 0.88 0.92 0.974 5 2 66 1 689.503
0.928571428571429 0.941176470588235 0.914110429447853 0.987205144188183 0.9 0.9 0.9 0.9748 8 2 66 1 689.503
0.928571428571429 0.941176470588235 0.914110429447853 0.987237951510777 0.9 0.9 0.9 0.9756 10 2 66 1 689.503
0.845714285714286 0.877005347593583 0.809815950920245 0.933991666940061 0.84 0.9 0.78 0.9232 1 3 66 1 689.503
0.92 0.93048128342246 0.907975460122699 0.984088448541715 0.88 0.9 0.86 0.942 2 3 66 1 689.503
0.848571428571429 0.866310160427808 0.828220858895706 0.934910271972704 0.85 0.9 0.8 0.924 NA 1 66 2 647.739
0.931428571428571 0.941176470588235 0.920245398773006 0.986844263639644 0.9 0.88 0.92 0.974 5 2 66 2 647.739
0.931428571428571 0.941176470588235 0.920245398773006 0.987237951510777 0.9 0.9 0.9 0.9744 8 2 66 2 647.739
0.928571428571429 0.941176470588235 0.914110429447853 0.987270758833372 0.9 0.9 0.9 0.9756 10 2 66 2 647.739
0.84 0.866310160427808 0.809815950920245 0.934647813391949 0.85 0.92 0.78 0.9232 1 3 66 2 647.739
0.92 0.93048128342246 0.907975460122699 0.984022833896526 0.88 0.9 0.86 0.9408 2 3 66 2 647.739
0.845714285714286 0.866310160427808 0.822085889570552 0.934713428037138 0.84 0.88 0.8 0.922 NA 1 66 3 1255.579
0.928571428571429 0.935828877005348 0.920245398773006 0.986614612381484 0.91 0.9 0.92 0.9748 5 2 66 3 1255.579
0.931428571428571 0.941176470588235 0.920245398773006 0.987073914897805 0.9 0.9 0.9 0.9752 8 2 66 3 1255.579
0.931428571428571 0.941176470588235 0.920245398773006 0.987139529542994 0.9 0.9 0.9 0.9764 10 2 66 3 1255.579
0.845714285714286 0.877005347593583 0.809815950920245 0.934516584101571 0.84 0.9 0.78 0.9244 1 3 66 3 1255.579
0.92 0.925133689839572 0.914110429447853 0.983268265476854 0.89 0.9 0.88 0.94 2 3 66 3 1255.579
