0.866666666666667 0.848484848484849 0.888888888888889 0.948372615039282 0.85 0.930232558139535 0.789473684210526 0.934312525499796 NA 1 57 1 78.874
1 1 1 1 0.93 0.953488372093023 0.912280701754386 0.961036311709506 5 2 57 1 78.874
1 1 1 1 0.89 0.883720930232558 0.894736842105263 0.932068543451652 8 2 57 1 78.874
1 1 1 1 0.92 0.930232558139535 0.912280701754386 0.95063239494084 10 2 57 1 78.874
0.833333333333333 0.878787878787879 0.777777777777778 0.947250280583614 0.81 0.930232558139535 0.719298245614035 0.923704610363117 1 3 57 1 78.874
0.966666666666667 1 0.925925925925926 0.994388327721661 0.86 0.953488372093023 0.789473684210526 0.949000407996736 2 3 57 1 78.874
0.866666666666667 0.848484848484849 0.888888888888889 0.953984287317621 0.86 0.930232558139535 0.807017543859649 0.937984496124031 NA 1 57 2 95.655
1 1 1 1 0.92 0.930232558139535 0.912280701754386 0.944716442268462 5 2 57 2 95.655
0.983333333333333 1 0.962962962962963 0.972502805836139 0.77 0.744186046511628 0.789473684210526 0.818645450836393 8 2 57 2 95.655
0.983333333333333 1 0.962962962962963 0.971941638608305 0.78 0.86046511627907 0.719298245614035 0.816809465524276 10 2 57 2 95.655
0.85 0.909090909090909 0.777777777777778 0.941638608305275 0.79 0.906976744186046 0.701754385964912 0.922888616891065 1 3 57 2 95.655
0.966666666666667 1 0.925925925925926 0.994388327721661 0.86 0.930232558139535 0.807017543859649 0.946144430844553 2 3 57 2 95.655
0.866666666666667 0.848484848484849 0.888888888888889 0.953984287317621 0.86 0.930232558139535 0.807017543859649 0.938800489596083 NA 1 57 3 150.217
1 1 1 1 0.87 0.837209302325581 0.894736842105263 0.920440636474908 5 2 57 3 150.217
1 1 1 1 0.87 0.883720930232558 0.859649122807018 0.896368829049368 8 2 57 3 150.217
1 1 1 1 0.9 0.883720930232558 0.912280701754386 0.939004487964096 10 2 57 3 150.217
0.883333333333333 0.939393939393939 0.814814814814815 0.942760942760943 0.79 0.906976744186046 0.701754385964912 0.915136678906569 1 3 57 3 150.217
0.966666666666667 1 0.925925925925926 0.995510662177329 0.84 0.906976744186046 0.789473684210526 0.937984496124031 2 3 57 3 150.217
