0.825112107623318 0.872881355932203 0.771428571428571 0.920096852300242 0.85 0.866666666666667 0.825 0.9475 NA 1 76 1 349.336
0.946188340807175 0.949152542372881 0.942857142857143 0.993058918482647 0.81 0.8 0.825 0.933333333333333 5 2 76 1 349.336
0.955156950672646 0.957627118644068 0.952380952380952 0.994834543987086 0.8 0.783333333333333 0.825 0.930416666666667 8 2 76 1 349.336
0.964125560538117 0.966101694915254 0.961904761904762 0.995641646489104 0.8 0.766666666666667 0.85 0.9325 10 2 76 1 349.336
0.834080717488789 0.915254237288136 0.742857142857143 0.921226795803067 0.86 0.866666666666667 0.85 0.942916666666667 1 3 76 1 349.336
0.95067264573991 0.966101694915254 0.933333333333333 0.991121872477805 0.86 0.8 0.95 0.955833333333333 2 3 76 1 349.336
0.820627802690583 0.864406779661017 0.771428571428571 0.919289749798224 0.86 0.883333333333333 0.825 0.94625 NA 1 76 2 333.183
0.946188340807175 0.949152542372881 0.942857142857143 0.99273607748184 0.81 0.8 0.825 0.934583333333333 5 2 76 2 333.183
0.955156950672646 0.957627118644068 0.952380952380952 0.994673123486683 0.8 0.783333333333333 0.825 0.93125 8 2 76 2 333.183
0.964125560538117 0.966101694915254 0.961904761904762 0.995399515738499 0.81 0.783333333333333 0.85 0.932916666666667 10 2 76 2 333.183
0.829596412556054 0.906779661016949 0.742857142857143 0.920661824051655 0.84 0.866666666666667 0.8 0.94 1 3 76 2 333.183
0.95067264573991 0.966101694915254 0.933333333333333 0.991121872477805 0.86 0.8 0.95 0.955 2 3 76 2 333.183
0.829596412556054 0.88135593220339 0.771428571428571 0.919854721549637 0.85 0.85 0.85 0.945833333333333 NA 1 76 3 593.892
0.946188340807175 0.949152542372881 0.942857142857143 0.992978208232446 0.81 0.8 0.825 0.934166666666667 5 2 76 3 593.892
0.95067264573991 0.957627118644068 0.942857142857143 0.994673123486683 0.82 0.816666666666667 0.825 0.932083333333333 8 2 76 3 593.892
0.946188340807175 0.949152542372881 0.942857142857143 0.995157384987893 0.81 0.8 0.825 0.932083333333333 10 2 76 3 593.892
0.838565022421525 0.923728813559322 0.742857142857143 0.921065375302663 0.87 0.883333333333333 0.85 0.941666666666667 1 3 76 3 593.892
0.955156950672646 0.974576271186441 0.933333333333333 0.99136400322841 0.86 0.8 0.95 0.957916666666667 2 3 76 3 593.892
