0.868318122555411 0.874035989717224 0.862433862433862 0.936147495273459 0.83 0.830188679245283 0.829787234042553 0.928944199116821 NA 1 84 1 1731.703
0.94393741851369 0.946015424164524 0.941798941798942 0.986935705444703 0.98 0.981132075471698 0.978723404255319 0.993978321959053 5 2 84 1 1731.703
0.941329856584094 0.946015424164524 0.936507936507937 0.987377756015288 0.97 0.962264150943396 0.978723404255319 0.992773986350863 8 2 84 1 1731.703
0.941329856584094 0.946015424164524 0.936507936507937 0.987472966907414 0.97 0.962264150943396 0.978723404255319 0.993576876756323 10 2 84 1 1731.703
0.869621903520209 0.876606683804627 0.862433862433862 0.936147495273459 0.83 0.849056603773585 0.808510638297872 0.927739863508631 1 3 84 1 1731.703
0.945241199478488 0.951156812339332 0.939153439153439 0.987051318670856 0.97 0.981132075471698 0.957446808510638 0.982737856282617 2 3 84 1 1731.703
0.868318122555411 0.874035989717224 0.862433862433862 0.936507936507937 0.83 0.830188679245283 0.829787234042553 0.931754315535929 NA 1 84 2 1764.316
0.942633637548892 0.943444730077121 0.941798941798942 0.987010514002802 0.98 0.981132075471698 0.978723404255319 0.993978321959053 5 2 84 2 1764.316
0.940026075619296 0.943444730077121 0.936507936507937 0.987391357571306 0.97 0.962264150943396 0.978723404255319 0.993175431553593 8 2 84 2 1764.316
0.942633637548892 0.946015424164524 0.939153439153439 0.987282545123162 0.98 0.981132075471698 0.978723404255319 0.993978321959053 10 2 84 2 1764.316
0.872229465449804 0.876606683804627 0.867724867724868 0.936875178520423 0.83 0.849056603773585 0.808510638297872 0.928542753914091 1 3 84 2 1764.316
0.941329856584094 0.948586118251928 0.933862433862434 0.986881299220631 0.96 0.962264150943396 0.957446808510638 0.982737856282617 2 3 84 2 1764.316
0.865710560625815 0.868894601542416 0.862433862433862 0.935759850926946 0.83 0.830188679245283 0.829787234042553 0.924528301886792 NA 1 84 3 3289.558
0.942633637548892 0.943444730077121 0.941798941798942 0.986799689884523 0.98 0.981132075471698 0.978723404255319 0.993576876756323 5 2 84 3 3289.558
0.941329856584094 0.946015424164524 0.936507936507937 0.987411759905333 0.97 0.962264150943396 0.978723404255319 0.992773986350863 8 2 84 3 3289.558
0.941329856584094 0.943444730077121 0.939153439153439 0.987472966907414 0.97 0.962264150943396 0.978723404255319 0.993175431553593 10 2 84 3 3289.558
0.870925684485007 0.874035989717224 0.867724867724868 0.935521823696631 0.84 0.849056603773585 0.829787234042553 0.925331192292252 1 3 84 3 3289.558
0.942633637548892 0.946015424164524 0.939153439153439 0.986602467322262 0.96 0.962264150943396 0.957446808510638 0.982737856282617 2 3 84 3 3289.558
