0.863636363636364 0.863636363636364 0.863636363636364 0.929752066115702 0.8 0.792452830188679 0.808510638297872 0.847450822962666 NA 1 96 1 59.309
1 1 1 1 0.85 0.962264150943396 0.723404255319149 0.865917302288238 5 2 96 1 59.309
1 1 1 1 0.81 0.867924528301887 0.74468085106383 0.830590124448013 8 2 96 1 59.309
1 1 1 1 0.76 0.905660377358491 0.595744680851064 0.808711360899237 10 2 96 1 59.309
0.840909090909091 0.818181818181818 0.863636363636364 0.931818181818182 0.73 0.735849056603774 0.723404255319149 0.786029706945002 1 3 96 1 59.309
0.931818181818182 0.954545454545455 0.909090909090909 0.977272727272727 0.79 0.905660377358491 0.659574468085106 0.884785226816539 2 3 96 1 59.309
0.863636363636364 0.863636363636364 0.863636363636364 0.931818181818182 0.81 0.811320754716981 0.808510638297872 0.844640706543557 NA 1 96 2 61.915
1 1 1 1 0.78 0.849056603773585 0.702127659574468 0.786431152147732 5 2 96 2 61.915
1 1 1 1 0.84 0.962264150943396 0.702127659574468 0.848655158570855 8 2 96 2 61.915
1 1 1 1 0.84 0.905660377358491 0.765957446808511 0.850260939381774 10 2 96 2 61.915
0.840909090909091 0.818181818181818 0.863636363636364 0.931818181818182 0.73 0.735849056603774 0.723404255319149 0.780008028904055 1 3 96 2 61.915
0.931818181818182 0.954545454545455 0.909090909090909 0.977272727272727 0.79 0.905660377358491 0.659574468085106 0.886792452830189 2 3 96 2 61.915
0.818181818181818 0.863636363636364 0.772727272727273 0.933884297520661 0.8 0.792452830188679 0.808510638297872 0.833400240867122 NA 1 96 3 114.18
1 1 1 1 0.76 0.849056603773585 0.659574468085106 0.806704134885588 5 2 96 3 114.18
1 1 1 1 0.81 0.886792452830189 0.723404255319149 0.839823364110799 8 2 96 3 114.18
1 1 1 1 0.85 0.943396226415094 0.74468085106383 0.874347651545564 10 2 96 3 114.18
0.863636363636364 0.863636363636364 0.863636363636364 0.929752066115702 0.73 0.735849056603774 0.723404255319149 0.749498193496588 1 3 96 3 114.18
0.909090909090909 0.909090909090909 0.909090909090909 0.979338842975207 0.77 0.905660377358491 0.617021276595745 0.880770774789241 2 3 96 3 114.18
