0.814404432132964 0.82122905027933 0.807692307692308 0.915679292774265 0.84 0.905660377358491 0.765957446808511 0.93095142513047 NA 1 80 1 741.517
0.922437673130194 0.921787709497207 0.923076923076923 0.979034931548898 0.9 0.924528301886792 0.872340425531915 0.966680048173424 5 2 80 1 741.517
0.92797783933518 0.927374301675978 0.928571428571429 0.981459880901222 0.9 0.924528301886792 0.872340425531915 0.966680048173424 8 2 80 1 741.517
0.930747922437673 0.927374301675978 0.934065934065934 0.982043096568236 0.9 0.924528301886792 0.872340425531915 0.966278602970695 10 2 80 1 741.517
0.831024930747922 0.849162011173184 0.813186813186813 0.915372337160047 0.85 0.905660377358491 0.787234042553192 0.928542753914091 1 3 80 1 741.517
0.922437673130194 0.916201117318436 0.928571428571429 0.978298238074774 0.88 0.924528301886792 0.829787234042553 0.962264150943396 2 3 80 1 741.517
0.817174515235457 0.826815642458101 0.807692307692308 0.916354595125545 0.85 0.905660377358491 0.787234042553192 0.93014853472501 NA 1 80 2 757.665
0.922437673130194 0.921787709497207 0.923076923076923 0.979034931548898 0.9 0.924528301886792 0.872340425531915 0.966278602970694 5 2 80 2 757.665
0.92797783933518 0.927374301675978 0.928571428571429 0.981521272024065 0.9 0.924528301886792 0.872340425531915 0.967081493376154 8 2 80 2 757.665
0.930747922437673 0.927374301675978 0.934065934065934 0.982043096568236 0.9 0.924528301886792 0.872340425531915 0.966278602970695 10 2 80 2 757.665
0.833795013850416 0.849162011173184 0.818681318681319 0.916170421757014 0.85 0.905660377358491 0.787234042553192 0.928944199116821 1 3 80 2 757.665
0.925207756232687 0.921787709497207 0.928571428571429 0.978298238074774 0.88 0.924528301886792 0.829787234042553 0.960658370132477 2 3 80 2 757.665
0.825484764542936 0.832402234636871 0.818681318681319 0.914911903738719 0.84 0.905660377358491 0.765957446808511 0.93054997992774 NA 1 80 3 1557.364
0.925207756232687 0.921787709497207 0.928571428571429 0.978789367057524 0.9 0.924528301886792 0.872340425531915 0.965877157767965 5 2 80 3 1557.364
0.92797783933518 0.927374301675978 0.928571428571429 0.981306403094113 0.9 0.924528301886792 0.872340425531915 0.966278602970695 8 2 80 3 1557.364
0.930747922437673 0.927374301675978 0.934065934065934 0.982227269936767 0.9 0.924528301886792 0.872340425531915 0.966680048173424 10 2 80 3 1557.364
0.825484764542936 0.832402234636871 0.818681318681319 0.914175210264596 0.85 0.905660377358491 0.787234042553192 0.927338418305901 1 3 80 3 1557.364
0.925207756232687 0.921787709497207 0.928571428571429 0.978513107004727 0.89 0.924528301886792 0.851063829787234 0.961862705740666 2 3 80 3 1557.364
