0.91304347826087 0.953488372093023 0.846153846153846 0.930232558139535 0.79 0.872727272727273 0.688888888888889 0.915959595959596 NA 1 16 1 120.842
1 1 1 1 0.75 0.872727272727273 0.6 0.749090909090909 5 2 16 1 120.842
1 1 1 1 0.76 0.836363636363636 0.666666666666667 0.784646464646465 8 2 16 1 120.842
1 1 1 1 0.8 0.854545454545454 0.733333333333333 0.826666666666667 10 2 16 1 120.842
0.884057971014493 0.953488372093023 0.769230769230769 0.926654740608229 0.79 0.927272727272727 0.622222222222222 0.911515151515152 1 3 16 1 120.842
0.942028985507246 1 0.846153846153846 0.963327370304115 0.83 0.945454545454545 0.688888888888889 0.942222222222222 2 3 16 1 120.842
0.91304347826087 0.953488372093023 0.846153846153846 0.928443649373882 0.79 0.872727272727273 0.688888888888889 0.915959595959596 NA 1 16 2 92.985
1 1 1 1 0.73 0.872727272727273 0.555555555555556 0.722222222222222 5 2 16 2 92.985
1 1 1 1 0.78 0.890909090909091 0.644444444444444 0.788484848484848 8 2 16 2 92.985
1 1 1 1 0.78 0.872727272727273 0.666666666666667 0.804848484848485 10 2 16 2 92.985
0.884057971014493 0.953488372093023 0.769230769230769 0.924865831842576 0.79 0.927272727272727 0.622222222222222 0.913131313131313 1 3 16 2 92.985
0.942028985507246 1 0.846153846153846 0.963327370304115 0.83 0.945454545454545 0.688888888888889 0.943030303030303 2 3 16 2 92.985
0.91304347826087 0.953488372093023 0.846153846153846 0.928443649373882 0.81 0.909090909090909 0.688888888888889 0.918383838383838 NA 1 16 3 198.199
1 1 1 1 0.76 0.872727272727273 0.622222222222222 0.75959595959596 5 2 16 3 198.199
1 1 1 1 0.79 0.890909090909091 0.666666666666667 0.797777777777778 8 2 16 3 198.199
1 1 1 1 0.79 0.872727272727273 0.688888888888889 0.828080808080808 10 2 16 3 198.199
0.869565217391304 0.976744186046512 0.692307692307692 0.926654740608229 0.77 0.927272727272727 0.577777777777778 0.918787878787879 1 3 16 3 198.199
0.942028985507246 1 0.846153846153846 0.963327370304115 0.83 0.945454545454545 0.688888888888889 0.941818181818182 2 3 16 3 198.199
