0.807692307692308 0.851851851851852 0.76 0.88 0.79 0.918367346938776 0.666666666666667 0.907162865146058 NA 1 13 1 125.477
1 1 1 1 0.84 0.836734693877551 0.843137254901961 0.856742697078832 5 2 13 1 125.477
1 1 1 1 0.73 0.755102040816326 0.705882352941177 0.747899159663866 8 2 13 1 125.477
1 1 1 1 0.85 0.836734693877551 0.862745098039216 0.881152460984394 10 2 13 1 125.477
0.788461538461538 0.888888888888889 0.68 0.877037037037037 0.72 0.897959183673469 0.549019607843137 0.889955982392957 1 3 13 1 125.477
0.903846153846154 0.925925925925926 0.88 0.946666666666667 0.81 0.918367346938776 0.705882352941177 0.915566226490596 2 3 13 1 125.477
0.807692307692308 0.851851851851852 0.76 0.878518518518518 0.78 0.897959183673469 0.666666666666667 0.905562224889956 NA 1 13 2 115.59
1 1 1 1 0.79 0.836734693877551 0.745098039215686 0.80952380952381 5 2 13 2 115.59
1 1 1 1 0.84 0.857142857142857 0.823529411764706 0.882753101240496 8 2 13 2 115.59
1 1 1 1 0.84 0.836734693877551 0.843137254901961 0.881552621048419 10 2 13 2 115.59
0.788461538461538 0.888888888888889 0.68 0.874074074074074 0.73 0.897959183673469 0.568627450980392 0.893957583033213 1 3 13 2 115.59
0.884615384615385 0.925925925925926 0.84 0.946666666666667 0.81 0.918367346938776 0.705882352941177 0.916766706682673 2 3 13 2 115.59
0.807692307692308 0.851851851851852 0.76 0.887407407407407 0.8 0.938775510204082 0.666666666666667 0.909963985594238 NA 1 13 3 194.793
1 1 1 1 0.81 0.836734693877551 0.784313725490196 0.821928771508603 5 2 13 3 194.793
1 1 1 1 0.88 0.877551020408163 0.882352941176471 0.915566226490596 8 2 13 3 194.793
1 1 1 1 0.73 0.836734693877551 0.627450980392157 0.784313725490196 10 2 13 3 194.793
0.788461538461538 0.888888888888889 0.68 0.88 0.73 0.897959183673469 0.568627450980392 0.893557422969188 1 3 13 3 194.793
0.884615384615385 0.925925925925926 0.84 0.946666666666667 0.81 0.918367346938776 0.705882352941177 0.912765106042417 2 3 13 3 194.793
