0.878453038674033 0.879518072289157 0.877551020408163 0.935056552741579 0.83 0.704545454545455 0.928571428571429 0.921672077922078 NA 1 77 1 508.916
0.930939226519337 0.933734939759036 0.928571428571429 0.973106712564544 0.92 0.840909090909091 0.982142857142857 0.991883116883117 5 2 77 1 508.916
0.92817679558011 0.927710843373494 0.928571428571429 0.974151708876322 0.92 0.840909090909091 0.982142857142857 0.988230519480519 8 2 77 1 508.916
0.930939226519337 0.933734939759036 0.928571428571429 0.974858618146054 0.92 0.840909090909091 0.982142857142857 0.987824675324675 10 2 77 1 508.916
0.875690607734807 0.885542168674699 0.86734693877551 0.934687730513892 0.84 0.727272727272727 0.928571428571429 0.920048701298701 1 3 77 1 508.916
0.922651933701657 0.933734939759036 0.913265306122449 0.976887140398328 0.87 0.75 0.964285714285714 0.970373376623377 2 3 77 1 508.916
0.878453038674033 0.891566265060241 0.86734693877551 0.934933611999016 0.84 0.727272727272727 0.928571428571429 0.922483766233766 NA 1 77 2 466.769
0.92817679558011 0.927710843373494 0.928571428571429 0.973260388492747 0.92 0.840909090909091 0.982142857142857 0.991477272727273 5 2 77 2 466.769
0.930939226519337 0.933734939759036 0.928571428571429 0.974213179247603 0.92 0.840909090909091 0.982142857142857 0.988636363636364 8 2 77 2 466.769
0.930939226519337 0.933734939759036 0.928571428571429 0.975104499631178 0.92 0.840909090909091 0.982142857142857 0.988230519480519 10 2 77 2 466.769
0.875690607734807 0.885542168674699 0.86734693877551 0.934318908286206 0.84 0.727272727272727 0.928571428571429 0.92086038961039 1 3 77 2 466.769
0.92817679558011 0.939759036144578 0.918367346938776 0.976887140398328 0.87 0.75 0.964285714285714 0.969967532467532 2 3 77 2 466.769
0.88121546961326 0.891566265060241 0.872448979591837 0.935486845340546 0.83 0.704545454545455 0.928571428571429 0.925324675324675 NA 1 77 3 786.813
0.933701657458563 0.939759036144578 0.928571428571429 0.972983771821982 0.92 0.840909090909091 0.982142857142857 0.99025974025974 5 2 77 3 786.813
0.92817679558011 0.927710843373494 0.928571428571429 0.974120973690681 0.92 0.840909090909091 0.982142857142857 0.987418831168831 8 2 77 3 786.813
0.92817679558011 0.927710843373494 0.928571428571429 0.97467420703221 0.92 0.840909090909091 0.982142857142857 0.987418831168831 10 2 77 3 786.813
0.87292817679558 0.879518072289157 0.86734693877551 0.935025817555938 0.84 0.727272727272727 0.928571428571429 0.924107142857143 1 3 77 3 786.813
0.925414364640884 0.939759036144578 0.913265306122449 0.976856405212687 0.87 0.75 0.964285714285714 0.978084415584416 2 3 77 3 786.813
