0.834912043301759 0.847184986595174 0.822404371584699 0.913791587922472 0.89 0.92156862745098 0.857142857142857 0.937174869947979 NA 1 46 1 1215.848
0.91745602165088 0.93029490616622 0.904371584699454 0.970245681888103 0.91 0.92156862745098 0.897959183673469 0.969987995198079 5 2 46 1 1215.848
0.920162381596752 0.93029490616622 0.909836065573771 0.971593489503216 0.9 0.901960784313726 0.897959183673469 0.967987194877951 8 2 46 1 1215.848
0.920162381596752 0.93029490616622 0.909836065573771 0.971622789668762 0.9 0.901960784313726 0.897959183673469 0.967987194877951 10 2 46 1 1215.848
0.836265223274696 0.847184986595174 0.825136612021858 0.913667062218901 0.88 0.92156862745098 0.836734693877551 0.935574229691877 1 3 46 1 1215.848
0.922868741542625 0.927613941018767 0.918032786885246 0.971329788013302 0.91 0.882352941176471 0.938775510204082 0.974789915966387 2 3 46 1 1215.848
0.836265223274696 0.849865951742627 0.822404371584699 0.91398203899852 0.89 0.92156862745098 0.857142857142857 0.936374549819928 NA 1 46 2 789.876
0.91745602165088 0.93029490616622 0.904371584699454 0.970282307095035 0.91 0.92156862745098 0.897959183673469 0.969187675070028 5 2 46 2 789.876
0.920162381596752 0.93029490616622 0.909836065573771 0.971593489503216 0.9 0.901960784313726 0.897959183673469 0.967987194877951 8 2 46 2 789.876
0.920162381596752 0.93029490616622 0.909836065573771 0.971615464627375 0.9 0.901960784313726 0.897959183673469 0.967987194877951 10 2 46 2 789.876
0.836265223274696 0.849865951742627 0.822404371584699 0.913894138501883 0.88 0.92156862745098 0.836734693877551 0.935574229691877 1 3 46 2 789.876
0.924221921515562 0.93029490616622 0.918032786885246 0.971329788013302 0.91 0.882352941176471 0.938775510204082 0.975190076030412 2 3 46 2 789.876
0.840324763193505 0.85254691689008 0.827868852459016 0.913344760397896 0.88 0.92156862745098 0.836734693877551 0.935174069627851 NA 1 46 3 2056.27
0.916102841677943 0.93029490616622 0.901639344262295 0.970238356846716 0.91 0.92156862745098 0.897959183673469 0.969587835134054 5 2 46 3 2056.27
0.920162381596752 0.93029490616622 0.909836065573771 0.971534889172124 0.9 0.901960784313726 0.897959183673469 0.967587034813926 8 2 46 3 2056.27
0.920162381596752 0.93029490616622 0.909836065573771 0.971615464627375 0.9 0.901960784313726 0.897959183673469 0.967987194877951 10 2 46 3 2056.27
0.836265223274696 0.847184986595174 0.825136612021858 0.913374060563442 0.88 0.92156862745098 0.836734693877551 0.9343737494998 1 3 46 3 2056.27
0.922868741542625 0.93029490616622 0.915300546448087 0.970589958833267 0.9 0.882352941176471 0.918367346938776 0.977991196478591 2 3 46 3 2056.27
