0.880597014925373 0.862068965517241 0.894736842105263 0.967332123411978 0.85 0.788461538461538 0.916666666666667 0.906650641025641 NA 1 68 1 49.278
1 1 1 1 0.84 0.769230769230769 0.916666666666667 0.88681891025641 5 2 68 1 49.278
1 1 1 1 0.92 0.846153846153846 1 0.927083333333333 8 2 68 1 49.278
1 1 1 1 0.88 0.826923076923077 0.9375 0.914663461538462 10 2 68 1 49.278
0.880597014925373 0.896551724137931 0.868421052631579 0.961887477313975 0.87 0.826923076923077 0.916666666666667 0.929086538461538 1 3 68 1 49.278
0.940298507462687 0.96551724137931 0.921052631578947 0.990018148820327 0.87 0.807692307692308 0.9375 0.947916666666667 2 3 68 1 49.278
0.880597014925373 0.862068965517241 0.894736842105263 0.967332123411978 0.85 0.788461538461538 0.916666666666667 0.906650641025641 NA 1 68 2 70.356
1 1 1 1 0.89 0.846153846153846 0.9375 0.908854166666667 5 2 68 2 70.356
1 1 1 1 0.91 0.846153846153846 0.979166666666667 0.922275641025641 8 2 68 2 70.356
1 1 1 1 0.91 0.865384615384615 0.958333333333333 0.944711538461538 10 2 68 2 70.356
0.880597014925373 0.896551724137931 0.868421052631579 0.961887477313975 0.87 0.826923076923077 0.916666666666667 0.929086538461538 1 3 68 2 70.356
0.940298507462687 0.96551724137931 0.921052631578947 0.992740471869328 0.87 0.807692307692308 0.9375 0.948717948717949 2 3 68 2 70.356
0.865671641791045 0.862068965517241 0.868421052631579 0.964609800362976 0.86 0.788461538461538 0.9375 0.906650641025641 NA 1 68 3 84.347
1 1 1 1 0.86 0.826923076923077 0.895833333333333 0.876602564102564 5 2 68 3 84.347
1 1 1 1 0.91 0.846153846153846 0.979166666666667 0.923277243589744 8 2 68 3 84.347
1 1 1 1 0.91 0.846153846153846 0.979166666666667 0.918269230769231 10 2 68 3 84.347
0.880597014925373 0.896551724137931 0.868421052631579 0.961887477313975 0.86 0.826923076923077 0.895833333333333 0.928285256410256 1 3 68 3 84.347
0.925373134328358 0.96551724137931 0.894736842105263 0.993647912885662 0.85 0.807692307692308 0.895833333333333 0.951121794871795 2 3 68 3 84.347
