0.813852813852814 0.831932773109244 0.794642857142857 0.906662665066026 0.8 0.868421052631579 0.758064516129032 0.904499151103565 NA 1 60 1 465.037
0.917748917748918 0.92436974789916 0.910714285714286 0.978691476590636 0.86 0.894736842105263 0.838709677419355 0.943123938879457 5 2 60 1 465.037
0.913419913419913 0.915966386554622 0.910714285714286 0.983343337334934 0.86 0.868421052631579 0.854838709677419 0.954584040747029 8 2 60 1 465.037
0.952380952380952 0.966386554621849 0.9375 0.991521608643457 0.88 0.894736842105263 0.870967741935484 0.955008488964346 10 2 60 1 465.037
0.805194805194805 0.831932773109244 0.776785714285714 0.910564225690276 0.82 0.894736842105263 0.774193548387097 0.90874363327674 1 3 60 1 465.037
0.930735930735931 0.92436974789916 0.9375 0.987094837935174 0.84 0.815789473684211 0.854838709677419 0.933361629881155 2 3 60 1 465.037
0.813852813852814 0.831932773109244 0.794642857142857 0.907788115246098 0.8 0.868421052631579 0.758064516129032 0.9053480475382 NA 1 60 2 464.784
0.917748917748918 0.92436974789916 0.910714285714286 0.978391356542617 0.86 0.894736842105263 0.838709677419355 0.942699490662139 5 2 60 2 464.784
0.913419913419913 0.915966386554622 0.910714285714286 0.98296818727491 0.86 0.868421052631579 0.854838709677419 0.954584040747029 8 2 60 2 464.784
0.956709956709957 0.966386554621849 0.946428571428571 0.991221488595438 0.87 0.894736842105263 0.854838709677419 0.955432937181664 10 2 60 2 464.784
0.796536796536797 0.823529411764706 0.767857142857143 0.910114045618247 0.82 0.894736842105263 0.774193548387097 0.907470288624788 1 3 60 2 464.784
0.930735930735931 0.92436974789916 0.9375 0.98671968787515 0.85 0.842105263157895 0.854838709677419 0.93251273344652 2 3 60 2 464.784
0.80952380952381 0.823529411764706 0.794642857142857 0.906812725090036 0.81 0.868421052631579 0.774193548387097 0.904074702886248 NA 1 60 3 896.083
0.917748917748918 0.92436974789916 0.910714285714286 0.978466386554622 0.85 0.894736842105263 0.82258064516129 0.944397283531409 5 2 60 3 896.083
0.913419913419913 0.915966386554622 0.910714285714286 0.983193277310924 0.86 0.868421052631579 0.854838709677419 0.953735144312394 8 2 60 3 896.083
0.948051948051948 0.957983193277311 0.9375 0.993397358943577 0.86 0.894736842105263 0.838709677419355 0.955432937181664 10 2 60 3 896.083
0.800865800865801 0.831932773109244 0.767857142857143 0.910864345738295 0.77 0.868421052631579 0.709677419354839 0.904499151103565 1 3 60 3 896.083
0.930735930735931 0.92436974789916 0.9375 0.987319927971189 0.84 0.815789473684211 0.854838709677419 0.932937181663837 2 3 60 3 896.083
