0.86 0.826086956521739 0.888888888888889 0.972624798711755 0.8 0.711538461538462 0.895833333333333 0.880608974358974 NA 1 10 1 51.49
1 1 1 1 0.86 0.826923076923077 0.895833333333333 0.86338141025641 5 2 10 1 51.49
1 1 1 1 0.85 0.807692307692308 0.895833333333333 0.862379807692308 8 2 10 1 51.49
1 1 1 1 0.84 0.807692307692308 0.875 0.837740384615385 10 2 10 1 51.49
0.9 0.91304347826087 0.888888888888889 0.967793880837359 0.82 0.75 0.895833333333333 0.888221153846154 1 3 10 1 51.49
0.94 0.869565217391304 1 0.995169082125604 0.75 0.634615384615385 0.875 0.842548076923077 2 3 10 1 51.49
0.86 0.826086956521739 0.888888888888889 0.974235104669887 0.8 0.711538461538462 0.895833333333333 0.884615384615385 NA 1 10 2 68.094
1 1 1 1 0.87 0.846153846153846 0.895833333333333 0.868389423076923 5 2 10 2 68.094
1 1 1 1 0.84 0.788461538461538 0.895833333333333 0.880809294871795 8 2 10 2 68.094
1 1 1 1 0.84 0.788461538461538 0.895833333333333 0.845753205128205 10 2 10 2 68.094
0.86 0.826086956521739 0.888888888888889 0.971014492753623 0.81 0.75 0.875 0.892628205128205 1 3 10 2 68.094
0.96 0.91304347826087 1 0.995169082125604 0.78 0.653846153846154 0.916666666666667 0.865384615384615 2 3 10 2 68.094
0.88 0.826086956521739 0.925925925925926 0.974235104669887 0.75 0.615384615384615 0.895833333333333 0.871394230769231 NA 1 10 3 95.572
1 1 1 1 0.84 0.788461538461538 0.895833333333333 0.854567307692308 5 2 10 3 95.572
1 1 1 1 0.81 0.826923076923077 0.791666666666667 0.899439102564103 8 2 10 3 95.572
1 1 1 1 0.83 0.788461538461538 0.875 0.86338141025641 10 2 10 3 95.572
0.9 0.91304347826087 0.888888888888889 0.964573268921095 0.76 0.634615384615385 0.895833333333333 0.875801282051282 1 3 10 3 95.572
0.96 0.91304347826087 1 0.995169082125604 0.73 0.596153846153846 0.875 0.825721153846154 2 3 10 3 95.572
