0.851351351351351 0.864197530864197 0.835820895522388 0.908420858669615 0.8 0.823529411764706 0.775510204081633 0.905962384953982 NA 1 71 1 232.159
0.952702702702703 0.962962962962963 0.940298507462687 0.978993919292427 0.88 0.862745098039216 0.897959183673469 0.962785114045618 5 2 71 1 232.159
0.952702702702703 0.962962962962963 0.940298507462687 0.97973097475585 0.89 0.901960784313726 0.877551020408163 0.957983193277311 8 2 71 1 232.159
0.959459459459459 0.975308641975309 0.940298507462687 0.980099502487562 0.89 0.901960784313726 0.877551020408163 0.958383353341337 10 2 71 1 232.159
0.851351351351351 0.901234567901235 0.791044776119403 0.906762483876912 0.86 0.882352941176471 0.836734693877551 0.928771508603441 1 3 71 1 232.159
0.918918918918919 0.950617283950617 0.880597014925373 0.970333517597199 0.85 0.823529411764706 0.877551020408163 0.935174069627851 2 3 71 1 232.159
0.858108108108108 0.864197530864197 0.850746268656716 0.90952644186475 0.82 0.843137254901961 0.795918367346939 0.909163665466186 NA 1 71 2 217.908
0.952702702702703 0.962962962962963 0.940298507462687 0.978809655426571 0.89 0.882352941176471 0.897959183673469 0.962785114045618 5 2 71 2 217.908
0.952702702702703 0.962962962962963 0.940298507462687 0.97973097475585 0.89 0.901960784313726 0.877551020408163 0.958383353341337 8 2 71 2 217.908
0.959459459459459 0.975308641975309 0.940298507462687 0.980099502487562 0.89 0.901960784313726 0.877551020408163 0.959583833533413 10 2 71 2 217.908
0.851351351351351 0.901234567901235 0.791044776119403 0.908605122535471 0.85 0.862745098039216 0.836734693877551 0.929171668667467 1 3 71 2 217.908
0.925675675675676 0.962962962962963 0.880597014925373 0.970886309194767 0.85 0.823529411764706 0.877551020408163 0.933173269307723 2 3 71 2 217.908
0.858108108108108 0.876543209876543 0.835820895522388 0.907683803206191 0.8 0.823529411764706 0.775510204081633 0.903961584633854 NA 1 71 3 387.939
0.952702702702703 0.962962962962963 0.940298507462687 0.979178183158283 0.89 0.862745098039216 0.918367346938776 0.962785114045618 5 2 71 3 387.939
0.952702702702703 0.962962962962963 0.940298507462687 0.980099502487562 0.89 0.901960784313726 0.877551020408163 0.959583833533413 8 2 71 3 387.939
0.959459459459459 0.975308641975309 0.940298507462687 0.98065229408513 0.89 0.901960784313726 0.877551020408163 0.958383353341337 10 2 71 3 387.939
0.858108108108108 0.901234567901235 0.805970149253731 0.908052330937903 0.83 0.823529411764706 0.836734693877551 0.928371348539416 1 3 71 3 387.939
0.912162162162162 0.938271604938272 0.880597014925373 0.967753823475217 0.84 0.803921568627451 0.877551020408163 0.936774709883954 2 3 71 3 387.939
