0.842377260981912 0.838541666666667 0.846153846153846 0.928205128205128 0.88 0.857142857142857 0.896551724137931 0.94047619047619 NA 1 37 1 659.379
0.956072351421189 0.96875 0.943589743589744 0.98883547008547 0.95 0.952380952380952 0.948275862068966 0.984811165845649 5 2 37 1 659.379
0.958656330749354 0.958333333333333 0.958974358974359 0.989636752136752 0.95 0.952380952380952 0.948275862068966 0.983169129720854 8 2 37 1 659.379
0.958656330749354 0.963541666666667 0.953846153846154 0.989636752136752 0.95 0.952380952380952 0.948275862068966 0.983169129720854 10 2 37 1 659.379
0.847545219638243 0.84375 0.851282051282051 0.927644230769231 0.88 0.857142857142857 0.896551724137931 0.944581280788177 1 3 37 1 659.379
0.958656330749354 0.973958333333333 0.943589743589744 0.988007478632479 0.94 0.952380952380952 0.931034482758621 0.986453201970443 2 3 37 1 659.379
0.844961240310077 0.84375 0.846153846153846 0.928392094017094 0.88 0.857142857142857 0.896551724137931 0.939244663382594 NA 1 37 2 577.445
0.958656330749354 0.96875 0.948717948717949 0.988728632478633 0.95 0.952380952380952 0.948275862068966 0.984811165845649 5 2 37 2 577.445
0.958656330749354 0.958333333333333 0.958974358974359 0.989610042735043 0.95 0.952380952380952 0.948275862068966 0.982348111658456 8 2 37 2 577.445
0.958656330749354 0.963541666666667 0.953846153846154 0.989610042735043 0.95 0.952380952380952 0.948275862068966 0.983169129720854 10 2 37 2 577.445
0.847545219638243 0.84375 0.851282051282051 0.927751068376068 0.88 0.857142857142857 0.896551724137931 0.942939244663383 1 3 37 2 577.445
0.958656330749354 0.973958333333333 0.943589743589744 0.988114316239316 0.94 0.952380952380952 0.931034482758621 0.986042692939245 2 3 37 2 577.445
0.842377260981912 0.838541666666667 0.846153846153846 0.92855235042735 0.88 0.857142857142857 0.896551724137931 0.939655172413793 NA 1 37 3 1146.629
0.956072351421189 0.96875 0.943589743589744 0.988888888888889 0.95 0.952380952380952 0.948275862068966 0.985221674876847 5 2 37 3 1146.629
0.956072351421189 0.958333333333333 0.953846153846154 0.989877136752137 0.95 0.952380952380952 0.948275862068966 0.982348111658456 8 2 37 3 1146.629
0.958656330749354 0.963541666666667 0.953846153846154 0.989823717948718 0.95 0.952380952380952 0.948275862068966 0.983990147783251 10 2 37 3 1146.629
0.844961240310077 0.84375 0.846153846153846 0.927831196581197 0.88 0.857142857142857 0.896551724137931 0.940065681444992 1 3 37 3 1146.629
0.956072351421189 0.96875 0.943589743589744 0.988327991452991 0.94 0.952380952380952 0.931034482758621 0.987274220032841 2 3 37 3 1146.629
