0.822916666666667 0.837988826815642 0.809756097560976 0.910887041831312 0.86 0.875 0.846153846153846 0.935096153846154 NA 1 76 1 909.575
0.901041666666667 0.910614525139665 0.892682926829268 0.965499386837444 0.91 0.895833333333333 0.923076923076923 0.967548076923077 5 2 76 1 909.575
0.911458333333333 0.916201117318436 0.907317073170732 0.972121542444475 0.89 0.875 0.903846153846154 0.954326923076923 8 2 76 1 909.575
0.911458333333333 0.910614525139665 0.91219512195122 0.97312985420357 0.89 0.875 0.903846153846154 0.953525641025641 10 2 76 1 909.575
0.8203125 0.849162011173184 0.795121951219512 0.910451015124676 0.85 0.875 0.826923076923077 0.934294871794872 1 3 76 1 909.575
0.908854166666667 0.916201117318436 0.902439024390244 0.972775582504428 0.83 0.8125 0.846153846153846 0.933894230769231 2 3 76 1 909.575
0.825520833333333 0.837988826815642 0.814634146341463 0.911295816868783 0.86 0.875 0.846153846153846 0.935096153846154 NA 1 76 2 1065.974
0.8984375 0.910614525139665 0.88780487804878 0.965553890175773 0.91 0.895833333333333 0.923076923076923 0.967948717948718 5 2 76 2 1065.974
0.908854166666667 0.910614525139665 0.907317073170732 0.971903529091157 0.89 0.875 0.903846153846154 0.954326923076923 8 2 76 2 1065.974
0.908854166666667 0.910614525139665 0.907317073170732 0.972721079166099 0.89 0.875 0.903846153846154 0.953525641025641 10 2 76 2 1065.974
0.817708333333333 0.854748603351955 0.785365853658537 0.910887041831312 0.86 0.875 0.846153846153846 0.93349358974359 1 3 76 2 1065.974
0.911458333333333 0.921787709497207 0.902439024390244 0.972693827496934 0.83 0.8125 0.846153846153846 0.934294871794872 2 3 76 2 1065.974
0.830729166666667 0.843575418994413 0.819512195121951 0.910369260117182 0.86 0.875 0.846153846153846 0.928685897435897 NA 1 76 3 1644.107
0.8984375 0.905027932960894 0.892682926829268 0.965499386837444 0.91 0.895833333333333 0.923076923076923 0.965544871794872 5 2 76 3 1644.107
0.911458333333333 0.910614525139665 0.91219512195122 0.971412999046192 0.9 0.895833333333333 0.903846153846154 0.95713141025641 8 2 76 3 1644.107
0.911458333333333 0.916201117318436 0.907317073170732 0.972666575827769 0.9 0.895833333333333 0.903846153846154 0.954326923076923 10 2 76 3 1644.107
0.828125 0.860335195530726 0.8 0.910178498433029 0.86 0.875 0.846153846153846 0.92948717948718 1 3 76 3 1644.107
0.911458333333333 0.916201117318436 0.907317073170732 0.973266112549394 0.82 0.791666666666667 0.846153846153846 0.934294871794872 2 3 76 3 1644.107
