0.873684210526316 0.906735751295337 0.839572192513369 0.945332631403951 0.84 0.854166666666667 0.826923076923077 0.91426282051282 NA 1 87 1 413.69
0.947368421052632 0.948186528497409 0.946524064171123 0.985093236540966 0.85 0.8125 0.884615384615385 0.94511217948718 5 2 87 1 413.69
0.947368421052632 0.948186528497409 0.946524064171123 0.985924468704109 0.87 0.833333333333333 0.903846153846154 0.944310897435897 8 2 87 1 413.69
0.947368421052632 0.948186528497409 0.946524064171123 0.986256961569366 0.86 0.8125 0.903846153846154 0.943910256410256 10 2 87 1 413.69
0.881578947368421 0.901554404145078 0.86096256684492 0.944418276024494 0.84 0.854166666666667 0.826923076923077 0.922676282051282 1 3 87 1 413.69
0.944736842105263 0.953367875647668 0.935828877005348 0.98401263472888 0.89 0.895833333333333 0.884615384615385 0.951923076923077 2 3 87 1 413.69
0.881578947368421 0.906735751295337 0.855614973262032 0.945194092710094 0.84 0.854166666666667 0.826923076923077 0.915464743589744 NA 1 87 2 293.713
0.95 0.948186528497409 0.951871657754011 0.984954697847109 0.85 0.8125 0.884615384615385 0.944711538461538 5 2 87 2 293.713
0.947368421052632 0.948186528497409 0.946524064171123 0.985730514532709 0.87 0.833333333333333 0.903846153846154 0.94511217948718 8 2 87 2 293.713
0.947368421052632 0.948186528497409 0.946524064171123 0.98595217644288 0.86 0.8125 0.903846153846154 0.944310897435897 10 2 87 2 293.713
0.884210526315789 0.906735751295337 0.86096256684492 0.944168906375551 0.84 0.854166666666667 0.826923076923077 0.922676282051282 1 3 87 2 293.713
0.944736842105263 0.953367875647668 0.935828877005348 0.983458479953451 0.89 0.895833333333333 0.884615384615385 0.953125 2 3 87 2 293.713
0.868421052631579 0.896373056994819 0.839572192513369 0.945332631403951 0.84 0.833333333333333 0.846153846153846 0.912660256410256 NA 1 87 3 651.634
0.95 0.953367875647668 0.946524064171123 0.985259482973595 0.85 0.8125 0.884615384615385 0.943910256410256 5 2 87 3 651.634
0.947368421052632 0.948186528497409 0.946524064171123 0.98595217644288 0.86 0.8125 0.903846153846154 0.947115384615385 8 2 87 3 651.634
0.944736842105263 0.94300518134715 0.946524064171123 0.986173838353052 0.85 0.8125 0.884615384615385 0.943910256410256 10 2 87 3 651.634
0.884210526315789 0.901554404145078 0.866310160427808 0.943947244465379 0.84 0.854166666666667 0.826923076923077 0.919871794871795 1 3 87 3 651.634
0.944736842105263 0.953367875647668 0.935828877005348 0.983319941259594 0.89 0.916666666666667 0.865384615384615 0.952724358974359 2 3 87 3 651.634
