0.857142857142857 0.868421052631579 0.84375 0.947985197368421 0.92 0.935483870967742 0.894736842105263 0.957555178268251 NA 1 74 1 180.22
0.957142857142857 0.973684210526316 0.9375 0.990748355263158 0.92 0.919354838709677 0.921052631578947 0.953735144312394 5 2 74 1 180.22
0.957142857142857 0.973684210526316 0.9375 0.990953947368421 0.92 0.919354838709677 0.921052631578947 0.960526315789474 8 2 74 1 180.22
0.957142857142857 0.973684210526316 0.9375 0.990748355263158 0.92 0.919354838709677 0.921052631578947 0.960950764006791 10 2 74 1 180.22
0.864285714285714 0.881578947368421 0.84375 0.949424342105263 0.92 0.935483870967742 0.894736842105263 0.955432937181664 1 3 74 1 180.22
0.957142857142857 0.973684210526316 0.9375 0.990748355263158 0.9 0.903225806451613 0.894736842105263 0.949066213921901 2 3 74 1 180.22
0.857142857142857 0.868421052631579 0.84375 0.948190789473684 0.92 0.935483870967742 0.894736842105263 0.958404074702886 NA 1 74 2 164.688
0.957142857142857 0.973684210526316 0.9375 0.990953947368421 0.92 0.919354838709677 0.921052631578947 0.957979626485569 5 2 74 2 164.688
0.957142857142857 0.973684210526316 0.9375 0.990953947368421 0.92 0.919354838709677 0.921052631578947 0.963497453310696 8 2 74 2 164.688
0.957142857142857 0.973684210526316 0.9375 0.990748355263158 0.92 0.919354838709677 0.921052631578947 0.962648556876061 10 2 74 2 164.688
0.864285714285714 0.881578947368421 0.84375 0.950657894736842 0.92 0.935483870967742 0.894736842105263 0.955857385398981 1 3 74 2 164.688
0.957142857142857 0.973684210526316 0.9375 0.986225328947368 0.89 0.887096774193548 0.894736842105263 0.948217317487267 2 3 74 2 164.688
0.864285714285714 0.881578947368421 0.84375 0.948807565789474 0.92 0.935483870967742 0.894736842105263 0.956706281833616 NA 1 74 3 325.021
0.957142857142857 0.973684210526316 0.9375 0.989925986842105 0.92 0.919354838709677 0.921052631578947 0.948641765704584 5 2 74 3 325.021
0.957142857142857 0.973684210526316 0.9375 0.990953947368421 0.92 0.919354838709677 0.921052631578947 0.957555178268251 8 2 74 3 325.021
0.964285714285714 0.986842105263158 0.9375 0.990953947368421 0.92 0.919354838709677 0.921052631578947 0.959677419354839 10 2 74 3 325.021
0.864285714285714 0.894736842105263 0.828125 0.950452302631579 0.92 0.935483870967742 0.894736842105263 0.954159592529711 1 3 74 3 325.021
0.957142857142857 0.973684210526316 0.9375 0.990953947368421 0.9 0.903225806451613 0.894736842105263 0.947368421052632 2 3 74 3 325.021
