0.846153846153846 0.843023255813954 0.848958333333333 0.930686773255814 0.87 0.836363636363636 0.911111111111111 0.942222222222222 NA 1 73 1 824.107
0.953296703296703 0.936046511627907 0.96875 0.985253149224806 0.92 0.927272727272727 0.911111111111111 0.985858585858586 5 2 73 1 824.107
0.958791208791209 0.953488372093023 0.963541666666667 0.98812984496124 0.91 0.890909090909091 0.933333333333333 0.985858585858586 8 2 73 1 824.107
0.958791208791209 0.953488372093023 0.963541666666667 0.988220687984496 0.92 0.909090909090909 0.933333333333333 0.986262626262626 10 2 73 1 824.107
0.848901098901099 0.854651162790698 0.84375 0.931171269379845 0.86 0.818181818181818 0.911111111111111 0.946262626262626 1 3 73 1 824.107
0.947802197802198 0.930232558139535 0.963541666666667 0.988250968992248 0.9 0.854545454545454 0.955555555555556 0.987474747474748 2 3 73 1 824.107
0.846153846153846 0.843023255813954 0.848958333333333 0.931110707364341 0.87 0.836363636363636 0.911111111111111 0.944242424242424 NA 1 73 2 832.194
0.956043956043956 0.941860465116279 0.96875 0.985192587209302 0.92 0.927272727272727 0.911111111111111 0.985454545454545 5 2 73 2 832.194
0.958791208791209 0.953488372093023 0.963541666666667 0.988190406976744 0.91 0.890909090909091 0.933333333333333 0.985858585858586 8 2 73 2 832.194
0.958791208791209 0.953488372093023 0.963541666666667 0.988493217054264 0.92 0.909090909090909 0.933333333333333 0.986666666666667 10 2 73 2 832.194
0.846153846153846 0.854651162790698 0.838541666666667 0.931807170542636 0.86 0.818181818181818 0.911111111111111 0.946666666666667 1 3 73 2 832.194
0.945054945054945 0.924418604651163 0.963541666666667 0.98828125 0.9 0.854545454545454 0.955555555555556 0.987070707070707 2 3 73 2 832.194
0.854395604395604 0.848837209302326 0.859375 0.929778343023256 0.87 0.836363636363636 0.911111111111111 0.94020202020202 NA 1 73 3 1399.076
0.953296703296703 0.936046511627907 0.96875 0.985767926356589 0.94 0.927272727272727 0.955555555555556 0.985858585858586 5 2 73 3 1399.076
0.958791208791209 0.953488372093023 0.963541666666667 0.988008720930233 0.92 0.890909090909091 0.955555555555556 0.987474747474748 8 2 73 3 1399.076
0.958791208791209 0.953488372093023 0.963541666666667 0.988099563953488 0.91 0.890909090909091 0.933333333333333 0.987474747474748 10 2 73 3 1399.076
0.843406593406593 0.837209302325581 0.848958333333333 0.929960029069767 0.86 0.818181818181818 0.911111111111111 0.94949494949495 1 3 73 3 1399.076
0.945054945054945 0.930232558139535 0.958333333333333 0.986676356589147 0.9 0.854545454545454 0.955555555555556 0.987070707070707 2 3 73 3 1399.076
