0.905660377358491 0.857142857142857 0.9375 0.980654761904762 0.85 0.704545454545455 0.964285714285714 0.919642857142857 NA 1 37 1 98.027
1 1 1 1 0.76 0.613636363636364 0.875 0.784496753246753 5 2 37 1 98.027
1 1 1 1 0.81 0.727272727272727 0.875 0.860186688311688 8 2 37 1 98.027
1 1 1 1 0.84 0.659090909090909 0.982142857142857 0.903814935064935 10 2 37 1 98.027
0.905660377358491 0.904761904761905 0.90625 0.977678571428571 0.85 0.704545454545455 0.964285714285714 0.948863636363636 1 3 37 1 98.027
0.924528301886792 0.904761904761905 0.9375 0.989583333333333 0.83 0.636363636363636 0.982142857142857 0.931412337662338 2 3 37 1 98.027
0.886792452830189 0.857142857142857 0.90625 0.976190476190476 0.86 0.727272727272727 0.964285714285714 0.921266233766234 NA 1 37 2 99.927
1 1 1 1 0.87 0.727272727272727 0.982142857142857 0.903409090909091 5 2 37 2 99.927
1 1 1 1 0.8 0.704545454545455 0.875 0.815746753246753 8 2 37 2 99.927
1 1 1 1 0.84 0.659090909090909 0.982142857142857 0.909090909090909 10 2 37 2 99.927
0.886792452830189 0.857142857142857 0.90625 0.976190476190476 0.86 0.727272727272727 0.964285714285714 0.939935064935065 1 3 37 2 99.927
0.943396226415094 0.952380952380952 0.9375 0.992559523809524 0.85 0.681818181818182 0.982142857142857 0.9375 2 3 37 2 99.927
0.886792452830189 0.857142857142857 0.90625 0.974702380952381 0.86 0.75 0.946428571428571 0.918425324675325 NA 1 37 3 147.492
1 1 1 1 0.9 0.795454545454545 0.982142857142857 0.917816558441558 5 2 37 3 147.492
1 1 1 1 0.87 0.727272727272727 0.982142857142857 0.900974025974026 8 2 37 3 147.492
1 1 1 1 0.83 0.681818181818182 0.946428571428571 0.886566558441559 10 2 37 3 147.492
0.886792452830189 0.857142857142857 0.90625 0.976190476190476 0.85 0.704545454545455 0.964285714285714 0.939935064935065 1 3 37 3 147.492
0.943396226415094 0.952380952380952 0.9375 0.991071428571429 0.86 0.704545454545455 0.982142857142857 0.93262987012987 2 3 37 3 147.492
