0.855643044619423 0.860696517412935 0.85 0.942233278054174 0.84 0.882352941176471 0.795918367346939 0.923569427771108 NA 1 68 1 493.883
0.918635170603675 0.920398009950249 0.916666666666667 0.977003869541183 0.9 0.882352941176471 0.918367346938776 0.975590236094438 5 2 68 1 493.883
0.921259842519685 0.925373134328358 0.916666666666667 0.978385848535102 0.9 0.882352941176471 0.918367346938776 0.975590236094438 8 2 68 1 493.883
0.918635170603675 0.920398009950249 0.916666666666667 0.978993919292427 0.9 0.882352941176471 0.918367346938776 0.97358943577431 10 2 68 1 493.883
0.858267716535433 0.865671641791045 0.85 0.942260917634052 0.84 0.862745098039216 0.816326530612245 0.92156862745098 1 3 68 1 493.883
0.916010498687664 0.90547263681592 0.927777777777778 0.976340519624102 0.91 0.92156862745098 0.897959183673469 0.951180472188875 2 3 68 1 493.883
0.855643044619423 0.860696517412935 0.85 0.94228855721393 0.84 0.882352941176471 0.795918367346939 0.923569427771108 NA 1 68 2 398.671
0.918635170603675 0.920398009950249 0.916666666666667 0.976976229961305 0.9 0.882352941176471 0.918367346938776 0.975990396158463 5 2 68 2 398.671
0.921259842519685 0.925373134328358 0.916666666666667 0.978385848535102 0.9 0.882352941176471 0.918367346938776 0.975590236094438 8 2 68 2 398.671
0.921259842519685 0.925373134328358 0.916666666666667 0.978911000552792 0.9 0.882352941176471 0.918367346938776 0.97358943577431 10 2 68 2 398.671
0.860892388451444 0.875621890547264 0.844444444444444 0.942150359314538 0.85 0.882352941176471 0.816326530612245 0.919967987194878 1 3 68 2 398.671
0.918635170603675 0.91044776119403 0.927777777777778 0.976285240464345 0.91 0.92156862745098 0.897959183673469 0.951180472188875 2 3 68 2 398.671
0.855643044619423 0.860696517412935 0.85 0.941376451077944 0.84 0.862745098039216 0.816326530612245 0.922769107643057 NA 1 68 3 800.593
0.916010498687664 0.915422885572139 0.916666666666667 0.976755113322277 0.9 0.882352941176471 0.918367346938776 0.975190076030412 5 2 68 3 800.593
0.921259842519685 0.925373134328358 0.916666666666667 0.978606965174129 0.91 0.901960784313726 0.918367346938776 0.975990396158463 8 2 68 3 800.593
0.918635170603675 0.920398009950249 0.916666666666667 0.979076838032062 0.91 0.882352941176471 0.938775510204082 0.974789915966387 10 2 68 3 800.593
0.860892388451444 0.875621890547264 0.844444444444444 0.941376451077944 0.84 0.862745098039216 0.816326530612245 0.917567026810724 1 3 68 3 800.593
0.921259842519685 0.91044776119403 0.933333333333333 0.976644555002764 0.91 0.92156862745098 0.897959183673469 0.95438175270108 2 3 68 3 800.593
