0.864721485411141 0.85792349726776 0.871134020618557 0.926708354458904 0.86 0.906976744186046 0.824561403508772 0.946960424316605 NA 1 92 1 929.496
0.893899204244032 0.890710382513661 0.896907216494845 0.974705650385894 0.92 1 0.859649122807018 0.983272133822929 5 2 92 1 929.496
0.912466843501326 0.912568306010929 0.912371134020619 0.975466170919948 0.91 1 0.842105263157895 0.982864137086903 8 2 92 1 929.496
0.915119363395225 0.918032786885246 0.912371134020619 0.975691510337446 0.91 1 0.842105263157895 0.982456140350877 10 2 92 1 929.496
0.854111405835544 0.85792349726776 0.850515463917526 0.925863331643288 0.85 0.883720930232558 0.824561403508772 0.953080375356997 1 3 92 1 929.496
0.901856763925729 0.890710382513661 0.912371134020619 0.973297279026534 0.9 0.906976744186046 0.894736842105263 0.968176254589963 2 3 92 1 929.496
0.864721485411141 0.85792349726776 0.871134020618557 0.926708354458904 0.86 0.906976744186046 0.824561403508772 0.947368421052632 NA 1 92 2 1029.138
0.893899204244032 0.890710382513661 0.896907216494845 0.974677482958707 0.92 1 0.859649122807018 0.983272133822929 5 2 92 2 1029.138
0.912466843501326 0.912568306010929 0.912371134020619 0.97555067320151 0.91 1 0.842105263157895 0.981640146878825 8 2 92 2 1029.138
0.912466843501326 0.912568306010929 0.912371134020619 0.975776012619007 0.91 1 0.842105263157895 0.981640146878825 10 2 92 2 1029.138
0.848806366047745 0.852459016393443 0.845360824742268 0.925750661934539 0.85 0.883720930232558 0.824561403508772 0.95593635250918 1 3 92 2 1029.138
0.901856763925729 0.890710382513661 0.912371134020619 0.973240944172159 0.9 0.906976744186046 0.894736842105263 0.969400244798042 2 3 92 2 1029.138
0.864721485411141 0.85792349726776 0.871134020618557 0.926483015041406 0.84 0.86046511627907 0.824561403508772 0.94124847001224 NA 1 92 3 1644.833
0.893899204244032 0.890710382513661 0.896907216494845 0.974733817813081 0.92 1 0.859649122807018 0.984496124031008 5 2 92 3 1644.833
0.920424403183024 0.918032786885246 0.922680412371134 0.976029519463692 0.91 1 0.842105263157895 0.983680130558956 8 2 92 3 1644.833
0.917771883289125 0.918032786885246 0.917525773195876 0.976283026308377 0.91 1 0.842105263157895 0.983680130558956 10 2 92 3 1644.833
0.851458885941645 0.852459016393443 0.850515463917526 0.925384485381105 0.84 0.86046511627907 0.824561403508772 0.951040391676867 1 3 92 3 1644.833
0.904509283819629 0.890710382513661 0.917525773195876 0.973719790434342 0.87 0.883720930232558 0.859649122807018 0.966544267645859 2 3 92 3 1644.833
