0.878706199460916 0.893899204244032 0.863013698630137 0.942640165691654 0.86 0.811320754716981 0.914893617021277 0.921316740264954 NA 1 35 1 1402.071
0.928571428571429 0.93368700265252 0.923287671232877 0.981199811053377 0.94 0.886792452830189 1 0.983139301485347 5 2 35 1 1402.071
0.92722371967655 0.93368700265252 0.920547945205479 0.98213000981069 0.93 0.886792452830189 0.978723404255319 0.981934965877158 8 2 35 1 1402.071
0.928571428571429 0.93368700265252 0.923287671232877 0.981999200610443 0.94 0.886792452830189 1 0.980730630268968 10 2 35 1 1402.071
0.873315363881402 0.896551724137931 0.849315068493151 0.942567493913739 0.88 0.849056603773585 0.914893617021277 0.922922521075873 1 3 35 1 1402.071
0.939353099730458 0.93368700265252 0.945205479452055 0.983510773591076 0.94 0.886792452830189 1 0.982737856282617 2 3 35 1 1402.071
0.880053908355795 0.893899204244032 0.865753424657534 0.942560226735947 0.86 0.811320754716981 0.914893617021277 0.919710959454035 NA 1 35 2 1137.669
0.928571428571429 0.93368700265252 0.923287671232877 0.981178009520003 0.94 0.886792452830189 1 0.983139301485347 5 2 35 2 1137.669
0.925876010781671 0.93368700265252 0.917808219178082 0.982108208277315 0.94 0.886792452830189 1 0.982336411079888 8 2 35 2 1137.669
0.92722371967655 0.931034482758621 0.923287671232877 0.982522437411431 0.94 0.886792452830189 1 0.980329185066238 10 2 35 2 1137.669
0.87466307277628 0.89920424403183 0.849315068493151 0.942560226735947 0.86 0.830188679245283 0.893617021276596 0.919710959454035 1 3 35 2 1137.669
0.93800539083558 0.93368700265252 0.942465753424658 0.983525307946659 0.94 0.886792452830189 1 0.983139301485347 2 3 35 2 1137.669
0.880053908355795 0.893899204244032 0.865753424657534 0.942756440536318 0.84 0.773584905660377 0.914893617021277 0.922922521075873 NA 1 35 3 2469.136
0.925876010781671 0.93368700265252 0.917808219178082 0.98106900185313 0.94 0.886792452830189 1 0.982737856282617 5 2 35 3 2469.136
0.92722371967655 0.936339522546419 0.917808219178082 0.981941063188111 0.93 0.886792452830189 0.978723404255319 0.981934965877158 8 2 35 3 2469.136
0.925876010781671 0.93368700265252 0.917808219178082 0.981933796010319 0.94 0.886792452830189 1 0.981132075471698 10 2 35 3 2469.136
0.871967654986523 0.891246684350133 0.852054794520548 0.942603829802696 0.86 0.811320754716981 0.914893617021277 0.921718185467684 1 3 35 3 2469.136
0.940700808625337 0.936339522546419 0.945205479452055 0.983605246902366 0.92 0.849056603773585 1 0.981132075471698 2 3 35 3 2469.136
