0.860892388451444 0.88 0.839779005524862 0.939419889502762 0.87 0.953488372093023 0.807017543859649 0.944104447164423 NA 1 45 1 625.913
0.926509186351706 0.935 0.917127071823204 0.981602209944751 0.92 0.953488372093023 0.894736842105263 0.977152182782538 5 2 45 1 625.913
0.934383202099738 0.94 0.92817679558011 0.985773480662983 0.91 0.930232558139535 0.894736842105263 0.973888208894329 8 2 45 1 625.913
0.94750656167979 0.96 0.933701657458563 0.986878453038674 0.89 0.930232558139535 0.859649122807018 0.971440228478172 10 2 45 1 625.913
0.866141732283465 0.875 0.856353591160221 0.938563535911602 0.86 0.953488372093023 0.789473684210526 0.941656466748266 1 3 45 1 625.913
0.926509186351706 0.93 0.922651933701657 0.979613259668508 0.88 0.930232558139535 0.842105263157895 0.955528355773154 2 3 45 1 625.913
0.866141732283465 0.88 0.850828729281768 0.940055248618785 0.86 0.953488372093023 0.789473684210526 0.944104447164423 NA 1 45 2 675.941
0.926509186351706 0.935 0.917127071823204 0.981491712707182 0.92 0.953488372093023 0.894736842105263 0.977152182782538 5 2 45 2 675.941
0.937007874015748 0.945 0.92817679558011 0.985773480662983 0.91 0.930232558139535 0.894736842105263 0.973888208894329 8 2 45 2 675.941
0.94750656167979 0.955 0.939226519337017 0.986878453038674 0.9 0.930232558139535 0.87719298245614 0.971848225214198 10 2 45 2 675.941
0.868766404199475 0.88 0.856353591160221 0.939005524861878 0.86 0.953488372093023 0.789473684210526 0.941656466748266 1 3 45 2 675.941
0.929133858267717 0.93 0.92817679558011 0.979834254143646 0.89 0.953488372093023 0.842105263157895 0.95593635250918 2 3 45 2 675.941
0.860892388451444 0.875 0.845303867403315 0.939281767955801 0.87 0.953488372093023 0.807017543859649 0.943696450428397 NA 1 45 3 1177.53
0.926509186351706 0.935 0.917127071823204 0.981767955801105 0.92 0.953488372093023 0.894736842105263 0.976336189310485 5 2 45 3 1177.53
0.934383202099738 0.945 0.922651933701657 0.98585635359116 0.89 0.930232558139535 0.859649122807018 0.974704202366381 8 2 45 3 1177.53
0.939632545931758 0.95 0.92817679558011 0.98671270718232 0.89 0.930232558139535 0.859649122807018 0.969808241534068 10 2 45 3 1177.53
0.858267716535433 0.875 0.839779005524862 0.939309392265193 0.87 0.953488372093023 0.807017543859649 0.944104447164423 1 3 45 3 1177.53
0.931758530183727 0.94 0.922651933701657 0.980138121546961 0.88 0.930232558139535 0.842105263157895 0.957160342717258 2 3 45 3 1177.53
