0.798507462686567 0.784615384615385 0.811594202898551 0.918394648829431 0.88 0.923076923076923 0.833333333333333 0.922676282051282 NA 1 100 1 145.478
0.940298507462687 0.938461538461538 0.942028985507246 0.985061315496098 0.92 0.923076923076923 0.916666666666667 0.972355769230769 5 2 100 1 145.478
0.940298507462687 0.953846153846154 0.927536231884058 0.987736900780379 0.93 0.923076923076923 0.9375 0.970753205128205 8 2 100 1 145.478
0.940298507462687 0.953846153846154 0.927536231884058 0.988851727982163 0.92 0.923076923076923 0.916666666666667 0.969951923076923 10 2 100 1 145.478
0.805970149253731 0.830769230769231 0.782608695652174 0.916387959866221 0.86 0.923076923076923 0.791666666666667 0.926682692307692 1 3 100 1 145.478
0.925373134328358 0.923076923076923 0.927536231884058 0.977034559643255 0.93 0.942307692307692 0.916666666666667 0.975160256410256 2 3 100 1 145.478
0.798507462686567 0.784615384615385 0.811594202898551 0.918394648829431 0.88 0.923076923076923 0.833333333333333 0.923477564102564 NA 1 100 2 92.156
0.940298507462687 0.938461538461538 0.942028985507246 0.984838350055741 0.92 0.923076923076923 0.916666666666667 0.972355769230769 5 2 100 2 92.156
0.940298507462687 0.953846153846154 0.927536231884058 0.987513935340022 0.93 0.923076923076923 0.9375 0.971554487179487 8 2 100 2 92.156
0.940298507462687 0.953846153846154 0.927536231884058 0.988405797101449 0.92 0.923076923076923 0.916666666666667 0.971153846153846 10 2 100 2 92.156
0.791044776119403 0.830769230769231 0.753623188405797 0.917725752508361 0.86 0.923076923076923 0.791666666666667 0.927884615384615 1 3 100 2 92.156
0.925373134328358 0.923076923076923 0.927536231884058 0.977480490523969 0.93 0.942307692307692 0.916666666666667 0.975961538461538 2 3 100 2 92.156
0.798507462686567 0.784615384615385 0.811594202898551 0.915942028985507 0.88 0.923076923076923 0.833333333333333 0.919070512820513 NA 1 100 3 213.795
0.940298507462687 0.938461538461538 0.942028985507246 0.984838350055741 0.92 0.923076923076923 0.916666666666667 0.969551282051282 5 2 100 3 213.795
0.940298507462687 0.953846153846154 0.927536231884058 0.987959866220736 0.92 0.923076923076923 0.916666666666667 0.969551282051282 8 2 100 3 213.795
0.940298507462687 0.953846153846154 0.927536231884058 0.989297658862876 0.92 0.923076923076923 0.916666666666667 0.969150641025641 10 2 100 3 213.795
0.805970149253731 0.846153846153846 0.768115942028985 0.91438127090301 0.87 0.923076923076923 0.8125 0.922676282051282 1 3 100 3 213.795
0.925373134328358 0.923076923076923 0.927536231884058 0.977034559643255 0.92 0.923076923076923 0.916666666666667 0.973958333333333 2 3 100 3 213.795
