0.85 0.842105263157895 0.857142857142857 0.952380952380952 0.92 0.857142857142857 0.980392156862745 0.93797519007603 NA 1 72 1 119.265
1 1 1 1 0.72 0.612244897959184 0.823529411764706 0.844937975190076 5 2 72 1 119.265
0.975 1 0.952380952380952 0.961152882205514 0.67 0.714285714285714 0.627450980392157 0.704281712685074 8 2 72 1 119.265
1 1 1 1 0.85 0.775510204081633 0.92156862745098 0.910764305722289 10 2 72 1 119.265
0.9 0.894736842105263 0.904761904761905 0.944862155388471 0.91 0.877551020408163 0.941176470588235 0.932773109243697 1 3 72 1 119.265
0.95 0.947368421052632 0.952380952380952 0.989974937343358 0.86 0.795918367346939 0.92156862745098 0.942376950780312 2 3 72 1 119.265
0.9 0.894736842105263 0.904761904761905 0.954887218045113 0.92 0.857142857142857 0.980392156862745 0.931572629051621 NA 1 72 2 111.232
1 1 1 1 0.85 0.857142857142857 0.843137254901961 0.864945978391356 5 2 72 2 111.232
1 1 1 1 0.72 0.551020408163265 0.882352941176471 0.82953181272509 8 2 72 2 111.232
1 1 1 1 0.74 0.653061224489796 0.823529411764706 0.753301320528211 10 2 72 2 111.232
0.9 0.894736842105263 0.904761904761905 0.944862155388471 0.9 0.857142857142857 0.941176470588235 0.933173269307723 1 3 72 2 111.232
0.95 0.947368421052632 0.952380952380952 0.987468671679198 0.88 0.816326530612245 0.941176470588235 0.936374549819928 2 3 72 2 111.232
0.9 0.894736842105263 0.904761904761905 0.957393483709273 0.91 0.836734693877551 0.980392156862745 0.932372949179672 NA 1 72 3 184.761
1 1 1 1 0.87 0.775510204081633 0.96078431372549 0.884753901560624 5 2 72 3 184.761
1 1 1 1 0.84 0.73469387755102 0.941176470588235 0.90656262505002 8 2 72 3 184.761
1 1 1 1 0.86 0.755102040816326 0.96078431372549 0.919967987194878 10 2 72 3 184.761
0.9 0.894736842105263 0.904761904761905 0.947368421052632 0.89 0.836734693877551 0.941176470588235 0.931972789115646 1 3 72 3 184.761
0.95 0.947368421052632 0.952380952380952 0.987468671679198 0.89 0.795918367346939 0.980392156862745 0.939575830332133 2 3 72 3 184.761
