0.886075949367089 0.871794871794872 0.9 0.965384615384615 0.79 0.688888888888889 0.872727272727273 0.865050505050505 NA 1 9 1 88.471
1 1 1 1 0.83 0.8 0.854545454545454 0.849090909090909 5 2 9 1 88.471
1 1 1 1 0.86 0.777777777777778 0.927272727272727 0.862424242424242 8 2 9 1 88.471
1 1 1 1 0.85 0.777777777777778 0.909090909090909 0.837373737373737 10 2 9 1 88.471
0.860759493670886 0.871794871794872 0.85 0.961538461538462 0.79 0.711111111111111 0.854545454545454 0.878787878787879 1 3 9 1 88.471
0.949367088607595 0.923076923076923 0.975 0.994230769230769 0.8 0.733333333333333 0.854545454545454 0.913535353535354 2 3 9 1 88.471
0.886075949367089 0.871794871794872 0.9 0.961538461538462 0.8 0.733333333333333 0.854545454545454 0.866262626262626 NA 1 9 2 114.335
1 1 1 1 0.83 0.733333333333333 0.909090909090909 0.833131313131313 5 2 9 2 114.335
1 1 1 1 0.88 0.822222222222222 0.927272727272727 0.875555555555556 8 2 9 2 114.335
1 1 1 1 0.83 0.733333333333333 0.909090909090909 0.852727272727273 10 2 9 2 114.335
0.848101265822785 0.871794871794872 0.825 0.958333333333333 0.79 0.733333333333333 0.836363636363636 0.875959595959596 1 3 9 2 114.335
0.949367088607595 0.923076923076923 0.975 0.994871794871795 0.79 0.733333333333333 0.836363636363636 0.906666666666667 2 3 9 2 114.335
0.886075949367089 0.871794871794872 0.9 0.962179487179487 0.78 0.688888888888889 0.854545454545454 0.85979797979798 NA 1 9 3 166.295
1 1 1 1 0.85 0.755555555555556 0.927272727272727 0.841818181818182 5 2 9 3 166.295
1 1 1 1 0.86 0.777777777777778 0.927272727272727 0.849494949494949 8 2 9 3 166.295
1 1 1 1 0.82 0.733333333333333 0.890909090909091 0.847272727272727 10 2 9 3 166.295
0.873417721518987 0.897435897435897 0.85 0.95448717948718 0.8 0.733333333333333 0.854545454545454 0.874343434343434 1 3 9 3 166.295
0.949367088607595 0.923076923076923 0.975 0.993589743589744 0.81 0.777777777777778 0.836363636363636 0.906666666666667 2 3 9 3 166.295
