0.923076923076923 0.921052631578947 0.925925925925926 0.950292397660819 0.8 0.829787234042553 0.773584905660377 0.886391007627459 NA 1 71 1 113.126
0.984615384615385 1 0.962962962962963 0.992202729044834 0.93 0.936170212765957 0.924528301886792 0.968285828984344 5 2 71 1 113.126
1 1 1 1 0.81 0.851063829787234 0.773584905660377 0.830389401846648 8 2 71 1 113.126
1 1 1 1 0.83 0.851063829787234 0.811320754716981 0.904054596547571 10 2 71 1 113.126
0.953846153846154 0.947368421052632 0.962962962962963 0.953216374269006 0.78 0.808510638297872 0.754716981132076 0.872741870734645 1 3 71 1 113.126
0.984615384615385 1 0.962962962962963 0.971734892787524 0.85 0.872340425531915 0.830188679245283 0.915696507426736 2 3 71 1 113.126
0.923076923076923 0.921052631578947 0.925925925925926 0.95224171539961 0.79 0.829787234042553 0.754716981132076 0.890004014452027 NA 1 71 2 109.05
0.984615384615385 1 0.962962962962963 0.992202729044834 0.94 0.957446808510638 0.924528301886792 0.971095945403452 5 2 71 2 109.05
1 1 1 1 0.8 0.829787234042553 0.773584905660377 0.855279004415897 8 2 71 2 109.05
1 1 1 1 0.85 0.914893617021277 0.792452830188679 0.892412685668406 10 2 71 2 109.05
0.953846153846154 0.947368421052632 0.962962962962963 0.953216374269006 0.77 0.829787234042553 0.716981132075472 0.875551987153753 1 3 71 2 109.05
0.984615384615385 1 0.962962962962963 0.971734892787524 0.85 0.872340425531915 0.830188679245283 0.916097952629466 2 3 71 2 109.05
0.953846153846154 0.947368421052632 0.962962962962963 0.95224171539961 0.8 0.829787234042553 0.773584905660377 0.88398233641108 NA 1 71 3 176.529
0.984615384615385 1 0.962962962962963 0.992202729044834 0.92 0.936170212765957 0.905660377358491 0.967081493376154 5 2 71 3 176.529
1 1 1 1 0.8 0.829787234042553 0.773584905660377 0.817342432757929 8 2 71 3 176.529
1 1 1 1 0.83 0.851063829787234 0.811320754716981 0.881975110397431 10 2 71 3 176.529
0.953846153846154 0.947368421052632 0.962962962962963 0.95224171539961 0.78 0.808510638297872 0.754716981132076 0.873946206342834 1 3 71 3 176.529
0.984615384615385 1 0.962962962962963 0.971734892787524 0.83 0.829787234042553 0.830188679245283 0.914090726615817 2 3 71 3 176.529
