0.944444444444444 0.948717948717949 0.939393939393939 0.98989898989899 0.85 0.8125 0.884615384615385 0.908653846153846 NA 1 47 1 52.459
1 1 1 1 0.87 0.833333333333333 0.903846153846154 0.864383012820513 5 2 47 1 52.459
1 1 1 1 0.88 0.9375 0.826923076923077 0.910657051282051 8 2 47 1 52.459
1 1 1 1 0.88 0.875 0.884615384615385 0.899639423076923 10 2 47 1 52.459
0.944444444444444 0.974358974358974 0.909090909090909 0.985236985236985 0.84 0.875 0.807692307692308 0.917067307692308 1 3 47 1 52.459
0.972222222222222 1 0.939393939393939 0.999222999222999 0.82 0.8125 0.826923076923077 0.931089743589744 2 3 47 1 52.459
0.944444444444444 0.948717948717949 0.939393939393939 0.990675990675991 0.86 0.833333333333333 0.884615384615385 0.907051282051282 NA 1 47 2 58.057
1 1 1 1 0.87 0.833333333333333 0.903846153846154 0.879807692307692 5 2 47 2 58.057
1 1 1 1 0.92 0.9375 0.903846153846154 0.93349358974359 8 2 47 2 58.057
1 1 1 1 0.88 0.9375 0.826923076923077 0.89463141025641 10 2 47 2 58.057
0.944444444444444 0.974358974358974 0.909090909090909 0.986790986790987 0.84 0.875 0.807692307692308 0.915064102564103 1 3 47 2 58.057
0.972222222222222 1 0.939393939393939 0.999222999222999 0.82 0.8125 0.826923076923077 0.930288461538462 2 3 47 2 58.057
0.944444444444444 0.948717948717949 0.939393939393939 0.989121989121989 0.85 0.8125 0.884615384615385 0.905849358974359 NA 1 47 3 96.809
1 1 1 1 0.86 0.854166666666667 0.865384615384615 0.873397435897436 5 2 47 3 96.809
1 1 1 1 0.86 0.875 0.846153846153846 0.881209935897436 8 2 47 3 96.809
1 1 1 1 0.92 0.895833333333333 0.942307692307692 0.936298076923077 10 2 47 3 96.809
0.930555555555556 0.974358974358974 0.878787878787879 0.986013986013986 0.84 0.875 0.807692307692308 0.918669871794872 1 3 47 3 96.809
0.972222222222222 1 0.939393939393939 0.998445998445998 0.83 0.8125 0.846153846153846 0.931891025641026 2 3 47 3 96.809
