0.866151866151866 0.874692874692875 0.856756756756757 0.942652234544126 0.8 0.833333333333333 0.760869565217391 0.890096618357488 NA 1 81 1 1806.787
0.927927927927928 0.938574938574939 0.916216216216216 0.983239258914935 0.93 0.944444444444444 0.91304347826087 0.956119162640902 5 2 81 1 1806.787
0.926640926640927 0.938574938574939 0.913513513513514 0.983411913141643 0.92 0.925925925925926 0.91304347826087 0.955716586151369 8 2 81 1 1806.787
0.926640926640927 0.936117936117936 0.916216216216216 0.983770502689422 0.94 0.962962962962963 0.91304347826087 0.953301127214171 10 2 81 1 1806.787
0.866151866151866 0.877149877149877 0.854054054054054 0.942300285543529 0.8 0.814814814814815 0.782608695652174 0.890499194847021 1 3 81 1 1806.787
0.934362934362934 0.938574938574939 0.92972972972973 0.983186134537486 0.91 0.944444444444444 0.869565217391304 0.935990338164251 2 3 81 1 1806.787
0.866151866151866 0.872235872235872 0.859459459459459 0.942486220864599 0.8 0.833333333333333 0.760869565217391 0.890096618357488 NA 1 81 2 1885.073
0.927927927927928 0.938574938574939 0.916216216216216 0.983265821103659 0.93 0.944444444444444 0.91304347826087 0.956119162640902 5 2 81 2 1885.073
0.926640926640927 0.938574938574939 0.913513513513514 0.983471678066273 0.92 0.925925925925926 0.91304347826087 0.955716586151369 8 2 81 2 1885.073
0.927927927927928 0.936117936117936 0.918918918918919 0.983836908161232 0.94 0.962962962962963 0.91304347826087 0.953301127214171 10 2 81 2 1885.073
0.863577863577864 0.86977886977887 0.856756756756757 0.942346769373796 0.8 0.833333333333333 0.760869565217391 0.888486312399356 1 3 81 2 1885.073
0.934362934362934 0.936117936117936 0.932432432432432 0.98321269672621 0.91 0.944444444444444 0.869565217391304 0.93719806763285 2 3 81 2 1885.073
0.867438867438867 0.874692874692875 0.859459459459459 0.942486220864599 0.81 0.833333333333333 0.782608695652174 0.890901771336554 NA 1 81 3 3099.693
0.927927927927928 0.938574938574939 0.916216216216216 0.98302676140514 0.93 0.944444444444444 0.91304347826087 0.955716586151369 5 2 81 3 3099.693
0.925353925353925 0.936117936117936 0.913513513513514 0.983179493990305 0.92 0.944444444444444 0.891304347826087 0.955314009661836 8 2 81 3 3099.693
0.926640926640927 0.936117936117936 0.916216216216216 0.983717378311973 0.94 0.962962962962963 0.91304347826087 0.953703703703704 10 2 81 3 3099.693
0.868725868725869 0.877149877149877 0.859459459459459 0.942419815392788 0.83 0.87037037037037 0.782608695652174 0.893719806763285 1 3 81 3 3099.693
0.934362934362934 0.938574938574939 0.92972972972973 0.983033401952321 0.9 0.944444444444444 0.847826086956522 0.935587761674718 2 3 81 3 3099.693
