0.896551724137931 0.944444444444444 0.818181818181818 0.939393939393939 0.78 0.96 0.6 0.9352 NA 1 1 1 48.636
1 1 1 1 0.9 0.96 0.84 0.9072 5 2 1 1 48.636
1 1 1 1 0.93 0.96 0.9 0.9418 8 2 1 1 48.636
1 1 1 1 0.93 0.96 0.9 0.9522 10 2 1 1 48.636
0.879310344827586 0.944444444444444 0.772727272727273 0.940656565656566 0.76 0.98 0.54 0.9356 1 3 1 1 48.636
0.931034482758621 0.972222222222222 0.863636363636364 0.981060606060606 0.78 0.96 0.6 0.9444 2 3 1 1 48.636
0.896551724137931 0.944444444444444 0.818181818181818 0.939393939393939 0.79 0.96 0.62 0.9332 NA 1 1 2 55.984
1 1 1 1 0.9 0.94 0.86 0.9216 5 2 1 2 55.984
1 1 1 1 0.91 0.94 0.88 0.9382 8 2 1 2 55.984
1 1 1 1 0.9 0.96 0.84 0.9484 10 2 1 2 55.984
0.879310344827586 0.944444444444444 0.772727272727273 0.941919191919192 0.76 0.98 0.54 0.9336 1 3 1 2 55.984
0.948275862068966 1 0.863636363636364 0.981060606060606 0.79 0.96 0.62 0.944 2 3 1 2 55.984
0.879310344827586 0.944444444444444 0.772727272727273 0.936868686868687 0.79 0.98 0.6 0.9348 NA 1 1 3 76.41
0.982758620689655 0.972222222222222 1 0.992424242424242 0.84 0.9 0.78 0.874 5 2 1 3 76.41
1 1 1 1 0.93 0.96 0.9 0.9414 8 2 1 3 76.41
1 1 1 1 0.9 0.92 0.88 0.925 10 2 1 3 76.41
0.844827586206897 0.888888888888889 0.772727272727273 0.928030303030303 0.75 0.98 0.52 0.9368 1 3 1 3 76.41
0.931034482758621 0.972222222222222 0.863636363636364 0.982323232323232 0.79 0.96 0.62 0.9432 2 3 1 3 76.41
