0.882352941176471 0.923076923076923 0.84 0.924615384615385 0.77 0.846153846153846 0.6875 0.897836538461538 NA 1 92 1 28.304
1 1 1 1 0.84 0.923076923076923 0.75 0.856570512820513 5 2 92 1 28.304
1 1 1 1 0.86 0.884615384615385 0.833333333333333 0.860176282051282 8 2 92 1 28.304
1 1 1 1 0.79 0.884615384615385 0.6875 0.830528846153846 10 2 92 1 28.304
0.843137254901961 0.923076923076923 0.76 0.926153846153846 0.77 0.903846153846154 0.625 0.913060897435897 1 3 92 1 28.304
0.92156862745098 0.923076923076923 0.92 0.972307692307692 0.81 0.846153846153846 0.770833333333333 0.900240384615385 2 3 92 1 28.304
0.882352941176471 0.923076923076923 0.84 0.924615384615385 0.77 0.846153846153846 0.6875 0.898237179487179 NA 1 92 2 36.05
1 1 1 1 0.86 0.903846153846154 0.8125 0.870592948717949 5 2 92 2 36.05
1 1 1 1 0.83 0.865384615384615 0.791666666666667 0.872195512820513 8 2 92 2 36.05
0.980392156862745 1 0.96 0.969230769230769 0.73 0.846153846153846 0.604166666666667 0.83994391025641 10 2 92 2 36.05
0.843137254901961 0.923076923076923 0.76 0.924615384615385 0.77 0.923076923076923 0.604166666666667 0.911057692307692 1 3 92 2 36.05
0.92156862745098 0.923076923076923 0.92 0.973846153846154 0.8 0.846153846153846 0.75 0.900240384615385 2 3 92 2 36.05
0.882352941176471 0.923076923076923 0.84 0.927692307692308 0.76 0.826923076923077 0.6875 0.895032051282051 NA 1 92 3 50.515
1 1 1 1 0.81 0.903846153846154 0.708333333333333 0.836538461538461 5 2 92 3 50.515
1 1 1 1 0.78 0.865384615384615 0.6875 0.845152243589744 8 2 92 3 50.515
1 1 1 1 0.86 0.903846153846154 0.8125 0.877403846153846 10 2 92 3 50.515
0.843137254901961 0.923076923076923 0.76 0.930769230769231 0.76 0.903846153846154 0.604166666666667 0.905448717948718 1 3 92 3 50.515
0.92156862745098 0.923076923076923 0.92 0.969230769230769 0.81 0.846153846153846 0.770833333333333 0.893429487179487 2 3 92 3 50.515
