0.880597014925373 0.925 0.814814814814815 0.951851851851852 0.92 0.91304347826087 0.925925925925926 0.950080515297907 NA 1 89 1 79.685
1 1 1 1 0.85 0.804347826086957 0.888888888888889 0.860708534621578 5 2 89 1 79.685
1 1 1 1 0.87 0.804347826086957 0.925925925925926 0.888083735909823 8 2 89 1 79.685
1 1 1 1 0.87 0.804347826086957 0.925925925925926 0.895330112721417 10 2 89 1 79.685
0.880597014925373 0.95 0.777777777777778 0.956481481481481 0.89 0.91304347826087 0.87037037037037 0.953301127214171 1 3 89 1 79.685
0.940298507462687 0.95 0.925925925925926 0.97962962962963 0.88 0.826086956521739 0.925925925925926 0.972624798711755 2 3 89 1 79.685
0.865671641791045 0.9 0.814814814814815 0.95 0.92 0.91304347826087 0.925925925925926 0.947665056360709 NA 1 89 2 95.954
1 1 1 1 0.88 0.804347826086957 0.944444444444444 0.882648953301127 5 2 89 2 95.954
1 1 1 1 0.85 0.804347826086957 0.888888888888889 0.849235104669887 8 2 89 2 95.954
1 1 1 1 0.89 0.804347826086957 0.962962962962963 0.914251207729469 10 2 89 2 95.954
0.880597014925373 0.95 0.777777777777778 0.951851851851852 0.91 0.934782608695652 0.888888888888889 0.952495974235105 1 3 89 2 95.954
0.925373134328358 0.95 0.888888888888889 0.978703703703704 0.92 0.891304347826087 0.944444444444444 0.977858293075684 2 3 89 2 95.954
0.880597014925373 0.925 0.814814814814815 0.951851851851852 0.9 0.869565217391304 0.925925925925926 0.950080515297907 NA 1 89 3 161.075
1 1 1 1 0.87 0.804347826086957 0.925925925925926 0.863325281803543 5 2 89 3 161.075
1 1 1 1 0.87 0.804347826086957 0.925925925925926 0.875201288244767 8 2 89 3 161.075
0.985074626865672 0.975 1 0.983796296296296 0.87 0.782608695652174 0.944444444444444 0.910829307568438 10 2 89 3 161.075
0.865671641791045 0.925 0.777777777777778 0.950925925925926 0.9 0.91304347826087 0.888888888888889 0.954911433172303 1 3 89 3 161.075
0.925373134328358 0.95 0.888888888888889 0.978703703703704 0.91 0.869565217391304 0.944444444444444 0.975845410628019 2 3 89 3 161.075
