0.855140186915888 0.866666666666667 0.844036697247706 0.932284840541721 0.89 0.893617021276596 0.886792452830189 0.944199116820554 NA 1 15 1 164.862
0.925233644859813 0.923809523809524 0.926605504587156 0.981826124945391 0.95 0.978723404255319 0.924528301886792 0.986350863107186 5 2 15 1 164.862
0.925233644859813 0.923809523809524 0.926605504587156 0.981651376146789 0.96 0.978723404255319 0.943396226415094 0.987153753512646 8 2 15 1 164.862
0.920560747663551 0.923809523809524 0.917431192660551 0.98173875054609 0.95 0.978723404255319 0.924528301886792 0.986752308309916 10 2 15 1 164.862
0.855140186915888 0.876190476190476 0.834862385321101 0.932284840541721 0.88 0.893617021276596 0.867924528301887 0.945403452428743 1 3 15 1 164.862
0.948598130841122 0.971428571428571 0.926605504587156 0.97562254259502 0.93 0.936170212765957 0.924528301886792 0.984745082296267 2 3 15 1 164.862
0.864485981308411 0.876190476190476 0.853211009174312 0.929314110965487 0.88 0.893617021276596 0.867924528301887 0.945002007226014 NA 1 15 2 239.477
0.929906542056075 0.933333333333333 0.926605504587156 0.981301878549585 0.95 0.978723404255319 0.924528301886792 0.987555198715375 5 2 15 2 239.477
0.929906542056075 0.933333333333333 0.926605504587156 0.981389252948886 0.95 0.978723404255319 0.924528301886792 0.987153753512646 8 2 15 2 239.477
0.934579439252336 0.933333333333333 0.935779816513762 0.982088248143294 0.95 0.978723404255319 0.924528301886792 0.987555198715375 10 2 15 2 239.477
0.85981308411215 0.876190476190476 0.844036697247706 0.928265618173875 0.87 0.893617021276596 0.849056603773585 0.943396226415094 1 3 15 2 239.477
0.939252336448598 0.961904761904762 0.917431192660551 0.977282656181739 0.93 0.936170212765957 0.924528301886792 0.986752308309916 2 3 15 2 239.477
0.855140186915888 0.857142857142857 0.853211009174312 0.927391874180865 0.86 0.872340425531915 0.849056603773585 0.944600562023284 NA 1 15 3 344.503
0.929906542056075 0.933333333333333 0.926605504587156 0.982000873743993 0.95 0.978723404255319 0.924528301886792 0.984343637093537 5 2 15 3 344.503
0.939252336448598 0.933333333333333 0.944954128440367 0.982088248143294 0.96 0.978723404255319 0.943396226415094 0.983139301485347 8 2 15 3 344.503
0.934579439252336 0.933333333333333 0.935779816513762 0.982262996941896 0.95 0.978723404255319 0.924528301886792 0.983540746688077 10 2 15 3 344.503
0.836448598130841 0.838095238095238 0.834862385321101 0.927217125382263 0.86 0.893617021276596 0.830188679245283 0.942994781212365 1 3 15 3 344.503
0.934579439252336 0.961904761904762 0.908256880733945 0.976408912188729 0.93 0.936170212765957 0.924528301886792 0.985949417904456 2 3 15 3 344.503
