0.88412017167382 0.882882882882883 0.885245901639344 0.961379412199084 0.88 0.9 0.86 0.9528 NA 1 78 1 461.565
0.952789699570815 0.945945945945946 0.959016393442623 0.99364938709201 0.97 0.96 0.98 0.9856 5 2 78 1 461.565
0.952789699570815 0.945945945945946 0.959016393442623 0.99497858514252 0.96 0.94 0.98 0.9852 8 2 78 1 461.565
0.957081545064378 0.954954954954955 0.959016393442623 0.994092453108847 0.94 0.92 0.96 0.9808 10 2 78 1 461.565
0.888412017167382 0.891891891891892 0.885245901639344 0.961822478215921 0.89 0.9 0.88 0.9508 1 3 78 1 461.565
0.935622317596567 0.927927927927928 0.942622950819672 0.990474080638015 0.92 0.92 0.92 0.9676 2 3 78 1 461.565
0.88412017167382 0.882882882882883 0.885245901639344 0.961822478215921 0.88 0.9 0.86 0.9536 NA 1 78 2 383.826
0.948497854077253 0.936936936936937 0.959016393442623 0.99364938709201 0.97 0.96 0.98 0.9856 5 2 78 2 383.826
0.948497854077253 0.945945945945946 0.950819672131147 0.995126273814798 0.96 0.94 0.98 0.986 8 2 78 2 383.826
0.96137339055794 0.954954954954955 0.967213114754098 0.995126273814798 0.96 0.94 0.98 0.9848 10 2 78 2 383.826
0.888412017167382 0.900900900900901 0.877049180327869 0.961231723526806 0.89 0.9 0.88 0.952 1 3 78 2 383.826
0.935622317596567 0.927927927927928 0.942622950819672 0.990400236301876 0.92 0.92 0.92 0.9688 2 3 78 2 383.826
0.888412017167382 0.882882882882883 0.89344262295082 0.961600945207503 0.87 0.88 0.86 0.9504 NA 1 78 3 772.024
0.948497854077253 0.945945945945946 0.950819672131147 0.992246344705361 0.95 0.94 0.96 0.9832 5 2 78 3 772.024
0.96137339055794 0.963963963963964 0.959016393442623 0.995052429478659 0.96 0.94 0.98 0.9848 8 2 78 3 772.024
0.957081545064378 0.954954954954955 0.959016393442623 0.994313986117265 0.94 0.92 0.96 0.9808 10 2 78 3 772.024
0.88412017167382 0.891891891891892 0.877049180327869 0.961231723526806 0.86 0.86 0.86 0.9492 1 3 78 3 772.024
0.944206008583691 0.936936936936937 0.950819672131147 0.991212523999409 0.91 0.9 0.92 0.9652 2 3 78 3 772.024
