0.975 1 0.954545454545455 0.98989898989899 0.71 0.62 0.8 0.7962 NA 1 79 1 67.45
1 1 1 1 0.71 0.6 0.82 0.7242 5 2 79 1 67.45
1 1 1 1 0.78 0.68 0.88 0.8604 8 2 79 1 67.45
1 1 1 1 0.7 0.74 0.66 0.7298 10 2 79 1 67.45
0.95 0.944444444444444 0.954545454545455 0.987373737373737 0.82 0.78 0.86 0.8848 1 3 79 1 67.45
0.95 1 0.909090909090909 1 0.74 0.7 0.78 0.8352 2 3 79 1 67.45
0.975 1 0.954545454545455 0.994949494949495 0.72 0.64 0.8 0.7876 NA 1 79 2 154.418
1 1 1 1 0.67 0.56 0.78 0.7222 5 2 79 2 154.418
1 1 1 1 0.68 0.6 0.76 0.7554 8 2 79 2 154.418
1 1 1 1 0.74 0.72 0.76 0.7534 10 2 79 2 154.418
0.95 0.944444444444444 0.954545454545455 0.987373737373737 0.83 0.76 0.9 0.8848 1 3 79 2 154.418
0.95 1 0.909090909090909 1 0.77 0.72 0.82 0.8376 2 3 79 2 154.418
0.975 1 0.954545454545455 0.994949494949495 0.7 0.58 0.82 0.7968 NA 1 79 3 131.937
1 1 1 1 0.73 0.64 0.82 0.773 5 2 79 3 131.937
1 1 1 1 0.77 0.66 0.88 0.8044 8 2 79 3 131.937
1 1 1 1 0.77 0.66 0.88 0.7896 10 2 79 3 131.937
0.95 0.944444444444444 0.954545454545455 0.98989898989899 0.77 0.76 0.78 0.8812 1 3 79 3 131.937
0.95 1 0.909090909090909 0.997474747474748 0.77 0.72 0.82 0.838 2 3 79 3 131.937
