0.888888888888889 0.888888888888889 0.888888888888889 0.957475994513032 0.83 0.714285714285714 0.941176470588235 0.877150860344138 NA 1 63 1 26.893
0.925925925925926 0.962962962962963 0.888888888888889 0.98079561042524 0.87 0.775510204081633 0.96078431372549 0.939175670268107 5 2 63 1 26.893
0.925925925925926 0.962962962962963 0.888888888888889 0.983539094650206 0.87 0.775510204081633 0.96078431372549 0.934773909563826 8 2 63 1 26.893
1 1 1 1 0.8 0.653061224489796 0.941176470588235 0.837735094037615 10 2 63 1 26.893
0.907407407407407 0.962962962962963 0.851851851851852 0.950617283950617 0.82 0.755102040816326 0.882352941176471 0.855542216886755 1 3 63 1 26.893
0.907407407407407 0.925925925925926 0.888888888888889 0.969821673525377 0.79 0.653061224489796 0.92156862745098 0.87234893957583 2 3 63 1 26.893
0.888888888888889 0.888888888888889 0.888888888888889 0.957475994513032 0.81 0.693877551020408 0.92156862745098 0.87234893957583 NA 1 63 2 38.276
0.925925925925926 0.962962962962963 0.888888888888889 0.984910836762689 0.86 0.755102040816326 0.96078431372549 0.936374549819928 5 2 63 2 38.276
0.925925925925926 0.962962962962963 0.888888888888889 0.982167352537723 0.87 0.775510204081633 0.96078431372549 0.931172468987595 8 2 63 2 38.276
0.981481481481482 1 0.962962962962963 1 0.79 0.795918367346939 0.784313725490196 0.787114845938375 10 2 63 2 38.276
0.87037037037037 0.888888888888889 0.851851851851852 0.945130315500686 0.82 0.755102040816326 0.882352941176471 0.854341736694678 1 3 63 2 38.276
0.907407407407407 0.925925925925926 0.888888888888889 0.968449931412894 0.77 0.63265306122449 0.901960784313726 0.870348139255702 2 3 63 2 38.276
0.907407407407407 0.925925925925926 0.888888888888889 0.957475994513032 0.82 0.693877551020408 0.941176470588235 0.877150860344138 NA 1 63 3 61.746
0.925925925925926 0.962962962962963 0.888888888888889 0.982167352537723 0.85 0.73469387755102 0.96078431372549 0.937174869947979 5 2 63 3 61.746
0.925925925925926 0.962962962962963 0.888888888888889 0.982167352537723 0.85 0.73469387755102 0.96078431372549 0.935574229691877 8 2 63 3 61.746
1 1 1 1 0.82 0.714285714285714 0.92156862745098 0.843137254901961 10 2 63 3 61.746
0.87037037037037 0.888888888888889 0.851851851851852 0.947873799725652 0.8 0.693877551020408 0.901960784313726 0.845138055222089 1 3 63 3 61.746
0.907407407407407 0.925925925925926 0.888888888888889 0.967078189300411 0.79 0.673469387755102 0.901960784313726 0.883553421368547 2 3 63 3 61.746
