0.944444444444444 0.970588235294118 0.9 0.969117647058824 0.8 0.888888888888889 0.695652173913043 0.857085346215781 NA 1 18 1 94.102
1 1 1 1 0.81 0.87037037037037 0.739130434782609 0.811594202898551 5 2 18 1 94.102
1 1 1 1 0.8 0.907407407407407 0.673913043478261 0.800724637681159 8 2 18 1 94.102
1 1 1 1 0.79 0.851851851851852 0.717391304347826 0.80475040257649 10 2 18 1 94.102
0.925925925925926 0.941176470588235 0.9 0.963235294117647 0.78 0.888888888888889 0.652173913043478 0.856682769726248 1 3 18 1 94.102
0.962962962962963 0.970588235294118 0.95 0.989705882352941 0.83 0.907407407407407 0.739130434782609 0.902979066022544 2 3 18 1 94.102
0.944444444444444 0.970588235294118 0.9 0.969117647058824 0.8 0.888888888888889 0.695652173913043 0.864734299516908 NA 1 18 2 104.787
1 1 1 1 0.83 0.888888888888889 0.760869565217391 0.839170692431562 5 2 18 2 104.787
1 1 1 1 0.83 0.907407407407407 0.739130434782609 0.840177133655394 8 2 18 2 104.787
1 1 1 1 0.84 0.907407407407407 0.760869565217391 0.855475040257649 10 2 18 2 104.787
0.925925925925926 0.941176470588235 0.9 0.964705882352941 0.78 0.888888888888889 0.652173913043478 0.860305958132045 1 3 18 2 104.787
0.962962962962963 0.970588235294118 0.95 0.989705882352941 0.83 0.907407407407407 0.739130434782609 0.904589371980676 2 3 18 2 104.787
0.944444444444444 0.970588235294118 0.9 0.969117647058824 0.81 0.87037037037037 0.739130434782609 0.85024154589372 NA 1 18 3 172.78
1 1 1 1 0.8 0.888888888888889 0.695652173913043 0.805958132045088 5 2 18 3 172.78
1 1 1 1 0.77 0.87037037037037 0.652173913043478 0.790056360708535 8 2 18 3 172.78
1 1 1 1 0.73 0.796296296296296 0.652173913043478 0.752818035426731 10 2 18 3 172.78
0.907407407407407 0.941176470588235 0.85 0.964705882352941 0.78 0.888888888888889 0.652173913043478 0.851449275362319 1 3 18 3 172.78
0.981481481481482 1 0.95 0.989705882352941 0.82 0.888888888888889 0.739130434782609 0.902576489533011 2 3 18 3 172.78
