0.9125 0.931818181818182 0.888888888888889 0.951388888888889 0.85 0.9 0.816666666666667 0.944166666666667 NA 1 36 1 54.804
0.9125 0.931818181818182 0.888888888888889 0.960858585858586 0.91 0.925 0.9 0.96625 5 2 36 1 54.804
0.925 0.954545454545455 0.888888888888889 0.961489898989899 0.91 0.925 0.9 0.965833333333333 8 2 36 1 54.804
0.925 0.954545454545455 0.888888888888889 0.961489898989899 0.91 0.925 0.9 0.963333333333333 10 2 36 1 54.804
0.925 0.977272727272727 0.861111111111111 0.944444444444444 0.81 0.9 0.75 0.9475 1 3 36 1 54.804
0.95 1 0.888888888888889 0.965277777777778 0.87 0.95 0.816666666666667 0.938333333333333 2 3 36 1 54.804
0.9125 0.931818181818182 0.888888888888889 0.950126262626263 0.85 0.9 0.816666666666667 0.944583333333333 NA 1 36 2 86.535
0.9125 0.931818181818182 0.888888888888889 0.95959595959596 0.91 0.925 0.9 0.967083333333333 5 2 36 2 86.535
0.925 0.954545454545455 0.888888888888889 0.960858585858586 0.92 0.925 0.916666666666667 0.965833333333333 8 2 36 2 86.535
0.925 0.954545454545455 0.888888888888889 0.961489898989899 0.91 0.925 0.9 0.96375 10 2 36 2 86.535
0.9125 0.954545454545455 0.861111111111111 0.945707070707071 0.8 0.9 0.733333333333333 0.945416666666667 1 3 36 2 86.535
0.95 1 0.888888888888889 0.965277777777778 0.87 0.95 0.816666666666667 0.93625 2 3 36 2 86.535
0.9125 0.931818181818182 0.888888888888889 0.948863636363636 0.85 0.9 0.816666666666667 0.945416666666667 NA 1 36 3 114.056
0.9125 0.931818181818182 0.888888888888889 0.958964646464646 0.91 0.925 0.9 0.968333333333333 5 2 36 3 114.056
0.9375 0.977272727272727 0.888888888888889 0.983585858585859 0.88 0.975 0.816666666666667 0.955 8 2 36 3 114.056
0.9375 0.977272727272727 0.888888888888889 0.983585858585859 0.88 0.975 0.816666666666667 0.955833333333333 10 2 36 3 114.056
0.9125 0.954545454545455 0.861111111111111 0.944444444444444 0.81 0.9 0.75 0.94625 1 3 36 3 114.056
0.9375 0.977272727272727 0.888888888888889 0.964646464646465 0.87 0.95 0.816666666666667 0.939166666666667 2 3 36 3 114.056
