0.897260273972603 0.917647058823529 0.868852459016393 0.961041465766635 0.84 0.854166666666667 0.826923076923077 0.900240384615385 NA 1 47 1 229.839
1 1 1 1 0.88 0.916666666666667 0.846153846153846 0.896634615384615 5 2 47 1 229.839
1 1 1 1 0.88 0.958333333333333 0.807692307692308 0.896233974358974 8 2 47 1 229.839
1 1 1 1 0.89 0.9375 0.846153846153846 0.900841346153846 10 2 47 1 229.839
0.883561643835616 0.952941176470588 0.786885245901639 0.959691417550627 0.82 0.875 0.769230769230769 0.895032051282051 1 3 47 1 229.839
0.952054794520548 0.988235294117647 0.901639344262295 0.983992285438766 0.84 0.895833333333333 0.788461538461538 0.937099358974359 2 3 47 1 229.839
0.904109589041096 0.929411764705882 0.868852459016393 0.961041465766635 0.84 0.854166666666667 0.826923076923077 0.90224358974359 NA 1 47 2 231.633
1 1 1 1 0.88 0.9375 0.826923076923077 0.890625 5 2 47 2 231.633
1 1 1 1 0.88 0.9375 0.826923076923077 0.897035256410256 8 2 47 2 231.633
1 1 1 1 0.88 0.9375 0.826923076923077 0.890024038461538 10 2 47 2 231.633
0.883561643835616 0.952941176470588 0.786885245901639 0.959691417550627 0.82 0.875 0.769230769230769 0.894230769230769 1 3 47 2 231.633
0.952054794520548 0.988235294117647 0.901639344262295 0.984185149469624 0.84 0.895833333333333 0.788461538461538 0.9375 2 3 47 2 231.633
0.897260273972603 0.917647058823529 0.868852459016393 0.959884281581485 0.83 0.854166666666667 0.807692307692308 0.900641025641026 NA 1 47 3 407.328
1 1 1 1 0.87 0.9375 0.807692307692308 0.890024038461539 5 2 47 3 407.328
1 1 1 1 0.88 0.9375 0.826923076923077 0.89463141025641 8 2 47 3 407.328
1 1 1 1 0.89 0.9375 0.846153846153846 0.891225961538462 10 2 47 3 407.328
0.876712328767123 0.941176470588235 0.786885245901639 0.959498553519769 0.8 0.875 0.730769230769231 0.893028846153846 1 3 47 3 407.328
0.952054794520548 0.988235294117647 0.901639344262295 0.98457087753134 0.81 0.875 0.75 0.933894230769231 2 3 47 3 407.328
