0.90625 0.846153846153846 0.947368421052632 0.966599190283401 0.87 0.886363636363636 0.857142857142857 0.952922077922078 NA 1 66 1 126.621
1 1 1 1 0.87 0.931818181818182 0.821428571428571 0.872564935064935 5 2 66 1 126.621
1 1 1 1 0.88 0.954545454545455 0.821428571428571 0.904829545454545 8 2 66 1 126.621
0.984375 1 0.973684210526316 0.984311740890688 0.83 0.909090909090909 0.767857142857143 0.90036525974026 10 2 66 1 126.621
0.875 0.884615384615385 0.868421052631579 0.962550607287449 0.87 0.886363636363636 0.857142857142857 0.940746753246753 1 3 66 1 126.621
0.953125 0.961538461538462 0.947368421052632 0.990890688259109 0.87 0.909090909090909 0.839285714285714 0.949675324675325 2 3 66 1 126.621
0.90625 0.846153846153846 0.947368421052632 0.966599190283401 0.87 0.886363636363636 0.857142857142857 0.953733766233766 NA 1 66 2 149.743
1 1 1 1 0.88 0.954545454545455 0.821428571428571 0.899350649350649 5 2 66 2 149.743
1 1 1 1 0.89 0.954545454545455 0.839285714285714 0.922077922077922 8 2 66 2 149.743
1 1 1 1 0.85 0.909090909090909 0.803571428571429 0.916599025974026 10 2 66 2 149.743
0.890625 0.884615384615385 0.894736842105263 0.961538461538462 0.88 0.909090909090909 0.857142857142857 0.944805194805195 1 3 66 2 149.743
0.953125 0.961538461538462 0.947368421052632 0.989878542510121 0.87 0.886363636363636 0.857142857142857 0.95211038961039 2 3 66 2 149.743
0.90625 0.846153846153846 0.947368421052632 0.964574898785425 0.86 0.863636363636364 0.857142857142857 0.949675324675325 NA 1 66 3 239.617
0.96875 1 0.947368421052632 0.967611336032389 0.84 0.909090909090909 0.785714285714286 0.857751623376623 5 2 66 3 239.617
1 1 1 1 0.83 0.886363636363636 0.785714285714286 0.903409090909091 8 2 66 3 239.617
1 1 1 1 0.9 0.954545454545455 0.857142857142857 0.913758116883117 10 2 66 3 239.617
0.875 0.884615384615385 0.868421052631579 0.960526315789474 0.87 0.886363636363636 0.857142857142857 0.936688311688312 1 3 66 3 239.617
0.96875 0.961538461538462 0.973684210526316 0.989878542510121 0.87 0.886363636363636 0.857142857142857 0.94724025974026 2 3 66 3 239.617
