0.846153846153846 0.888888888888889 0.793103448275862 0.92911877394636 0.8 0.836363636363636 0.755555555555556 0.862222222222222 NA 1 21 1 102.522
1 1 1 1 0.83 0.890909090909091 0.755555555555556 0.859393939393939 5 2 21 1 102.522
1 1 1 1 0.77 0.818181818181818 0.711111111111111 0.833535353535354 8 2 21 1 102.522
1 1 1 1 0.82 0.909090909090909 0.711111111111111 0.856767676767677 10 2 21 1 102.522
0.830769230769231 0.888888888888889 0.758620689655172 0.916666666666667 0.77 0.890909090909091 0.622222222222222 0.850505050505051 1 3 21 1 102.522
0.953846153846154 0.972222222222222 0.931034482758621 0.994252873563218 0.86 0.963636363636364 0.733333333333333 0.93979797979798 2 3 21 1 102.522
0.830769230769231 0.861111111111111 0.793103448275862 0.9272030651341 0.8 0.836363636363636 0.755555555555556 0.869090909090909 NA 1 21 2 101.792
1 1 1 1 0.85 0.927272727272727 0.755555555555556 0.888080808080808 5 2 21 2 101.792
0.969230769230769 0.972222222222222 0.96551724137931 0.980842911877395 0.82 0.872727272727273 0.755555555555556 0.876363636363636 8 2 21 2 101.792
1 1 1 1 0.78 0.836363636363636 0.711111111111111 0.829292929292929 10 2 21 2 101.792
0.815384615384615 0.888888888888889 0.724137931034483 0.910919540229885 0.76 0.890909090909091 0.6 0.872727272727273 1 3 21 2 101.792
0.953846153846154 0.972222222222222 0.931034482758621 0.994252873563218 0.85 0.963636363636364 0.711111111111111 0.945050505050505 2 3 21 2 101.792
0.846153846153846 0.888888888888889 0.793103448275862 0.92816091954023 0.8 0.836363636363636 0.755555555555556 0.867474747474748 NA 1 21 3 182.083
1 1 1 1 0.79 0.854545454545454 0.711111111111111 0.847070707070707 5 2 21 3 182.083
0.953846153846154 0.972222222222222 0.931034482758621 0.998084291187739 0.8 0.872727272727273 0.711111111111111 0.818787878787879 8 2 21 3 182.083
1 1 1 1 0.81 0.872727272727273 0.733333333333333 0.852525252525252 10 2 21 3 182.083
0.846153846153846 0.888888888888889 0.793103448275862 0.913793103448276 0.77 0.890909090909091 0.622222222222222 0.861414141414141 1 3 21 3 182.083
0.953846153846154 0.972222222222222 0.931034482758621 0.994252873563218 0.87 0.963636363636364 0.755555555555556 0.941414141414141 2 3 21 3 182.083
