0.902439024390244 0.893491124260355 0.91 0.954585798816568 0.78 0.775862068965517 0.785714285714286 0.916666666666667 NA 1 26 1 438.643
0.929539295392954 0.928994082840237 0.93 0.986183431952663 0.88 0.844827586206897 0.928571428571429 0.956486042692939 5 2 26 1 438.643
0.929539295392954 0.928994082840237 0.93 0.986479289940828 0.87 0.844827586206897 0.904761904761905 0.956896551724138 8 2 26 1 438.643
0.940379403794038 0.940828402366864 0.94 0.987810650887574 0.88 0.844827586206897 0.928571428571429 0.955254515599343 10 2 26 1 438.643
0.902439024390244 0.899408284023669 0.905 0.954763313609467 0.79 0.793103448275862 0.785714285714286 0.918308702791461 1 3 26 1 438.643
0.934959349593496 0.93491124260355 0.935 0.985769230769231 0.86 0.810344827586207 0.928571428571429 0.946223316912972 2 3 26 1 438.643
0.899728997289973 0.893491124260355 0.905 0.954970414201183 0.78 0.775862068965517 0.785714285714286 0.917077175697865 NA 1 26 2 383.528
0.929539295392954 0.928994082840237 0.93 0.986183431952663 0.89 0.862068965517241 0.928571428571429 0.956075533661741 5 2 26 2 383.528
0.932249322493225 0.928994082840237 0.935 0.986301775147929 0.88 0.862068965517241 0.904761904761905 0.955665024630542 8 2 26 2 383.528
0.940379403794038 0.940828402366864 0.94 0.987751479289941 0.88 0.844827586206897 0.928571428571429 0.954433497536946 10 2 26 2 383.528
0.902439024390244 0.899408284023669 0.905 0.955147928994083 0.79 0.793103448275862 0.785714285714286 0.918308702791461 1 3 26 2 383.528
0.934959349593496 0.93491124260355 0.935 0.986213017751479 0.86 0.810344827586207 0.928571428571429 0.947044334975369 2 3 26 2 383.528
0.899728997289973 0.899408284023669 0.9 0.953165680473373 0.77 0.758620689655172 0.785714285714286 0.916256157635468 NA 1 26 3 771.184
0.926829268292683 0.928994082840237 0.925 0.985828402366864 0.87 0.844827586206897 0.904761904761905 0.957307060755337 5 2 26 3 771.184
0.929539295392954 0.93491124260355 0.925 0.987278106508876 0.88 0.844827586206897 0.928571428571429 0.964285714285714 8 2 26 3 771.184
0.932249322493225 0.93491124260355 0.93 0.98810650887574 0.88 0.844827586206897 0.928571428571429 0.958949096880131 10 2 26 3 771.184
0.899728997289973 0.893491124260355 0.905 0.953076923076923 0.79 0.793103448275862 0.785714285714286 0.917898193760263 1 3 26 3 771.184
0.934959349593496 0.93491124260355 0.935 0.985562130177515 0.84 0.793103448275862 0.904761904761905 0.946223316912972 2 3 26 3 771.184
