0.914110429447853 0.905405405405405 0.921348314606742 0.976617066504707 0.74 0.76 0.72 0.8732 NA 1 62 1 126.308
0.98159509202454 0.986486486486487 0.97752808988764 0.997115092620711 0.83 0.78 0.88 0.9296 5 2 62 1 126.308
1 1 1 1 0.81 0.76 0.86 0.8238 8 2 62 1 126.308
1 1 1 1 0.81 0.76 0.86 0.8406 10 2 62 1 126.308
0.920245398773006 0.918918918918919 0.921348314606742 0.973124810203462 0.76 0.78 0.74 0.8816 1 3 62 1 126.308
0.957055214723926 0.972972972972973 0.943820224719101 0.993926510780443 0.8 0.82 0.78 0.8868 2 3 62 1 126.308
0.914110429447853 0.905405405405405 0.921348314606742 0.976617066504707 0.74 0.76 0.72 0.8732 NA 1 62 2 160.555
0.98159509202454 0.986486486486487 0.97752808988764 0.996963255390222 0.83 0.78 0.88 0.9292 5 2 62 2 160.555
1 1 1 1 0.81 0.74 0.88 0.8274 8 2 62 2 160.555
1 1 1 1 0.82 0.8 0.84 0.8432 10 2 62 2 160.555
0.920245398773006 0.918918918918919 0.921348314606742 0.972972972972973 0.76 0.78 0.74 0.88 1 3 62 2 160.555
0.957055214723926 0.972972972972973 0.943820224719101 0.993774673549954 0.81 0.84 0.78 0.8864 2 3 62 2 160.555
0.914110429447853 0.905405405405405 0.921348314606742 0.975857880352262 0.75 0.78 0.72 0.8744 NA 1 62 3 245.418
0.98159509202454 0.986486486486487 0.97752808988764 0.997266929851199 0.83 0.78 0.88 0.93 5 2 62 3 245.418
0.987730061349693 1 0.97752808988764 0.999240813847555 0.82 0.76 0.88 0.9252 8 2 62 3 245.418
1 1 1 1 0.81 0.78 0.84 0.8198 10 2 62 3 245.418
0.920245398773006 0.932432432432432 0.910112359550562 0.971454600668084 0.77 0.8 0.74 0.8784 1 3 62 3 245.418
0.96319018404908 0.972972972972973 0.955056179775281 0.993774673549954 0.8 0.82 0.78 0.884 2 3 62 3 245.418
