0.864864864864865 0.871794871794872 0.857142857142857 0.945787545787546 0.84 0.807692307692308 0.875 0.92588141025641 NA 1 29 1 116.19
1 1 1 1 0.84 0.826923076923077 0.854166666666667 0.85957532051282 5 2 29 1 116.19
1 1 1 1 0.85 0.807692307692308 0.895833333333333 0.882011217948718 8 2 29 1 116.19
1 1 1 1 0.82 0.769230769230769 0.875 0.864983974358974 10 2 29 1 116.19
0.851351351351351 0.897435897435897 0.8 0.945054945054945 0.87 0.865384615384615 0.875 0.928685897435897 1 3 29 1 116.19
0.878378378378378 0.871794871794872 0.885714285714286 0.975091575091575 0.86 0.826923076923077 0.895833333333333 0.939102564102564 2 3 29 1 116.19
0.864864864864865 0.871794871794872 0.857142857142857 0.947985347985348 0.86 0.826923076923077 0.895833333333333 0.934695512820513 NA 1 29 2 94.833
0.972972972972973 0.948717948717949 1 0.969230769230769 0.85 0.826923076923077 0.875 0.873197115384615 5 2 29 2 94.833
1 1 1 1 0.84 0.846153846153846 0.833333333333333 0.868589743589744 8 2 29 2 94.833
1 1 1 1 0.84 0.788461538461538 0.895833333333333 0.851161858974359 10 2 29 2 94.833
0.851351351351351 0.897435897435897 0.8 0.940659340659341 0.86 0.865384615384615 0.854166666666667 0.936698717948718 1 3 29 2 94.833
0.878378378378378 0.871794871794872 0.885714285714286 0.975824175824176 0.86 0.826923076923077 0.895833333333333 0.94911858974359 2 3 29 2 94.833
0.864864864864865 0.871794871794872 0.857142857142857 0.944322344322344 0.84 0.807692307692308 0.875 0.920673076923077 NA 1 29 3 199.056
1 1 1 1 0.82 0.75 0.895833333333333 0.84775641025641 5 2 29 3 199.056
1 1 1 1 0.86 0.826923076923077 0.895833333333333 0.877003205128205 8 2 29 3 199.056
0.986486486486487 1 0.971428571428571 0.979487179487179 0.71 0.788461538461538 0.625 0.742788461538462 10 2 29 3 199.056
0.851351351351351 0.897435897435897 0.8 0.944322344322344 0.85 0.846153846153846 0.854166666666667 0.922275641025641 1 3 29 3 199.056
0.878378378378378 0.871794871794872 0.885714285714286 0.975824175824176 0.86 0.826923076923077 0.895833333333333 0.933092948717949 2 3 29 3 199.056
