0.865384615384615 0.872093023255814 0.859375 0.944282945736434 0.76 0.782608695652174 0.740740740740741 0.865136876006441 NA 1 62 1 695.028
0.936813186813187 0.930232558139535 0.942708333333333 0.984708091085271 0.89 0.891304347826087 0.888888888888889 0.953703703703704 5 2 62 1 695.028
0.942307692307692 0.936046511627907 0.947916666666667 0.986010174418605 0.89 0.891304347826087 0.888888888888889 0.956119162640902 8 2 62 1 695.028
0.936813186813187 0.924418604651163 0.947916666666667 0.985949612403101 0.89 0.891304347826087 0.888888888888889 0.955716586151369 10 2 62 1 695.028
0.868131868131868 0.883720930232558 0.854166666666667 0.943101986434108 0.77 0.782608695652174 0.759259259259259 0.865539452495974 1 3 62 1 695.028
0.925824175824176 0.936046511627907 0.916666666666667 0.982406734496124 0.83 0.869565217391304 0.796296296296296 0.931561996779388 2 3 62 1 695.028
0.865384615384615 0.872093023255814 0.859375 0.943949854651163 0.76 0.782608695652174 0.740740740740741 0.867552334943639 NA 1 62 2 652.875
0.936813186813187 0.930232558139535 0.942708333333333 0.984829215116279 0.89 0.891304347826087 0.888888888888889 0.954106280193237 5 2 62 2 652.875
0.93956043956044 0.936046511627907 0.942708333333333 0.986070736434108 0.89 0.891304347826087 0.888888888888889 0.957326892109501 8 2 62 2 652.875
0.934065934065934 0.930232558139535 0.9375 0.985828488372093 0.89 0.891304347826087 0.888888888888889 0.956119162640902 10 2 62 2 652.875
0.870879120879121 0.883720930232558 0.859375 0.943344234496124 0.77 0.782608695652174 0.759259259259259 0.867552334943639 1 3 62 2 652.875
0.928571428571429 0.941860465116279 0.916666666666667 0.982406734496124 0.83 0.869565217391304 0.796296296296296 0.931964573268921 2 3 62 2 652.875
0.857142857142857 0.866279069767442 0.848958333333333 0.94343507751938 0.76 0.782608695652174 0.740740740740741 0.863526570048309 NA 1 62 3 1121.886
0.942307692307692 0.941860465116279 0.942708333333333 0.985253149224806 0.89 0.891304347826087 0.888888888888889 0.953703703703704 5 2 62 3 1121.886
0.945054945054945 0.941860465116279 0.947916666666667 0.986312984496124 0.89 0.891304347826087 0.888888888888889 0.957326892109501 8 2 62 3 1121.886
0.942307692307692 0.941860465116279 0.942708333333333 0.986373546511628 0.89 0.891304347826087 0.888888888888889 0.955716586151369 10 2 62 3 1121.886
0.862637362637363 0.872093023255814 0.854166666666667 0.942647771317829 0.76 0.782608695652174 0.740740740740741 0.861513687600644 1 3 62 3 1121.886
0.931318681318681 0.947674418604651 0.916666666666667 0.982618701550388 0.83 0.869565217391304 0.796296296296296 0.930756843800322 2 3 62 3 1121.886
