0.857142857142857 0.888888888888889 0.813186813186813 0.942961800104657 0.85 0.859649122807018 0.837209302325581 0.926968584251326 NA 1 64 1 369.464
0.944700460829493 0.96031746031746 0.923076923076923 0.98377812663527 0.94 0.947368421052632 0.930232558139535 0.982456140350877 5 2 64 1 369.464
0.949308755760369 0.968253968253968 0.923076923076923 0.983516483516484 0.93 0.929824561403509 0.930232558139535 0.982456140350877 8 2 64 1 369.464
0.949308755760369 0.968253968253968 0.923076923076923 0.983516483516484 0.93 0.929824561403509 0.930232558139535 0.982456140350877 10 2 64 1 369.464
0.861751152073733 0.896825396825397 0.813186813186813 0.942612942612943 0.85 0.859649122807018 0.837209302325581 0.927376580987352 1 3 64 1 369.464
0.930875576036866 0.952380952380952 0.901098901098901 0.980289551718123 0.88 0.87719298245614 0.883720930232558 0.955528355773154 2 3 64 1 369.464
0.857142857142857 0.888888888888889 0.813186813186813 0.943136228850515 0.85 0.859649122807018 0.837209302325581 0.927376580987352 NA 1 64 2 360.743
0.944700460829493 0.96031746031746 0.923076923076923 0.983254840397698 0.94 0.947368421052632 0.930232558139535 0.982456140350877 5 2 64 2 360.743
0.949308755760369 0.968253968253968 0.923076923076923 0.983254840397698 0.93 0.929824561403509 0.930232558139535 0.982456140350877 8 2 64 2 360.743
0.949308755760369 0.968253968253968 0.923076923076923 0.983254840397698 0.93 0.929824561403509 0.930232558139535 0.982456140350877 10 2 64 2 360.743
0.861751152073733 0.896825396825397 0.813186813186813 0.943223443223443 0.85 0.87719298245614 0.813953488372093 0.931048551611587 1 3 64 2 360.743
0.930875576036866 0.952380952380952 0.901098901098901 0.980115122972266 0.89 0.87719298245614 0.906976744186046 0.956344349245206 2 3 64 2 360.743
0.866359447004608 0.904761904761905 0.813186813186813 0.943223443223443 0.84 0.859649122807018 0.813953488372093 0.927376580987352 NA 1 64 3 735.306
0.940092165898618 0.96031746031746 0.912087912087912 0.983429269143555 0.94 0.947368421052632 0.930232558139535 0.981232150142799 5 2 64 3 735.306
0.949308755760369 0.968253968253968 0.923076923076923 0.983167626024769 0.94 0.947368421052632 0.930232558139535 0.980416156670747 8 2 64 3 735.306
0.944700460829493 0.968253968253968 0.912087912087912 0.982993197278912 0.93 0.929824561403509 0.930232558139535 0.980416156670747 10 2 64 3 735.306
0.861751152073733 0.904761904761905 0.802197802197802 0.943485086342229 0.82 0.859649122807018 0.767441860465116 0.927376580987352 1 3 64 3 735.306
0.930875576036866 0.952380952380952 0.901098901098901 0.981074481074481 0.88 0.87719298245614 0.883720930232558 0.951040391676867 2 3 64 3 735.306
