0.848202396804261 0.862433862433862 0.833780160857909 0.921812275699675 0.88 0.916666666666667 0.846153846153846 0.958733974358974 NA 1 24 1 922.718
0.928095872170439 0.933862433862434 0.922252010723861 0.981006283955346 0.98 1 0.961538461538462 0.992788461538462 5 2 24 1 922.718
0.932090545938748 0.939153439153439 0.924932975871314 0.981708441493964 0.97 1 0.942307692307692 0.993589743589744 8 2 24 1 922.718
0.933422103861518 0.941798941798942 0.924932975871314 0.981765181497085 0.97 1 0.942307692307692 0.99238782051282 10 2 24 1 922.718
0.848202396804261 0.867724867724868 0.828418230563003 0.921535668184462 0.89 0.916666666666667 0.865384615384615 0.962740384615385 1 3 24 1 922.718
0.92676431424767 0.941798941798942 0.911528150134048 0.98055945643077 0.93 0.958333333333333 0.903846153846154 0.989983974358974 2 3 24 1 922.718
0.846870838881491 0.857142857142857 0.836461126005362 0.921890293203966 0.88 0.916666666666667 0.846153846153846 0.959134615384615 NA 1 24 2 848.465
0.928095872170439 0.933862433862434 0.922252010723861 0.981020468956126 0.98 1 0.961538461538462 0.992788461538462 5 2 24 2 848.465
0.930758988015979 0.936507936507937 0.924932975871314 0.981829014000596 0.97 1 0.942307692307692 0.993589743589744 8 2 24 2 848.465
0.933422103861518 0.941798941798942 0.924932975871314 0.981949586507227 0.97 1 0.942307692307692 0.993189102564103 10 2 24 2 848.465
0.849533954727031 0.87037037037037 0.828418230563003 0.921727165694994 0.9 0.9375 0.865384615384615 0.962740384615385 1 3 24 2 848.465
0.929427430093209 0.947089947089947 0.911528150134048 0.98058073393194 0.93 0.958333333333333 0.903846153846154 0.990384615384615 2 3 24 2 848.465
0.85352862849534 0.87037037037037 0.836461126005362 0.921720073194604 0.89 0.916666666666667 0.865384615384615 0.958733974358974 NA 1 24 3 1789.277
0.9254327563249 0.933862433862434 0.916890080428954 0.980013333900733 0.97 1 0.942307692307692 0.99238782051282 5 2 24 3 1789.277
0.932090545938748 0.939153439153439 0.924932975871314 0.981573683986553 0.97 1 0.942307692307692 0.99238782051282 8 2 24 3 1789.277
0.930758988015979 0.936507936507937 0.924932975871314 0.981722626494744 0.97 1 0.942307692307692 0.99198717948718 10 2 24 3 1789.277
0.8508655126498 0.87037037037037 0.831099195710456 0.92141509567783 0.89 0.916666666666667 0.865384615384615 0.962740384615385 1 3 24 3 1789.277
0.933422103861518 0.94973544973545 0.916890080428954 0.980630381434671 0.94 0.979166666666667 0.903846153846154 0.989182692307692 2 3 24 3 1789.277
