0.86784140969163 0.875 0.860869565217391 0.942857142857143 0.86 0.92 0.8 0.9452 NA 1 40 1 444.014
0.973568281938326 0.982142857142857 0.965217391304348 0.997593167701863 0.91 0.88 0.94 0.9636 5 2 40 1 444.014
0.986784140969163 0.991071428571429 0.982608695652174 0.999534161490683 0.92 0.9 0.94 0.9716 8 2 40 1 444.014
1 1 1 1 0.87 0.9 0.84 0.8972 10 2 40 1 444.014
0.86784140969163 0.883928571428571 0.852173913043478 0.943090062111801 0.86 0.92 0.8 0.9448 1 3 40 1 444.014
0.951541850220264 0.964285714285714 0.939130434782609 0.992391304347826 0.89 0.94 0.84 0.9632 2 3 40 1 444.014
0.86784140969163 0.875 0.860869565217391 0.942701863354037 0.86 0.92 0.8 0.946 NA 1 40 2 391.374
0.973568281938326 0.982142857142857 0.965217391304348 0.997670807453416 0.9 0.86 0.94 0.9636 5 2 40 2 391.374
0.986784140969163 0.991071428571429 0.982608695652174 0.999534161490683 0.92 0.9 0.94 0.9712 8 2 40 2 391.374
1 1 1 1 0.9 0.94 0.86 0.9078 10 2 40 2 391.374
0.876651982378855 0.892857142857143 0.860869565217391 0.942857142857143 0.86 0.92 0.8 0.9424 1 3 40 2 391.374
0.951541850220264 0.964285714285714 0.939130434782609 0.992391304347826 0.89 0.94 0.84 0.9644 2 3 40 2 391.374
0.86784140969163 0.875 0.860869565217391 0.942546583850932 0.86 0.92 0.8 0.9464 NA 1 40 3 784.488
0.973568281938326 0.982142857142857 0.965217391304348 0.997593167701863 0.91 0.88 0.94 0.9628 5 2 40 3 784.488
0.995594713656388 0.991071428571429 1 0.999767080745342 0.92 0.9 0.94 0.9768 8 2 40 3 784.488
0.991189427312775 0.991071428571429 0.991304347826087 0.999767080745342 0.92 0.9 0.94 0.9708 10 2 40 3 784.488
0.863436123348018 0.875 0.852173913043478 0.943090062111801 0.86 0.92 0.8 0.944 1 3 40 3 784.488
0.955947136563877 0.973214285714286 0.939130434782609 0.992857142857143 0.88 0.94 0.82 0.9644 2 3 40 3 784.488
