0.916666666666667 0.925925925925926 0.904761904761905 0.984126984126984 0.88 0.944444444444444 0.804347826086957 0.959339774557166 NA 1 63 1 88.76
1 1 1 1 0.9 0.962962962962963 0.826086956521739 0.892109500805153 5 2 63 1 88.76
1 1 1 1 0.89 0.962962962962963 0.804347826086957 0.891304347826087 8 2 63 1 88.76
1 1 1 1 0.9 0.962962962962963 0.826086956521739 0.903180354267311 10 2 63 1 88.76
0.854166666666667 0.962962962962963 0.714285714285714 0.966490299823633 0.85 0.981481481481482 0.695652173913043 0.969404186795491 1 3 63 1 88.76
0.979166666666667 1 0.952380952380952 0.998236331569665 0.87 0.925925925925926 0.804347826086957 0.949275362318841 2 3 63 1 88.76
0.9375 0.925925925925926 0.952380952380952 0.984126984126984 0.89 0.962962962962963 0.804347826086957 0.957729468599034 NA 1 63 2 159.367
1 1 1 1 0.89 0.962962962962963 0.804347826086957 0.882447665056361 5 2 63 2 159.367
1 1 1 1 0.89 0.962962962962963 0.804347826086957 0.905193236714976 8 2 63 2 159.367
1 1 1 1 0.89 0.981481481481482 0.782608695652174 0.886070853462158 10 2 63 2 159.367
0.854166666666667 0.962962962962963 0.714285714285714 0.966490299823633 0.85 0.981481481481482 0.695652173913043 0.969001610305958 1 3 63 2 159.367
0.979166666666667 1 0.952380952380952 0.99647266313933 0.87 0.925925925925926 0.804347826086957 0.948872785829308 2 3 63 2 159.367
0.916666666666667 0.925925925925926 0.904761904761905 0.985890652557319 0.87 0.925925925925926 0.804347826086957 0.953703703703704 NA 1 63 3 140.893
1 1 1 1 0.87 0.944444444444444 0.782608695652174 0.880233494363929 5 2 63 3 140.893
1 1 1 1 0.71 0.759259259259259 0.652173913043478 0.714975845410628 8 2 63 3 140.893
1 1 1 1 0.85 0.925925925925926 0.760869565217391 0.887278582930757 10 2 63 3 140.893
0.854166666666667 0.962962962962963 0.714285714285714 0.962962962962963 0.84 0.962962962962963 0.695652173913043 0.968196457326892 1 3 63 3 140.893
0.979166666666667 1 0.952380952380952 0.99647266313933 0.85 0.925925925925926 0.760869565217391 0.946859903381642 2 3 63 3 140.893
