0.897058823529412 0.891089108910891 0.902912621359223 0.964433336537537 0.86 0.897959183673469 0.823529411764706 0.944777911164466 NA 1 56 1 467.746
0.96078431372549 0.98019801980198 0.941747572815534 0.993944054599635 0.91 0.938775510204082 0.882352941176471 0.969987995198079 5 2 56 1 467.746
0.965686274509804 0.98019801980198 0.951456310679612 0.994328559069499 0.89 0.938775510204082 0.843137254901961 0.963185274109644 8 2 56 1 467.746
0.965686274509804 0.98019801980198 0.951456310679612 0.994713063539364 0.89 0.938775510204082 0.843137254901961 0.962384953981593 10 2 56 1 467.746
0.906862745098039 0.940594059405941 0.87378640776699 0.964337210420071 0.85 0.897959183673469 0.803921568627451 0.949179671868748 1 3 56 1 467.746
0.955882352941177 0.97029702970297 0.941747572815534 0.992982793424974 0.9 0.938775510204082 0.862745098039216 0.966786714685874 2 3 56 1 467.746
0.897058823529412 0.891089108910891 0.902912621359223 0.964337210420071 0.86 0.897959183673469 0.823529411764706 0.945178071228491 NA 1 56 2 395.029
0.96078431372549 0.98019801980198 0.941747572815534 0.993944054599635 0.91 0.938775510204082 0.882352941176471 0.970388155262105 5 2 56 2 395.029
0.970588235294118 0.98019801980198 0.961165048543689 0.994424685186965 0.89 0.938775510204082 0.843137254901961 0.962785114045618 8 2 56 2 395.029
0.970588235294118 0.98019801980198 0.961165048543689 0.994713063539364 0.89 0.938775510204082 0.843137254901961 0.962384953981593 10 2 56 2 395.029
0.906862745098039 0.940594059405941 0.87378640776699 0.964721714889936 0.85 0.897959183673469 0.803921568627451 0.948379351740696 1 3 56 2 395.029
0.96078431372549 0.98019801980198 0.941747572815534 0.99307891954244 0.9 0.938775510204082 0.862745098039216 0.967587034813926 2 3 56 2 395.029
0.901960784313726 0.900990099009901 0.902912621359223 0.964721714889936 0.85 0.877551020408163 0.823529411764706 0.94437775110044 NA 1 56 3 782.953
0.96078431372549 0.98019801980198 0.941747572815534 0.994232432952033 0.91 0.938775510204082 0.882352941176471 0.969587835134054 5 2 56 3 782.953
0.965686274509804 0.98019801980198 0.951456310679612 0.994520811304431 0.89 0.938775510204082 0.843137254901961 0.961984793917567 8 2 56 3 782.953
0.965686274509804 0.98019801980198 0.951456310679612 0.994713063539364 0.89 0.938775510204082 0.843137254901961 0.960384153661465 10 2 56 3 782.953
0.901960784313726 0.930693069306931 0.87378640776699 0.964817841007402 0.83 0.877551020408163 0.784313725490196 0.946778711484594 1 3 56 3 782.953
0.965686274509804 0.98019801980198 0.951456310679612 0.993271171777372 0.9 0.938775510204082 0.862745098039216 0.965586234493798 2 3 56 3 782.953
