0.866028708133971 0.882352941176471 0.850467289719626 0.944383360820964 0.79 0.780487804878049 0.796610169491525 0.855312112443158 NA 1 63 1 577.475
0.952153110047847 0.941176470588235 0.962616822429907 0.982682792743266 0.89 0.829268292682927 0.932203389830508 0.954526663910707 5 2 63 1 577.475
0.952153110047847 0.941176470588235 0.962616822429907 0.983873923401136 0.9 0.853658536585366 0.932203389830508 0.9450186027284 8 2 63 1 577.475
0.947368421052632 0.931372549019608 0.962616822429907 0.984240425142019 0.89 0.829268292682927 0.932203389830508 0.944605208763952 10 2 63 1 577.475
0.870813397129187 0.882352941176471 0.85981308411215 0.943833608209639 0.78 0.75609756097561 0.796610169491525 0.857792476229847 1 3 63 1 577.475
0.92822966507177 0.950980392156863 0.906542056074766 0.982682792743266 0.83 0.75609756097561 0.88135593220339 0.920214964861513 2 3 63 1 577.475
0.870813397129187 0.892156862745098 0.850467289719626 0.944749862561847 0.78 0.75609756097561 0.796610169491525 0.853658536585366 NA 1 63 2 338.005
0.942583732057416 0.92156862745098 0.962616822429907 0.983049294484149 0.89 0.829268292682927 0.932203389830508 0.952046300124018 5 2 63 2 338.005
0.942583732057416 0.92156862745098 0.962616822429907 0.984698552318124 0.91 0.878048780487805 0.932203389830508 0.944191814799504 8 2 63 2 338.005
0.942583732057416 0.92156862745098 0.962616822429907 0.985248304929448 0.9 0.853658536585366 0.932203389830508 0.942538238941711 10 2 63 2 338.005
0.870813397129187 0.892156862745098 0.850467289719626 0.944474986256185 0.79 0.780487804878049 0.796610169491525 0.857379082265399 1 3 63 2 338.005
0.92822966507177 0.950980392156863 0.906542056074766 0.983049294484149 0.83 0.75609756097561 0.88135593220339 0.921041752790409 2 3 63 2 338.005
0.866028708133971 0.882352941176471 0.850467289719626 0.946765622136705 0.79 0.780487804878049 0.796610169491525 0.857379082265399 NA 1 63 3 867.513
0.947368421052632 0.941176470588235 0.953271028037383 0.982682792743266 0.9 0.853658536585366 0.932203389830508 0.952046300124018 5 2 63 3 867.513
0.952153110047847 0.941176470588235 0.962616822429907 0.983965548836357 0.9 0.853658536585366 0.932203389830508 0.945845390657296 8 2 63 3 867.513
0.952153110047847 0.941176470588235 0.962616822429907 0.984423676012461 0.89 0.829268292682927 0.932203389830508 0.945431996692848 10 2 63 3 867.513
0.870813397129187 0.901960784313726 0.841121495327103 0.945940993219718 0.8 0.804878048780488 0.796610169491525 0.859859446052088 1 3 63 3 867.513
0.92822966507177 0.950980392156863 0.906542056074766 0.982774418178486 0.83 0.75609756097561 0.88135593220339 0.915254237288136 2 3 63 3 867.513
