0.868632707774799 0.882352941176471 0.854838709677419 0.935965441895233 0.88 0.88 0.88 0.9644 NA 1 34 1 1208.466
0.912868632707775 0.919786096256685 0.905913978494624 0.977898050715888 0.91 0.9 0.92 0.982 5 2 34 1 1208.466
0.92627345844504 0.93048128342246 0.922043010752688 0.978911505951354 0.94 0.96 0.92 0.984 8 2 34 1 1208.466
0.92627345844504 0.93048128342246 0.922043010752688 0.979249324363176 0.95 0.96 0.94 0.9844 10 2 34 1 1208.466
0.857908847184987 0.874331550802139 0.841397849462366 0.935613248231844 0.88 0.88 0.88 0.9668 1 3 34 1 1208.466
0.914209115281501 0.922459893048128 0.905913978494624 0.978365246391812 0.92 0.9 0.94 0.9848 2 3 34 1 1208.466
0.868632707774799 0.882352941176471 0.854838709677419 0.936346386061756 0.88 0.88 0.88 0.9648 NA 1 34 2 1248.768
0.912868632707775 0.919786096256685 0.905913978494624 0.97786211258697 0.91 0.9 0.92 0.982 5 2 34 2 1248.768
0.92627345844504 0.93048128342246 0.922043010752688 0.978868380196653 0.94 0.96 0.92 0.984 8 2 34 2 1248.768
0.92627345844504 0.93048128342246 0.922043010752688 0.979213386234259 0.95 0.96 0.94 0.9844 10 2 34 2 1248.768
0.857908847184987 0.871657754010695 0.844086021505376 0.936015755275717 0.88 0.88 0.88 0.9664 1 3 34 2 1248.768
0.910187667560322 0.917112299465241 0.903225806451613 0.978171180495659 0.93 0.92 0.94 0.9844 2 3 34 2 1248.768
0.871313672922252 0.887700534759358 0.854838709677419 0.935907940888966 0.89 0.88 0.9 0.9624 NA 1 34 3 2222.75
0.916890080428954 0.919786096256685 0.913978494623656 0.978005865102639 0.91 0.9 0.92 0.9816 5 2 34 3 2222.75
0.924932975871314 0.93048128342246 0.919354838709677 0.97904807084124 0.94 0.96 0.92 0.9836 8 2 34 3 2222.75
0.92627345844504 0.93048128342246 0.922043010752688 0.979378701627278 0.95 0.96 0.94 0.984 10 2 34 3 2222.75
0.865951742627346 0.885026737967914 0.846774193548387 0.935476683341958 0.89 0.88 0.9 0.9672 1 3 34 3 2222.75
0.908847184986595 0.911764705882353 0.905913978494624 0.97804899085734 0.92 0.9 0.94 0.986 2 3 34 3 2222.75
