0.852981969486824 0.865753424657534 0.839887640449438 0.931560720332461 0.87 0.875 0.865384615384615 0.932291666666667 NA 1 97 1 978.77
0.922330097087379 0.926027397260274 0.918539325842697 0.979021086655379 0.94 0.916666666666667 0.961538461538462 0.969951923076923 5 2 97 1 978.77
0.925104022191401 0.926027397260274 0.924157303370786 0.981322148684008 0.93 0.916666666666667 0.942307692307692 0.966746794871795 8 2 97 1 978.77
0.929264909847434 0.931506849315068 0.926966292134832 0.981368323841773 0.92 0.895833333333333 0.942307692307692 0.963541666666667 10 2 97 1 978.77
0.850208044382802 0.865753424657534 0.834269662921348 0.93128366938587 0.87 0.875 0.865384615384615 0.929086538461538 1 3 97 1 978.77
0.915395284327323 0.926027397260274 0.904494382022472 0.977828228413114 0.93 0.895833333333333 0.961538461538462 0.959535256410256 2 3 97 1 978.77
0.851595006934813 0.865753424657534 0.837078651685393 0.931660766507619 0.87 0.875 0.865384615384615 0.931490384615385 NA 1 97 2 796.59
0.922330097087379 0.926027397260274 0.918539325842697 0.979036478374634 0.94 0.916666666666667 0.961538461538462 0.969951923076923 5 2 97 2 796.59
0.925104022191401 0.923287671232877 0.926966292134832 0.98125288594736 0.93 0.916666666666667 0.942307692307692 0.966346153846154 8 2 97 2 796.59
0.929264909847434 0.931506849315068 0.926966292134832 0.981329844543635 0.92 0.895833333333333 0.942307692307692 0.963141025641026 10 2 97 2 796.59
0.844660194174757 0.863013698630137 0.825842696629214 0.931383715561028 0.87 0.875 0.865384615384615 0.926682692307692 1 3 97 2 796.59
0.915395284327323 0.923287671232877 0.907303370786517 0.977859011851624 0.93 0.895833333333333 0.961538461538462 0.959535256410256 2 3 97 2 796.59
0.851595006934813 0.863013698630137 0.839887640449438 0.931506849315068 0.88 0.895833333333333 0.865384615384615 0.936698717948718 NA 1 97 3 1649.041
0.922330097087379 0.926027397260274 0.918539325842697 0.979074957672772 0.94 0.916666666666667 0.961538461538462 0.970352564102564 5 2 97 3 1649.041
0.926490984743412 0.926027397260274 0.926966292134832 0.981429890718793 0.93 0.916666666666667 0.942307692307692 0.968349358974359 8 2 97 3 1649.041
0.929264909847434 0.926027397260274 0.932584269662921 0.981699245805757 0.92 0.895833333333333 0.942307692307692 0.964342948717949 10 2 97 3 1649.041
0.848821081830791 0.865753424657534 0.831460674157303 0.931568416192089 0.87 0.895833333333333 0.846153846153846 0.932692307692308 1 3 97 3 1649.041
0.918169209431345 0.931506849315068 0.904494382022472 0.978066800061567 0.93 0.895833333333333 0.961538461538462 0.96073717948718 2 3 97 3 1649.041
