0.851485148514851 0.846153846153846 0.857142857142857 0.939854788069074 0.86 0.934782608695652 0.796296296296296 0.930354267310789 NA 1 69 1 269.986
0.95049504950495 0.951923076923077 0.948979591836735 0.984007064364207 0.89 0.891304347826087 0.888888888888889 0.962157809983897 5 2 69 1 269.986
0.95049504950495 0.951923076923077 0.948979591836735 0.986067503924647 0.9 0.891304347826087 0.907407407407407 0.960547504025765 8 2 69 1 269.986
0.955445544554455 0.961538461538462 0.948979591836735 0.986263736263736 0.9 0.891304347826087 0.907407407407407 0.960547504025765 10 2 69 1 269.986
0.846534653465347 0.855769230769231 0.836734693877551 0.940541601255887 0.85 0.956521739130435 0.759259259259259 0.930756843800322 1 3 69 1 269.986
0.940594059405941 0.942307692307692 0.938775510204082 0.984007064364207 0.88 0.91304347826087 0.851851851851852 0.944444444444444 2 3 69 1 269.986
0.851485148514851 0.846153846153846 0.857142857142857 0.940345368916797 0.86 0.934782608695652 0.796296296296296 0.930756843800322 NA 1 69 2 263.761
0.95049504950495 0.951923076923077 0.948979591836735 0.984301412872841 0.89 0.891304347826087 0.888888888888889 0.96256038647343 5 2 69 2 263.761
0.95049504950495 0.951923076923077 0.948979591836735 0.986067503924647 0.9 0.891304347826087 0.907407407407407 0.960950080515298 8 2 69 2 263.761
0.95049504950495 0.951923076923077 0.948979591836735 0.986263736263736 0.9 0.891304347826087 0.907407407407407 0.960547504025765 10 2 69 2 263.761
0.846534653465347 0.855769230769231 0.836734693877551 0.940737833594976 0.85 0.956521739130435 0.759259259259259 0.931561996779388 1 3 69 2 263.761
0.940594059405941 0.942307692307692 0.938775510204082 0.983320251177394 0.88 0.91304347826087 0.851851851851852 0.944444444444444 2 3 69 2 263.761
0.851485148514851 0.846153846153846 0.857142857142857 0.939854788069074 0.87 0.956521739130435 0.796296296296296 0.931964573268921 NA 1 69 3 504.999
0.95049504950495 0.951923076923077 0.948979591836735 0.983908948194662 0.89 0.891304347826087 0.888888888888889 0.961352657004831 5 2 69 3 504.999
0.95049504950495 0.951923076923077 0.948979591836735 0.986067503924647 0.9 0.891304347826087 0.907407407407407 0.959339774557166 8 2 69 3 504.999
0.95049504950495 0.961538461538462 0.938775510204082 0.986067503924647 0.9 0.891304347826087 0.907407407407407 0.960144927536232 10 2 69 3 504.999
0.856435643564356 0.865384615384615 0.846938775510204 0.940051020408163 0.85 0.956521739130435 0.759259259259259 0.932367149758454 1 3 69 3 504.999
0.955445544554455 0.961538461538462 0.948979591836735 0.983320251177394 0.87 0.891304347826087 0.851851851851852 0.942028985507246 2 3 69 3 504.999
