0.833333333333333 0.884615384615385 0.75 0.884615384615385 0.79 0.804347826086957 0.777777777777778 0.869565217391304 NA 1 62 1 92.675
0.928571428571429 0.961538461538462 0.875 0.983173076923077 0.73 0.826086956521739 0.648148148148148 0.812399355877617 5 2 62 1 92.675
1 1 1 1 0.64 0.717391304347826 0.574074074074074 0.653985507246377 8 2 62 1 92.675
1 1 1 1 0.74 0.847826086956522 0.648148148148148 0.778381642512077 10 2 62 1 92.675
0.833333333333333 1 0.5625 0.882211538461538 0.76 0.91304347826087 0.62962962962963 0.872383252818035 1 3 62 1 92.675
0.619047619047619 1 0 0.896634615384615 0.46 1 0 0.862721417069243 2 3 62 1 92.675
0.833333333333333 0.884615384615385 0.75 0.884615384615385 0.8 0.804347826086957 0.796296296296296 0.876409017713366 NA 1 62 2 140.922
1 1 1 1 0.7 0.826086956521739 0.592592592592593 0.709541062801932 5 2 62 2 140.922
1 1 1 1 0.66 0.760869565217391 0.574074074074074 0.698470209339775 8 2 62 2 140.922
1 1 1 1 0.64 0.565217391304348 0.703703703703704 0.682165861513688 10 2 62 2 140.922
0.80952380952381 0.961538461538462 0.5625 0.891826923076923 0.75 0.869565217391304 0.648148148148148 0.885668276972625 1 3 62 2 140.922
0.69047619047619 1 0.1875 0.913461538461538 0.51 1 0.0925925925925926 0.866747181964573 2 3 62 2 140.922
0.833333333333333 0.884615384615385 0.75 0.879807692307692 0.81 0.826086956521739 0.796296296296296 0.864331723027375 NA 1 62 3 161.808
0.928571428571429 0.961538461538462 0.875 0.978365384615385 0.74 0.782608695652174 0.703703703703704 0.845410628019324 5 2 62 3 161.808
1 1 1 1 0.6 0.630434782608696 0.574074074074074 0.638285024154589 8 2 62 3 161.808
1 1 1 1 0.82 0.826086956521739 0.814814814814815 0.841183574879227 10 2 62 3 161.808
0.833333333333333 1 0.5625 0.875 0.74 0.891304347826087 0.611111111111111 0.867552334943639 1 3 62 3 161.808
0.619047619047619 1 0 0.894230769230769 0.46 1 0 0.862721417069243 2 3 62 3 161.808
