0.866840731070496 0.862433862433862 0.871134020618557 0.92906234658812 0.86 0.826923076923077 0.895833333333333 0.950320512820513 NA 1 99 1 715.299
0.932114882506527 0.936507936507937 0.927835051546392 0.986199749086347 0.89 0.884615384615385 0.895833333333333 0.979567307692308 5 2 99 1 715.299
0.93733681462141 0.947089947089947 0.927835051546392 0.986717940326188 0.9 0.884615384615385 0.916666666666667 0.981169871794872 8 2 99 1 715.299
0.93733681462141 0.947089947089947 0.927835051546392 0.987181585119729 0.9 0.884615384615385 0.916666666666667 0.981570512820513 10 2 99 1 715.299
0.872062663185379 0.873015873015873 0.871134020618557 0.928844160802924 0.84 0.807692307692308 0.875 0.94911858974359 1 3 99 1 715.299
0.939947780678851 0.962962962962963 0.917525773195876 0.979708721976763 0.94 0.923076923076923 0.958333333333333 0.97636217948718 2 3 99 1 715.299
0.866840731070496 0.867724867724868 0.865979381443299 0.928953253695522 0.86 0.826923076923077 0.895833333333333 0.950320512820513 NA 1 99 2 481.734
0.934725848563969 0.941798941798942 0.927835051546392 0.984317896689031 0.91 0.923076923076923 0.895833333333333 0.977163461538462 5 2 99 2 481.734
0.93733681462141 0.947089947089947 0.927835051546392 0.986772486772487 0.9 0.884615384615385 0.916666666666667 0.981169871794872 8 2 99 2 481.734
0.93733681462141 0.947089947089947 0.927835051546392 0.987099765450281 0.9 0.884615384615385 0.916666666666667 0.981169871794872 10 2 99 2 481.734
0.872062663185379 0.873015873015873 0.871134020618557 0.928571428571429 0.84 0.807692307692308 0.875 0.947115384615385 1 3 99 2 481.734
0.939947780678851 0.962962962962963 0.917525773195876 0.979954180985109 0.92 0.903846153846154 0.9375 0.975961538461538 2 3 99 2 481.734
0.864229765013055 0.862433862433862 0.865979381443299 0.92960781105111 0.86 0.826923076923077 0.895833333333333 0.947115384615385 NA 1 99 3 1071.205
0.932114882506527 0.936507936507937 0.927835051546392 0.98603610974745 0.91 0.923076923076923 0.895833333333333 0.979567307692308 5 2 99 3 1071.205
0.934725848563969 0.947089947089947 0.922680412371134 0.986390661648394 0.91 0.903846153846154 0.916666666666667 0.981169871794872 8 2 99 3 1071.205
0.934725848563969 0.941798941798942 0.927835051546392 0.987017945780832 0.91 0.884615384615385 0.9375 0.981570512820513 10 2 99 3 1071.205
0.869451697127937 0.867724867724868 0.871134020618557 0.928653248240877 0.87 0.826923076923077 0.916666666666667 0.947516025641026 1 3 99 3 1071.205
0.939947780678851 0.962962962962963 0.917525773195876 0.979217803960072 0.94 0.942307692307692 0.9375 0.977964743589744 2 3 99 3 1071.205
