0.830985915492958 0.78125 0.871794871794872 0.888621794871795 0.82 0.895833333333333 0.75 0.918269230769231 NA 1 15 1 109.887
0.901408450704225 0.875 0.923076923076923 0.97676282051282 0.86 0.895833333333333 0.826923076923077 0.936698717948718 5 2 15 1 109.887
1 1 1 1 0.77 0.770833333333333 0.769230769230769 0.842548076923077 8 2 15 1 109.887
1 1 1 1 0.78 0.708333333333333 0.846153846153846 0.847155448717949 10 2 15 1 109.887
0.830985915492958 0.78125 0.871794871794872 0.885416666666667 0.78 0.895833333333333 0.673076923076923 0.901041666666667 1 3 15 1 109.887
0.887323943661972 0.84375 0.923076923076923 0.979166666666667 0.83 0.854166666666667 0.807692307692308 0.915464743589744 2 3 15 1 109.887
0.845070422535211 0.78125 0.897435897435897 0.887820512820513 0.82 0.916666666666667 0.730769230769231 0.919871794871795 NA 1 15 2 126.013
0.901408450704225 0.875 0.923076923076923 0.97676282051282 0.86 0.895833333333333 0.826923076923077 0.936298076923077 5 2 15 2 126.013
1 1 1 1 0.78 0.833333333333333 0.730769230769231 0.834735576923077 8 2 15 2 126.013
0.985915492957746 0.96875 1 0.978365384615385 0.72 0.729166666666667 0.711538461538462 0.776442307692308 10 2 15 2 126.013
0.845070422535211 0.78125 0.897435897435897 0.880608974358974 0.79 0.895833333333333 0.692307692307692 0.892628205128205 1 3 15 2 126.013
0.887323943661972 0.84375 0.923076923076923 0.979967948717949 0.85 0.854166666666667 0.846153846153846 0.91426282051282 2 3 15 2 126.013
0.816901408450704 0.75 0.871794871794872 0.890224358974359 0.83 0.916666666666667 0.75 0.919871794871795 NA 1 15 3 184.619
0.929577464788732 0.90625 0.948717948717949 0.986378205128205 0.84 0.875 0.807692307692308 0.913461538461538 5 2 15 3 184.619
0.915492957746479 0.875 0.948717948717949 0.984775641025641 0.84 0.875 0.807692307692308 0.914663461538461 8 2 15 3 184.619
1 1 1 1 0.8 0.833333333333333 0.769230769230769 0.839342948717949 10 2 15 3 184.619
0.830985915492958 0.78125 0.871794871794872 0.888621794871795 0.78 0.895833333333333 0.673076923076923 0.891826923076923 1 3 15 3 184.619
0.873239436619718 0.8125 0.923076923076923 0.979967948717949 0.82 0.833333333333333 0.807692307692308 0.903846153846154 2 3 15 3 184.619
