0.865384615384615 0.878048780487805 0.851351351351351 0.949901120632828 0.85 0.849056603773585 0.851063829787234 0.942593336009635 NA 1 86 1 232.329
0.935897435897436 0.926829268292683 0.945945945945946 0.98731048121292 0.86 0.886792452830189 0.829787234042553 0.948213568847852 5 2 86 1 232.329
0.974358974358974 0.975609756097561 0.972972972972973 0.994561634805537 0.89 0.905660377358491 0.872340425531915 0.935367322360498 8 2 86 1 232.329
0.967948717948718 0.963414634146341 0.972972972972973 0.99340804218853 0.89 0.905660377358491 0.872340425531915 0.938177438779607 10 2 86 1 232.329
0.865384615384615 0.878048780487805 0.851351351351351 0.951713909030982 0.85 0.849056603773585 0.851063829787234 0.948615014050582 1 3 86 1 232.329
0.92948717948718 0.926829268292683 0.932432432432432 0.985497692814766 0.87 0.905660377358491 0.829787234042553 0.945403452428743 2 3 86 1 232.329
0.865384615384615 0.878048780487805 0.851351351351351 0.950065919578115 0.85 0.849056603773585 0.851063829787234 0.943797671617824 NA 1 86 2 216.358
0.935897435897436 0.926829268292683 0.945945945945946 0.987145682267633 0.86 0.886792452830189 0.829787234042553 0.948213568847852 5 2 86 2 216.358
0.974358974358974 0.975609756097561 0.972972972972973 0.994561634805537 0.88 0.886792452830189 0.872340425531915 0.935768767563228 8 2 86 2 216.358
0.967948717948718 0.963414634146341 0.972972972972973 0.993243243243243 0.89 0.905660377358491 0.872340425531915 0.938980329185066 10 2 86 2 216.358
0.865384615384615 0.878048780487805 0.851351351351351 0.951384311140409 0.85 0.849056603773585 0.851063829787234 0.949417904456042 1 3 86 2 216.358
0.92948717948718 0.926829268292683 0.932432432432432 0.985497692814766 0.87 0.905660377358491 0.829787234042553 0.945403452428743 2 3 86 2 216.358
0.865384615384615 0.878048780487805 0.851351351351351 0.951054713249835 0.86 0.867924528301887 0.851063829787234 0.940987555198715 NA 1 86 3 401.8
0.935897435897436 0.926829268292683 0.945945945945946 0.98731048121292 0.85 0.867924528301887 0.829787234042553 0.947812123645122 5 2 86 3 401.8
0.974358974358974 0.975609756097561 0.972972972972973 0.994396835860251 0.89 0.905660377358491 0.872340425531915 0.934965877157768 8 2 86 3 401.8
0.974358974358974 0.975609756097561 0.972972972972973 0.993572841133817 0.89 0.905660377358491 0.872340425531915 0.937374548374147 10 2 86 3 401.8
0.858974358974359 0.865853658536585 0.851351351351351 0.950725115359262 0.84 0.830188679245283 0.851063829787234 0.950220794861501 1 3 86 3 401.8
0.935897435897436 0.939024390243902 0.932432432432432 0.982201713909031 0.87 0.905660377358491 0.829787234042553 0.945002007226014 2 3 86 3 401.8
