0.809302325581395 0.827586206896552 0.787878787878788 0.905694879832811 0.79 0.958333333333333 0.634615384615385 0.911057692307692 NA 1 19 1 350.08
0.958139534883721 0.956896551724138 0.95959595959596 0.992337164750958 0.91 0.9375 0.884615384615385 0.96875 5 2 19 1 350.08
0.962790697674419 0.974137931034483 0.94949494949495 0.994339951236503 0.91 0.916666666666667 0.903846153846154 0.975560897435897 8 2 19 1 350.08
0.958139534883721 0.974137931034483 0.939393939393939 0.994252873563218 0.93 0.916666666666667 0.942307692307692 0.975560897435897 10 2 19 1 350.08
0.804651162790698 0.827586206896552 0.777777777777778 0.904301637060258 0.76 0.958333333333333 0.576923076923077 0.916266025641026 1 3 19 1 350.08
0.948837209302326 0.96551724137931 0.929292929292929 0.989463601532567 0.86 0.916666666666667 0.807692307692308 0.963141025641026 2 3 19 1 350.08
0.804651162790698 0.818965517241379 0.787878787878788 0.907175200278649 0.79 0.958333333333333 0.634615384615385 0.911858974358974 NA 1 19 2 265.34
0.953488372093023 0.956896551724138 0.94949494949495 0.992685475444096 0.91 0.9375 0.884615384615385 0.969551282051282 5 2 19 2 265.34
0.958139534883721 0.96551724137931 0.94949494949495 0.994165795889934 0.91 0.916666666666667 0.903846153846154 0.975560897435897 8 2 19 2 265.34
0.958139534883721 0.974137931034483 0.939393939393939 0.994165795889934 0.93 0.916666666666667 0.942307692307692 0.975160256410256 10 2 19 2 265.34
0.8 0.818965517241379 0.777777777777778 0.905433646812957 0.76 0.958333333333333 0.576923076923077 0.91426282051282 1 3 19 2 265.34
0.948837209302326 0.96551724137931 0.929292929292929 0.987634970393591 0.87 0.916666666666667 0.826923076923077 0.963942307692308 2 3 19 2 265.34
0.809302325581395 0.827586206896552 0.787878787878788 0.903169627307558 0.8 0.958333333333333 0.653846153846154 0.915865384615385 NA 1 19 3 503.909
0.944186046511628 0.956896551724138 0.929292929292929 0.993120863810519 0.9 0.958333333333333 0.846153846153846 0.969951923076923 5 2 19 3 503.909
0.958139534883721 0.974137931034483 0.939393939393939 0.994427028909788 0.92 0.916666666666667 0.923076923076923 0.975961538461538 8 2 19 3 503.909
0.958139534883721 0.974137931034483 0.939393939393939 0.994688261929641 0.91 0.916666666666667 0.903846153846154 0.974358974358974 10 2 19 3 503.909
0.804651162790698 0.818965517241379 0.787878787878788 0.902037617554859 0.79 0.958333333333333 0.634615384615385 0.920272435897436 1 3 19 3 503.909
0.944186046511628 0.96551724137931 0.919191919191919 0.989986067572274 0.87 0.916666666666667 0.826923076923077 0.961939102564103 2 3 19 3 503.909
