0.868181818181818 0.851485148514851 0.882352941176471 0.94175888177053 0.86 0.86046511627907 0.859649122807018 0.937984496124031 NA 1 94 1 236.711
0.954545454545455 0.95049504950495 0.957983193277311 0.990348614693402 0.94 0.976744186046512 0.912280701754386 0.990208078335373 5 2 94 1 236.711
0.963636363636364 0.96039603960396 0.966386554621849 0.994342291371994 0.96 0.976744186046512 0.947368421052632 0.993064055487556 8 2 94 1 236.711
0.963636363636364 0.96039603960396 0.966386554621849 0.995174307346701 0.96 0.976744186046512 0.947368421052632 0.991024071807426 10 2 94 1 236.711
0.877272727272727 0.851485148514851 0.899159663865546 0.941426075380647 0.87 0.86046511627907 0.87719298245614 0.92860057119543 1 3 94 1 236.711
0.931818181818182 0.910891089108911 0.949579831932773 0.988684582743989 0.89 0.930232558139535 0.859649122807018 0.960016319869441 2 3 94 1 236.711
0.877272727272727 0.861386138613861 0.890756302521008 0.942091688160413 0.86 0.86046511627907 0.859649122807018 0.938800489596083 NA 1 94 2 203.145
0.954545454545455 0.95049504950495 0.957983193277311 0.990515017888343 0.94 0.976744186046512 0.912280701754386 0.990208078335373 5 2 94 2 203.145
0.959090909090909 0.95049504950495 0.966386554621849 0.994425492969465 0.96 0.976744186046512 0.947368421052632 0.993064055487556 8 2 94 2 203.145
0.972727272727273 0.97029702970297 0.974789915966387 0.996422331308761 0.96 0.976744186046512 0.947368421052632 0.989800081599347 10 2 94 2 203.145
0.881818181818182 0.851485148514851 0.907563025210084 0.940926865795823 0.88 0.86046511627907 0.894736842105263 0.927784577723378 1 3 94 2 203.145
0.940909090909091 0.920792079207921 0.957983193277311 0.988351776354106 0.89 0.930232558139535 0.859649122807018 0.960832313341493 2 3 94 2 203.145
0.877272727272727 0.861386138613861 0.890756302521008 0.940926865795823 0.85 0.86046511627907 0.842105263157895 0.937984496124031 NA 1 94 3 420.786
0.954545454545455 0.95049504950495 0.957983193277311 0.990931025875697 0.93 0.976744186046512 0.894736842105263 0.989800081599347 5 2 94 3 420.786
0.963636363636364 0.96039603960396 0.966386554621849 0.994009484982112 0.96 0.976744186046512 0.947368421052632 0.993880048959608 8 2 94 3 420.786
0.968181818181818 0.96039603960396 0.974789915966387 0.996172726516349 0.96 0.976744186046512 0.947368421052632 0.991024071807426 10 2 94 3 420.786
0.877272727272727 0.861386138613861 0.890756302521008 0.938680422664115 0.86 0.86046511627907 0.859649122807018 0.929008567931456 1 3 94 3 420.786
0.940909090909091 0.920792079207921 0.957983193277311 0.988018969964223 0.86 0.86046511627907 0.859649122807018 0.962872297021624 2 3 94 3 420.786
