0.822222222222222 0.782608695652174 0.849624060150376 0.914351095129127 0.85 0.846153846153846 0.854166666666667 0.90224358974359 NA 1 51 1 370.978
0.928888888888889 0.91304347826087 0.93984962406015 0.979977116704805 0.9 0.903846153846154 0.895833333333333 0.974358974358974 5 2 51 1 370.978
0.92 0.902173913043478 0.932330827067669 0.98177508989866 0.9 0.884615384615385 0.916666666666667 0.973557692307692 8 2 51 1 370.978
0.924444444444444 0.91304347826087 0.932330827067669 0.982428898332788 0.9 0.884615384615385 0.916666666666667 0.971955128205128 10 2 51 1 370.978
0.813333333333333 0.771739130434783 0.842105263157895 0.915250081726054 0.85 0.846153846153846 0.854166666666667 0.905048076923077 1 3 51 1 370.978
0.924444444444444 0.902173913043478 0.93984962406015 0.978914677999346 0.85 0.826923076923077 0.875 0.955128205128205 2 3 51 1 370.978
0.826666666666667 0.782608695652174 0.857142857142857 0.915658711997385 0.85 0.846153846153846 0.854166666666667 0.904647435897436 NA 1 51 2 281.973
0.928888888888889 0.91304347826087 0.93984962406015 0.980222294867604 0.9 0.903846153846154 0.895833333333333 0.973557692307692 5 2 51 2 281.973
0.92 0.902173913043478 0.932330827067669 0.981856815952926 0.89 0.884615384615385 0.895833333333333 0.973557692307692 8 2 51 2 281.973
0.924444444444444 0.91304347826087 0.932330827067669 0.982755802549853 0.89 0.884615384615385 0.895833333333333 0.971153846153846 10 2 51 2 281.973
0.817777777777778 0.782608695652174 0.842105263157895 0.91533180778032 0.85 0.846153846153846 0.854166666666667 0.908653846153846 1 3 51 2 281.973
0.92 0.891304347826087 0.93984962406015 0.978996404053612 0.85 0.826923076923077 0.875 0.955528846153846 2 3 51 2 281.973
0.835555555555556 0.793478260869565 0.864661654135338 0.914105916966329 0.84 0.846153846153846 0.833333333333333 0.903044871794872 NA 1 51 3 602.915
0.928888888888889 0.91304347826087 0.93984962406015 0.980222294867604 0.89 0.884615384615385 0.895833333333333 0.971955128205128 5 2 51 3 602.915
0.92 0.902173913043478 0.932330827067669 0.981693363844394 0.9 0.884615384615385 0.916666666666667 0.971955128205128 8 2 51 3 602.915
0.92 0.902173913043478 0.932330827067669 0.982510624387055 0.9 0.884615384615385 0.916666666666667 0.971955128205128 10 2 51 3 602.915
0.817777777777778 0.771739130434783 0.849624060150376 0.914432821183393 0.86 0.846153846153846 0.875 0.904246794871795 1 3 51 3 602.915
0.924444444444444 0.902173913043478 0.93984962406015 0.978996404053612 0.84 0.826923076923077 0.854166666666667 0.955528846153846 2 3 51 3 602.915
