0.911214953271028 0.922413793103448 0.897959183673469 0.966133004926108 0.86 0.854545454545454 0.866666666666667 0.945050505050505 NA 1 12 1 362.689
0.981308411214953 0.982758620689655 0.979591836734694 0.998328641801548 0.95 0.927272727272727 0.977777777777778 0.986262626262626 5 2 12 1 362.689
1 1 1 1 0.9 0.890909090909091 0.911111111111111 0.907474747474748 8 2 12 1 362.689
1 1 1 1 0.89 0.872727272727273 0.911111111111111 0.907676767676768 10 2 12 1 362.689
0.911214953271028 0.922413793103448 0.897959183673469 0.96551724137931 0.86 0.854545454545454 0.866666666666667 0.943434343434343 1 3 12 1 362.689
0.962616822429907 0.982758620689655 0.938775510204082 0.995073891625616 0.9 0.890909090909091 0.911111111111111 0.955959595959596 2 3 12 1 362.689
0.911214953271028 0.922413793103448 0.897959183673469 0.96701266713582 0.87 0.872727272727273 0.866666666666667 0.947878787878788 NA 1 12 2 305.816
0.981308411214953 0.982758620689655 0.979591836734694 0.998328641801548 0.94 0.927272727272727 0.955555555555556 0.986666666666667 5 2 12 2 305.816
1 1 1 1 0.89 0.872727272727273 0.911111111111111 0.898585858585859 8 2 12 2 305.816
1 1 1 1 0.9 0.890909090909091 0.911111111111111 0.917171717171717 10 2 12 2 305.816
0.91588785046729 0.931034482758621 0.897959183673469 0.966660802251935 0.87 0.872727272727273 0.866666666666667 0.945858585858586 1 3 12 2 305.816
0.967289719626168 0.991379310344828 0.938775510204082 0.9954257565095 0.9 0.890909090909091 0.911111111111111 0.957171717171717 2 3 12 2 305.816
0.911214953271028 0.922413793103448 0.897959183673469 0.967716396903589 0.88 0.872727272727273 0.888888888888889 0.945050505050505 NA 1 12 3 593.41
0.981308411214953 0.982758620689655 0.979591836734694 0.998416608022519 0.95 0.927272727272727 0.977777777777778 0.986262626262626 5 2 12 3 593.41
1 1 1 1 0.93 0.927272727272727 0.933333333333333 0.928484848484848 8 2 12 3 593.41
1 1 1 1 0.93 0.927272727272727 0.933333333333333 0.929090909090909 10 2 12 3 593.41
0.911214953271028 0.922413793103448 0.897959183673469 0.967188599577762 0.87 0.872727272727273 0.866666666666667 0.944242424242424 1 3 12 3 593.41
0.962616822429907 0.982758620689655 0.938775510204082 0.995161857846587 0.89 0.872727272727273 0.911111111111111 0.958787878787879 2 3 12 3 593.41
