0.831707317073171 0.845070422535211 0.817258883248731 0.925430757131622 0.81 0.886792452830189 0.723404255319149 0.921718185467684 NA 1 79 1 967.469
0.924390243902439 0.938967136150235 0.908629441624365 0.976001525225805 0.91 0.924528301886792 0.893617021276596 0.964271376957045 5 2 79 1 967.469
0.921951219512195 0.938967136150235 0.903553299492386 0.976764138128262 0.92 0.924528301886792 0.914893617021277 0.961059815335207 8 2 79 1 967.469
0.924390243902439 0.943661971830986 0.903553299492386 0.977240771192298 0.92 0.924528301886792 0.914893617021277 0.961862705740666 10 2 79 1 967.469
0.831707317073171 0.849765258215962 0.812182741116751 0.924620480922762 0.82 0.886792452830189 0.74468085106383 0.921718185467684 1 3 79 1 967.469
0.926829268292683 0.938967136150235 0.913705583756345 0.976692643168657 0.92 0.943396226415094 0.893617021276596 0.957848253713368 2 3 79 1 967.469
0.831707317073171 0.845070422535211 0.817258883248731 0.925597578704035 0.82 0.905660377358491 0.723404255319149 0.922922521075873 NA 1 79 2 873.111
0.924390243902439 0.938967136150235 0.908629441624365 0.9759300302662 0.91 0.924528301886792 0.893617021276596 0.963869931754316 5 2 79 2 873.111
0.921951219512195 0.938967136150235 0.903553299492386 0.976787969781464 0.91 0.924528301886792 0.893617021276596 0.961059815335207 8 2 79 2 873.111
0.924390243902439 0.943661971830986 0.903553299492386 0.977288434498701 0.92 0.924528301886792 0.914893617021277 0.961862705740666 10 2 79 2 873.111
0.831707317073171 0.849765258215962 0.812182741116751 0.925073282333595 0.82 0.886792452830189 0.74468085106383 0.921316740264954 1 3 79 2 873.111
0.929268292682927 0.943661971830986 0.913705583756345 0.976692643168657 0.92 0.943396226415094 0.893617021276596 0.957446808510638 2 3 79 2 873.111
0.829268292682927 0.84037558685446 0.817258883248731 0.925359262172017 0.81 0.867924528301887 0.74468085106383 0.925331192292252 NA 1 79 3 1586.228
0.924390243902439 0.938967136150235 0.908629441624365 0.975810872000191 0.91 0.924528301886792 0.893617021276596 0.964672822159775 5 2 79 3 1586.228
0.924390243902439 0.938967136150235 0.908629441624365 0.97633516837063 0.91 0.924528301886792 0.893617021276596 0.961461260537937 8 2 79 3 1586.228
0.924390243902439 0.938967136150235 0.908629441624365 0.977050117966683 0.92 0.924528301886792 0.914893617021277 0.963067041348856 10 2 79 3 1586.228
0.821951219512195 0.845070422535211 0.796954314720812 0.924787302495174 0.81 0.886792452830189 0.723404255319149 0.923323966278603 1 3 79 3 1586.228
0.926829268292683 0.938967136150235 0.913705583756345 0.977026286313482 0.92 0.943396226415094 0.893617021276596 0.959855479727017 2 3 79 3 1586.228
