0.872340425531915 0.888888888888889 0.85 0.981481481481482 0.8 0.814814814814815 0.782608695652174 0.873188405797101 NA 1 38 1 65.59
1 1 1 1 0.84 0.796296296296296 0.891304347826087 0.898953301127214 5 2 38 1 65.59
1 1 1 1 0.84 0.796296296296296 0.891304347826087 0.840177133655394 8 2 38 1 65.59
1 1 1 1 0.83 0.814814814814815 0.847826086956522 0.9170692431562 10 2 38 1 65.59
0.914893617021277 0.962962962962963 0.85 0.981481481481482 0.8 0.833333333333333 0.760869565217391 0.880032206119163 1 3 38 1 65.59
0.978723404255319 1 0.95 0.996296296296296 0.82 0.777777777777778 0.869565217391304 0.934380032206119 2 3 38 1 65.59
0.893617021276596 0.925925925925926 0.85 0.977777777777778 0.81 0.796296296296296 0.826086956521739 0.87037037037037 NA 1 38 2 80.056
1 1 1 1 0.86 0.87037037037037 0.847826086956522 0.914855072463768 5 2 38 2 80.056
1 1 1 1 0.84 0.796296296296296 0.891304347826087 0.860507246376812 8 2 38 2 80.056
1 1 1 1 0.83 0.777777777777778 0.891304347826087 0.857487922705314 10 2 38 2 80.056
0.914893617021277 0.962962962962963 0.85 0.981481481481482 0.81 0.851851851851852 0.760869565217391 0.888888888888889 1 3 38 2 80.056
0.957446808510638 1 0.9 0.996296296296296 0.82 0.777777777777778 0.869565217391304 0.928341384863124 2 3 38 2 80.056
0.893617021276596 0.925925925925926 0.85 0.983333333333333 0.81 0.796296296296296 0.826086956521739 0.873188405797101 NA 1 38 3 133.087
1 1 1 1 0.81 0.740740740740741 0.891304347826087 0.873188405797101 5 2 38 3 133.087
1 1 1 1 0.84 0.740740740740741 0.956521739130435 0.882045088566828 8 2 38 3 133.087
1 1 1 1 0.82 0.759259259259259 0.891304347826087 0.880434782608696 10 2 38 3 133.087
0.914893617021277 0.962962962962963 0.85 0.983333333333333 0.81 0.851851851851852 0.760869565217391 0.883252818035427 1 3 38 3 133.087
0.957446808510638 1 0.9 0.992592592592593 0.79 0.722222222222222 0.869565217391304 0.92512077294686 2 3 38 3 133.087
