0.828125 0.857142857142857 0.793103448275862 0.952709359605911 0.82 0.872727272727273 0.755555555555556 0.887676767676768 NA 1 61 1 99.279
1 1 1 1 0.87 0.909090909090909 0.822222222222222 0.885858585858586 5 2 61 1 99.279
1 1 1 1 0.88 0.890909090909091 0.866666666666667 0.891313131313131 8 2 61 1 99.279
1 1 1 1 0.92 0.927272727272727 0.911111111111111 0.924646464646465 10 2 61 1 99.279
0.890625 0.914285714285714 0.862068965517241 0.949753694581281 0.8 0.836363636363636 0.755555555555556 0.885252525252525 1 3 61 1 99.279
0.953125 0.971428571428571 0.931034482758621 0.995073891625616 0.82 0.927272727272727 0.688888888888889 0.920808080808081 2 3 61 1 99.279
0.828125 0.857142857142857 0.793103448275862 0.953694581280788 0.81 0.854545454545454 0.755555555555556 0.885252525252525 NA 1 61 2 97.7
1 1 1 1 0.86 0.909090909090909 0.8 0.893535353535353 5 2 61 2 97.7
1 1 1 1 0.91 0.945454545454545 0.866666666666667 0.926060606060606 8 2 61 2 97.7
1 1 1 1 0.86 0.890909090909091 0.822222222222222 0.898989898989899 10 2 61 2 97.7
0.890625 0.914285714285714 0.862068965517241 0.947783251231527 0.8 0.818181818181818 0.777777777777778 0.884444444444444 1 3 61 2 97.7
0.953125 0.971428571428571 0.931034482758621 0.995073891625616 0.82 0.927272727272727 0.688888888888889 0.914747474747475 2 3 61 2 97.7
0.859375 0.885714285714286 0.827586206896552 0.955665024630542 0.8 0.818181818181818 0.777777777777778 0.879191919191919 NA 1 61 3 178.086
1 1 1 1 0.87 0.927272727272727 0.8 0.881212121212121 5 2 61 3 178.086
1 1 1 1 0.9 0.945454545454545 0.844444444444444 0.911717171717172 8 2 61 3 178.086
1 1 1 1 0.92 0.945454545454545 0.888888888888889 0.923838383838384 10 2 61 3 178.086
0.890625 0.914285714285714 0.862068965517241 0.951724137931034 0.78 0.8 0.755555555555556 0.883636363636364 1 3 61 3 178.086
0.953125 0.971428571428571 0.931034482758621 0.994088669950739 0.83 0.927272727272727 0.711111111111111 0.914747474747475 2 3 61 3 178.086
