0.826666666666667 0.855932203389831 0.794392523364486 0.90939331538096 0.87 0.918367346938776 0.823529411764706 0.953181272509004 NA 1 62 1 364.368
0.92 0.932203389830508 0.906542056074766 0.978694756850943 0.88 0.877551020408163 0.882352941176471 0.974389755902361 5 2 62 1 364.368
0.911111111111111 0.923728813559322 0.897196261682243 0.980041184856645 0.89 0.897959183673469 0.882352941176471 0.971988795518207 8 2 62 1 364.368
0.915555555555556 0.923728813559322 0.906542056074766 0.981704419451925 0.89 0.897959183673469 0.882352941176471 0.971988795518207 10 2 62 1 364.368
0.817777777777778 0.847457627118644 0.785046728971963 0.908918105496594 0.87 0.918367346938776 0.823529411764706 0.956782713085234 1 3 62 1 364.368
0.911111111111111 0.949152542372881 0.869158878504673 0.968398542689688 0.93 0.938775510204082 0.92156862745098 0.971188475390156 2 3 62 1 364.368
0.826666666666667 0.855932203389831 0.794392523364486 0.910106130207508 0.87 0.918367346938776 0.823529411764706 0.952781112444978 NA 1 62 2 347.966
0.92 0.932203389830508 0.906542056074766 0.978615555203548 0.88 0.877551020408163 0.882352941176471 0.974389755902361 5 2 62 2 347.966
0.911111111111111 0.923728813559322 0.897196261682243 0.979961983209251 0.89 0.897959183673469 0.882352941176471 0.971188475390156 8 2 62 2 347.966
0.92 0.923728813559322 0.91588785046729 0.981942024394107 0.89 0.897959183673469 0.882352941176471 0.971988795518207 10 2 62 2 347.966
0.822222222222222 0.855932203389831 0.785046728971963 0.909472517028354 0.87 0.918367346938776 0.823529411764706 0.95718287314926 1 3 62 2 347.966
0.92 0.949152542372881 0.88785046728972 0.968636147631871 0.93 0.938775510204082 0.92156862745098 0.970388155262105 2 3 62 2 347.966
0.831111111111111 0.855932203389831 0.803738317757009 0.911769364802788 0.87 0.918367346938776 0.823529411764706 0.953981592637055 NA 1 62 3 644.059
0.915555555555556 0.932203389830508 0.897196261682243 0.978219546966577 0.88 0.877551020408163 0.882352941176471 0.975190076030412 5 2 62 3 644.059
0.915555555555556 0.923728813559322 0.906542056074766 0.979407571677491 0.89 0.897959183673469 0.882352941176471 0.973189275710284 8 2 62 3 644.059
0.924444444444444 0.932203389830508 0.91588785046729 0.980753999683193 0.9 0.918367346938776 0.882352941176471 0.973989595838335 10 2 62 3 644.059
0.831111111111111 0.872881355932203 0.785046728971963 0.91050213844448 0.87 0.918367346938776 0.823529411764706 0.955982392957183 1 3 62 3 644.059
0.915555555555556 0.949152542372881 0.878504672897196 0.970140978932362 0.93 0.938775510204082 0.92156862745098 0.971588635454182 2 3 62 3 644.059
