0.920863309352518 0.907692307692308 0.932432432432432 0.968191268191268 0.86 0.84 0.88 0.916 NA 1 56 1 202.861
0.949640287769784 0.938461538461538 0.959459459459459 0.987941787941788 0.91 0.9 0.92 0.9564 5 2 56 1 202.861
0.949640287769784 0.938461538461538 0.959459459459459 0.989189189189189 0.91 0.9 0.92 0.9528 8 2 56 1 202.861
0.949640287769784 0.938461538461538 0.959459459459459 0.989397089397089 0.91 0.9 0.92 0.952 10 2 56 1 202.861
0.899280575539568 0.892307692307692 0.905405405405405 0.966320166320166 0.85 0.84 0.86 0.9136 1 3 56 1 202.861
0.964028776978417 0.923076923076923 1 0.985446985446986 0.86 0.82 0.9 0.94 2 3 56 1 202.861
0.920863309352518 0.907692307692308 0.932432432432432 0.967983367983368 0.85 0.82 0.88 0.9148 NA 1 56 2 104.422
0.949640287769784 0.938461538461538 0.959459459459459 0.987941787941788 0.91 0.9 0.92 0.9568 5 2 56 2 104.422
0.949640287769784 0.938461538461538 0.959459459459459 0.989397089397089 0.91 0.9 0.92 0.9536 8 2 56 2 104.422
0.949640287769784 0.938461538461538 0.959459459459459 0.98981288981289 0.91 0.9 0.92 0.9528 10 2 56 2 104.422
0.899280575539568 0.892307692307692 0.905405405405405 0.966320166320166 0.86 0.82 0.9 0.9132 1 3 56 2 104.422
0.964028776978417 0.923076923076923 1 0.985862785862786 0.86 0.82 0.9 0.94 2 3 56 2 104.422
0.920863309352518 0.907692307692308 0.932432432432432 0.968191268191268 0.85 0.84 0.86 0.9124 NA 1 56 3 286.2
0.949640287769784 0.938461538461538 0.959459459459459 0.987941787941788 0.92 0.9 0.94 0.9552 5 2 56 3 286.2
0.949640287769784 0.938461538461538 0.959459459459459 0.988773388773389 0.91 0.9 0.92 0.9528 8 2 56 3 286.2
0.956834532374101 0.953846153846154 0.959459459459459 0.989189189189189 0.91 0.9 0.92 0.9528 10 2 56 3 286.2
0.906474820143885 0.892307692307692 0.918918918918919 0.967567567567568 0.86 0.84 0.88 0.9112 1 3 56 3 286.2
0.964028776978417 0.923076923076923 1 0.985446985446986 0.86 0.82 0.9 0.9408 2 3 56 3 286.2
