0.89873417721519 0.928571428571429 0.864864864864865 0.962033462033462 0.83 0.833333333333333 0.826086956521739 0.93317230273752 NA 1 19 1 103.407
1 1 1 1 0.71 0.722222222222222 0.695652173913043 0.775563607085346 5 2 19 1 103.407
1 1 1 1 0.86 0.888888888888889 0.826086956521739 0.896135265700483 8 2 19 1 103.407
1 1 1 1 0.86 0.925925925925926 0.782608695652174 0.88365539452496 10 2 19 1 103.407
0.873417721518987 0.904761904761905 0.837837837837838 0.96010296010296 0.84 0.833333333333333 0.847826086956522 0.931964573268921 1 3 19 1 103.407
0.936708860759494 1 0.864864864864865 0.998069498069498 0.88 0.851851851851852 0.91304347826087 0.9585346215781 2 3 19 1 103.407
0.911392405063291 0.928571428571429 0.891891891891892 0.962033462033462 0.85 0.833333333333333 0.869565217391304 0.930756843800322 NA 1 19 2 113.294
1 1 1 1 0.84 0.833333333333333 0.847826086956522 0.87962962962963 5 2 19 2 113.294
1 1 1 1 0.84 0.814814814814815 0.869565217391304 0.87962962962963 8 2 19 2 113.294
1 1 1 1 0.87 0.833333333333333 0.91304347826087 0.905394524959742 10 2 19 2 113.294
0.886075949367089 0.928571428571429 0.837837837837838 0.962033462033462 0.85 0.851851851851852 0.847826086956522 0.938003220611916 1 3 19 2 113.294
0.936708860759494 1 0.864864864864865 0.996782496782497 0.87 0.833333333333333 0.91304347826087 0.952093397745572 2 3 19 2 113.294
0.911392405063291 0.928571428571429 0.891891891891892 0.962033462033462 0.86 0.833333333333333 0.891304347826087 0.931561996779388 NA 1 19 3 182.439
1 1 1 1 0.87 0.87037037037037 0.869565217391304 0.877012882447665 5 2 19 3 182.439
1 1 1 1 0.87 0.925925925925926 0.804347826086957 0.881642512077295 8 2 19 3 182.439
1 1 1 1 0.88 0.907407407407407 0.847826086956522 0.917471819645733 10 2 19 3 182.439
0.886075949367089 0.928571428571429 0.837837837837838 0.962033462033462 0.83 0.851851851851852 0.804347826086957 0.938405797101449 1 3 19 3 182.439
0.936708860759494 1 0.864864864864865 0.997425997425997 0.86 0.814814814814815 0.91304347826087 0.946457326892109 2 3 19 3 182.439
