0.875 0.885714285714286 0.864864864864865 0.950579150579151 0.81 0.770833333333333 0.846153846153846 0.911458333333333 NA 1 93 1 179.895
1 1 1 1 0.76 0.8125 0.711538461538462 0.854166666666667 5 2 93 1 179.895
1 1 1 1 0.75 0.791666666666667 0.711538461538462 0.808092948717949 8 2 93 1 179.895
1 1 1 1 0.74 0.770833333333333 0.711538461538462 0.778044871794872 10 2 93 1 179.895
0.861111111111111 0.914285714285714 0.810810810810811 0.946718146718147 0.8 0.791666666666667 0.807692307692308 0.922676282051282 1 3 93 1 179.895
0.986111111111111 1 0.972972972972973 0.994594594594595 0.8 0.875 0.730769230769231 0.901842948717949 2 3 93 1 179.895
0.875 0.885714285714286 0.864864864864865 0.950579150579151 0.81 0.770833333333333 0.846153846153846 0.911458333333333 NA 1 93 2 108.823
0.986111111111111 0.971428571428571 1 1 0.85 0.75 0.942307692307692 0.880608974358974 5 2 93 2 108.823
1 1 1 1 0.84 0.875 0.807692307692308 0.860576923076923 8 2 93 2 108.823
1 1 1 1 0.74 0.791666666666667 0.692307692307692 0.791266025641026 10 2 93 2 108.823
0.861111111111111 0.914285714285714 0.810810810810811 0.945945945945946 0.8 0.791666666666667 0.807692307692308 0.924679487179487 1 3 93 2 108.823
0.986111111111111 1 0.972972972972973 0.994594594594595 0.79 0.854166666666667 0.730769230769231 0.90224358974359 2 3 93 2 108.823
0.875 0.885714285714286 0.864864864864865 0.950579150579151 0.8 0.75 0.846153846153846 0.910657051282051 NA 1 93 3 260.266
1 1 1 1 0.83 0.770833333333333 0.884615384615385 0.888621794871795 5 2 93 3 260.266
1 1 1 1 0.72 0.875 0.576923076923077 0.754407051282051 8 2 93 3 260.266
1 1 1 1 0.65 0.833333333333333 0.480769230769231 0.72676282051282 10 2 93 3 260.266
0.861111111111111 0.914285714285714 0.810810810810811 0.947490347490347 0.79 0.770833333333333 0.807692307692308 0.920673076923077 1 3 93 3 260.266
0.986111111111111 1 0.972972972972973 0.994594594594595 0.81 0.875 0.75 0.901442307692308 2 3 93 3 260.266
