0.82 0.862068965517241 0.761904761904762 0.875205254515599 0.75 0.784313725490196 0.714285714285714 0.826330532212885 NA 1 73 1 115.52
1 1 1 1 0.78 0.666666666666667 0.897959183673469 0.797118847539016 5 2 73 1 115.52
1 1 1 1 0.7 0.588235294117647 0.816326530612245 0.769107643057223 8 2 73 1 115.52
1 1 1 1 0.72 0.607843137254902 0.836734693877551 0.763705482192877 10 2 73 1 115.52
0.76 0.896551724137931 0.571428571428571 0.875205254515599 0.74 0.823529411764706 0.653061224489796 0.835134053621449 1 3 73 1 115.52
0.9 0.96551724137931 0.80952380952381 0.980295566502463 0.8 0.843137254901961 0.755102040816326 0.896758703481393 2 3 73 1 115.52
0.82 0.862068965517241 0.761904761904762 0.876847290640394 0.75 0.803921568627451 0.693877551020408 0.836334533813525 NA 1 73 2 166.604
1 1 1 1 0.8 0.647058823529412 0.959183673469388 0.79811924769908 5 2 73 2 166.604
1 1 1 1 0.68 0.627450980392157 0.73469387755102 0.718087234893958 8 2 73 2 166.604
1 1 1 1 0.74 0.607843137254902 0.877551020408163 0.777310924369748 10 2 73 2 166.604
0.78 0.896551724137931 0.619047619047619 0.873563218390805 0.74 0.823529411764706 0.653061224489796 0.838735494197679 1 3 73 2 166.604
0.9 0.96551724137931 0.80952380952381 0.980295566502463 0.8 0.862745098039216 0.73469387755102 0.904361744697879 2 3 73 2 166.604
0.82 0.862068965517241 0.761904761904762 0.875205254515599 0.75 0.784313725490196 0.714285714285714 0.826330532212885 NA 1 73 3 165.723
1 1 1 1 0.83 0.764705882352941 0.897959183673469 0.856542617046819 5 2 73 3 165.723
1 1 1 1 0.74 0.647058823529412 0.836734693877551 0.79311724689876 8 2 73 3 165.723
1 1 1 1 0.76 0.627450980392157 0.897959183673469 0.779511804721889 10 2 73 3 165.723
0.76 0.896551724137931 0.571428571428571 0.87192118226601 0.76 0.882352941176471 0.63265306122449 0.835134053621449 1 3 73 3 165.723
0.9 0.96551724137931 0.80952380952381 0.980295566502463 0.8 0.823529411764706 0.775510204081633 0.89515806322529 2 3 73 3 165.723
