1 1 1 1 0.76 0.755102040816326 0.764705882352941 0.787715086034414 NA 1 60 1 51.219
1 1 1 1 0.77 0.73469387755102 0.803921568627451 0.808723489395758 5 2 60 1 51.219
1 1 1 1 0.76 0.755102040816326 0.764705882352941 0.779511804721889 8 2 60 1 51.219
1 1 1 1 0.76 0.755102040816326 0.764705882352941 0.779911964785914 10 2 60 1 51.219
0.977272727272727 1 0.954545454545455 0.997933884297521 0.87 0.836734693877551 0.901960784313726 0.942376950780312 1 3 60 1 51.219
0.977272727272727 1 0.954545454545455 0.995867768595041 0.86 0.795918367346939 0.92156862745098 0.947979191676671 2 3 60 1 51.219
1 1 1 1 0.76 0.755102040816326 0.764705882352941 0.787314925970388 NA 1 60 2 58.551
1 1 1 1 0.76 0.755102040816326 0.764705882352941 0.768707482993197 5 2 60 2 58.551
1 1 1 1 0.76 0.755102040816326 0.764705882352941 0.7703081232493 8 2 60 2 58.551
1 1 1 1 0.76 0.755102040816326 0.764705882352941 0.7703081232493 10 2 60 2 58.551
0.977272727272727 1 0.954545454545455 0.997933884297521 0.85 0.836734693877551 0.862745098039216 0.943177270908363 1 3 60 2 58.551
0.977272727272727 1 0.954545454545455 0.995867768595041 0.86 0.795918367346939 0.92156862745098 0.947178871548619 2 3 60 2 58.551
1 1 1 1 0.73 0.755102040816326 0.705882352941177 0.760904361744698 NA 1 60 3 104.284
1 1 1 1 0.73 0.755102040816326 0.705882352941177 0.756302521008403 5 2 60 3 104.284
1 1 1 1 0.73 0.755102040816326 0.705882352941177 0.756302521008403 8 2 60 3 104.284
1 1 1 1 0.73 0.755102040816326 0.705882352941177 0.756302521008403 10 2 60 3 104.284
0.977272727272727 1 0.954545454545455 0.997933884297521 0.85 0.836734693877551 0.862745098039216 0.935574229691877 1 3 60 3 104.284
0.977272727272727 1 0.954545454545455 0.997933884297521 0.87 0.836734693877551 0.901960784313726 0.945978391356543 2 3 60 3 104.284
