0.886792452830189 0.891891891891892 0.882352941176471 0.962957074721781 0.8 0.76 0.84 0.8872 NA 1 88 1 255.846
0.930817610062893 0.959459459459459 0.905882352941176 0.980763116057234 0.89 0.94 0.84 0.962 5 2 88 1 255.846
0.924528301886792 0.945945945945946 0.905882352941176 0.980763116057234 0.88 0.92 0.84 0.9596 8 2 88 1 255.846
0.924528301886792 0.945945945945946 0.905882352941176 0.982352941176471 0.88 0.94 0.82 0.9596 10 2 88 1 255.846
0.893081761006289 0.905405405405405 0.882352941176471 0.961844197138315 0.82 0.8 0.84 0.8896 1 3 88 1 255.846
0.930817610062893 0.959459459459459 0.905882352941176 0.976629570747218 0.84 0.84 0.84 0.9168 2 3 88 1 255.846
0.893081761006289 0.891891891891892 0.894117647058824 0.963434022257552 0.79 0.74 0.84 0.8848 NA 1 88 2 213.034
0.930817610062893 0.959459459459459 0.905882352941176 0.98060413354531 0.89 0.94 0.84 0.9624 5 2 88 2 213.034
0.930817610062893 0.959459459459459 0.905882352941176 0.980763116057234 0.88 0.92 0.84 0.9592 8 2 88 2 213.034
0.924528301886792 0.945945945945946 0.905882352941176 0.982352941176471 0.89 0.94 0.84 0.9596 10 2 88 2 213.034
0.893081761006289 0.905405405405405 0.882352941176471 0.961844197138315 0.83 0.82 0.84 0.8892 1 3 88 2 213.034
0.937106918238994 0.959459459459459 0.917647058823529 0.976629570747218 0.84 0.84 0.84 0.9156 2 3 88 2 213.034
0.89937106918239 0.905405405405405 0.894117647058824 0.963434022257552 0.81 0.78 0.84 0.8864 NA 1 88 3 433.764
0.924528301886792 0.945945945945946 0.905882352941176 0.981399046104928 0.89 0.94 0.84 0.962 5 2 88 3 433.764
0.924528301886792 0.945945945945946 0.905882352941176 0.98060413354531 0.9 0.94 0.86 0.9612 8 2 88 3 433.764
0.924528301886792 0.945945945945946 0.905882352941176 0.982193958664547 0.88 0.94 0.82 0.9604 10 2 88 3 433.764
0.886792452830189 0.905405405405405 0.870588235294118 0.962798092209857 0.82 0.8 0.84 0.8852 1 3 88 3 433.764
0.930817610062893 0.959459459459459 0.905882352941176 0.975993640699523 0.84 0.84 0.84 0.9156 2 3 88 3 433.764
