0.85 0.833333333333333 0.866666666666667 0.913333333333333 0.79 0.8 0.781818181818182 0.899393939393939 NA 1 40 1 82.356
0.95 0.933333333333333 0.966666666666667 0.99 0.88 0.844444444444444 0.909090909090909 0.926060606060606 5 2 40 1 82.356
1 1 1 1 0.77 0.822222222222222 0.727272727272727 0.799191919191919 8 2 40 1 82.356
1 1 1 1 0.78 0.777777777777778 0.781818181818182 0.849494949494949 10 2 40 1 82.356
0.8 0.866666666666667 0.733333333333333 0.906666666666667 0.76 0.8 0.727272727272727 0.88 1 3 40 1 82.356
0.95 0.966666666666667 0.933333333333333 0.98 0.81 0.844444444444444 0.781818181818182 0.922020202020202 2 3 40 1 82.356
0.833333333333333 0.8 0.866666666666667 0.911111111111111 0.8 0.822222222222222 0.781818181818182 0.90020202020202 NA 1 40 2 88.857
0.95 0.933333333333333 0.966666666666667 0.99 0.87 0.844444444444444 0.890909090909091 0.926464646464647 5 2 40 2 88.857
1 1 1 1 0.85 0.866666666666667 0.836363636363636 0.880606060606061 8 2 40 2 88.857
1 1 1 1 0.77 0.8 0.745454545454545 0.835151515151515 10 2 40 2 88.857
0.8 0.866666666666667 0.733333333333333 0.907777777777778 0.77 0.822222222222222 0.727272727272727 0.88040404040404 1 3 40 2 88.857
0.95 0.966666666666667 0.933333333333333 0.981111111111111 0.81 0.844444444444444 0.781818181818182 0.925252525252525 2 3 40 2 88.857
0.85 0.833333333333333 0.866666666666667 0.913333333333333 0.81 0.822222222222222 0.8 0.898989898989899 NA 1 40 3 147.547
0.933333333333333 0.933333333333333 0.933333333333333 0.99 0.87 0.844444444444444 0.890909090909091 0.92 5 2 40 3 147.547
1 1 1 1 0.76 0.755555555555556 0.763636363636364 0.815353535353535 8 2 40 3 147.547
1 1 1 1 0.79 0.8 0.781818181818182 0.834343434343434 10 2 40 3 147.547
0.8 0.866666666666667 0.733333333333333 0.907777777777778 0.8 0.822222222222222 0.781818181818182 0.89010101010101 1 3 40 3 147.547
0.95 0.966666666666667 0.933333333333333 0.976666666666667 0.82 0.866666666666667 0.781818181818182 0.92 2 3 40 3 147.547
