0.840182648401826 0.859649122807018 0.819047619047619 0.929156223893066 0.87 0.826086956521739 0.907407407407407 0.933574879227053 NA 1 9 1 209.047
0.949771689497717 0.947368421052632 0.952380952380952 0.987218045112782 0.91 0.891304347826087 0.925925925925926 0.950080515297907 5 2 9 1 209.047
0.954337899543379 0.956140350877193 0.952380952380952 0.988471177944862 0.91 0.891304347826087 0.925925925925926 0.948872785829308 8 2 9 1 209.047
0.954337899543379 0.956140350877193 0.952380952380952 0.988638262322473 0.91 0.891304347826087 0.925925925925926 0.949275362318841 10 2 9 1 209.047
0.844748858447489 0.885964912280702 0.8 0.92890559732665 0.86 0.826086956521739 0.888888888888889 0.935990338164251 1 3 9 1 209.047
0.945205479452055 0.956140350877193 0.933333333333333 0.979281537176274 0.87 0.869565217391304 0.87037037037037 0.947665056360709 2 3 9 1 209.047
0.844748858447489 0.87719298245614 0.80952380952381 0.928571428571429 0.86 0.804347826086957 0.907407407407407 0.934380032206119 NA 1 9 2 163.564
0.949771689497717 0.947368421052632 0.952380952380952 0.987050960735171 0.91 0.891304347826087 0.925925925925926 0.951288244766506 5 2 9 2 163.564
0.954337899543379 0.956140350877193 0.952380952380952 0.988137009189641 0.91 0.891304347826087 0.925925925925926 0.950080515297907 8 2 9 2 163.564
0.954337899543379 0.956140350877193 0.952380952380952 0.988638262322473 0.91 0.891304347826087 0.925925925925926 0.950080515297907 10 2 9 2 163.564
0.844748858447489 0.885964912280702 0.8 0.928654970760234 0.86 0.847826086956522 0.87037037037037 0.934380032206119 1 3 9 2 163.564
0.945205479452055 0.956140350877193 0.933333333333333 0.979365079365079 0.87 0.869565217391304 0.87037037037037 0.948067632850242 2 3 9 2 163.564
0.844748858447489 0.859649122807018 0.828571428571429 0.929741019214703 0.88 0.847826086956522 0.907407407407407 0.932769726247987 NA 1 9 3 400.596
0.949771689497717 0.947368421052632 0.952380952380952 0.988471177944862 0.91 0.891304347826087 0.925925925925926 0.947262479871176 5 2 9 3 400.596
0.949771689497717 0.947368421052632 0.952380952380952 0.988638262322473 0.91 0.891304347826087 0.925925925925926 0.948872785829308 8 2 9 3 400.596
0.954337899543379 0.956140350877193 0.952380952380952 0.989306599832916 0.91 0.891304347826087 0.925925925925926 0.948067632850242 10 2 9 3 400.596
0.835616438356164 0.87719298245614 0.79047619047619 0.929573934837093 0.86 0.847826086956522 0.87037037037037 0.935185185185185 1 3 9 3 400.596
0.945205479452055 0.956140350877193 0.933333333333333 0.979197994987469 0.87 0.869565217391304 0.87037037037037 0.948470209339775 2 3 9 3 400.596
