0.868421052631579 0.857142857142857 0.878048780487805 0.917770034843206 0.81 0.86 0.76 0.9048 NA 1 76 1 109.301
1 1 1 1 0.79 0.72 0.86 0.8168 5 2 76 1 109.301
1 1 1 1 0.8 0.78 0.82 0.8252 8 2 76 1 109.301
1 1 1 1 0.67 0.62 0.72 0.7394 10 2 76 1 109.301
0.894736842105263 0.857142857142857 0.926829268292683 0.912891986062718 0.84 0.8 0.88 0.926 1 3 76 1 109.301
0.947368421052632 0.971428571428571 0.926829268292683 0.97979094076655 0.8 0.72 0.88 0.9344 2 3 76 1 109.301
0.868421052631579 0.857142857142857 0.878048780487805 0.920557491289199 0.79 0.82 0.76 0.9028 NA 1 76 2 99.303
1 1 1 1 0.81 0.74 0.88 0.8664 5 2 76 2 99.303
1 1 1 1 0.75 0.72 0.78 0.7908 8 2 76 2 99.303
0.986842105263158 1 0.975609756097561 0.982229965156794 0.7 0.66 0.74 0.7564 10 2 76 2 99.303
0.894736842105263 0.857142857142857 0.926829268292683 0.914982578397213 0.84 0.8 0.88 0.9224 1 3 76 2 99.303
0.947368421052632 0.971428571428571 0.926829268292683 0.980487804878049 0.8 0.72 0.88 0.934 2 3 76 2 99.303
0.868421052631579 0.857142857142857 0.878048780487805 0.916376306620209 0.79 0.84 0.74 0.8996 NA 1 76 3 208.068
0.986842105263158 0.971428571428571 1 1 0.79 0.7 0.88 0.851 5 2 76 3 208.068
1 1 1 1 0.74 0.72 0.76 0.8076 8 2 76 3 208.068
0.973684210526316 1 0.951219512195122 0.981184668989547 0.65 0.62 0.68 0.6924 10 2 76 3 208.068
0.881578947368421 0.828571428571429 0.926829268292683 0.91219512195122 0.86 0.84 0.88 0.926 1 3 76 3 208.068
0.934210526315789 0.942857142857143 0.926829268292683 0.981184668989547 0.81 0.74 0.88 0.9268 2 3 76 3 208.068
