0.830769230769231 0.840796019900497 0.82010582010582 0.913080102134828 0.78 0.760869565217391 0.796296296296296 0.814814814814815 NA 1 91 1 994.869
0.935897435897436 0.950248756218905 0.920634920634921 0.974518939693069 0.82 0.782608695652174 0.851851851851852 0.913848631239936 5 2 91 1 994.869
0.925641025641026 0.940298507462687 0.91005291005291 0.974545263102477 0.83 0.804347826086957 0.851851851851852 0.911030595813205 8 2 91 1 994.869
0.933333333333333 0.945273631840796 0.920634920634921 0.976493195398668 0.83 0.804347826086957 0.851851851851852 0.904991948470209 10 2 91 1 994.869
0.82051282051282 0.835820895522388 0.804232804232804 0.912606280765485 0.79 0.782608695652174 0.796296296296296 0.826489533011272 1 3 91 1 994.869
0.925641025641026 0.935323383084577 0.915343915343915 0.971307483745295 0.84 0.804347826086957 0.87037037037037 0.906199677938808 2 3 91 1 994.869
0.830769230769231 0.840796019900497 0.82010582010582 0.912895838268973 0.77 0.760869565217391 0.777777777777778 0.815619967793881 NA 1 91 2 836.348
0.930769230769231 0.945273631840796 0.915343915343915 0.974597909921293 0.82 0.782608695652174 0.851851851851852 0.913848631239936 5 2 91 2 836.348
0.925641025641026 0.940298507462687 0.91005291005291 0.974808497196557 0.83 0.804347826086957 0.851851851851852 0.910628019323672 8 2 91 2 836.348
0.930769230769231 0.940298507462687 0.920634920634921 0.9765984890363 0.83 0.804347826086957 0.851851851851852 0.904991948470209 10 2 91 2 836.348
0.82051282051282 0.840796019900497 0.798941798941799 0.911816578483245 0.79 0.782608695652174 0.796296296296296 0.826892109500805 1 3 91 2 836.348
0.925641025641026 0.935323383084577 0.915343915343915 0.971465424201743 0.84 0.804347826086957 0.87037037037037 0.908212560386473 2 3 91 2 836.348
0.835897435897436 0.845771144278607 0.825396825396825 0.9133170128195 0.78 0.760869565217391 0.796296296296296 0.813607085346216 NA 1 91 3 1522.737
0.935897435897436 0.950248756218905 0.920634920634921 0.974597909921293 0.83 0.804347826086957 0.851851851851852 0.914251207729469 5 2 91 3 1522.737
0.928205128205128 0.945273631840796 0.91005291005291 0.974597909921293 0.84 0.826086956521739 0.851851851851852 0.910628019323672 8 2 91 3 1522.737
0.930769230769231 0.945273631840796 0.915343915343915 0.976545842217484 0.83 0.804347826086957 0.851851851851852 0.905394524959742 10 2 91 3 1522.737
0.823076923076923 0.835820895522388 0.80952380952381 0.912474663718445 0.79 0.782608695652174 0.796296296296296 0.827697262479871 1 3 91 3 1522.737
0.928205128205128 0.935323383084577 0.920634920634921 0.971728658295822 0.83 0.782608695652174 0.87037037037037 0.90378421900161 2 3 91 3 1522.737
