0.806451612903226 0.818181818181818 0.793103448275862 0.901776384535005 0.84 0.787234042553192 0.886792452830189 0.888398233641108 NA 1 60 1 100.653
1 1 1 1 0.85 0.872340425531915 0.830188679245283 0.885186672019269 5 2 60 1 100.653
1 1 1 1 0.87 0.851063829787234 0.886792452830189 0.889602569249297 8 2 60 1 100.653
1 1 1 1 0.87 0.872340425531915 0.867924528301887 0.888799678843838 10 2 60 1 100.653
0.82258064516129 0.848484848484849 0.793103448275862 0.893416927899687 0.85 0.808510638297872 0.886792452830189 0.900843034925733 1 3 60 1 100.653
0.919354838709677 0.939393939393939 0.896551724137931 0.973876698014629 0.87 0.829787234042553 0.905660377358491 0.9313528703332 2 3 60 1 100.653
0.806451612903226 0.818181818181818 0.793103448275862 0.90073145245559 0.84 0.787234042553192 0.886792452830189 0.891609795262947 NA 1 60 2 97.06
1 1 1 1 0.86 0.872340425531915 0.849056603773585 0.880971497390606 5 2 60 2 97.06
1 1 1 1 0.87 0.872340425531915 0.867924528301887 0.881975110397431 8 2 60 2 97.06
1 1 1 1 0.89 0.851063829787234 0.924528301886792 0.90606182256122 10 2 60 2 97.06
0.82258064516129 0.848484848484849 0.793103448275862 0.891327063740857 0.84 0.808510638297872 0.867924528301887 0.898434363709354 1 3 60 2 97.06
0.919354838709677 0.939393939393939 0.896551724137931 0.973876698014629 0.87 0.829787234042553 0.905660377358491 0.936170212765957 2 3 60 2 97.06
0.806451612903226 0.818181818181818 0.793103448275862 0.90073145245559 0.84 0.787234042553192 0.886792452830189 0.88398233641108 NA 1 60 3 172.163
1 1 1 1 0.9 0.872340425531915 0.924528301886792 0.912083500602168 5 2 60 3 172.163
1 1 1 1 0.91 0.851063829787234 0.962264150943396 0.924929747089522 8 2 60 3 172.163
1 1 1 1 0.88 0.787234042553192 0.962264150943396 0.904656764351666 10 2 60 3 172.163
0.854838709677419 0.909090909090909 0.793103448275862 0.889237199582027 0.83 0.829787234042553 0.830188679245283 0.88358089120835 1 3 60 3 172.163
0.935483870967742 0.96969696969697 0.896551724137931 0.977011494252874 0.88 0.851063829787234 0.905660377358491 0.92974708952228 2 3 60 3 172.163
