0.904109589041096 0.916666666666667 0.891891891891892 0.943693693693694 0.85 0.772727272727273 0.910714285714286 0.872159090909091 NA 1 38 1 81.979
1 1 1 1 0.83 0.863636363636364 0.803571428571429 0.847402597402597 5 2 38 1 81.979
1 1 1 1 0.82 0.886363636363636 0.767857142857143 0.879464285714286 8 2 38 1 81.979
1 1 1 1 0.81 0.863636363636364 0.767857142857143 0.84862012987013 10 2 38 1 81.979
0.89041095890411 0.944444444444444 0.837837837837838 0.942942942942943 0.84 0.795454545454545 0.875 0.864853896103896 1 3 38 1 81.979
0.958904109589041 0.972222222222222 0.945945945945946 0.995495495495496 0.83 0.704545454545455 0.928571428571429 0.941964285714286 2 3 38 1 81.979
0.876712328767123 0.888888888888889 0.864864864864865 0.93993993993994 0.86 0.772727272727273 0.928571428571429 0.872159090909091 NA 1 38 2 97.814
0.972602739726027 1 0.945945945945946 0.976351351351351 0.81 0.909090909090909 0.732142857142857 0.848417207792208 5 2 38 2 97.814
0.986301369863014 1 0.972972972972973 0.98460960960961 0.82 0.863636363636364 0.785714285714286 0.851866883116883 8 2 38 2 97.814
1 1 1 1 0.8 0.840909090909091 0.767857142857143 0.836850649350649 10 2 38 2 97.814
0.89041095890411 0.944444444444444 0.837837837837838 0.936186186186186 0.82 0.772727272727273 0.857142857142857 0.867694805194805 1 3 38 2 97.814
0.972602739726027 0.972222222222222 0.972972972972973 0.996246246246246 0.82 0.681818181818182 0.928571428571429 0.939529220779221 2 3 38 2 97.814
0.876712328767123 0.888888888888889 0.864864864864865 0.941441441441441 0.86 0.772727272727273 0.928571428571429 0.872564935064935 NA 1 38 3 152.581
1 1 1 1 0.83 0.840909090909091 0.821428571428571 0.840300324675325 5 2 38 3 152.581
1 1 1 1 0.8 0.909090909090909 0.714285714285714 0.849025974025974 8 2 38 3 152.581
1 1 1 1 0.82 0.840909090909091 0.803571428571429 0.846590909090909 10 2 38 3 152.581
0.876712328767123 0.944444444444444 0.810810810810811 0.938438438438438 0.83 0.772727272727273 0.875 0.864448051948052 1 3 38 3 152.581
0.986301369863014 1 0.972972972972973 0.996996996996997 0.83 0.704545454545455 0.928571428571429 0.94237012987013 2 3 38 3 152.581
