0.865771812080537 0.884057971014493 0.85 0.928079710144928 0.83 0.829787234042553 0.830188679245283 0.918908069048575 NA 1 5 1 304.186
0.926174496644295 0.942028985507246 0.9125 0.978079710144928 0.92 0.893617021276596 0.943396226415094 0.965475712565235 5 2 5 1 304.186
0.939597315436242 0.956521739130435 0.925 0.983152173913044 0.92 0.914893617021277 0.924528301886792 0.960658370132477 8 2 5 1 304.186
0.946308724832215 0.942028985507246 0.95 0.990760869565217 0.88 0.829787234042553 0.924528301886792 0.946607788036933 10 2 5 1 304.186
0.879194630872483 0.898550724637681 0.8625 0.925724637681159 0.84 0.829787234042553 0.849056603773585 0.918908069048575 1 3 5 1 304.186
0.932885906040268 0.942028985507246 0.925 0.976449275362319 0.86 0.808510638297872 0.905660377358491 0.919710959454035 2 3 5 1 304.186
0.865771812080537 0.884057971014493 0.85 0.927898550724638 0.83 0.829787234042553 0.830188679245283 0.920513849859494 NA 1 5 2 203.42
0.926174496644295 0.942028985507246 0.9125 0.978442028985507 0.92 0.893617021276596 0.943396226415094 0.965475712565235 5 2 5 2 203.42
0.939597315436242 0.956521739130435 0.925 0.983514492753623 0.92 0.914893617021277 0.924528301886792 0.960256924929747 8 2 5 2 203.42
0.946308724832215 0.942028985507246 0.95 0.990942028985507 0.89 0.829787234042553 0.943396226415094 0.946607788036933 10 2 5 2 203.42
0.885906040268456 0.91304347826087 0.8625 0.92554347826087 0.82 0.808510638297872 0.830188679245283 0.921718185467684 1 3 5 2 203.42
0.932885906040268 0.942028985507246 0.925 0.976449275362319 0.87 0.829787234042553 0.905660377358491 0.921718185467684 2 3 5 2 203.42
0.865771812080537 0.884057971014493 0.85 0.928804347826087 0.83 0.829787234042553 0.830188679245283 0.916097952629466 NA 1 5 3 488.315
0.926174496644295 0.942028985507246 0.9125 0.977536231884058 0.92 0.893617021276596 0.943396226415094 0.965074267362505 5 2 5 3 488.315
0.932885906040268 0.956521739130435 0.9125 0.981521739130435 0.93 0.914893617021277 0.943396226415094 0.960256924929747 8 2 5 3 488.315
0.946308724832215 0.942028985507246 0.95 0.98768115942029 0.88 0.829787234042553 0.924528301886792 0.949016459253312 10 2 5 3 488.315
0.865771812080537 0.884057971014493 0.85 0.927355072463768 0.84 0.829787234042553 0.849056603773585 0.916499397832196 1 3 5 3 488.315
0.932885906040268 0.942028985507246 0.925 0.976268115942029 0.86 0.808510638297872 0.905660377358491 0.920915295062224 2 3 5 3 488.315
