1 1 1 1 0.77 0.763636363636364 0.777777777777778 0.807676767676768 NA 1 1 1 24.464
1 1 1 1 0.77 0.763636363636364 0.777777777777778 0.790707070707071 5 2 1 1 24.464
1 1 1 1 0.77 0.763636363636364 0.777777777777778 0.790707070707071 8 2 1 1 24.464
1 1 1 1 0.77 0.763636363636364 0.777777777777778 0.797777777777778 10 2 1 1 24.464
0.928571428571429 0.933333333333333 0.925925925925926 0.990123456790123 0.73 0.727272727272727 0.733333333333333 0.847272727272727 1 3 1 1 24.464
0.976190476190476 0.933333333333333 1 1 0.78 0.6 1 0.902626262626263 2 3 1 1 24.464
1 1 1 1 0.8 0.763636363636364 0.844444444444444 0.80040404040404 NA 1 1 2 30.318
1 1 1 1 0.79 0.745454545454545 0.844444444444444 0.792929292929293 5 2 1 2 30.318
1 1 1 1 0.79 0.745454545454545 0.844444444444444 0.792929292929293 8 2 1 2 30.318
1 1 1 1 0.79 0.745454545454545 0.844444444444444 0.793333333333333 10 2 1 2 30.318
0.952380952380952 0.933333333333333 0.962962962962963 0.987654320987654 0.73 0.727272727272727 0.733333333333333 0.846868686868687 1 3 1 2 30.318
0.976190476190476 0.933333333333333 1 1 0.79 0.618181818181818 1 0.902222222222222 2 3 1 2 30.318
1 1 1 1 0.79 0.636363636363636 0.977777777777778 0.815959595959596 NA 1 1 3 41.259
1 1 1 1 0.79 0.636363636363636 0.977777777777778 0.815959595959596 5 2 1 3 41.259
1 1 1 1 0.79 0.636363636363636 0.977777777777778 0.815959595959596 8 2 1 3 41.259
1 1 1 1 0.79 0.636363636363636 0.977777777777778 0.815959595959596 10 2 1 3 41.259
0.952380952380952 0.933333333333333 0.962962962962963 0.992592592592593 0.74 0.727272727272727 0.755555555555556 0.848888888888889 1 3 1 3 41.259
0.952380952380952 0.866666666666667 1 1 0.78 0.6 1 0.903434343434343 2 3 1 3 41.259
