0.884615384615385 0.941176470588235 0.777777777777778 0.916666666666667 0.84 0.96078431372549 0.714285714285714 0.937575030012005 NA 1 8 1 54.779
1 1 1 1 0.84 0.843137254901961 0.836734693877551 0.8609443777511 5 2 8 1 54.779
1 1 1 1 0.88 0.862745098039216 0.897959183673469 0.89155662264906 8 2 8 1 54.779
1 1 1 1 0.86 0.823529411764706 0.897959183673469 0.880352140856343 10 2 8 1 54.779
0.826923076923077 0.941176470588235 0.611111111111111 0.911764705882353 0.78 0.941176470588235 0.612244897959184 0.933973589435774 1 3 8 1 54.779
0.923076923076923 1 0.777777777777778 0.996732026143791 0.81 1 0.612244897959184 0.956382553021208 2 3 8 1 54.779
0.846153846153846 0.911764705882353 0.722222222222222 0.918300653594771 0.85 0.96078431372549 0.73469387755102 0.935974389755902 NA 1 8 2 74.145
1 1 1 1 0.84 0.784313725490196 0.897959183673469 0.83453381352541 5 2 8 2 74.145
1 1 1 1 0.86 0.823529411764706 0.897959183673469 0.879751900760304 8 2 8 2 74.145
1 1 1 1 0.84 0.843137254901961 0.836734693877551 0.870748299319728 10 2 8 2 74.145
0.826923076923077 0.941176470588235 0.611111111111111 0.901960784313726 0.74 0.941176470588235 0.530612244897959 0.948779511804722 1 3 8 2 74.145
0.923076923076923 1 0.777777777777778 1 0.79 0.980392156862745 0.591836734693878 0.947178871548619 2 3 8 2 74.145
0.846153846153846 0.911764705882353 0.722222222222222 0.919934640522876 0.86 0.96078431372549 0.755102040816326 0.939175670268107 NA 1 8 3 109.509
1 1 1 1 0.81 0.784313725490196 0.836734693877551 0.83313325330132 5 2 8 3 109.509
1 1 1 1 0.88 0.92156862745098 0.836734693877551 0.911164465786315 8 2 8 3 109.509
1 1 1 1 0.81 0.745098039215686 0.877551020408163 0.881952781112445 10 2 8 3 109.509
0.769230769230769 0.941176470588235 0.444444444444444 0.905228758169935 0.78 0.96078431372549 0.591836734693878 0.938375350140056 1 3 8 3 109.509
0.923076923076923 1 0.777777777777778 0.998366013071895 0.8 0.980392156862745 0.612244897959184 0.951180472188876 2 3 8 3 109.509
