0.870633893919793 0.881012658227848 0.85978835978836 0.93820909517112 0.83 0.872340425531915 0.792452830188679 0.920112404656764 NA 1 8 1 1673.15
0.941785252263907 0.946835443037975 0.936507936507937 0.983644765923247 0.91 0.936170212765957 0.886792452830189 0.964271376957045 5 2 8 1 1673.15
0.937904269081501 0.939240506329114 0.936507936507937 0.984281026053178 0.93 0.936170212765957 0.924528301886792 0.963869931754316 8 2 8 1 1673.15
0.943078913324709 0.946835443037975 0.939153439153439 0.98456901748041 0.93 0.936170212765957 0.924528301886792 0.962665596146126 10 2 8 1 1673.15
0.864165588615783 0.881012658227848 0.846560846560847 0.937392003214788 0.83 0.893617021276596 0.773584905660377 0.914492171818547 1 3 8 1 1673.15
0.943078913324709 0.951898734177215 0.933862433862434 0.984374790703905 0.91 0.936170212765957 0.886792452830189 0.955439582496989 2 3 8 1 1673.15
0.869340232858991 0.878481012658228 0.85978835978836 0.938088540620186 0.85 0.872340425531915 0.830188679245283 0.919710959454035 NA 1 8 2 1478.175
0.943078913324709 0.946835443037975 0.939153439153439 0.983658160873351 0.91 0.936170212765957 0.886792452830189 0.964271376957045 5 2 8 2 1478.175
0.939197930142303 0.941772151898734 0.936507936507937 0.984314513428437 0.93 0.936170212765957 0.924528301886792 0.964271376957045 8 2 8 2 1478.175
0.943078913324709 0.946835443037975 0.939153439153439 0.984522135155046 0.93 0.936170212765957 0.924528301886792 0.963067041348856 10 2 8 2 1478.175
0.862871927554981 0.878481012658228 0.846560846560847 0.937492465340567 0.84 0.893617021276596 0.792452830188679 0.913689281413087 1 3 8 2 1478.175
0.941785252263907 0.949367088607595 0.933862433862434 0.984341303328645 0.91 0.936170212765957 0.886792452830189 0.955038137294259 2 3 8 2 1478.175
0.866752910737387 0.878481012658228 0.854497354497355 0.938878842676311 0.84 0.893617021276596 0.792452830188679 0.922922521075873 NA 1 8 3 3005.246
0.941785252263907 0.946835443037975 0.936507936507937 0.98372513562387 0.92 0.936170212765957 0.905660377358491 0.964271376957045 5 2 8 3 3005.246
0.941785252263907 0.944303797468354 0.939153439153439 0.984341303328645 0.93 0.936170212765957 0.924528301886792 0.963869931754316 8 2 8 3 3005.246
0.943078913324709 0.946835443037975 0.939153439153439 0.984656084656085 0.92 0.936170212765957 0.905660377358491 0.963067041348856 10 2 8 3 3005.246
0.861578266494179 0.878481012658228 0.843915343915344 0.937807246668006 0.82 0.893617021276596 0.754716981132076 0.914090726615817 1 3 8 3 3005.246
0.946959896507115 0.951898734177215 0.941798941798942 0.984615899805773 0.91 0.936170212765957 0.886792452830189 0.952228020875151 2 3 8 3 3005.246
