0.865435356200528 0.888349514563107 0.838150289017341 0.936556484651215 0.81 0.840909090909091 0.785714285714286 0.907873376623377 NA 1 84 1 716.332
0.95778364116095 0.966019417475728 0.947976878612717 0.990571861496156 0.91 0.931818181818182 0.892857142857143 0.976866883116883 5 2 84 1 716.332
0.963060686015831 0.970873786407767 0.953757225433526 0.992816656378024 0.91 0.909090909090909 0.910714285714286 0.972808441558442 8 2 84 1 716.332
0.965699208443272 0.966019417475728 0.965317919075145 0.992928896122117 0.91 0.909090909090909 0.910714285714286 0.97362012987013 10 2 84 1 716.332
0.865435356200528 0.907766990291262 0.815028901734104 0.935462147146304 0.8 0.840909090909091 0.767857142857143 0.907873376623377 1 3 84 1 716.332
0.944591029023747 0.961165048543689 0.92485549132948 0.987485268533588 0.89 0.818181818181818 0.946428571428571 0.979707792207792 2 3 84 1 716.332
0.862796833773087 0.888349514563107 0.832369942196532 0.936247825354958 0.79 0.840909090909091 0.75 0.90625 NA 1 84 2 1062.457
0.95778364116095 0.966019417475728 0.947976878612717 0.990515741624109 0.91 0.931818181818182 0.892857142857143 0.978084415584416 5 2 84 2 1062.457
0.963060686015831 0.970873786407767 0.953757225433526 0.992816656378024 0.91 0.909090909090909 0.910714285714286 0.97362012987013 8 2 84 2 1062.457
0.963060686015831 0.966019417475728 0.959537572254335 0.992928896122117 0.91 0.909090909090909 0.910714285714286 0.974025974025974 10 2 84 2 1062.457
0.862796833773087 0.902912621359223 0.815028901734104 0.934620349065604 0.81 0.840909090909091 0.785714285714286 0.908279220779221 1 3 84 2 1062.457
0.941952506596306 0.956310679611651 0.92485549132948 0.987344968853471 0.89 0.818181818181818 0.946428571428571 0.979707792207792 2 3 84 2 1062.457
0.865435356200528 0.883495145631068 0.84393063583815 0.937257983051799 0.85 0.863636363636364 0.839285714285714 0.908685064935065 NA 1 84 3 1251.331
0.95778364116095 0.966019417475728 0.947976878612717 0.990627981368203 0.9 0.909090909090909 0.892857142857143 0.974837662337662 5 2 84 3 1251.331
0.96042216358839 0.966019417475728 0.953757225433526 0.992732476569953 0.9 0.909090909090909 0.892857142857143 0.972402597402597 8 2 84 3 1251.331
0.968337730870712 0.970873786407767 0.965317919075145 0.992844716314047 0.9 0.909090909090909 0.892857142857143 0.97362012987013 10 2 84 3 1251.331
0.862796833773087 0.902912621359223 0.815028901734104 0.935854986250631 0.79 0.818181818181818 0.767857142857143 0.904626623376623 1 3 84 3 1251.331
0.944591029023747 0.961165048543689 0.92485549132948 0.987429148661541 0.9 0.818181818181818 0.964285714285714 0.977678571428571 2 3 84 3 1251.331
