0.896396396396396 0.897435897435897 0.895238095238095 0.951078551078551 0.84 0.869565217391304 0.814814814814815 0.914251207729469 NA 1 7 1 252.079
0.936936936936937 0.948717948717949 0.923809523809524 0.983801383801384 0.91 0.91304347826087 0.907407407407407 0.976247987117552 5 2 7 1 252.079
0.941441441441441 0.957264957264957 0.923809523809524 0.984452584452584 0.9 0.891304347826087 0.907407407407407 0.973832528180354 8 2 7 1 252.079
0.941441441441441 0.957264957264957 0.923809523809524 0.984778184778185 0.9 0.891304347826087 0.907407407407407 0.973429951690821 10 2 7 1 252.079
0.891891891891892 0.905982905982906 0.876190476190476 0.950915750915751 0.83 0.869565217391304 0.796296296296296 0.912238325281803 1 3 7 1 252.079
0.936936936936937 0.965811965811966 0.904761904761905 0.977696377696378 0.87 0.891304347826087 0.851851851851852 0.938808373590982 2 3 7 1 252.079
0.882882882882883 0.888888888888889 0.876190476190476 0.95042735042735 0.84 0.869565217391304 0.814814814814815 0.915861513687601 NA 1 7 2 223.793
0.936936936936937 0.948717948717949 0.923809523809524 0.983882783882784 0.91 0.91304347826087 0.907407407407407 0.977053140096618 5 2 7 2 223.793
0.941441441441441 0.957264957264957 0.923809523809524 0.984615384615385 0.9 0.891304347826087 0.907407407407407 0.973832528180354 8 2 7 2 223.793
0.945945945945946 0.957264957264957 0.933333333333333 0.984778184778185 0.9 0.891304347826087 0.907407407407407 0.973429951690821 10 2 7 2 223.793
0.887387387387387 0.897435897435897 0.876190476190476 0.95042735042735 0.82 0.869565217391304 0.777777777777778 0.913848631239936 1 3 7 2 223.793
0.936936936936937 0.965811965811966 0.904761904761905 0.977777777777778 0.87 0.891304347826087 0.851851851851852 0.939210950080515 2 3 7 2 223.793
0.891891891891892 0.888888888888889 0.895238095238095 0.951729751729752 0.84 0.847826086956522 0.833333333333333 0.906602254428341 NA 1 7 3 464.139
0.936936936936937 0.948717948717949 0.923809523809524 0.983638583638584 0.91 0.91304347826087 0.907407407407407 0.976247987117552 5 2 7 3 464.139
0.941441441441441 0.957264957264957 0.923809523809524 0.984208384208384 0.9 0.891304347826087 0.907407407407407 0.97463768115942 8 2 7 3 464.139
0.941441441441441 0.957264957264957 0.923809523809524 0.984452584452584 0.9 0.891304347826087 0.907407407407407 0.97463768115942 10 2 7 3 464.139
0.896396396396396 0.914529914529915 0.876190476190476 0.952462352462352 0.82 0.869565217391304 0.777777777777778 0.907004830917874 1 3 7 3 464.139
0.936936936936937 0.965811965811966 0.904761904761905 0.977777777777778 0.87 0.869565217391304 0.87037037037037 0.937600644122383 2 3 7 3 464.139
