0.894736842105263 0.947368421052632 0.842105263157895 0.944598337950138 0.81 0.804878048780488 0.813559322033898 0.93633732947499 NA 1 46 1 37.076
1 1 1 1 0.89 0.829268292682927 0.932203389830508 0.885283174865647 5 2 46 1 37.076
1 1 1 1 0.74 0.829268292682927 0.677966101694915 0.761678379495659 8 2 46 1 37.076
1 1 1 1 0.83 0.75609756097561 0.88135593220339 0.876395204630012 10 2 46 1 37.076
0.894736842105263 1 0.789473684210526 0.950138504155125 0.77 0.951219512195122 0.644067796610169 0.943778420835056 1 3 46 1 37.076
0.947368421052632 1 0.894736842105263 0.941828254847645 0.81 0.878048780487805 0.76271186440678 0.946258784621745 2 3 46 1 37.076
0.894736842105263 0.947368421052632 0.842105263157895 0.944598337950138 0.83 0.829268292682927 0.830508474576271 0.934683753617197 NA 1 46 2 54.382
0.973684210526316 0.947368421052632 1 0.96814404432133 0.88 0.780487804878049 0.949152542372881 0.868747416287722 5 2 46 2 54.382
1 1 1 1 0.85 0.829268292682927 0.864406779661017 0.894171145101281 8 2 46 2 54.382
1 1 1 1 0.82 0.75609756097561 0.864406779661017 0.85593220338983 10 2 46 2 54.382
0.894736842105263 1 0.789473684210526 0.952908587257618 0.78 0.951219512195122 0.661016949152542 0.942538238941711 1 3 46 2 54.382
0.947368421052632 1 0.894736842105263 0.941828254847645 0.81 0.878048780487805 0.76271186440678 0.951219512195122 2 3 46 2 54.382
0.894736842105263 0.947368421052632 0.842105263157895 0.950138504155125 0.81 0.829268292682927 0.796610169491525 0.937164117403886 NA 1 46 3 60.495
1 1 1 1 0.85 0.829268292682927 0.864406779661017 0.846630839189748 5 2 46 3 60.495
1 1 1 1 0.85 0.829268292682927 0.864406779661017 0.9011988424969 8 2 46 3 60.495
1 1 1 1 0.76 0.829268292682927 0.711864406779661 0.776147168251343 10 2 46 3 60.495
0.894736842105263 1 0.789473684210526 0.952908587257618 0.76 0.951219512195122 0.627118644067797 0.943365026870608 1 3 46 3 60.495
0.947368421052632 1 0.894736842105263 0.941828254847645 0.81 0.878048780487805 0.76271186440678 0.944605208763952 2 3 46 3 60.495
