0.896103896103896 0.894736842105263 0.897435897435897 0.965249662618084 0.84 0.842105263157895 0.837209302325581 0.895144838841289 NA 1 36 1 297.119
0.948051948051948 0.960526315789474 0.935897435897436 0.988697705802969 0.91 0.912280701754386 0.906976744186046 0.964912280701754 5 2 36 1 297.119
0.961038961038961 0.960526315789474 0.961538461538462 0.99308367071525 0.91 0.912280701754386 0.906976744186046 0.967768257853937 8 2 36 1 297.119
0.967532467532468 0.960526315789474 0.974358974358974 0.993421052631579 0.9 0.894736842105263 0.906976744186046 0.966136270909833 10 2 36 1 297.119
0.88961038961039 0.894736842105263 0.884615384615385 0.963562753036437 0.84 0.859649122807018 0.813953488372093 0.895960832313341 1 3 36 1 297.119
0.948051948051948 0.947368421052632 0.948717948717949 0.990215924426451 0.82 0.789473684210526 0.86046511627907 0.937984496124031 2 3 36 1 297.119
0.902597402597403 0.907894736842105 0.897435897435897 0.965755735492578 0.85 0.859649122807018 0.837209302325581 0.896776825785394 NA 1 36 2 260.854
0.948051948051948 0.960526315789474 0.935897435897436 0.989372469635628 0.9 0.894736842105263 0.906976744186046 0.964504283965728 5 2 36 2 260.854
0.961038961038961 0.960526315789474 0.961538461538462 0.99308367071525 0.91 0.912280701754386 0.906976744186046 0.967360261117911 8 2 36 2 260.854
0.961038961038961 0.960526315789474 0.961538461538462 0.993421052631579 0.89 0.894736842105263 0.883720930232558 0.966544267645859 10 2 36 2 260.854
0.896103896103896 0.907894736842105 0.884615384615385 0.965080971659919 0.83 0.842105263157895 0.813953488372093 0.896368829049368 1 3 36 2 260.854
0.948051948051948 0.947368421052632 0.948717948717949 0.991059379217274 0.83 0.789473684210526 0.883720930232558 0.936352509179927 2 3 36 2 260.854
0.896103896103896 0.894736842105263 0.897435897435897 0.96474358974359 0.83 0.842105263157895 0.813953488372093 0.892696858425133 NA 1 36 3 476.36
0.948051948051948 0.960526315789474 0.935897435897436 0.988697705802969 0.91 0.912280701754386 0.906976744186046 0.964504283965728 5 2 36 3 476.36
0.967532467532468 0.960526315789474 0.974358974358974 0.993252361673414 0.91 0.912280701754386 0.906976744186046 0.967768257853937 8 2 36 3 476.36
0.967532467532468 0.960526315789474 0.974358974358974 0.993252361673414 0.9 0.894736842105263 0.906976744186046 0.968176254589963 10 2 36 3 476.36
0.896103896103896 0.894736842105263 0.897435897435897 0.963562753036437 0.83 0.842105263157895 0.813953488372093 0.888208894328845 1 3 36 3 476.36
0.948051948051948 0.947368421052632 0.948717948717949 0.989878542510121 0.85 0.842105263157895 0.86046511627907 0.936760505915953 2 3 36 3 476.36
