0.891402714932127 0.886792452830189 0.895652173913044 0.954963084495488 0.88 0.895833333333333 0.865384615384615 0.930689102564103 NA 1 83 1 424.262
0.972850678733032 0.962264150943396 0.982608695652174 0.99532403609516 0.92 0.895833333333333 0.942307692307692 0.973557692307692 5 2 83 1 424.262
0.972850678733032 0.962264150943396 0.982608695652174 0.996144380639869 0.91 0.875 0.942307692307692 0.971955128205128 8 2 83 1 424.262
0.972850678733032 0.962264150943396 0.982608695652174 0.996882690730107 0.91 0.875 0.942307692307692 0.973157051282051 10 2 83 1 424.262
0.886877828054299 0.905660377358491 0.869565217391304 0.953896636587367 0.86 0.895833333333333 0.826923076923077 0.92948717948718 1 3 83 1 424.262
0.945701357466063 0.933962264150943 0.956521739130435 0.989171452009844 0.91 0.875 0.942307692307692 0.957932692307692 2 3 83 1 424.262
0.895927601809955 0.886792452830189 0.904347826086957 0.954799015586546 0.89 0.916666666666667 0.865384615384615 0.931891025641026 NA 1 83 2 403.489
0.972850678733032 0.962264150943396 0.982608695652174 0.99532403609516 0.92 0.895833333333333 0.942307692307692 0.973958333333333 5 2 83 2 403.489
0.972850678733032 0.962264150943396 0.982608695652174 0.99630844954881 0.91 0.875 0.942307692307692 0.972355769230769 8 2 83 2 403.489
0.972850678733032 0.962264150943396 0.982608695652174 0.996800656275636 0.91 0.875 0.942307692307692 0.973557692307692 10 2 83 2 403.489
0.891402714932127 0.905660377358491 0.878260869565217 0.953814602132896 0.87 0.895833333333333 0.846153846153846 0.930288461538462 1 3 83 2 403.489
0.945701357466063 0.933962264150943 0.956521739130435 0.988925348646432 0.91 0.875 0.942307692307692 0.958333333333333 2 3 83 2 403.489
0.891402714932127 0.886792452830189 0.895652173913044 0.954552912223134 0.86 0.875 0.846153846153846 0.925080128205128 NA 1 83 3 754.737
0.972850678733032 0.962264150943396 0.982608695652174 0.995488105004102 0.92 0.895833333333333 0.942307692307692 0.974759615384615 5 2 83 3 754.737
0.972850678733032 0.962264150943396 0.982608695652174 0.99630844954881 0.91 0.875 0.942307692307692 0.970753205128205 8 2 83 3 754.737
0.97737556561086 0.971698113207547 0.982608695652174 0.99721082854799 0.91 0.875 0.942307692307692 0.973557692307692 10 2 83 3 754.737
0.877828054298643 0.89622641509434 0.860869565217391 0.9532403609516 0.86 0.895833333333333 0.826923076923077 0.927483974358974 1 3 83 3 754.737
0.945701357466063 0.933962264150943 0.956521739130435 0.989253486464315 0.9 0.854166666666667 0.942307692307692 0.958733974358974 2 3 83 3 754.737
