0.860557768924303 0.861979166666667 0.859078590785908 0.932432813911472 0.91 0.927272727272727 0.888888888888889 0.958383838383838 NA 1 86 1 1633.568
0.926958831341301 0.9375 0.915989159891599 0.981467366757001 0.91 0.890909090909091 0.933333333333333 0.977777777777778 5 2 86 1 1633.568
0.930942895086321 0.942708333333333 0.91869918699187 0.982123701445348 0.9 0.890909090909091 0.911111111111111 0.98020202020202 8 2 86 1 1633.568
0.933598937583001 0.9453125 0.921409214092141 0.982448340108401 0.9 0.890909090909091 0.911111111111111 0.979393939393939 10 2 86 1 1633.568
0.859229747675963 0.859375 0.859078590785908 0.932439871273713 0.9 0.927272727272727 0.866666666666667 0.956363636363636 1 3 86 1 1633.568
0.938911022576361 0.940104166666667 0.937669376693767 0.984000959801265 0.91 0.927272727272727 0.888888888888889 0.978181818181818 2 3 86 1 1633.568
0.860557768924303 0.861979166666667 0.859078590785908 0.932235207768744 0.9 0.927272727272727 0.866666666666667 0.96 NA 1 86 2 1701.868
0.926958831341301 0.9375 0.915989159891599 0.98144619467028 0.91 0.890909090909091 0.933333333333333 0.977777777777778 5 2 86 2 1701.868
0.930942895086321 0.942708333333333 0.91869918699187 0.982109586720867 0.9 0.890909090909091 0.911111111111111 0.979393939393939 8 2 86 2 1701.868
0.933598937583001 0.9453125 0.921409214092141 0.982441282746161 0.9 0.890909090909091 0.911111111111111 0.97979797979798 10 2 86 2 1701.868
0.859229747675963 0.859375 0.859078590785908 0.932305781391147 0.89 0.927272727272727 0.844444444444444 0.956767676767677 1 3 86 2 1701.868
0.937583001328021 0.9375 0.937669376693767 0.983916271454381 0.91 0.927272727272727 0.888888888888889 0.978181818181818 2 3 86 2 1701.868
0.860557768924303 0.861979166666667 0.859078590785908 0.932094060523939 0.91 0.927272727272727 0.888888888888889 0.955555555555555 NA 1 86 3 2911.839
0.928286852589641 0.940104166666667 0.915989159891599 0.981382678410117 0.91 0.890909090909091 0.933333333333333 0.978585858585859 5 2 86 3 2911.839
0.932270916334661 0.9453125 0.91869918699187 0.982067242547426 0.9 0.890909090909091 0.911111111111111 0.97979797979798 8 2 86 3 2911.839
0.932270916334661 0.942708333333333 0.921409214092141 0.982398938572719 0.9 0.890909090909091 0.911111111111111 0.979393939393939 10 2 86 3 2911.839
0.861885790172643 0.861979166666667 0.861788617886179 0.932439871273713 0.9 0.927272727272727 0.866666666666667 0.955555555555556 1 3 86 3 2911.839
0.937583001328021 0.9375 0.937669376693767 0.98438205736224 0.9 0.909090909090909 0.888888888888889 0.977373737373737 2 3 86 3 2911.839
