0.858310626702997 0.882051282051282 0.831395348837209 0.93458556946929 0.88 0.926829268292683 0.847457627118644 0.952046300124018 NA 1 55 1 346.093
0.942779291553134 0.938461538461538 0.947674418604651 0.981127012522361 0.95 0.951219512195122 0.949152542372881 0.98015708970649 5 2 55 1 346.093
0.942779291553134 0.948717948717949 0.936046511627907 0.984466308884914 0.96 0.951219512195122 0.966101694915254 0.980570483670938 8 2 55 1 346.093
0.94550408719346 0.953846153846154 0.936046511627907 0.985241502683363 0.95 0.951219512195122 0.949152542372881 0.978503513848698 10 2 55 1 346.093
0.85558583106267 0.876923076923077 0.831395348837209 0.935122242098986 0.87 0.902439024390244 0.847457627118644 0.952873088052914 1 3 55 1 346.093
0.926430517711172 0.933333333333333 0.918604651162791 0.980858676207513 0.93 0.951219512195122 0.915254237288136 0.960727573377429 2 3 55 1 346.093
0.863760217983651 0.892307692307692 0.831395348837209 0.934048896839595 0.88 0.926829268292683 0.847457627118644 0.953286482017363 NA 1 55 2 366.127
0.942779291553134 0.938461538461538 0.947674418604651 0.981007751937985 0.95 0.951219512195122 0.949152542372881 0.98015708970649 5 2 55 2 366.127
0.942779291553134 0.948717948717949 0.936046511627907 0.984317233154443 0.95 0.951219512195122 0.949152542372881 0.980983877635387 8 2 55 2 366.127
0.942779291553134 0.948717948717949 0.936046511627907 0.98515205724508 0.94 0.951219512195122 0.932203389830508 0.979743695742042 10 2 55 2 366.127
0.858310626702997 0.882051282051282 0.831395348837209 0.934436493738819 0.88 0.926829268292683 0.847457627118644 0.952459694088466 1 3 55 2 366.127
0.929155313351499 0.938461538461538 0.918604651162791 0.980858676207513 0.94 0.951219512195122 0.932203389830508 0.959900785448532 2 3 55 2 366.127
0.861035422343324 0.887179487179487 0.831395348837209 0.935658914728682 0.86 0.878048780487805 0.847457627118644 0.952873088052914 NA 1 55 3 601.086
0.942779291553134 0.938461538461538 0.947674418604651 0.981246273106738 0.96 0.951219512195122 0.966101694915254 0.98015708970649 5 2 55 3 601.086
0.942779291553134 0.943589743589744 0.941860465116279 0.984853905784138 0.95 0.951219512195122 0.949152542372881 0.979330301777594 8 2 55 3 601.086
0.942779291553134 0.948717948717949 0.936046511627907 0.985599284436494 0.94 0.951219512195122 0.932203389830508 0.979330301777594 10 2 55 3 601.086
0.858310626702997 0.887179487179487 0.825581395348837 0.936016696481813 0.88 0.926829268292683 0.847457627118644 0.951219512195122 1 3 55 3 601.086
0.929155313351499 0.938461538461538 0.918604651162791 0.981604054859869 0.93 0.951219512195122 0.915254237288136 0.961967755270773 2 3 55 3 601.086
