0.854860186418109 0.860655737704918 0.849350649350649 0.926981761407991 0.91 0.96078431372549 0.857142857142857 0.97719087635054 NA 1 93 1 1950.579
0.933422103861518 0.934426229508197 0.932467532467532 0.979313036690086 0.94 0.92156862745098 0.959183673469388 0.985994397759104 5 2 93 1 1950.579
0.934753661784288 0.934426229508197 0.935064935064935 0.981016251508055 0.95 0.941176470588235 0.959183673469388 0.987595038015206 8 2 93 1 1950.579
0.937416777629827 0.939890710382514 0.935064935064935 0.98091689731034 0.95 0.941176470588235 0.959183673469388 0.98719487795118 10 2 93 1 1950.579
0.856191744340879 0.866120218579235 0.846753246753247 0.9264707969626 0.91 0.96078431372549 0.857142857142857 0.975590236094438 1 3 93 1 1950.579
0.936085219707057 0.931693989071038 0.94025974025974 0.979412390887801 0.91 0.941176470588235 0.877551020408163 0.981592637054822 2 3 93 1 1950.579
0.856191744340879 0.863387978142076 0.849350649350649 0.927364984742034 0.91 0.96078431372549 0.857142857142857 0.976390556222489 NA 1 93 2 1628.625
0.933422103861518 0.934426229508197 0.932467532467532 0.97925626286282 0.94 0.92156862745098 0.959183673469388 0.985994397759104 5 2 93 2 1628.625
0.934753661784288 0.934426229508197 0.935064935064935 0.981009154779647 0.95 0.941176470588235 0.959183673469388 0.987995198079232 8 2 93 2 1628.625
0.938748335552597 0.939890710382514 0.937662337662338 0.98107302533532 0.95 0.941176470588235 0.959183673469388 0.987595038015206 10 2 93 2 1628.625
0.85352862849534 0.863387978142076 0.844155844155844 0.926903697395501 0.91 0.96078431372549 0.857142857142857 0.975190076030412 1 3 93 2 1628.625
0.934753661784288 0.92896174863388 0.94025974025974 0.979518841813924 0.9 0.941176470588235 0.857142857142857 0.980792316926771 2 3 93 2 1628.625
0.85352862849534 0.860655737704918 0.846753246753247 0.926158540912639 0.92 0.96078431372549 0.877551020408163 0.974789915966387 NA 1 93 3 3422.872
0.934753661784288 0.937158469945355 0.932467532467532 0.979398197430984 0.94 0.92156862745098 0.959183673469388 0.985594237695078 5 2 93 3 3422.872
0.934753661784288 0.934426229508197 0.935064935064935 0.98091689731034 0.95 0.941176470588235 0.959183673469388 0.987595038015206 8 2 93 3 3422.872
0.938748335552597 0.939890710382514 0.937662337662338 0.981207863175076 0.94 0.941176470588235 0.938775510204082 0.986394557823129 10 2 93 3 3422.872
0.85352862849534 0.863387978142076 0.844155844155844 0.925966929245618 0.91 0.96078431372549 0.857142857142857 0.975190076030412 1 3 93 3 3422.872
0.936085219707057 0.931693989071038 0.94025974025974 0.979185295578738 0.91 0.941176470588235 0.877551020408163 0.980792316926771 2 3 93 3 3422.872
