0.805429864253394 0.81651376146789 0.794642857142857 0.893102883355177 0.8 0.82258064516129 0.763157894736842 0.865025466893039 NA 1 43 1 360.824
0.923076923076923 0.926605504587156 0.919642857142857 0.987385321100917 0.85 0.870967741935484 0.815789473684211 0.941001697792869 5 2 43 1 360.824
0.936651583710407 0.944954128440367 0.928571428571429 0.98795871559633 0.86 0.887096774193548 0.815789473684211 0.941001697792869 8 2 43 1 360.824
0.932126696832579 0.935779816513762 0.928571428571429 0.988695937090432 0.85 0.870967741935484 0.815789473684211 0.941001697792869 10 2 43 1 360.824
0.81447963800905 0.834862385321101 0.794642857142857 0.894986893840105 0.79 0.82258064516129 0.736842105263158 0.864601018675722 1 3 43 1 360.824
0.882352941176471 0.871559633027523 0.892857142857143 0.9706749672346 0.81 0.82258064516129 0.789473684210526 0.896010186757216 2 3 43 1 360.824
0.886877828054299 0.899082568807339 0.875 0.953145478374836 0.87 0.870967741935484 0.868421052631579 0.896434634974533 NA 1 43 2 301.113
0.941176470588235 0.944954128440367 0.9375 0.986893840104849 0.87 0.903225806451613 0.815789473684211 0.93081494057725 5 2 43 2 301.113
0.950226244343891 0.944954128440367 0.955357142857143 0.988941677588467 0.86 0.887096774193548 0.815789473684211 0.933361629881154 8 2 43 2 301.113
0.95475113122172 0.944954128440367 0.964285714285714 0.988695937090432 0.86 0.887096774193548 0.815789473684211 0.933786078098472 10 2 43 2 301.113
0.891402714932127 0.917431192660551 0.866071428571429 0.953800786369594 0.87 0.870967741935484 0.868421052631579 0.894736842105263 1 3 43 2 301.113
0.963800904977376 0.954128440366973 0.973214285714286 0.988777850589777 0.88 0.887096774193548 0.868421052631579 0.91383701188455 2 3 43 2 301.113
0.891402714932127 0.917431192660551 0.866071428571429 0.952490170380079 0.87 0.870967741935484 0.868421052631579 0.897283531409168 NA 1 43 3 615.311
0.936651583710407 0.944954128440367 0.928571428571429 0.98673001310616 0.87 0.887096774193548 0.842105263157895 0.940152801358234 5 2 43 3 615.311
0.959276018099548 0.954128440366973 0.964285714285714 0.98795871559633 0.86 0.887096774193548 0.815789473684211 0.941850594227504 8 2 43 3 615.311
0.959276018099548 0.944954128440367 0.973214285714286 0.988286369593709 0.86 0.887096774193548 0.815789473684211 0.942699490662139 10 2 43 3 615.311
0.895927601809955 0.926605504587156 0.866071428571429 0.952735910878113 0.87 0.870967741935484 0.868421052631579 0.897707979626486 1 3 43 3 615.311
0.963800904977376 0.954128440366973 0.973214285714286 0.988040629095675 0.88 0.887096774193548 0.868421052631579 0.914261460101868 2 3 43 3 615.311
