0.862068965517241 0.841584158415842 0.877862595419847 0.923966442445771 0.91 0.893617021276596 0.924528301886792 0.955439582496989 NA 1 96 1 306.214
0.905172413793103 0.891089108910891 0.916030534351145 0.969994709394604 0.93 0.872340425531915 0.981132075471698 0.980730630268968 5 2 96 1 306.214
0.931034482758621 0.920792079207921 0.938931297709924 0.984203763887839 0.92 0.872340425531915 0.962264150943396 0.980329185066238 8 2 96 1 306.214
0.922413793103448 0.910891089108911 0.931297709923664 0.98828508805079 0.87 0.808510638297872 0.924528301886792 0.968285828984344 10 2 96 1 306.214
0.862068965517241 0.841584158415842 0.877862595419847 0.922152520595571 0.89 0.893617021276596 0.886792452830189 0.955038137294259 1 3 96 1 306.214
0.931034482758621 0.930693069306931 0.931297709923664 0.973698133172096 0.91 0.851063829787234 0.962264150943396 0.9771176234444 2 3 96 1 306.214
0.862068965517241 0.841584158415842 0.877862595419847 0.924495502985413 0.9 0.893617021276596 0.905660377358491 0.954636692091529 NA 1 96 2 235.406
0.905172413793103 0.891089108910891 0.916030534351145 0.970145869548787 0.93 0.872340425531915 0.981132075471698 0.979927739863509 5 2 96 2 235.406
0.931034482758621 0.920792079207921 0.938931297709924 0.983977023656564 0.91 0.851063829787234 0.962264150943396 0.981533520674428 8 2 96 2 235.406
0.922413793103448 0.910891089108911 0.931297709923664 0.988662988436248 0.88 0.808510638297872 0.943396226415094 0.968687274187073 10 2 96 2 235.406
0.862068965517241 0.841584158415842 0.877862595419847 0.921699040133021 0.89 0.893617021276596 0.886792452830189 0.955038137294259 1 3 96 2 235.406
0.931034482758621 0.930693069306931 0.931297709923664 0.973924873403371 0.9 0.829787234042553 0.962264150943396 0.97671617824167 2 3 96 2 235.406
0.866379310344828 0.851485148514851 0.877862595419847 0.924873403370871 0.9 0.872340425531915 0.924528301886792 0.95343235648334 NA 1 96 3 468.54
0.90948275862069 0.891089108910891 0.923664122137405 0.970448189857154 0.93 0.872340425531915 0.981132075471698 0.981132075471698 5 2 96 3 468.54
0.931034482758621 0.920792079207921 0.938931297709924 0.984581664273298 0.92 0.872340425531915 0.962264150943396 0.980730630268968 8 2 96 3 468.54
0.922413793103448 0.900990099009901 0.938931297709924 0.987680447434056 0.88 0.808510638297872 0.943396226415094 0.973504616619831 10 2 96 3 468.54
0.866379310344828 0.851485148514851 0.877862595419847 0.92343738190613 0.9 0.872340425531915 0.924528301886792 0.95343235648334 1 3 96 3 468.54
0.931034482758621 0.930693069306931 0.931297709923664 0.974227193711738 0.9 0.829787234042553 0.962264150943396 0.974708952228021 2 3 96 3 468.54
