0.815789473684211 0.841269841269841 0.784313725490196 0.914176781823841 0.86 0.92 0.8 0.9332 NA 1 80 1 400.572
0.903508771929825 0.912698412698413 0.892156862745098 0.971521942110177 0.9 0.94 0.86 0.9556 5 2 80 1 400.572
0.907894736842105 0.920634920634921 0.892156862745098 0.977357609710551 0.89 0.92 0.86 0.9464 8 2 80 1 400.572
0.912280701754386 0.920634920634921 0.901960784313726 0.977980080921257 0.89 0.92 0.86 0.948 10 2 80 1 400.572
0.815789473684211 0.841269841269841 0.784313725490196 0.915266106442577 0.86 0.92 0.8 0.9348 1 3 80 1 400.572
0.916666666666667 0.912698412698413 0.92156862745098 0.98155929038282 0.82 0.88 0.76 0.942 2 3 80 1 400.572
0.815789473684211 0.841269841269841 0.784313725490196 0.914332399626517 0.86 0.92 0.8 0.9344 NA 1 80 2 282.505
0.903508771929825 0.912698412698413 0.892156862745098 0.971366324307501 0.89 0.92 0.86 0.9576 5 2 80 2 282.505
0.916666666666667 0.920634920634921 0.911764705882353 0.977357609710551 0.89 0.92 0.86 0.948 8 2 80 2 282.505
0.912280701754386 0.920634920634921 0.901960784313726 0.978057889822596 0.89 0.92 0.86 0.9504 10 2 80 2 282.505
0.815789473684211 0.841269841269841 0.784313725490196 0.914799253034547 0.85 0.92 0.78 0.9344 1 3 80 2 282.505
0.921052631578947 0.920634920634921 0.92156862745098 0.981637099284158 0.81 0.88 0.74 0.9428 2 3 80 2 282.505
0.815789473684211 0.833333333333333 0.794117647058823 0.915266106442577 0.87 0.92 0.82 0.9304 NA 1 80 3 686.016
0.899122807017544 0.912698412698413 0.882352941176471 0.971444133208839 0.9 0.94 0.86 0.9548 5 2 80 3 686.016
0.903508771929825 0.920634920634921 0.882352941176471 0.977357609710551 0.88 0.92 0.84 0.9444 8 2 80 3 686.016
0.907894736842105 0.920634920634921 0.892156862745098 0.978213507625272 0.88 0.92 0.84 0.9448 10 2 80 3 686.016
0.820175438596491 0.841269841269841 0.794117647058823 0.915655150949269 0.87 0.92 0.82 0.934 1 3 80 3 686.016
0.921052631578947 0.920634920634921 0.92156862745098 0.981637099284158 0.84 0.88 0.8 0.9432 2 3 80 3 686.016
