0.864864864864865 0.891891891891892 0.837837837837838 0.961285609934259 0.85 0.769230769230769 0.9375 0.921875 NA 1 18 1 122.275
1 1 1 1 0.86 0.826923076923077 0.895833333333333 0.888221153846154 5 2 18 1 122.275
1 1 1 1 0.87 0.807692307692308 0.9375 0.887419871794872 8 2 18 1 122.275
1 1 1 1 0.85 0.75 0.958333333333333 0.860576923076923 10 2 18 1 122.275
0.851351351351351 0.891891891891892 0.810810810810811 0.954711468224982 0.8 0.75 0.854166666666667 0.901842948717949 1 3 18 1 122.275
0.932432432432432 0.945945945945946 0.918918918918919 0.986121256391527 0.85 0.788461538461538 0.916666666666667 0.955128205128205 2 3 18 1 122.275
0.864864864864865 0.891891891891892 0.837837837837838 0.962016070124178 0.85 0.769230769230769 0.9375 0.925080128205128 NA 1 18 2 130.823
1 1 1 1 0.85 0.769230769230769 0.9375 0.876201923076923 5 2 18 2 130.823
1 1 1 1 0.87 0.826923076923077 0.916666666666667 0.876201923076923 8 2 18 2 130.823
1 1 1 1 0.84 0.769230769230769 0.916666666666667 0.856971153846154 10 2 18 2 130.823
0.851351351351351 0.891891891891892 0.810810810810811 0.954711468224982 0.81 0.769230769230769 0.854166666666667 0.89823717948718 1 3 18 2 130.823
0.932432432432432 0.945945945945946 0.918918918918919 0.985390796201607 0.83 0.75 0.916666666666667 0.953926282051282 2 3 18 2 130.823
0.864864864864865 0.891891891891892 0.837837837837838 0.960555149744339 0.85 0.769230769230769 0.9375 0.923477564102564 NA 1 18 3 211.925
1 1 1 1 0.84 0.75 0.9375 0.921274038461538 5 2 18 3 211.925
1 1 1 1 0.85 0.788461538461538 0.916666666666667 0.858774038461538 8 2 18 3 211.925
1 1 1 1 0.76 0.653846153846154 0.875 0.802483974358974 10 2 18 3 211.925
0.864864864864865 0.918918918918919 0.810810810810811 0.956902848794741 0.81 0.75 0.875 0.901442307692308 1 3 18 3 211.925
0.932432432432432 0.945945945945946 0.918918918918919 0.984660336011687 0.85 0.788461538461538 0.916666666666667 0.953525641025641 2 3 18 3 211.925
