0.866666666666667 0.8 0.914285714285714 0.921142857142857 0.84 0.80327868852459 0.897435897435897 0.89281210592686 NA 1 88 1 62.641
0.916666666666667 0.92 0.914285714285714 0.982857142857143 0.83 0.819672131147541 0.846153846153846 0.927280369903321 5 2 88 1 62.641
0.983333333333333 0.96 1 0.996571428571429 0.66 0.655737704918033 0.666666666666667 0.686002522068096 8 2 88 1 62.641
1 1 1 1 0.77 0.721311475409836 0.846153846153846 0.807061790668348 10 2 88 1 62.641
0.9 0.84 0.942857142857143 0.92 0.82 0.786885245901639 0.871794871794872 0.89239176124422 1 3 88 1 62.641
0.933333333333333 0.88 0.971428571428571 0.974857142857143 0.74 0.688524590163934 0.82051282051282 0.886506935687264 2 3 88 1 62.641
0.866666666666667 0.8 0.914285714285714 0.925714285714286 0.83 0.80327868852459 0.871794871794872 0.894493484657419 NA 1 88 2 71.105
1 1 1 1 0.84 0.852459016393443 0.82051282051282 0.840058848255569 5 2 88 2 71.105
1 1 1 1 0.8 0.754098360655738 0.871794871794872 0.833333333333333 8 2 88 2 71.105
1 1 1 1 0.76 0.688524590163934 0.871794871794872 0.823245060949979 10 2 88 2 71.105
0.9 0.84 0.942857142857143 0.918857142857143 0.82 0.786885245901639 0.871794871794872 0.895754518705338 1 3 88 2 71.105
0.933333333333333 0.88 0.971428571428571 0.974857142857143 0.74 0.688524590163934 0.82051282051282 0.889449348465742 2 3 88 2 71.105
0.883333333333333 0.8 0.942857142857143 0.915428571428571 0.82 0.770491803278688 0.897435897435897 0.887347625052543 NA 1 88 3 104.759
1 1 1 1 0.81 0.836065573770492 0.769230769230769 0.82198402690206 5 2 88 3 104.759
1 1 1 1 0.82 0.786885245901639 0.871794871794872 0.832492643968054 8 2 88 3 104.759
1 1 1 1 0.78 0.721311475409836 0.871794871794872 0.836275746111812 10 2 88 3 104.759
0.866666666666667 0.84 0.885714285714286 0.924571428571429 0.82 0.786885245901639 0.871794871794872 0.886927280369903 1 3 88 3 104.759
0.933333333333333 0.88 0.971428571428571 0.977142857142857 0.73 0.672131147540984 0.82051282051282 0.883144178226145 2 3 88 3 104.759
