0.886363636363636 0.909090909090909 0.863636363636364 0.964876033057851 0.74 0.680851063829787 0.792452830188679 0.851063829787234 NA 1 41 1 47.985
1 1 1 1 0.84 0.787234042553192 0.886792452830189 0.88478522681654 5 2 41 1 47.985
1 1 1 1 0.8 0.723404255319149 0.867924528301887 0.835808912083501 8 2 41 1 47.985
1 1 1 1 0.8 0.787234042553192 0.811320754716981 0.795865114411883 10 2 41 1 47.985
0.886363636363636 0.909090909090909 0.863636363636364 0.958677685950413 0.77 0.702127659574468 0.830188679245283 0.83621035728623 1 3 41 1 47.985
0.909090909090909 0.954545454545455 0.863636363636364 0.981404958677686 0.77 0.723404255319149 0.811320754716981 0.875953432356483 2 3 41 1 47.985
0.886363636363636 0.909090909090909 0.863636363636364 0.966942148760331 0.75 0.680851063829787 0.811320754716981 0.856282617422722 NA 1 41 2 65.686
1 1 1 1 0.8 0.680851063829787 0.905660377358491 0.8129265355279 5 2 41 2 65.686
0.977272727272727 0.954545454545455 1 1 0.83 0.787234042553192 0.867924528301887 0.857085507828181 8 2 41 2 65.686
1 1 1 1 0.82 0.765957446808511 0.867924528301887 0.846647932557206 10 2 41 2 65.686
0.886363636363636 0.909090909090909 0.863636363636364 0.956611570247934 0.76 0.723404255319149 0.792452830188679 0.853071055800883 1 3 41 2 65.686
0.886363636363636 0.909090909090909 0.863636363636364 0.981404958677686 0.77 0.723404255319149 0.811320754716981 0.869931754315536 2 3 41 2 65.686
0.886363636363636 0.909090909090909 0.863636363636364 0.964876033057851 0.75 0.680851063829787 0.811320754716981 0.852669610598153 NA 1 41 3 92.246
1 1 1 1 0.87 0.851063829787234 0.886792452830189 0.905660377358491 5 2 41 3 92.246
1 1 1 1 0.84 0.723404255319149 0.943396226415094 0.830188679245283 8 2 41 3 92.246
1 1 1 1 0.82 0.765957446808511 0.867924528301887 0.847049377759936 10 2 41 3 92.246
0.886363636363636 0.909090909090909 0.863636363636364 0.960743801652893 0.76 0.723404255319149 0.792452830188679 0.849458048976315 1 3 41 3 92.246
0.909090909090909 0.954545454545455 0.863636363636364 0.985537190082645 0.77 0.723404255319149 0.811320754716981 0.865114411882778 2 3 41 3 92.246
