1 1 1 1 0.75 0.82 0.68 0.7944 NA 1 49 1 68.103
1 1 1 1 0.75 0.82 0.68 0.7964 5 2 49 1 68.103
1 1 1 1 0.75 0.82 0.68 0.7964 8 2 49 1 68.103
1 1 1 1 0.75 0.82 0.68 0.7964 10 2 49 1 68.103
1 1 1 1 0.75 0.8 0.7 0.8724 1 3 49 1 68.103
1 1 1 1 0.8 0.8 0.8 0.8804 2 3 49 1 68.103
1 1 1 1 0.75 0.82 0.68 0.7944 NA 1 49 2 82.044
1 1 1 1 0.75 0.82 0.68 0.7964 5 2 49 2 82.044
1 1 1 1 0.75 0.82 0.68 0.7964 8 2 49 2 82.044
1 1 1 1 0.75 0.82 0.68 0.7964 10 2 49 2 82.044
1 1 1 1 0.75 0.8 0.7 0.8712 1 3 49 2 82.044
1 1 1 1 0.8 0.8 0.8 0.8824 2 3 49 2 82.044
1 1 1 1 0.75 0.82 0.68 0.7916 NA 1 49 3 131.68
1 1 1 1 0.75 0.82 0.68 0.776 5 2 49 3 131.68
1 1 1 1 0.75 0.82 0.68 0.7764 8 2 49 3 131.68
1 1 1 1 0.75 0.82 0.68 0.7768 10 2 49 3 131.68
1 1 1 1 0.74 0.8 0.68 0.8724 1 3 49 3 131.68
1 1 1 1 0.77 0.78 0.76 0.8736 2 3 49 3 131.68
