0.9375 0.931034482758621 0.942857142857143 0.977339901477832 0.79 0.732142857142857 0.863636363636364 0.909496753246753 NA 1 87 1 56.537
1 1 1 1 0.68 0.660714285714286 0.704545454545455 0.708603896103896 5 2 87 1 56.537
1 1 1 1 0.78 0.75 0.818181818181818 0.793831168831169 8 2 87 1 56.537
1 1 1 1 0.76 0.821428571428571 0.681818181818182 0.758319805194805 10 2 87 1 56.537
0.9375 0.931034482758621 0.942857142857143 0.974384236453202 0.79 0.696428571428571 0.909090909090909 0.907467532467532 1 3 87 1 56.537
0.96875 0.96551724137931 0.971428571428571 0.993103448275862 0.83 0.803571428571429 0.863636363636364 0.905438311688312 2 3 87 1 56.537
0.9375 0.931034482758621 0.942857142857143 0.978325123152709 0.78 0.714285714285714 0.863636363636364 0.90625 NA 1 87 2 61.759
1 1 1 1 0.8 0.714285714285714 0.909090909090909 0.828530844155844 5 2 87 2 61.759
1 1 1 1 0.81 0.785714285714286 0.840909090909091 0.843547077922078 8 2 87 2 61.759
1 1 1 1 0.7 0.767857142857143 0.613636363636364 0.713474025974026 10 2 87 2 61.759
0.9375 0.931034482758621 0.942857142857143 0.975369458128079 0.82 0.732142857142857 0.931818181818182 0.905844155844156 1 3 87 2 61.759
0.96875 0.96551724137931 0.971428571428571 0.993103448275862 0.82 0.803571428571429 0.840909090909091 0.90625 2 3 87 2 61.759
0.9375 0.931034482758621 0.942857142857143 0.976354679802956 0.79 0.714285714285714 0.886363636363636 0.898133116883117 NA 1 87 3 86.526
1 1 1 1 0.79 0.839285714285714 0.727272727272727 0.823660714285714 5 2 87 3 86.526
1 1 1 1 0.76 0.714285714285714 0.818181818181818 0.825487012987013 8 2 87 3 86.526
1 1 1 1 0.74 0.696428571428571 0.795454545454545 0.82913961038961 10 2 87 3 86.526
0.953125 0.96551724137931 0.942857142857143 0.974384236453202 0.82 0.75 0.909090909090909 0.900974025974026 1 3 87 3 86.526
0.96875 0.96551724137931 0.971428571428571 0.993103448275862 0.8 0.767857142857143 0.840909090909091 0.890827922077922 2 3 87 3 86.526
