0.851851851851852 0.814814814814815 0.888888888888889 0.934156378600823 0.79 0.822222222222222 0.763636363636364 0.870707070707071 NA 1 29 1 95.402
1 1 1 1 0.86 0.822222222222222 0.890909090909091 0.881414141414141 5 2 29 1 95.402
1 1 1 1 0.86 0.822222222222222 0.890909090909091 0.89050505050505 8 2 29 1 95.402
0.981481481481482 0.962962962962963 1 0.973251028806584 0.81 0.777777777777778 0.836363636363636 0.857373737373737 10 2 29 1 95.402
0.833333333333333 0.851851851851852 0.814814814814815 0.925925925925926 0.8 0.822222222222222 0.781818181818182 0.871111111111111 1 3 29 1 95.402
0.981481481481482 0.962962962962963 1 0.993141289437586 0.82 0.822222222222222 0.818181818181818 0.921212121212121 2 3 29 1 95.402
0.851851851851852 0.814814814814815 0.888888888888889 0.935528120713306 0.79 0.822222222222222 0.763636363636364 0.870707070707071 NA 1 29 2 128.784
1 1 1 1 0.86 0.822222222222222 0.890909090909091 0.88 5 2 29 2 128.784
1 1 1 1 0.81 0.8 0.818181818181818 0.821414141414141 8 2 29 2 128.784
1 1 1 1 0.8 0.755555555555556 0.836363636363636 0.857373737373737 10 2 29 2 128.784
0.833333333333333 0.851851851851852 0.814814814814815 0.930041152263374 0.8 0.822222222222222 0.781818181818182 0.868686868686869 1 3 29 2 128.784
0.962962962962963 0.962962962962963 0.962962962962963 0.993141289437586 0.82 0.822222222222222 0.818181818181818 0.92040404040404 2 3 29 2 128.784
0.851851851851852 0.814814814814815 0.888888888888889 0.93278463648834 0.79 0.822222222222222 0.763636363636364 0.870707070707071 NA 1 29 3 163.019
1 1 1 1 0.82 0.8 0.836363636363636 0.846262626262626 5 2 29 3 163.019
1 1 1 1 0.82 0.822222222222222 0.818181818181818 0.871515151515151 8 2 29 3 163.019
1 1 1 1 0.8 0.822222222222222 0.781818181818182 0.824444444444444 10 2 29 3 163.019
0.833333333333333 0.851851851851852 0.814814814814815 0.928669410150892 0.8 0.822222222222222 0.781818181818182 0.871919191919192 1 3 29 3 163.019
0.962962962962963 0.925925925925926 1 0.993141289437586 0.83 0.822222222222222 0.836363636363636 0.917171717171717 2 3 29 3 163.019
