0.869688385269122 0.878306878306878 0.859756097560976 0.938411407923603 0.85 0.882352941176471 0.816326530612245 0.9343737494998 NA 1 28 1 617.14
0.932011331444759 0.931216931216931 0.932926829268293 0.97977158343012 0.9 0.92156862745098 0.877551020408163 0.97999199679872 5 2 28 1 617.14
0.949008498583569 0.947089947089947 0.951219512195122 0.984062459672216 0.91 0.92156862745098 0.897959183673469 0.983193277310924 8 2 28 1 617.14
0.943342776203966 0.941798941798942 0.945121951219512 0.984062459672216 0.91 0.941176470588235 0.877551020408163 0.982392957182873 10 2 28 1 617.14
0.858356940509915 0.862433862433862 0.853658536585366 0.93792747451284 0.84 0.862745098039216 0.816326530612245 0.934773909563826 1 3 28 1 617.14
0.940509915014164 0.952380952380952 0.926829268292683 0.984126984126984 0.88 0.862745098039216 0.897959183673469 0.963185274109644 2 3 28 1 617.14
0.872521246458923 0.878306878306878 0.865853658536585 0.938217834559298 0.86 0.901960784313726 0.816326530612245 0.934773909563826 NA 1 28 2 564.321
0.929178470254957 0.925925925925926 0.932926829268293 0.97977158343012 0.9 0.92156862745098 0.877551020408163 0.980392156862745 5 2 28 2 564.321
0.946175637393768 0.947089947089947 0.945121951219512 0.984030197444832 0.91 0.92156862745098 0.897959183673469 0.983993597438976 8 2 28 2 564.321
0.943342776203966 0.947089947089947 0.939024390243902 0.983933410762679 0.91 0.941176470588235 0.877551020408163 0.982392957182873 10 2 28 2 564.321
0.858356940509915 0.867724867724868 0.847560975609756 0.937798425603304 0.85 0.882352941176471 0.816326530612245 0.935574229691877 1 3 28 2 564.321
0.940509915014164 0.957671957671958 0.920731707317073 0.983062330623306 0.89 0.882352941176471 0.897959183673469 0.963585434173669 2 3 28 2 564.321
0.864022662889518 0.878306878306878 0.847560975609756 0.938282359014066 0.85 0.882352941176471 0.816326530612245 0.934773909563826 NA 1 28 3 1034.201
0.932011331444759 0.936507936507937 0.926829268292683 0.980320041295651 0.9 0.92156862745098 0.877551020408163 0.979191676670668 5 2 28 3 1034.201
0.949008498583569 0.947089947089947 0.951219512195122 0.984126984126984 0.9 0.92156862745098 0.877551020408163 0.981592637054822 8 2 28 3 1034.201
0.946175637393768 0.947089947089947 0.945121951219512 0.984707704219899 0.9 0.92156862745098 0.877551020408163 0.981992797118848 10 2 28 3 1034.201
0.861189801699717 0.862433862433862 0.859756097560976 0.937669376693767 0.84 0.882352941176471 0.795918367346939 0.932773109243697 1 3 28 3 1034.201
0.940509915014164 0.957671957671958 0.920731707317073 0.98486901535682 0.88 0.862745098039216 0.897959183673469 0.959983993597439 2 3 28 3 1034.201
