0.909090909090909 0.892857142857143 0.925925925925926 0.952380952380952 0.88 0.927272727272727 0.822222222222222 0.953131313131313 NA 1 84 1 76.043
1 1 1 1 0.91 0.909090909090909 0.911111111111111 0.921818181818182 5 2 84 1 76.043
1 1 1 1 0.88 0.890909090909091 0.866666666666667 0.891515151515151 8 2 84 1 76.043
1 1 1 1 0.79 0.745454545454545 0.844444444444444 0.88040404040404 10 2 84 1 76.043
0.854545454545454 0.892857142857143 0.814814814814815 0.955026455026455 0.88 0.927272727272727 0.822222222222222 0.951515151515152 1 3 84 1 76.043
0.981818181818182 0.964285714285714 1 0.998677248677249 0.88 0.909090909090909 0.844444444444444 0.95030303030303 2 3 84 1 76.043
0.909090909090909 0.892857142857143 0.925925925925926 0.952380952380952 0.88 0.927272727272727 0.822222222222222 0.955555555555556 NA 1 84 2 71.306
1 1 1 1 0.88 0.890909090909091 0.866666666666667 0.893535353535354 5 2 84 2 71.306
1 1 1 1 0.88 0.890909090909091 0.866666666666667 0.893535353535354 8 2 84 2 71.306
1 1 1 1 0.88 0.909090909090909 0.844444444444444 0.88989898989899 10 2 84 2 71.306
0.872727272727273 0.928571428571429 0.814814814814815 0.952380952380952 0.87 0.927272727272727 0.8 0.94989898989899 1 3 84 2 71.306
0.981818181818182 0.964285714285714 1 0.998677248677249 0.89 0.927272727272727 0.844444444444444 0.949090909090909 2 3 84 2 71.306
0.890909090909091 0.892857142857143 0.888888888888889 0.953703703703704 0.87 0.927272727272727 0.8 0.956363636363636 NA 1 84 3 129.148
1 1 1 1 0.9 0.909090909090909 0.888888888888889 0.919191919191919 5 2 84 3 129.148
1 1 1 1 0.9 0.909090909090909 0.888888888888889 0.928686868686869 8 2 84 3 129.148
0.981818181818182 0.964285714285714 1 1 0.83 0.854545454545454 0.8 0.842626262626263 10 2 84 3 129.148
0.872727272727273 0.892857142857143 0.851851851851852 0.955026455026455 0.87 0.927272727272727 0.8 0.956767676767677 1 3 84 3 129.148
0.963636363636364 0.928571428571429 1 1 0.91 0.963636363636364 0.844444444444444 0.951919191919192 2 3 84 3 129.148
