0.857142857142857 0.903225806451613 0.777777777777778 0.919354838709677 0.8 0.94 0.66 0.9096 NA 1 25 1 73.395
1 1 1 1 0.83 0.88 0.78 0.8776 5 2 25 1 73.395
1 1 1 1 0.88 0.94 0.82 0.89 8 2 25 1 73.395
1 1 1 1 0.88 0.92 0.84 0.9304 10 2 25 1 73.395
0.857142857142857 1 0.611111111111111 0.915770609318996 0.74 0.98 0.5 0.9064 1 3 25 1 73.395
0.938775510204082 0.967741935483871 0.888888888888889 0.989247311827957 0.78 0.9 0.66 0.936 2 3 25 1 73.395
0.857142857142857 0.903225806451613 0.777777777777778 0.915770609318996 0.8 0.94 0.66 0.9104 NA 1 25 2 89.246
1 1 1 1 0.84 0.88 0.8 0.8514 5 2 25 2 89.246
1 1 1 1 0.85 0.88 0.82 0.8638 8 2 25 2 89.246
1 1 1 1 0.85 0.88 0.82 0.9172 10 2 25 2 89.246
0.857142857142857 1 0.611111111111111 0.915770609318996 0.72 0.98 0.46 0.9088 1 3 25 2 89.246
0.938775510204082 0.967741935483871 0.888888888888889 0.987455197132616 0.8 0.92 0.68 0.9348 2 3 25 2 89.246
0.857142857142857 0.903225806451613 0.777777777777778 0.917562724014337 0.8 0.92 0.68 0.9076 NA 1 25 3 119.338
1 1 1 1 0.83 0.88 0.78 0.8486 5 2 25 3 119.338
1 1 1 1 0.74 0.86 0.62 0.7866 8 2 25 3 119.338
1 1 1 1 0.88 0.94 0.82 0.9096 10 2 25 3 119.338
0.857142857142857 1 0.611111111111111 0.915770609318996 0.73 0.96 0.5 0.9028 1 3 25 3 119.338
0.938775510204082 0.967741935483871 0.888888888888889 0.989247311827957 0.79 0.9 0.68 0.9368 2 3 25 3 119.338
