1 1 1 1 0.84 0.72 0.96 0.8496 NA 1 73 1 73.726
1 1 1 1 0.84 0.72 0.96 0.8496 5 2 73 1 73.726
1 1 1 1 0.84 0.72 0.96 0.8496 8 2 73 1 73.726
1 1 1 1 0.84 0.72 0.96 0.8496 10 2 73 1 73.726
0.950819672131147 0.958333333333333 0.945945945945946 0.996621621621622 0.89 0.86 0.92 0.9096 1 3 73 1 73.726
0.983606557377049 1 0.972972972972973 0.997747747747748 0.87 0.82 0.92 0.9652 2 3 73 1 73.726
1 1 1 1 0.84 0.72 0.96 0.8568 NA 1 73 2 96.826
1 1 1 1 0.84 0.72 0.96 0.8664 5 2 73 2 96.826
1 1 1 1 0.86 0.76 0.96 0.867 8 2 73 2 96.826
1 1 1 1 0.84 0.72 0.96 0.8568 10 2 73 2 96.826
0.967213114754098 0.958333333333333 0.972972972972973 0.997747747747748 0.88 0.82 0.94 0.912 1 3 73 2 96.826
0.983606557377049 1 0.972972972972973 0.998873873873874 0.86 0.8 0.92 0.964 2 3 73 2 96.826
1 1 1 1 0.85 0.74 0.96 0.8592 NA 1 73 3 133.026
1 1 1 1 0.85 0.74 0.96 0.8592 5 2 73 3 133.026
1 1 1 1 0.85 0.74 0.96 0.8592 8 2 73 3 133.026
1 1 1 1 0.85 0.74 0.96 0.8592 10 2 73 3 133.026
0.950819672131147 0.958333333333333 0.945945945945946 0.996621621621622 0.89 0.84 0.94 0.9112 1 3 73 3 133.026
0.983606557377049 1 0.972972972972973 0.998873873873874 0.87 0.82 0.92 0.9616 2 3 73 3 133.026
