0.85 0.857142857142857 0.842105263157895 0.927318295739348 0.77 0.685185185185185 0.869565217391304 0.830917874396135 NA 1 5 1 64.232
1 1 1 1 0.83 0.944444444444444 0.695652173913043 0.844202898550725 5 2 5 1 64.232
1 1 1 1 0.83 0.981481481481482 0.652173913043478 0.834541062801932 8 2 5 1 64.232
1 1 1 1 0.84 0.944444444444444 0.717391304347826 0.861513687600644 10 2 5 1 64.232
0.875 0.952380952380952 0.789473684210526 0.914786967418546 0.81 0.796296296296296 0.826086956521739 0.853059581320451 1 3 5 1 64.232
0.925 1 0.842105263157895 0.989974937343358 0.8 0.759259259259259 0.847826086956522 0.880837359098229 2 3 5 1 64.232
0.85 0.857142857142857 0.842105263157895 0.924812030075188 0.78 0.722222222222222 0.847826086956522 0.838566827697263 NA 1 5 2 55.413
1 1 1 1 0.82 0.925925925925926 0.695652173913043 0.826690821256039 5 2 5 2 55.413
1 1 1 1 0.83 0.962962962962963 0.673913043478261 0.828301127214171 8 2 5 2 55.413
1 1 1 1 0.83 0.962962962962963 0.673913043478261 0.839371980676328 10 2 5 2 55.413
0.825 0.904761904761905 0.736842105263158 0.919799498746867 0.81 0.796296296296296 0.826086956521739 0.861513687600644 1 3 5 2 55.413
0.925 1 0.842105263157895 0.989974937343358 0.8 0.759259259259259 0.847826086956522 0.884863123993559 2 3 5 2 55.413
0.825 0.80952380952381 0.842105263157895 0.919799498746867 0.76 0.666666666666667 0.869565217391304 0.825684380032206 NA 1 5 3 103.583
1 1 1 1 0.77 0.888888888888889 0.630434782608696 0.787037037037037 5 2 5 3 103.583
1 1 1 1 0.8 0.981481481481482 0.58695652173913 0.804951690821256 8 2 5 3 103.583
1 1 1 1 0.8 0.981481481481482 0.58695652173913 0.835950080515298 10 2 5 3 103.583
0.85 0.904761904761905 0.789473684210526 0.912280701754386 0.8 0.759259259259259 0.847826086956522 0.843800322061192 1 3 5 3 103.583
0.925 1 0.842105263157895 0.989974937343358 0.77 0.703703703703704 0.847826086956522 0.871980676328502 2 3 5 3 103.583
