0.881542699724518 0.865921787709497 0.896739130434783 0.954123147923245 0.82 0.883720930232558 0.771929824561403 0.918400652794778 NA 1 5 1 380.913
0.942148760330578 0.949720670391061 0.934782608695652 0.989464415836774 0.91 0.906976744186046 0.912280701754386 0.972664218686251 5 2 5 1 380.913
0.944903581267218 0.955307262569832 0.934782608695652 0.990284187515181 0.91 0.930232558139535 0.894736842105263 0.971032231742146 8 2 5 1 380.913
0.944903581267218 0.949720670391061 0.940217391304348 0.990861063881467 0.9 0.906976744186046 0.894736842105263 0.971848225214198 10 2 5 1 380.913
0.878787878787879 0.865921787709497 0.891304347826087 0.953121204760748 0.82 0.883720930232558 0.771929824561403 0.910240718074255 1 3 5 1 380.913
0.939393939393939 0.916201117318436 0.96195652173913 0.987126548457615 0.84 0.86046511627907 0.824561403508772 0.928192574459404 2 3 5 1 380.913
0.881542699724518 0.865921787709497 0.896739130434783 0.95391061452514 0.82 0.883720930232558 0.771929824561403 0.918400652794778 NA 1 5 2 371.413
0.942148760330578 0.949720670391061 0.934782608695652 0.989403692008744 0.91 0.906976744186046 0.912280701754386 0.972664218686251 5 2 5 2 371.413
0.942148760330578 0.949720670391061 0.934782608695652 0.990253825601166 0.91 0.930232558139535 0.894736842105263 0.971032231742146 8 2 5 2 371.413
0.944903581267218 0.949720670391061 0.940217391304348 0.990800340053437 0.92 0.930232558139535 0.912280701754386 0.972664218686251 10 2 5 2 371.413
0.87603305785124 0.865921787709497 0.885869565217391 0.953181928588778 0.82 0.883720930232558 0.771929824561403 0.909424724602203 1 3 5 2 371.413
0.939393939393939 0.916201117318436 0.96195652173913 0.987247996113675 0.85 0.883720930232558 0.824561403508772 0.928192574459404 2 3 5 2 371.413
0.884297520661157 0.877094972067039 0.891304347826087 0.954426767063396 0.82 0.883720930232558 0.771929824561403 0.915136678906569 NA 1 5 3 708.12
0.939393939393939 0.94413407821229 0.934782608695652 0.989525139664804 0.91 0.906976744186046 0.912280701754386 0.971848225214198 5 2 5 3 708.12
0.942148760330578 0.949720670391061 0.934782608695652 0.990102016031091 0.9 0.906976744186046 0.894736842105263 0.969400244798042 8 2 5 3 708.12
0.947658402203857 0.94413407821229 0.951086956521739 0.990861063881467 0.9 0.906976744186046 0.894736842105263 0.971032231742146 10 2 5 3 708.12
0.887052341597796 0.88268156424581 0.891304347826087 0.953455185814914 0.82 0.883720930232558 0.771929824561403 0.908200734394125 1 3 5 3 708.12
0.939393939393939 0.916201117318436 0.96195652173913 0.986883653145494 0.83 0.837209302325581 0.824561403508772 0.931456548347613 2 3 5 3 708.12
