0.826792963464141 0.849489795918367 0.801152737752161 0.922859201317415 0.82 0.822222222222222 0.818181818181818 0.926060606060606 NA 1 88 1 992.855
0.945872801082544 0.946428571428571 0.945244956772334 0.987186084808563 0.91 0.933333333333333 0.890909090909091 0.968888888888889 5 2 88 1 992.855
0.948579161028417 0.948979591836735 0.948126801152738 0.987928600835147 0.91 0.933333333333333 0.890909090909091 0.965656565656566 8 2 88 1 992.855
0.94722598105548 0.948979591836735 0.945244956772334 0.988031523848733 0.91 0.933333333333333 0.890909090909091 0.965252525252525 10 2 88 1 992.855
0.832205683355886 0.862244897959184 0.798270893371758 0.922359289537141 0.82 0.822222222222222 0.818181818181818 0.928484848484848 1 3 88 1 992.855
0.948579161028417 0.943877551020408 0.953890489913545 0.986605304946186 0.87 0.866666666666667 0.872727272727273 0.964848484848485 2 3 88 1 992.855
0.826792963464141 0.846938775510204 0.804034582132565 0.92293271775569 0.82 0.822222222222222 0.818181818181818 0.927676767676768 NA 1 88 2 628.615
0.94722598105548 0.946428571428571 0.948126801152738 0.987266952890666 0.91 0.933333333333333 0.890909090909091 0.968484848484849 5 2 88 2 628.615
0.94722598105548 0.946428571428571 0.948126801152738 0.987855084396871 0.91 0.933333333333333 0.890909090909091 0.965656565656566 8 2 88 2 628.615
0.94722598105548 0.948979591836735 0.945244956772334 0.988002117273422 0.91 0.933333333333333 0.890909090909091 0.965252525252525 10 2 88 2 628.615
0.833558863328823 0.857142857142857 0.806916426512968 0.922476915838381 0.82 0.822222222222222 0.818181818181818 0.93010101010101 1 3 88 2 628.615
0.945872801082544 0.938775510204082 0.953890489913545 0.986825854261013 0.87 0.866666666666667 0.872727272727273 0.963636363636364 2 3 88 2 628.615
0.826792963464141 0.844387755102041 0.806916426512968 0.923270893371758 0.82 0.822222222222222 0.818181818181818 0.927676767676768 NA 1 88 3 1636.807
0.94722598105548 0.946428571428571 0.948126801152738 0.986884667411633 0.9 0.933333333333333 0.872727272727273 0.968080808080808 5 2 88 3 1636.807
0.94722598105548 0.948979591836735 0.945244956772334 0.987774216314768 0.91 0.933333333333333 0.890909090909091 0.964848484848485 8 2 88 3 1636.807
0.944519621109608 0.948979591836735 0.939481268011527 0.988082985355526 0.91 0.933333333333333 0.890909090909091 0.965656565656566 10 2 88 3 1636.807
0.836265223274696 0.862244897959184 0.806916426512968 0.922646003646415 0.82 0.822222222222222 0.818181818181818 0.925656565656566 1 3 88 3 1636.807
0.945872801082544 0.936224489795918 0.956772334293948 0.986597953302358 0.87 0.866666666666667 0.872727272727273 0.962020202020202 2 3 88 3 1636.807
