0.861975642760487 0.862359550561798 0.861618798955614 0.940109132513862 0.88 0.895833333333333 0.865384615384615 0.956330128205128 NA 1 70 1 1811.159
0.916102841677943 0.918539325842697 0.913838120104439 0.978848241264998 0.92 0.916666666666667 0.923076923076923 0.98036858974359 5 2 70 1 1811.159
0.918809201623816 0.915730337078652 0.921671018276762 0.979390970164579 0.92 0.916666666666667 0.923076923076923 0.981169871794872 8 2 70 1 1811.159
0.921515561569689 0.921348314606742 0.921671018276762 0.979405638513216 0.92 0.916666666666667 0.923076923076923 0.981169871794872 10 2 70 1 1811.159
0.860622462787551 0.856741573033708 0.864229765013055 0.940182474257048 0.89 0.895833333333333 0.884615384615385 0.953525641025641 1 3 70 1 1811.159
0.916102841677943 0.907303370786517 0.924281984334204 0.978437527503154 0.93 0.9375 0.923076923076923 0.977964743589744 2 3 70 1 1811.159
0.86468200270636 0.867977528089888 0.861618798955614 0.940072461642268 0.88 0.895833333333333 0.865384615384615 0.954727564102564 NA 1 70 2 1788.296
0.916102841677943 0.918539325842697 0.913838120104439 0.978914248833866 0.92 0.916666666666667 0.923076923076923 0.98036858974359 5 2 70 2 1788.296
0.918809201623816 0.915730337078652 0.921671018276762 0.979398304338898 0.92 0.916666666666667 0.923076923076923 0.981169871794872 8 2 70 2 1788.296
0.921515561569689 0.921348314606742 0.921671018276762 0.979530319476633 0.92 0.916666666666667 0.923076923076923 0.981570512820513 10 2 70 2 1788.296
0.86468200270636 0.862359550561798 0.866840731070496 0.940189808431367 0.89 0.895833333333333 0.884615384615385 0.953926282051282 1 3 70 2 1788.296
0.91745602165088 0.907303370786517 0.926892950391645 0.977990142869716 0.93 0.9375 0.923076923076923 0.978365384615385 2 3 70 2 1788.296
0.861975642760487 0.862359550561798 0.861618798955614 0.93973508962361 0.88 0.895833333333333 0.865384615384615 0.955528846153846 NA 1 70 3 3236.531
0.91745602165088 0.918539325842697 0.91644908616188 0.978452195851791 0.92 0.916666666666667 0.923076923076923 0.981570512820513 5 2 70 3 3236.531
0.921515561569689 0.918539325842697 0.924281984334204 0.979214949980931 0.92 0.916666666666667 0.923076923076923 0.983573717948718 8 2 70 3 3236.531
0.922868741542625 0.918539325842697 0.926892950391645 0.979251620852524 0.92 0.916666666666667 0.923076923076923 0.983573717948718 10 2 70 3 3236.531
0.860622462787551 0.856741573033708 0.864229765013055 0.939815765541115 0.88 0.895833333333333 0.865384615384615 0.954326923076923 1 3 70 3 3236.531
0.916102841677943 0.904494382022472 0.926892950391645 0.978026813741309 0.93 0.9375 0.923076923076923 0.977564102564103 2 3 70 3 3236.531
