0.887417218543046 0.878378378378378 0.896103896103896 0.943488943488944 0.84 0.803571428571429 0.886363636363636 0.906655844155844 NA 1 53 1 215.778
0.927152317880795 0.918918918918919 0.935064935064935 0.967532467532468 0.89 0.857142857142857 0.931818181818182 0.964285714285714 5 2 53 1 215.778
0.940397350993378 0.959459459459459 0.922077922077922 0.97999297999298 0.88 0.839285714285714 0.931818181818182 0.951704545454545 8 2 53 1 215.778
0.933774834437086 0.932432432432432 0.935064935064935 0.981572481572482 0.88 0.839285714285714 0.931818181818182 0.954545454545455 10 2 53 1 215.778
0.894039735099338 0.918918918918919 0.87012987012987 0.942786942786943 0.82 0.803571428571429 0.840909090909091 0.914366883116883 1 3 53 1 215.778
0.907284768211921 0.905405405405405 0.909090909090909 0.97034047034047 0.85 0.803571428571429 0.909090909090909 0.930600649350649 2 3 53 1 215.778
0.887417218543046 0.878378378378378 0.896103896103896 0.943664443664444 0.84 0.803571428571429 0.886363636363636 0.907061688311688 NA 1 53 2 254.73
0.927152317880795 0.918918918918919 0.935064935064935 0.967532467532468 0.89 0.857142857142857 0.931818181818182 0.964691558441558 5 2 53 2 254.73
0.947019867549669 0.959459459459459 0.935064935064935 0.98034398034398 0.88 0.839285714285714 0.931818181818182 0.95413961038961 8 2 53 2 254.73
0.947019867549669 0.945945945945946 0.948051948051948 0.991751491751492 0.84 0.75 0.954545454545455 0.926948051948052 10 2 53 2 254.73
0.887417218543046 0.918918918918919 0.857142857142857 0.943137943137943 0.82 0.803571428571429 0.840909090909091 0.91599025974026 1 3 53 2 254.73
0.907284768211921 0.905405405405405 0.909090909090909 0.97016497016497 0.85 0.821428571428571 0.886363636363636 0.928977272727273 2 3 53 2 254.73
0.894039735099338 0.891891891891892 0.896103896103896 0.944190944190944 0.85 0.803571428571429 0.909090909090909 0.90625 NA 1 53 3 375.93
0.927152317880795 0.918918918918919 0.935064935064935 0.967356967356967 0.9 0.857142857142857 0.954545454545455 0.966314935064935 5 2 53 3 375.93
0.933774834437086 0.932432432432432 0.935064935064935 0.96998946998947 0.9 0.875 0.931818181818182 0.96875 8 2 53 3 375.93
0.933774834437086 0.932432432432432 0.935064935064935 0.987363987363987 0.85 0.803571428571429 0.909090909090909 0.948863636363636 10 2 53 3 375.93
0.887417218543046 0.905405405405405 0.87012987012987 0.941909441909442 0.82 0.803571428571429 0.840909090909091 0.910308441558442 1 3 53 3 375.93
0.907284768211921 0.905405405405405 0.909090909090909 0.97051597051597 0.84 0.803571428571429 0.886363636363636 0.927353896103896 2 3 53 3 375.93
