0.894736842105263 0.864864864864865 0.923076923076923 0.969507969507969 0.87 0.775510204081633 0.96078431372549 0.923569427771108 NA 1 65 1 81.06
0.947368421052632 0.945945945945946 0.948717948717949 0.99029799029799 0.87 0.836734693877551 0.901960784313726 0.943977591036415 5 2 65 1 81.06
1 1 1 1 0.82 0.816326530612245 0.823529411764706 0.840736294517807 8 2 65 1 81.06
1 1 1 1 0.82 0.775510204081633 0.862745098039216 0.850740296118447 10 2 65 1 81.06
0.855263157894737 0.864864864864865 0.846153846153846 0.964656964656965 0.86 0.795918367346939 0.92156862745098 0.918367346938776 1 3 65 1 81.06
0.960526315789474 0.945945945945946 0.974358974358974 0.995841995841996 0.85 0.755102040816326 0.941176470588235 0.938775510204082 2 3 65 1 81.06
0.894736842105263 0.864864864864865 0.923076923076923 0.971586971586972 0.85 0.73469387755102 0.96078431372549 0.919967987194878 NA 1 65 2 77.501
0.960526315789474 0.945945945945946 0.974358974358974 0.993762993762994 0.88 0.836734693877551 0.92156862745098 0.951580632252901 5 2 65 2 77.501
1 1 1 1 0.81 0.775510204081633 0.843137254901961 0.818727490996399 8 2 65 2 77.501
1 1 1 1 0.89 0.918367346938776 0.862745098039216 0.928571428571429 10 2 65 2 77.501
0.868421052631579 0.891891891891892 0.846153846153846 0.966735966735967 0.86 0.795918367346939 0.92156862745098 0.914365746298519 1 3 65 2 77.501
0.973684210526316 0.972972972972973 0.974358974358974 0.995148995148995 0.84 0.755102040816326 0.92156862745098 0.92797118847539 2 3 65 2 77.501
0.894736842105263 0.864864864864865 0.923076923076923 0.972279972279972 0.84 0.714285714285714 0.96078431372549 0.918367346938776 NA 1 65 3 152.55
0.973684210526316 0.972972972972973 0.974358974358974 0.984753984753985 0.81 0.755102040816326 0.862745098039216 0.812324929971989 5 2 65 3 152.55
1 1 1 1 0.9 0.897959183673469 0.901960784313726 0.937174869947979 8 2 65 3 152.55
1 1 1 1 0.8 0.795918367346939 0.803921568627451 0.827931172468988 10 2 65 3 152.55
0.881578947368421 0.918918918918919 0.846153846153846 0.968814968814969 0.85 0.775510204081633 0.92156862745098 0.913565426170468 1 3 65 3 152.55
0.960526315789474 0.972972972972973 0.948717948717949 0.993762993762994 0.86 0.795918367346939 0.92156862745098 0.931172468987595 2 3 65 3 152.55
