0.952380952380952 0.971428571428571 0.928571428571429 0.990816326530612 0.85 0.851063829787234 0.849056603773585 0.949016459253312 NA 1 12 1 61.16
1 1 1 1 0.89 0.872340425531915 0.905660377358491 0.910076274588519 5 2 12 1 61.16
1 1 1 1 0.9 0.872340425531915 0.924528301886792 0.912284223203533 8 2 12 1 61.16
1 1 1 1 0.9 0.872340425531915 0.924528301886792 0.911682055399438 10 2 12 1 61.16
0.936507936507937 0.971428571428571 0.892857142857143 0.98469387755102 0.83 0.851063829787234 0.811320754716981 0.939783219590526 1 3 12 1 61.16
0.968253968253968 0.971428571428571 0.964285714285714 0.994897959183674 0.85 0.978723404255319 0.735849056603774 0.944600562023284 2 3 12 1 61.16
0.952380952380952 0.971428571428571 0.928571428571429 0.989795918367347 0.89 0.914893617021277 0.867924528301887 0.95343235648334 NA 1 12 2 80.116
1 1 1 1 0.9 0.829787234042553 0.962264150943396 0.913287836210357 5 2 12 2 80.116
1 1 1 1 0.92 0.893617021276596 0.943396226415094 0.933761541549578 8 2 12 2 80.116
1 1 1 1 0.86 0.893617021276596 0.830188679245283 0.893617021276596 10 2 12 2 80.116
0.904761904761905 0.942857142857143 0.857142857142857 0.98469387755102 0.85 0.851063829787234 0.849056603773585 0.947410678442393 1 3 12 2 80.116
0.968253968253968 0.971428571428571 0.964285714285714 0.994897959183674 0.86 0.978723404255319 0.754716981132076 0.95383380168607 2 3 12 2 80.116
0.952380952380952 0.971428571428571 0.928571428571429 0.991836734693878 0.86 0.872340425531915 0.849056603773585 0.9542352468888 NA 1 12 3 120.728
1 1 1 1 0.93 0.914893617021277 0.943396226415094 0.936170212765957 5 2 12 3 120.728
1 1 1 1 0.93 0.914893617021277 0.943396226415094 0.926936973103171 8 2 12 3 120.728
1 1 1 1 0.92 0.893617021276596 0.943396226415094 0.950220794861501 10 2 12 3 120.728
0.920634920634921 0.971428571428571 0.857142857142857 0.985714285714286 0.85 0.851063829787234 0.849056603773585 0.947009233239663 1 3 12 3 120.728
0.968253968253968 0.971428571428571 0.964285714285714 0.994897959183674 0.86 0.978723404255319 0.754716981132076 0.95343235648334 2 3 12 3 120.728
