0.873239436619718 0.891891891891892 0.852941176470588 0.971383147853736 0.91 0.893617021276596 0.924528301886792 0.934162986752308 NA 1 73 1 182.041
1 1 1 1 0.86 0.872340425531915 0.849056603773585 0.876555600160578 5 2 73 1 182.041
1 1 1 1 0.88 0.808510638297872 0.943396226415094 0.88317944600562 8 2 73 1 182.041
1 1 1 1 0.9 0.872340425531915 0.924528301886792 0.903251706142112 10 2 73 1 182.041
0.859154929577465 0.918918918918919 0.794117647058823 0.968998410174881 0.91 0.893617021276596 0.924528301886792 0.938177438779607 1 3 73 1 182.041
0.915492957746479 0.891891891891892 0.941176470588235 0.978537360890302 0.82 0.680851063829787 0.943396226415094 0.959052589321558 2 3 73 1 182.041
0.873239436619718 0.891891891891892 0.852941176470588 0.972178060413355 0.9 0.872340425531915 0.924528301886792 0.93095142513047 NA 1 73 2 174.978
1 1 1 1 0.86 0.765957446808511 0.943396226415094 0.853472501003613 5 2 73 2 174.978
1 1 1 1 0.87 0.787234042553192 0.943396226415094 0.864110798875953 8 2 73 2 174.978
1 1 1 1 0.87 0.787234042553192 0.943396226415094 0.874146928944199 10 2 73 2 174.978
0.873239436619718 0.918918918918919 0.823529411764706 0.968203497615262 0.91 0.893617021276596 0.924528301886792 0.936571657968687 1 3 73 2 174.978
0.915492957746479 0.891891891891892 0.941176470588235 0.978537360890302 0.82 0.680851063829787 0.943396226415094 0.959454034524287 2 3 73 2 174.978
0.873239436619718 0.891891891891892 0.852941176470588 0.969793322734499 0.92 0.872340425531915 0.962264150943396 0.933761541549578 NA 1 73 3 286.234
0.971830985915493 0.972972972972973 0.970588235294118 0.996025437201908 0.85 0.851063829787234 0.849056603773585 0.865315134484143 5 2 73 3 286.234
1 1 1 1 0.84 0.808510638297872 0.867924528301887 0.868125250903252 8 2 73 3 286.234
1 1 1 1 0.9 0.872340425531915 0.924528301886792 0.91790445604175 10 2 73 3 286.234
0.901408450704225 0.945945945945946 0.852941176470588 0.965023847376789 0.9 0.893617021276596 0.905660377358491 0.941790445604175 1 3 73 3 286.234
0.915492957746479 0.891891891891892 0.941176470588235 0.978537360890302 0.84 0.702127659574468 0.962264150943396 0.958249698916098 2 3 73 3 286.234
