1 1 1 1 0.8 0.767441860465116 0.824561403508772 0.793961648306813 NA 1 71 1 114.648
1 1 1 1 0.8 0.767441860465116 0.824561403508772 0.793961648306813 5 2 71 1 114.648
1 1 1 1 0.8 0.767441860465116 0.824561403508772 0.793961648306813 8 2 71 1 114.648
1 1 1 1 0.8 0.767441860465116 0.824561403508772 0.793961648306813 10 2 71 1 114.648
0.902439024390244 0.952380952380952 0.85 0.980952380952381 0.79 0.837209302325581 0.754385964912281 0.927784577723378 1 3 71 1 114.648
0.975609756097561 1 0.95 0.997619047619048 0.86 0.813953488372093 0.894736842105263 0.934720522235822 2 3 71 1 114.648
1 1 1 1 0.8 0.767441860465116 0.824561403508772 0.796001631986944 NA 1 71 2 142.508
1 1 1 1 0.8 0.767441860465116 0.824561403508772 0.796001631986944 5 2 71 2 142.508
1 1 1 1 0.8 0.767441860465116 0.824561403508772 0.796001631986944 8 2 71 2 142.508
1 1 1 1 0.8 0.767441860465116 0.824561403508772 0.796001631986944 10 2 71 2 142.508
0.853658536585366 0.952380952380952 0.75 0.983333333333333 0.78 0.837209302325581 0.736842105263158 0.929008567931457 1 3 71 2 142.508
0.975609756097561 1 0.95 0.997619047619048 0.86 0.813953488372093 0.894736842105263 0.938800489596083 2 3 71 2 142.508
1 1 1 1 0.77 0.744186046511628 0.789473684210526 0.778457772337821 NA 1 71 3 172.098
1 1 1 1 0.77 0.744186046511628 0.789473684210526 0.778457772337821 5 2 71 3 172.098
1 1 1 1 0.77 0.744186046511628 0.789473684210526 0.778457772337821 8 2 71 3 172.098
1 1 1 1 0.77 0.744186046511628 0.789473684210526 0.778457772337821 10 2 71 3 172.098
0.878048780487805 0.952380952380952 0.8 0.978571428571429 0.79 0.790697674418605 0.789473684210526 0.915136678906569 1 3 71 3 172.098
0.975609756097561 1 0.95 0.997619047619048 0.87 0.837209302325581 0.894736842105263 0.933088535291718 2 3 71 3 172.098
