0.832558139534884 0.844036697247706 0.820754716981132 0.901592522070279 0.87 0.830188679245283 0.914893617021277 0.908470493777599 NA 1 3 1 256.204
0.902325581395349 0.889908256880734 0.915094339622642 0.967630257919335 0.9 0.924528301886792 0.872340425531915 0.97591328783621 5 2 3 1 256.204
0.906976744186046 0.889908256880734 0.924528301886792 0.968409208931972 0.9 0.924528301886792 0.872340425531915 0.97591328783621 8 2 3 1 256.204
0.906976744186046 0.889908256880734 0.924528301886792 0.968841959494547 0.9 0.924528301886792 0.872340425531915 0.975511842633481 10 2 3 1 256.204
0.804651162790698 0.834862385321101 0.773584905660377 0.898476718019734 0.87 0.849056603773585 0.893617021276596 0.910879164993978 1 3 3 1 256.204
0.902325581395349 0.908256880733945 0.89622641509434 0.967457157694305 0.92 0.924528301886792 0.914893617021277 0.971497390606182 2 3 3 1 256.204
0.827906976744186 0.844036697247706 0.811320754716981 0.901332871732733 0.86 0.830188679245283 0.893617021276596 0.908871938980329 NA 1 3 2 279.866
0.902325581395349 0.889908256880734 0.915094339622642 0.968149558594426 0.9 0.924528301886792 0.872340425531915 0.97631473303894 5 2 3 2 279.866
0.92093023255814 0.908256880733945 0.933962264150943 0.969188159944608 0.91 0.924528301886792 0.893617021276596 0.975511842633481 8 2 3 2 279.866
0.916279069767442 0.899082568807339 0.933962264150943 0.968755409382032 0.9 0.924528301886792 0.872340425531915 0.975511842633481 10 2 3 2 279.866
0.804651162790698 0.834862385321101 0.773584905660377 0.898217067682188 0.87 0.849056603773585 0.893617021276596 0.910477719791249 1 3 3 2 279.866
0.902325581395349 0.908256880733945 0.89622641509434 0.967110957244244 0.92 0.924528301886792 0.914893617021277 0.971898835808912 2 3 3 2 279.866
0.832558139534884 0.844036697247706 0.820754716981132 0.900813571057642 0.87 0.830188679245283 0.914893617021277 0.905660377358491 NA 1 3 3 458.151
0.902325581395349 0.889908256880734 0.915094339622642 0.968495759044487 0.91 0.924528301886792 0.893617021276596 0.97751906864713 5 2 3 3 458.151
0.92093023255814 0.908256880733945 0.933962264150943 0.968668859269517 0.91 0.924528301886792 0.893617021276596 0.97671617824167 8 2 3 3 458.151
0.916279069767442 0.899082568807339 0.933962264150943 0.968668859269517 0.91 0.924528301886792 0.893617021276596 0.97631473303894 10 2 3 3 458.151
0.8 0.834862385321101 0.764150943396226 0.89639951531937 0.86 0.849056603773585 0.872340425531915 0.904054596547571 1 3 3 3 458.151
0.902325581395349 0.908256880733945 0.89622641509434 0.96754370780682 0.92 0.924528301886792 0.914893617021277 0.970293054997993 2 3 3 3 458.151
