0.851351351351351 0.848484848484849 0.853658536585366 0.934959349593496 0.84 0.877551020408163 0.803921568627451 0.911164465786314 NA 1 31 1 111.797
1 1 1 1 0.82 0.755102040816326 0.882352941176471 0.831932773109244 5 2 31 1 111.797
1 1 1 1 0.78 0.775510204081633 0.784313725490196 0.815526210484194 8 2 31 1 111.797
1 1 1 1 0.78 0.755102040816326 0.803921568627451 0.806322529011605 10 2 31 1 111.797
0.837837837837838 0.787878787878788 0.878048780487805 0.930524759793052 0.86 0.857142857142857 0.862745098039216 0.919167667066827 1 3 31 1 111.797
0.891891891891892 0.878787878787879 0.902439024390244 0.974131559497413 0.87 0.836734693877551 0.901960784313726 0.932773109243697 2 3 31 1 111.797
0.837837837837838 0.818181818181818 0.853658536585366 0.931263858093126 0.85 0.877551020408163 0.823529411764706 0.912765106042417 NA 1 31 2 104.234
0.959459459459459 0.96969696969697 0.951219512195122 0.997043606799704 0.84 0.816326530612245 0.862745098039216 0.920768307322929 5 2 31 2 104.234
1 1 1 1 0.74 0.714285714285714 0.764705882352941 0.778311324529812 8 2 31 2 104.234
1 1 1 1 0.77 0.755102040816326 0.784313725490196 0.814125650260104 10 2 31 2 104.234
0.851351351351351 0.818181818181818 0.878048780487805 0.929046563192905 0.86 0.857142857142857 0.862745098039216 0.917567026810724 1 3 31 2 104.234
0.891891891891892 0.878787878787879 0.902439024390244 0.972653362897265 0.87 0.836734693877551 0.901960784313726 0.933173269307723 2 3 31 2 104.234
0.837837837837838 0.818181818181818 0.853658536585366 0.9320029563932 0.84 0.857142857142857 0.823529411764706 0.911164465786314 NA 1 31 3 185.36
0.986486486486487 1 0.975609756097561 0.984478935698448 0.82 0.795918367346939 0.843137254901961 0.824729891956783 5 2 31 3 185.36
1 1 1 1 0.77 0.795918367346939 0.745098039215686 0.792316926770708 8 2 31 3 185.36
1 1 1 1 0.79 0.714285714285714 0.862745098039216 0.826330532212885 10 2 31 3 185.36
0.851351351351351 0.818181818181818 0.878048780487805 0.924611973392461 0.84 0.836734693877551 0.843137254901961 0.918767507002801 1 3 31 3 185.36
0.905405405405405 0.878787878787879 0.926829268292683 0.975609756097561 0.87 0.836734693877551 0.901960784313726 0.9343737494998 2 3 31 3 185.36
