0.883928571428571 0.861702127659574 0.9 0.941080196399345 0.88 0.847826086956522 0.907407407407407 0.959742351046699 NA 1 30 1 390.782
0.959821428571429 0.936170212765957 0.976923076923077 0.993780687397709 0.94 0.934782608695652 0.944444444444444 0.989533011272142 5 2 30 1 390.782
0.96875 0.946808510638298 0.984615384615385 0.994189852700491 0.94 0.934782608695652 0.944444444444444 0.989935587761675 8 2 30 1 390.782
0.964285714285714 0.946808510638298 0.976923076923077 0.994926350245499 0.94 0.934782608695652 0.944444444444444 0.990740740740741 10 2 30 1 390.782
0.888392857142857 0.851063829787234 0.915384615384615 0.941734860883797 0.86 0.804347826086957 0.907407407407407 0.96256038647343 1 3 30 1 390.782
0.9375 0.914893617021277 0.953846153846154 0.990998363338789 0.92 0.891304347826087 0.944444444444444 0.977858293075684 2 3 30 1 390.782
0.888392857142857 0.872340425531915 0.9 0.94050736497545 0.88 0.847826086956522 0.907407407407407 0.959339774557166 NA 1 30 2 444.374
0.959821428571429 0.936170212765957 0.976923076923077 0.993698854337152 0.94 0.934782608695652 0.944444444444444 0.989533011272142 5 2 30 2 444.374
0.96875 0.946808510638298 0.984615384615385 0.994189852700491 0.94 0.934782608695652 0.944444444444444 0.990338164251208 8 2 30 2 444.374
0.964285714285714 0.946808510638298 0.976923076923077 0.994844517184943 0.94 0.934782608695652 0.944444444444444 0.990740740740741 10 2 30 2 444.374
0.888392857142857 0.851063829787234 0.915384615384615 0.941080196399345 0.87 0.826086956521739 0.907407407407407 0.961755233494364 1 3 30 2 444.374
0.941964285714286 0.914893617021277 0.961538461538462 0.991325695581015 0.92 0.891304347826087 0.944444444444444 0.977455716586151 2 3 30 2 444.374
0.883928571428571 0.861702127659574 0.9 0.940589198036007 0.89 0.847826086956522 0.925925925925926 0.961755233494364 NA 1 30 3 779.182
0.959821428571429 0.936170212765957 0.976923076923077 0.993371522094926 0.94 0.934782608695652 0.944444444444444 0.988727858293076 5 2 30 3 779.182
0.96875 0.946808510638298 0.984615384615385 0.993944353518822 0.94 0.934782608695652 0.944444444444444 0.990338164251208 8 2 30 3 779.182
0.959821428571429 0.936170212765957 0.976923076923077 0.994271685761048 0.94 0.934782608695652 0.944444444444444 0.990740740740741 10 2 30 3 779.182
0.888392857142857 0.872340425531915 0.9 0.941407528641571 0.89 0.869565217391304 0.907407407407407 0.96256038647343 1 3 30 3 779.182
0.9375 0.914893617021277 0.953846153846154 0.990261865793781 0.92 0.891304347826087 0.944444444444444 0.979871175523349 2 3 30 3 779.182
