0.930555555555556 0.933333333333333 0.925925925925926 0.982716049382716 0.89 0.916666666666667 0.865384615384615 0.965144230769231 NA 1 6 1 111.283
1 1 1 1 0.86 0.9375 0.788461538461538 0.877804487179487 5 2 6 1 111.283
1 1 1 1 0.87 0.895833333333333 0.846153846153846 0.884214743589744 8 2 6 1 111.283
1 1 1 1 0.88 0.916666666666667 0.846153846153846 0.913060897435898 10 2 6 1 111.283
0.916666666666667 0.955555555555556 0.851851851851852 0.981069958847737 0.89 0.916666666666667 0.865384615384615 0.962740384615385 1 3 6 1 111.283
0.986111111111111 1 0.962962962962963 0.99917695473251 0.9 0.9375 0.865384615384615 0.961939102564103 2 3 6 1 111.283
0.916666666666667 0.933333333333333 0.888888888888889 0.978600823045268 0.89 0.916666666666667 0.865384615384615 0.964342948717949 NA 1 6 2 106.087
1 1 1 1 0.89 0.916666666666667 0.865384615384615 0.913060897435897 5 2 6 2 106.087
1 1 1 1 0.84 0.895833333333333 0.788461538461538 0.864583333333333 8 2 6 2 106.087
1 1 1 1 0.88 0.916666666666667 0.846153846153846 0.922075320512821 10 2 6 2 106.087
0.916666666666667 0.955555555555556 0.851851851851852 0.980246913580247 0.89 0.916666666666667 0.865384615384615 0.963141025641026 1 3 6 2 106.087
0.986111111111111 1 0.962962962962963 0.99917695473251 0.9 0.9375 0.865384615384615 0.961939102564103 2 3 6 2 106.087
0.930555555555556 0.933333333333333 0.925925925925926 0.981893004115226 0.89 0.916666666666667 0.865384615384615 0.966346153846154 NA 1 6 3 202.433
1 1 1 1 0.86 0.9375 0.788461538461538 0.903445512820513 5 2 6 3 202.433
1 1 1 1 0.86 0.916666666666667 0.807692307692308 0.895032051282051 8 2 6 3 202.433
1 1 1 1 0.85 0.916666666666667 0.788461538461538 0.903044871794872 10 2 6 3 202.433
0.916666666666667 0.955555555555556 0.851851851851852 0.981893004115226 0.89 0.916666666666667 0.865384615384615 0.961538461538462 1 3 6 3 202.433
0.986111111111111 1 0.962962962962963 0.99917695473251 0.9 0.9375 0.865384615384615 0.960336538461538 2 3 6 3 202.433
