0.842176870748299 0.85989010989011 0.824797843665768 0.919922395663636 0.88 0.882352941176471 0.877551020408163 0.948779511804722 NA 1 25 1 914.383
0.917006802721088 0.912087912087912 0.921832884097035 0.973319806877758 0.94 0.941176470588235 0.938775510204082 0.985194077631052 5 2 25 1 914.383
0.919727891156463 0.914835164835165 0.924528301886792 0.974504605906223 0.92 0.92156862745098 0.918367346938776 0.982793117246899 8 2 25 1 914.383
0.919727891156463 0.914835164835165 0.924528301886792 0.975119220402239 0.92 0.92156862745098 0.918367346938776 0.981192476990796 10 2 25 1 914.383
0.840816326530612 0.862637362637363 0.819407008086253 0.919581765942952 0.87 0.862745098039216 0.877551020408163 0.952380952380952 1 3 25 1 914.383
0.922448979591837 0.917582417582418 0.92722371967655 0.974882260596546 0.94 0.941176470588235 0.938775510204082 0.97719087635054 2 3 25 1 914.383
0.843537414965986 0.862637362637363 0.824797843665768 0.920129735493617 0.88 0.882352941176471 0.877551020408163 0.949179671868748 NA 1 25 2 811.124
0.915646258503401 0.909340659340659 0.921832884097035 0.973253161932407 0.94 0.941176470588235 0.938775510204082 0.985194077631052 5 2 25 2 811.124
0.919727891156463 0.914835164835165 0.924528301886792 0.974519415894079 0.92 0.92156862745098 0.918367346938776 0.983193277310924 8 2 25 2 811.124
0.918367346938776 0.912087912087912 0.924528301886792 0.975074790438672 0.92 0.92156862745098 0.918367346938776 0.981192476990796 10 2 25 2 811.124
0.839455782312925 0.85989010989011 0.819407008086253 0.919500311009745 0.87 0.862745098039216 0.877551020408163 0.951180472188876 1 3 25 2 811.124
0.922448979591837 0.917582417582418 0.92722371967655 0.974748970705844 0.94 0.941176470588235 0.938775510204082 0.97719087635054 2 3 25 2 811.124
0.842176870748299 0.857142857142857 0.827493261455526 0.919648410888303 0.88 0.882352941176471 0.877551020408163 0.95438175270108 NA 1 25 3 1693.054
0.917006802721088 0.912087912087912 0.921832884097035 0.973282781908119 0.94 0.941176470588235 0.938775510204082 0.985194077631052 5 2 25 3 1693.054
0.919727891156463 0.912087912087912 0.92722371967655 0.974512010900151 0.92 0.92156862745098 0.918367346938776 0.98359343737495 8 2 25 3 1693.054
0.919727891156463 0.912087912087912 0.92722371967655 0.975178460353663 0.92 0.92156862745098 0.918367346938776 0.981192476990796 10 2 25 3 1693.054
0.843537414965986 0.865384615384615 0.822102425876011 0.919759485797222 0.87 0.862745098039216 0.877551020408163 0.955182072829132 1 3 25 3 1693.054
0.923809523809524 0.92032967032967 0.92722371967655 0.975215485323302 0.94 0.941176470588235 0.938775510204082 0.977591036414566 2 3 25 3 1693.054
