0.870838881491345 0.879265091863517 0.862162162162162 0.942973682343761 0.9 0.909090909090909 0.888888888888889 0.962424242424242 NA 1 28 1 1091.289
0.934753661784288 0.939632545931758 0.92972972972973 0.985798396822019 0.94 0.927272727272727 0.955555555555556 0.989090909090909 5 2 28 1 1091.289
0.934753661784288 0.942257217847769 0.927027027027027 0.986372987160389 0.93 0.927272727272727 0.933333333333333 0.987474747474748 8 2 28 1 1091.289
0.936085219707057 0.939632545931758 0.932432432432432 0.98650776761013 0.95 0.945454545454545 0.955555555555556 0.988282828282828 10 2 28 1 1091.289
0.877496671105193 0.887139107611549 0.867567567567568 0.942633184365468 0.9 0.909090909090909 0.888888888888889 0.963232323232323 1 3 28 1 1091.289
0.942743009320905 0.950131233595801 0.935135135135135 0.985592679293467 0.92 0.927272727272727 0.911111111111111 0.97979797979798 2 3 28 1 1091.289
0.876165113182423 0.887139107611549 0.864864864864865 0.943129743917146 0.9 0.909090909090909 0.888888888888889 0.963232323232323 NA 1 28 2 1076.921
0.934753661784288 0.939632545931758 0.92972972972973 0.985883521316592 0.94 0.927272727272727 0.955555555555556 0.989090909090909 5 2 28 2 1076.921
0.934753661784288 0.942257217847769 0.927027027027027 0.986372987160389 0.94 0.927272727272727 0.955555555555556 0.987878787878788 8 2 28 2 1076.921
0.937416777629827 0.939632545931758 0.935135135135135 0.986529048733773 0.95 0.945454545454545 0.955555555555556 0.988282828282828 10 2 28 2 1076.921
0.874833555259654 0.884514435695538 0.864864864864865 0.942817620770377 0.9 0.909090909090909 0.888888888888889 0.964040404040404 1 3 28 2 1076.921
0.942743009320905 0.950131233595801 0.935135135135135 0.986046676597858 0.92 0.927272727272727 0.911111111111111 0.979393939393939 2 3 28 2 1076.921
0.872170439414115 0.881889763779528 0.862162162162162 0.942753777399447 0.89 0.909090909090909 0.866666666666667 0.961212121212121 NA 1 28 3 2040.43
0.934753661784288 0.939632545931758 0.92972972972973 0.985840959069306 0.93 0.927272727272727 0.933333333333333 0.988686868686869 5 2 28 3 2040.43
0.936085219707057 0.939632545931758 0.932432432432432 0.98625239412641 0.94 0.945454545454545 0.933333333333333 0.987878787878788 8 2 28 3 2040.43
0.937416777629827 0.939632545931758 0.935135135135135 0.986465205362843 0.94 0.945454545454545 0.933333333333333 0.988686868686869 10 2 28 3 2040.43
0.873501997336884 0.879265091863517 0.867567567567568 0.942285592679293 0.9 0.909090909090909 0.888888888888889 0.962828282828283 1 3 28 3 2040.43
0.941411451398136 0.94750656167979 0.935135135135135 0.985372774349152 0.92 0.927272727272727 0.911111111111111 0.978585858585859 2 3 28 3 2040.43
