0.918032786885246 0.9375 0.896551724137931 0.981681034482759 0.79 0.777777777777778 0.804347826086957 0.876409017713366 NA 1 43 1 119.979
1 1 1 1 0.8 0.777777777777778 0.826086956521739 0.79951690821256 5 2 43 1 119.979
1 1 1 1 0.82 0.777777777777778 0.869565217391304 0.840982286634461 8 2 43 1 119.979
1 1 1 1 0.8 0.759259259259259 0.847826086956522 0.816425120772947 10 2 43 1 119.979
0.918032786885246 0.90625 0.931034482758621 0.966594827586207 0.85 0.851851851851852 0.847826086956522 0.901368760064412 1 3 43 1 119.979
0.967213114754098 0.96875 0.96551724137931 0.99676724137931 0.8 0.777777777777778 0.826086956521739 0.89170692431562 2 3 43 1 119.979
0.918032786885246 0.9375 0.896551724137931 0.981681034482759 0.79 0.777777777777778 0.804347826086957 0.876006441223833 NA 1 43 2 96.273
1 1 1 1 0.75 0.759259259259259 0.739130434782609 0.755032206119163 5 2 43 2 96.273
1 1 1 1 0.76 0.722222222222222 0.804347826086957 0.793075684380032 8 2 43 2 96.273
1 1 1 1 0.76 0.740740740740741 0.782608695652174 0.776972624798712 10 2 43 2 96.273
0.918032786885246 0.90625 0.931034482758621 0.969827586206897 0.85 0.87037037037037 0.826086956521739 0.901368760064412 1 3 43 2 96.273
0.967213114754098 0.96875 0.96551724137931 0.99676724137931 0.8 0.777777777777778 0.826086956521739 0.890096618357488 2 3 43 2 96.273
0.918032786885246 0.9375 0.896551724137931 0.979525862068966 0.81 0.759259259259259 0.869565217391304 0.8756038647343 NA 1 43 3 189.175
1 1 1 1 0.77 0.722222222222222 0.826086956521739 0.796296296296296 5 2 43 3 189.175
1 1 1 1 0.78 0.759259259259259 0.804347826086957 0.798510466988728 8 2 43 3 189.175
1 1 1 1 0.8 0.759259259259259 0.847826086956522 0.873590982286634 10 2 43 3 189.175
0.918032786885246 0.90625 0.931034482758621 0.964439655172414 0.86 0.851851851851852 0.869565217391304 0.900161030595813 1 3 43 3 189.175
0.950819672131147 0.96875 0.931034482758621 0.995689655172414 0.81 0.777777777777778 0.847826086956522 0.888083735909823 2 3 43 3 189.175
