0.856578947368421 0.851174934725849 0.862068965517241 0.92963550359787 0.86 0.877551020408163 0.843137254901961 0.927170868347339 NA 1 41 1 1289.471
0.923684210526316 0.932114882506527 0.915119363395225 0.973883413786178 0.9 0.938775510204082 0.862745098039216 0.97078831532613 5 2 41 1 1289.471
0.927631578947368 0.942558746736292 0.912466843501326 0.97505384684641 0.89 0.897959183673469 0.882352941176471 0.968787515006002 8 2 41 1 1289.471
0.927631578947368 0.942558746736292 0.912466843501326 0.974991516091723 0.9 0.918367346938776 0.882352941176471 0.968387354941977 10 2 41 1 1289.471
0.856578947368421 0.843342036553525 0.870026525198939 0.929593949761412 0.85 0.857142857142857 0.843137254901961 0.923569427771108 1 3 41 1 1289.471
0.921052631578947 0.921671018276762 0.920424403183024 0.978350451205408 0.88 0.897959183673469 0.862745098039216 0.958383353341337 2 3 41 1 1289.471
0.855263157894737 0.848563968668407 0.862068965517241 0.929580098482592 0.86 0.877551020408163 0.843137254901961 0.92797118847539 NA 1 41 2 1255.744
0.923684210526316 0.932114882506527 0.915119363395225 0.973918041983226 0.9 0.938775510204082 0.862745098039216 0.97078831532613 5 2 41 2 1255.744
0.928947368421053 0.942558746736292 0.915119363395225 0.975095400682868 0.89 0.897959183673469 0.882352941176471 0.967587034813926 8 2 41 2 1255.744
0.927631578947368 0.939947780678851 0.915119363395225 0.97506077248582 0.9 0.918367346938776 0.882352941176471 0.967987194877951 10 2 41 2 1255.744
0.857894736842105 0.848563968668407 0.86737400530504 0.929746313828424 0.85 0.857142857142857 0.843137254901961 0.923169267707083 1 3 41 2 1255.744
0.925 0.924281984334204 0.925729442970822 0.978475112714781 0.88 0.897959183673469 0.862745098039216 0.957983193277311 2 3 41 2 1255.744
0.859210526315789 0.85378590078329 0.864721485411141 0.929441585694399 0.85 0.877551020408163 0.823529411764706 0.92156862745098 NA 1 41 3 2268.163
0.925 0.932114882506527 0.917771883289125 0.973523280536876 0.89 0.918367346938776 0.862745098039216 0.971188475390156 5 2 41 3 2268.163
0.928947368421053 0.942558746736292 0.915119363395225 0.974818375106482 0.89 0.897959183673469 0.882352941176471 0.968787515006002 8 2 41 3 2268.163
0.927631578947368 0.942558746736292 0.912466843501326 0.974811449467072 0.9 0.918367346938776 0.882352941176471 0.968387354941977 10 2 41 3 2268.163
0.855263157894737 0.851174934725849 0.859416445623342 0.929240742151519 0.85 0.857142857142857 0.843137254901961 0.923569427771108 1 3 41 3 2268.163
0.921052631578947 0.921671018276762 0.920424403183024 0.977734069297948 0.89 0.897959183673469 0.882352941176471 0.957983193277311 2 3 41 3 2268.163
