0.739130434782609 0.851851851851852 0.578947368421053 0.84990253411306 0.83 0.924528301886792 0.723404255319149 0.928141308711361 NA 1 34 1 56.966
1 1 1 1 0.85 0.830188679245283 0.872340425531915 0.892211963067041 5 2 34 1 56.966
0.978260869565217 0.962962962962963 1 0.971734892787524 0.74 0.716981132075472 0.765957446808511 0.810718586912886 8 2 34 1 56.966
1 1 1 1 0.75 0.660377358490566 0.851063829787234 0.811120032115616 10 2 34 1 56.966
0.717391304347826 0.962962962962963 0.368421052631579 0.84990253411306 0.68 1 0.319148936170213 0.918105178643115 1 3 34 1 56.966
0.91304347826087 0.925925925925926 0.894736842105263 0.974658869395711 0.84 0.924528301886792 0.74468085106383 0.905258932155761 2 3 34 1 56.966
0.760869565217391 0.851851851851852 0.631578947368421 0.846003898635478 0.83 0.924528301886792 0.723404255319149 0.92974708952228 NA 1 34 2 91.351
1 1 1 1 0.9 0.924528301886792 0.872340425531915 0.917101565636291 5 2 34 2 91.351
0.978260869565217 0.962962962962963 1 0.969785575048733 0.7 0.660377358490566 0.74468085106383 0.762344439983942 8 2 34 2 91.351
1 1 1 1 0.73 0.660377358490566 0.808510638297872 0.795262946607788 10 2 34 2 91.351
0.717391304347826 0.962962962962963 0.368421052631579 0.84990253411306 0.69 1 0.340425531914894 0.921316740264954 1 3 34 2 91.351
0.891304347826087 0.888888888888889 0.894736842105263 0.976608187134503 0.84 0.905660377358491 0.765957446808511 0.910076274588519 2 3 34 2 91.351
0.717391304347826 0.814814814814815 0.578947368421053 0.851851851851852 0.85 0.924528301886792 0.765957446808511 0.922119630670413 NA 1 34 3 102.732
1 1 1 1 0.78 0.849056603773585 0.702127659574468 0.796065837013248 5 2 34 3 102.732
1 1 1 1 0.75 0.69811320754717 0.808510638297872 0.820553994379767 8 2 34 3 102.732
1 1 1 1 0.75 0.811320754716981 0.680851063829787 0.851465274989964 10 2 34 3 102.732
0.739130434782609 0.962962962962963 0.421052631578947 0.853801169590643 0.71 1 0.382978723404255 0.918105178643115 1 3 34 3 102.732
0.91304347826087 0.925925925925926 0.894736842105263 0.978557504873294 0.82 0.924528301886792 0.702127659574468 0.891609795262947 2 3 34 3 102.732
