0.858974358974359 0.858974358974359 0.858974358974359 0.92784352399737 0.85 0.795918367346939 0.901960784313726 0.913965586234494 NA 1 34 1 238.061
0.961538461538462 0.961538461538462 0.961538461538462 0.995069033530572 0.9 0.918367346938776 0.882352941176471 0.945978391356543 5 2 34 1 238.061
1 1 1 1 0.86 0.897959183673469 0.823529411764706 0.889555822328932 8 2 34 1 238.061
1 1 1 1 0.81 0.857142857142857 0.764705882352941 0.835134053621449 10 2 34 1 238.061
0.852564102564103 0.858974358974359 0.846153846153846 0.930802103879027 0.85 0.795918367346939 0.901960784313726 0.916366546618647 1 3 34 1 238.061
0.942307692307692 0.948717948717949 0.935897435897436 0.991452991452991 0.87 0.897959183673469 0.843137254901961 0.947979191676671 2 3 34 1 238.061
0.858974358974359 0.858974358974359 0.858974358974359 0.928007889546351 0.85 0.795918367346939 0.901960784313726 0.914765906362545 NA 1 34 2 238.029
0.967948717948718 0.961538461538462 0.974358974358974 0.994904667981591 0.9 0.918367346938776 0.882352941176471 0.946378551420568 5 2 34 2 238.029
1 1 1 1 0.91 0.918367346938776 0.901960784313726 0.908363345338135 8 2 34 2 238.029
1 1 1 1 0.88 0.857142857142857 0.901960784313726 0.901960784313726 10 2 34 2 238.029
0.852564102564103 0.858974358974359 0.846153846153846 0.931130834976989 0.84 0.795918367346939 0.882352941176471 0.915966386554622 1 3 34 2 238.029
0.942307692307692 0.948717948717949 0.935897435897436 0.99112426035503 0.87 0.897959183673469 0.843137254901961 0.950380152060824 2 3 34 2 238.029
0.865384615384615 0.858974358974359 0.871794871794872 0.927186061801446 0.85 0.795918367346939 0.901960784313726 0.912765106042417 NA 1 34 3 405.311
0.961538461538462 0.961538461538462 0.961538461538462 0.994904667981591 0.89 0.897959183673469 0.882352941176471 0.946778711484594 5 2 34 3 405.311
1 1 1 1 0.86 0.857142857142857 0.862745098039216 0.87234893957583 8 2 34 3 405.311
0.987179487179487 0.987179487179487 0.987179487179487 0.992521367521368 0.85 0.897959183673469 0.803921568627451 0.86374549819928 10 2 34 3 405.311
0.858974358974359 0.871794871794872 0.846153846153846 0.928665351742275 0.85 0.795918367346939 0.901960784313726 0.918767507002801 1 3 34 3 405.311
0.948717948717949 0.948717948717949 0.948717948717949 0.991617357001972 0.85 0.857142857142857 0.843137254901961 0.945178071228491 2 3 34 3 405.311
