0.887096774193548 0.870967741935484 0.903225806451613 0.977107180020812 0.87 0.842105263157895 0.906976744186046 0.91391268869849 NA 1 83 1 98.954
1 1 1 1 0.89 0.87719298245614 0.906976744186046 0.915136678906569 5 2 83 1 98.954
1 1 1 1 0.79 0.789473684210526 0.790697674418605 0.87515299877601 8 2 83 1 98.954
1 1 1 1 0.89 0.87719298245614 0.906976744186046 0.912484700122399 10 2 83 1 98.954
0.903225806451613 0.935483870967742 0.870967741935484 0.967741935483871 0.85 0.842105263157895 0.86046511627907 0.909016727866177 1 3 83 1 98.954
0.951612903225806 0.967741935483871 0.935483870967742 0.997918834547347 0.88 0.894736842105263 0.86046511627907 0.944512443900449 2 3 83 1 98.954
0.887096774193548 0.870967741935484 0.903225806451613 0.978147762747138 0.85 0.824561403508772 0.883720930232558 0.915544675642595 NA 1 83 2 69.838
1 1 1 1 0.9 0.894736842105263 0.906976744186046 0.931048551611587 5 2 83 2 69.838
1 1 1 1 0.88 0.859649122807018 0.906976744186046 0.905344757241942 8 2 83 2 69.838
1 1 1 1 0.87 0.859649122807018 0.883720930232558 0.916972664218686 10 2 83 2 69.838
0.903225806451613 0.935483870967742 0.870967741935484 0.966701352757544 0.85 0.842105263157895 0.86046511627907 0.909424724602203 1 3 83 2 69.838
0.951612903225806 0.967741935483871 0.935483870967742 0.997918834547347 0.86 0.859649122807018 0.86046511627907 0.940840473276214 2 3 83 2 69.838
0.870967741935484 0.838709677419355 0.903225806451613 0.977107180020812 0.87 0.842105263157895 0.906976744186046 0.920848633210934 NA 1 83 3 154.195
1 1 1 1 0.89 0.87719298245614 0.906976744186046 0.900856793145655 5 2 83 3 154.195
0.983870967741935 0.967741935483871 1 1 0.9 0.87719298245614 0.930232558139535 0.912484700122399 8 2 83 3 154.195
1 1 1 1 0.65 0.596491228070175 0.720930232558139 0.715014279885761 10 2 83 3 154.195
0.903225806451613 0.935483870967742 0.870967741935484 0.965660770031218 0.85 0.842105263157895 0.86046511627907 0.906976744186046 1 3 83 3 154.195
0.951612903225806 0.967741935483871 0.935483870967742 0.997918834547347 0.89 0.912280701754386 0.86046511627907 0.946552427580579 2 3 83 3 154.195
