0.850267379679144 0.878306878306878 0.821621621621622 0.928843128843129 0.87 0.877551020408163 0.862745098039216 0.931572629051621 NA 1 67 1 1464.961
0.931818181818182 0.931216931216931 0.932432432432432 0.977548977548978 0.93 0.959183673469388 0.901960784313726 0.987595038015206 5 2 67 1 1464.961
0.929144385026738 0.931216931216931 0.927027027027027 0.978635778635779 0.93 0.959183673469388 0.901960784313726 0.989195678271308 8 2 67 1 1464.961
0.933155080213904 0.933862433862434 0.932432432432432 0.980773630773631 0.92 0.938775510204082 0.901960784313726 0.985194077631052 10 2 67 1 1464.961
0.850267379679144 0.878306878306878 0.821621621621622 0.929043329043329 0.86 0.877551020408163 0.843137254901961 0.931972789115646 1 3 67 1 1464.961
0.934491978609626 0.936507936507937 0.932432432432432 0.977212927212927 0.93 0.918367346938776 0.941176470588235 0.975990396158463 2 3 67 1 1464.961
0.848930481283422 0.875661375661376 0.821621621621622 0.928921778921779 0.86 0.877551020408163 0.843137254901961 0.931572629051621 NA 1 67 2 1654.647
0.931818181818182 0.931216931216931 0.932432432432432 0.977534677534678 0.93 0.959183673469388 0.901960784313726 0.987995198079232 5 2 67 2 1654.647
0.929144385026738 0.931216931216931 0.927027027027027 0.978628628628629 0.93 0.959183673469388 0.901960784313726 0.989195678271308 8 2 67 2 1654.647
0.933155080213904 0.933862433862434 0.932432432432432 0.980709280709281 0.92 0.938775510204082 0.901960784313726 0.984793917567027 10 2 67 2 1654.647
0.850267379679144 0.878306878306878 0.821621621621622 0.929143429143429 0.86 0.877551020408163 0.843137254901961 0.931572629051621 1 3 67 2 1654.647
0.935828877005348 0.936507936507937 0.935135135135135 0.977184327184327 0.93 0.918367346938776 0.941176470588235 0.975990396158463 2 3 67 2 1654.647
0.846256684491979 0.873015873015873 0.818918918918919 0.928886028886029 0.87 0.877551020408163 0.862745098039216 0.931572629051621 NA 1 67 3 2980.429
0.931818181818182 0.931216931216931 0.932432432432432 0.977656227656228 0.93 0.959183673469388 0.901960784313726 0.987995198079232 5 2 67 3 2980.429
0.93048128342246 0.931216931216931 0.92972972972973 0.978685828685829 0.93 0.959183673469388 0.901960784313726 0.98719487795118 8 2 67 3 2980.429
0.929144385026738 0.931216931216931 0.927027027027027 0.980573430573431 0.92 0.938775510204082 0.901960784313726 0.983993597438976 10 2 67 3 2980.429
0.848930481283422 0.873015873015873 0.824324324324324 0.929079079079079 0.87 0.877551020408163 0.862745098039216 0.931972789115646 1 3 67 3 2980.429
0.934491978609626 0.936507936507937 0.932432432432432 0.977177177177177 0.93 0.918367346938776 0.941176470588235 0.975190076030412 2 3 67 3 2980.429
