0.825136612021858 0.824175824175824 0.826086956521739 0.917164357381749 0.83 0.866666666666667 0.8 0.941818181818182 NA 1 16 1 500.071
0.931693989071038 0.923076923076923 0.940217391304348 0.984561634018156 0.85 0.888888888888889 0.818181818181818 0.963232323232323 5 2 16 1 500.071
0.934426229508197 0.928571428571429 0.940217391304348 0.985606784519828 0.88 0.911111111111111 0.854545454545454 0.964040404040404 8 2 16 1 500.071
0.937158469945355 0.928571428571429 0.945652173913043 0.986054706163402 0.88 0.911111111111111 0.854545454545454 0.962424242424242 10 2 16 1 500.071
0.830601092896175 0.82967032967033 0.831521739130435 0.916447682752031 0.82 0.844444444444444 0.8 0.939393939393939 1 3 16 1 500.071
0.912568306010929 0.901098901098901 0.923913043478261 0.982053272814142 0.89 0.888888888888889 0.890909090909091 0.955959595959596 2 3 16 1 500.071
0.827868852459016 0.82967032967033 0.826086956521739 0.917910893454372 0.85 0.866666666666667 0.836363636363636 0.942626262626263 NA 1 16 2 520.821
0.92896174863388 0.923076923076923 0.934782608695652 0.984740802675585 0.87 0.888888888888889 0.854545454545454 0.964444444444444 5 2 16 2 520.821
0.937158469945355 0.934065934065934 0.940217391304348 0.986562350692786 0.86 0.888888888888889 0.836363636363636 0.95030303030303 8 2 16 2 520.821
0.937158469945355 0.928571428571429 0.945652173913043 0.985935260391782 0.89 0.911111111111111 0.872727272727273 0.962020202020202 10 2 16 2 520.821
0.827868852459016 0.835164835164835 0.820652173913043 0.917582417582418 0.83 0.844444444444444 0.818181818181818 0.940606060606061 1 3 16 2 520.821
0.909836065573771 0.89010989010989 0.929347826086957 0.982023411371237 0.89 0.888888888888889 0.890909090909091 0.955555555555556 2 3 16 2 520.821
0.827868852459016 0.82967032967033 0.826086956521739 0.916776158623985 0.85 0.888888888888889 0.818181818181818 0.941414141414141 NA 1 16 3 885.76
0.92896174863388 0.923076923076923 0.934782608695652 0.985039417104634 0.86 0.888888888888889 0.836363636363636 0.959191919191919 5 2 16 3 885.76
0.934426229508197 0.928571428571429 0.940217391304348 0.985606784519828 0.88 0.911111111111111 0.854545454545454 0.961212121212121 8 2 16 3 885.76
0.934426229508197 0.928571428571429 0.940217391304348 0.986204013377926 0.88 0.911111111111111 0.854545454545454 0.96040404040404 10 2 16 3 885.76
0.825136612021858 0.840659340659341 0.809782608695652 0.91650740563784 0.86 0.911111111111111 0.818181818181818 0.940606060606061 1 3 16 3 885.76
0.909836065573771 0.895604395604396 0.923913043478261 0.981933827042523 0.89 0.888888888888889 0.890909090909091 0.957171717171717 2 3 16 3 885.76
