0.890909090909091 0.882352941176471 0.898305084745763 0.950315719508142 0.83 0.954545454545455 0.732142857142857 0.944399350649351 NA 1 46 1 240.179
0.931818181818182 0.941176470588235 0.923728813559322 0.98695579926886 0.92 0.977272727272727 0.875 0.974025974025974 5 2 46 1 240.179
0.927272727272727 0.931372549019608 0.923728813559322 0.989032901296112 0.92 0.977272727272727 0.875 0.974025974025974 8 2 46 1 240.179
0.927272727272727 0.931372549019608 0.923728813559322 0.988949817215022 0.92 0.977272727272727 0.875 0.97362012987013 10 2 46 1 240.179
0.886363636363636 0.882352941176471 0.889830508474576 0.949235626453971 0.82 0.931818181818182 0.732142857142857 0.938717532467533 1 3 46 1 240.179
0.95 0.950980392156863 0.949152542372881 0.983798604187438 0.87 0.954545454545455 0.803571428571429 0.956168831168831 2 3 46 1 240.179
0.890909090909091 0.882352941176471 0.898305084745763 0.951312728481223 0.83 0.954545454545455 0.732142857142857 0.946022727272727 NA 1 46 2 241.932
0.931818181818182 0.941176470588235 0.923728813559322 0.98687271518777 0.92 0.977272727272727 0.875 0.974431818181818 5 2 46 2 241.932
0.927272727272727 0.931372549019608 0.923728813559322 0.988783649052841 0.92 0.977272727272727 0.875 0.974431818181818 8 2 46 2 241.932
0.927272727272727 0.931372549019608 0.923728813559322 0.989032901296112 0.92 0.977272727272727 0.875 0.974431818181818 10 2 46 2 241.932
0.881818181818182 0.882352941176471 0.88135593220339 0.948820206048521 0.82 0.931818181818182 0.732142857142857 0.939935064935065 1 3 46 2 241.932
0.95 0.950980392156863 0.949152542372881 0.983964772349618 0.87 0.954545454545455 0.803571428571429 0.955762987012987 2 3 46 2 241.932
0.890909090909091 0.882352941176471 0.898305084745763 0.94798936523762 0.83 0.954545454545455 0.732142857142857 0.940340909090909 NA 1 46 3 420.783
0.931818181818182 0.941176470588235 0.923728813559322 0.98645729478232 0.92 0.977272727272727 0.875 0.974431818181818 5 2 46 3 420.783
0.927272727272727 0.931372549019608 0.923728813559322 0.988700564971751 0.92 0.977272727272727 0.875 0.974837662337662 8 2 46 3 420.783
0.927272727272727 0.931372549019608 0.923728813559322 0.989199069458292 0.92 0.977272727272727 0.875 0.97362012987013 10 2 46 3 420.783
0.886363636363636 0.882352941176471 0.889830508474576 0.946078431372549 0.82 0.931818181818182 0.732142857142857 0.937094155844156 1 3 46 3 420.783
0.954545454545455 0.96078431372549 0.949152542372881 0.983964772349618 0.87 0.954545454545455 0.803571428571429 0.956168831168831 2 3 46 3 420.783
