0.860215053763441 0.862857142857143 0.857868020304569 0.942683103698332 0.84 0.765957446808511 0.905660377358491 0.924528301886792 NA 1 40 1 610.976
0.92741935483871 0.925714285714286 0.928934010152284 0.979463379260334 0.96 0.936170212765957 0.981132075471698 0.989963869931754 5 2 40 1 610.976
0.932795698924731 0.931428571428571 0.934010152284264 0.980826686004351 0.95 0.914893617021277 0.981132075471698 0.989160979526295 8 2 40 1 610.976
0.93010752688172 0.925714285714286 0.934010152284264 0.981087744742567 0.95 0.914893617021277 0.981132075471698 0.989160979526295 10 2 40 1 610.976
0.868279569892473 0.868571428571429 0.868020304568528 0.942131979695431 0.84 0.765957446808511 0.905660377358491 0.926134082697712 1 3 40 1 610.976
0.922043010752688 0.92 0.923857868020305 0.978477157360406 0.92 0.872340425531915 0.962264150943396 0.97792051384986 2 3 40 1 610.976
0.862903225806452 0.868571428571429 0.857868020304569 0.942770123277737 0.84 0.765957446808511 0.905660377358491 0.925331192292252 NA 1 40 2 532.491
0.92741935483871 0.925714285714286 0.928934010152284 0.979521392313271 0.96 0.936170212765957 0.981132075471698 0.990365315134484 5 2 40 2 532.491
0.932795698924731 0.931428571428571 0.934010152284264 0.980884699057288 0.95 0.914893617021277 0.981132075471698 0.990365315134484 8 2 40 2 532.491
0.93010752688172 0.925714285714286 0.934010152284264 0.980855692530819 0.95 0.914893617021277 0.981132075471698 0.990365315134484 10 2 40 2 532.491
0.865591397849462 0.862857142857143 0.868020304568528 0.942422044960116 0.84 0.765957446808511 0.905660377358491 0.928944199116821 1 3 40 2 532.491
0.922043010752688 0.92 0.923857868020305 0.978506163886875 0.92 0.872340425531915 0.962264150943396 0.978321959052589 2 3 40 2 532.491
0.860215053763441 0.862857142857143 0.857868020304569 0.941986947063089 0.83 0.74468085106383 0.905660377358491 0.925732637494982 NA 1 40 3 1034.833
0.92741935483871 0.925714285714286 0.928934010152284 0.979376359680928 0.96 0.936170212765957 0.981132075471698 0.990365315134484 5 2 40 3 1034.833
0.93010752688172 0.925714285714286 0.934010152284264 0.981000725163162 0.95 0.914893617021277 0.981132075471698 0.989963869931754 8 2 40 3 1034.833
0.93010752688172 0.925714285714286 0.934010152284264 0.980826686004351 0.95 0.914893617021277 0.981132075471698 0.989160979526295 10 2 40 3 1034.833
0.865591397849462 0.862857142857143 0.868020304568528 0.941203770848441 0.82 0.723404255319149 0.905660377358491 0.924528301886792 1 3 40 3 1034.833
0.922043010752688 0.92 0.923857868020305 0.979028281363307 0.9 0.829787234042553 0.962264150943396 0.97591328783621 2 3 40 3 1034.833
