0.849315068493151 0.859838274932615 0.838440111420613 0.940205272207164 0.82 0.823529411764706 0.816326530612245 0.906762705082033 NA 1 96 1 1695.115
0.938356164383562 0.948787061994609 0.927576601671309 0.98318930241987 0.9 0.882352941176471 0.918367346938776 0.961184473789516 5 2 96 1 1695.115
0.942465753424658 0.959568733153639 0.924791086350975 0.983489627521792 0.9 0.882352941176471 0.918367346938776 0.960384153661465 8 2 96 1 1695.115
0.942465753424658 0.959568733153639 0.924791086350975 0.983947623302225 0.9 0.882352941176471 0.918367346938776 0.961184473789516 10 2 96 1 1695.115
0.850684931506849 0.867924528301887 0.832869080779944 0.940047601528655 0.82 0.843137254901961 0.795918367346939 0.908363345338135 1 3 96 1 1695.115
0.943835616438356 0.956873315363881 0.930362116991644 0.985073842434435 0.89 0.882352941176471 0.897959183673469 0.940376150460184 2 3 96 1 1695.115
0.849315068493151 0.859838274932615 0.838440111420613 0.94041549977851 0.82 0.823529411764706 0.816326530612245 0.908763505402161 NA 1 96 2 1426.211
0.938356164383562 0.948787061994609 0.927576601671309 0.983249367440254 0.9 0.882352941176471 0.918367346938776 0.961584633853541 5 2 96 2 1426.211
0.942465753424658 0.959568733153639 0.924791086350975 0.983542184414629 0.9 0.882352941176471 0.918367346938776 0.959983993597439 8 2 96 2 1426.211
0.942465753424658 0.959568733153639 0.924791086350975 0.983947623302225 0.9 0.882352941176471 0.918367346938776 0.961184473789516 10 2 96 2 1426.211
0.850684931506849 0.865229110512129 0.835654596100279 0.940077634038847 0.82 0.843137254901961 0.795918367346939 0.907563025210084 1 3 96 2 1426.211
0.943835616438356 0.956873315363881 0.930362116991644 0.985058826179339 0.89 0.882352941176471 0.897959183673469 0.939575830332133 2 3 96 2 1426.211
0.852054794520548 0.865229110512129 0.838440111420613 0.940723333007981 0.82 0.823529411764706 0.816326530612245 0.90516206482593 NA 1 96 3 2870.379
0.941095890410959 0.951482479784367 0.930362116991644 0.983271891822898 0.9 0.882352941176471 0.918367346938776 0.961184473789516 5 2 96 3 2870.379
0.941095890410959 0.956873315363881 0.924791086350975 0.98349713564934 0.9 0.882352941176471 0.918367346938776 0.96078431372549 8 2 96 3 2870.379
0.941095890410959 0.956873315363881 0.924791086350975 0.984135326490926 0.9 0.882352941176471 0.918367346938776 0.961184473789516 10 2 96 3 2870.379
0.853424657534247 0.873315363881402 0.832869080779944 0.94061071109476 0.82 0.843137254901961 0.795918367346939 0.907563025210084 1 3 96 3 2870.379
0.945205479452055 0.954177897574124 0.935933147632312 0.985426724429195 0.87 0.862745098039216 0.877551020408163 0.938775510204082 2 3 96 3 2870.379
