0.851174934725849 0.894472361809045 0.804347826086957 0.936639720340835 0.86 0.807692307692308 0.916666666666667 0.939503205128205 NA 1 60 1 592.365
0.921671018276762 0.939698492462312 0.902173913043478 0.981128468429102 0.95 0.923076923076923 0.979166666666667 0.990785256410256 5 2 60 1 592.365
0.921671018276762 0.939698492462312 0.902173913043478 0.981920471924842 0.95 0.923076923076923 0.979166666666667 0.989583333333333 8 2 60 1 592.365
0.929503916449086 0.949748743718593 0.907608695652174 0.982412060301508 0.94 0.903846153846154 0.979166666666667 0.990785256410256 10 2 60 1 592.365
0.851174934725849 0.899497487437186 0.798913043478261 0.936748962202316 0.86 0.807692307692308 0.916666666666667 0.9375 1 3 60 1 592.365
0.929503916449086 0.959798994974874 0.896739130434783 0.981674677736509 0.94 0.923076923076923 0.958333333333333 0.979567307692308 2 3 60 1 592.365
0.85378590078329 0.899497487437186 0.804347826086957 0.936311994756391 0.86 0.807692307692308 0.916666666666667 0.935496794871795 NA 1 60 2 676.328
0.921671018276762 0.939698492462312 0.902173913043478 0.980882674240769 0.95 0.923076923076923 0.979166666666667 0.990384615384615 5 2 60 2 676.328
0.924281984334204 0.939698492462312 0.907608695652174 0.981865850994101 0.95 0.923076923076923 0.979166666666667 0.989583333333333 8 2 60 2 676.328
0.929503916449086 0.944723618090452 0.91304347826087 0.983122132401136 0.94 0.903846153846154 0.979166666666667 0.99198717948718 10 2 60 2 676.328
0.856396866840731 0.899497487437186 0.809782608695652 0.935902337775836 0.86 0.807692307692308 0.916666666666667 0.935897435897436 1 3 60 2 676.328
0.929503916449086 0.959798994974874 0.896739130434783 0.982248197509285 0.93 0.923076923076923 0.9375 0.979967948717949 2 3 60 2 676.328
0.851174934725849 0.889447236180904 0.809782608695652 0.935656543587503 0.86 0.807692307692308 0.916666666666667 0.933092948717949 NA 1 60 3 1071.13
0.921671018276762 0.939698492462312 0.902173913043478 0.980718811448547 0.95 0.923076923076923 0.979166666666667 0.991586538461538 5 2 60 3 1071.13
0.921671018276762 0.939698492462312 0.902173913043478 0.981920471924842 0.94 0.903846153846154 0.979166666666667 0.990384615384615 8 2 60 3 1071.13
0.929503916449086 0.944723618090452 0.91304347826087 0.983367926589469 0.95 0.923076923076923 0.979166666666667 0.99198717948718 10 2 60 3 1071.13
0.851174934725849 0.894472361809045 0.804347826086957 0.935192265676207 0.87 0.826923076923077 0.916666666666667 0.933894230769231 1 3 60 3 1071.13
0.929503916449086 0.959798994974874 0.896739130434783 0.982220887043915 0.93 0.923076923076923 0.9375 0.978766025641026 2 3 60 3 1071.13
