0.8475935828877 0.804878048780488 0.880952380952381 0.937166085946574 0.77 0.730769230769231 0.8125 0.869791666666667 NA 1 10 1 544.149
0.927807486631016 0.914634146341463 0.938095238095238 0.974593495934959 0.91 0.923076923076923 0.895833333333333 0.950721153846154 5 2 10 1 544.149
0.927807486631016 0.920731707317073 0.933333333333333 0.978716608594657 0.92 0.923076923076923 0.916666666666667 0.94911858974359 8 2 10 1 544.149
0.919786096256685 0.908536585365854 0.928571428571429 0.978977932636469 0.92 0.923076923076923 0.916666666666667 0.947516025641026 10 2 10 1 544.149
0.842245989304813 0.804878048780488 0.871428571428571 0.937630662020906 0.77 0.730769230769231 0.8125 0.868589743589744 1 3 10 1 544.149
0.906417112299465 0.896341463414634 0.914285714285714 0.975261324041812 0.85 0.807692307692308 0.895833333333333 0.928285256410256 2 3 10 1 544.149
0.844919786096257 0.798780487804878 0.880952380952381 0.937514518002323 0.76 0.711538461538462 0.8125 0.871394230769231 NA 1 10 2 501.078
0.925133689839572 0.914634146341463 0.933333333333333 0.977322880371661 0.89 0.884615384615385 0.895833333333333 0.951923076923077 5 2 10 2 501.078
0.925133689839572 0.920731707317073 0.928571428571429 0.97883275261324 0.92 0.923076923076923 0.916666666666667 0.949919871794872 8 2 10 2 501.078
0.919786096256685 0.908536585365854 0.928571428571429 0.979065040650406 0.92 0.923076923076923 0.916666666666667 0.947115384615385 10 2 10 2 501.078
0.850267379679144 0.817073170731707 0.876190476190476 0.937950058072009 0.77 0.730769230769231 0.8125 0.868589743589744 1 3 10 2 501.078
0.906417112299465 0.896341463414634 0.914285714285714 0.97575493612079 0.86 0.826923076923077 0.895833333333333 0.927884615384615 2 3 10 2 501.078
0.8475935828877 0.804878048780488 0.880952380952381 0.937049941927991 0.76 0.711538461538462 0.8125 0.873798076923077 NA 1 10 3 1025.88
0.922459893048128 0.908536585365854 0.933333333333333 0.974738675958188 0.91 0.923076923076923 0.895833333333333 0.949919871794872 5 2 10 3 1025.88
0.927807486631016 0.920731707317073 0.933333333333333 0.97883275261324 0.92 0.923076923076923 0.916666666666667 0.948717948717949 8 2 10 3 1025.88
0.925133689839572 0.914634146341463 0.933333333333333 0.979355400696864 0.92 0.923076923076923 0.916666666666667 0.947115384615385 10 2 10 3 1025.88
0.8475935828877 0.810975609756098 0.876190476190476 0.936759581881533 0.77 0.730769230769231 0.8125 0.867788461538462 1 3 10 3 1025.88
0.909090909090909 0.902439024390244 0.914285714285714 0.975580720092915 0.86 0.826923076923077 0.895833333333333 0.930288461538462 2 3 10 3 1025.88
