0.933333333333333 0.931034482758621 0.935483870967742 0.977753058954394 0.86 0.775510204081633 0.941176470588235 0.943577430972389 NA 1 58 1 82.805
1 1 1 1 0.89 0.816326530612245 0.96078431372549 0.933373349339736 5 2 58 1 82.805
1 1 1 1 0.83 0.73469387755102 0.92156862745098 0.8359343737495 8 2 58 1 82.805
1 1 1 1 0.84 0.795918367346939 0.882352941176471 0.87735094037615 10 2 58 1 82.805
0.916666666666667 0.931034482758621 0.903225806451613 0.973303670745273 0.85 0.816326530612245 0.882352941176471 0.943977591036415 1 3 58 1 82.805
0.966666666666667 0.96551724137931 0.967741935483871 0.99888765294772 0.88 0.836734693877551 0.92156862745098 0.963585434173669 2 3 58 1 82.805
0.933333333333333 0.931034482758621 0.935483870967742 0.976640711902113 0.86 0.775510204081633 0.941176470588235 0.943977591036415 NA 1 58 2 98.406
1 1 1 1 0.87 0.775510204081633 0.96078431372549 0.875750300120048 5 2 58 2 98.406
1 1 1 1 0.82 0.714285714285714 0.92156862745098 0.856742697078831 8 2 58 2 98.406
1 1 1 1 0.87 0.836734693877551 0.901960784313726 0.900560224089636 10 2 58 2 98.406
0.916666666666667 0.931034482758621 0.903225806451613 0.974416017797553 0.85 0.816326530612245 0.882352941176471 0.94437775110044 1 3 58 2 98.406
0.966666666666667 0.96551724137931 0.967741935483871 0.99888765294772 0.88 0.836734693877551 0.92156862745098 0.962785114045618 2 3 58 2 98.406
0.933333333333333 0.931034482758621 0.935483870967742 0.976640711902113 0.86 0.775510204081633 0.941176470588235 0.943177270908363 NA 1 58 3 142.761
1 1 1 1 0.89 0.816326530612245 0.96078431372549 0.931372549019608 5 2 58 3 142.761
1 1 1 1 0.83 0.73469387755102 0.92156862745098 0.874549819927971 8 2 58 3 142.761
1 1 1 1 0.85 0.795918367346939 0.901960784313726 0.890956382553021 10 2 58 3 142.761
0.933333333333333 0.931034482758621 0.935483870967742 0.969966629588432 0.85 0.836734693877551 0.862745098039216 0.942777110844338 1 3 58 3 142.761
0.966666666666667 0.96551724137931 0.967741935483871 0.99888765294772 0.88 0.836734693877551 0.92156862745098 0.966386554621849 2 3 58 3 142.761
