0.893081761006289 0.910112359550562 0.871428571428571 0.953290529695024 0.81 0.833333333333333 0.793103448275862 0.910509031198686 NA 1 20 1 193.978
0.968553459119497 0.97752808988764 0.957142857142857 0.995345104333868 0.9 0.928571428571429 0.879310344827586 0.971674876847291 5 2 20 1 193.978
0.968553459119497 0.97752808988764 0.957142857142857 0.995184590690209 0.9 0.928571428571429 0.879310344827586 0.972906403940887 8 2 20 1 193.978
0.968553459119497 0.97752808988764 0.957142857142857 0.995505617977528 0.9 0.928571428571429 0.879310344827586 0.972906403940887 10 2 20 1 193.978
0.886792452830189 0.910112359550562 0.857142857142857 0.953451043338684 0.79 0.833333333333333 0.758620689655172 0.909688013136289 1 3 20 1 193.978
0.943396226415094 0.966292134831461 0.914285714285714 0.988282504012841 0.86 0.904761904761905 0.827586206896552 0.959770114942529 2 3 20 1 193.978
0.893081761006289 0.910112359550562 0.871428571428571 0.951043338683788 0.81 0.833333333333333 0.793103448275862 0.903530377668309 NA 1 20 2 226.763
0.968553459119497 0.97752808988764 0.957142857142857 0.995345104333868 0.9 0.928571428571429 0.879310344827586 0.972906403940887 5 2 20 2 226.763
0.968553459119497 0.97752808988764 0.957142857142857 0.995345104333868 0.9 0.928571428571429 0.879310344827586 0.974137931034483 8 2 20 2 226.763
0.974842767295597 0.97752808988764 0.971428571428571 0.995184590690209 0.9 0.928571428571429 0.879310344827586 0.973727422003284 10 2 20 2 226.763
0.886792452830189 0.910112359550562 0.857142857142857 0.950882825040128 0.79 0.833333333333333 0.758620689655172 0.903940886699507 1 3 20 2 226.763
0.949685534591195 0.97752808988764 0.914285714285714 0.988121990369181 0.87 0.928571428571429 0.827586206896552 0.958538587848933 2 3 20 2 226.763
0.886792452830189 0.910112359550562 0.857142857142857 0.951043338683788 0.81 0.833333333333333 0.793103448275862 0.902709359605911 NA 1 20 3 368.3
0.968553459119497 0.97752808988764 0.957142857142857 0.995345104333868 0.9 0.928571428571429 0.879310344827586 0.972085385878489 5 2 20 3 368.3
0.981132075471698 0.98876404494382 0.971428571428571 0.995505617977528 0.89 0.928571428571429 0.862068965517241 0.973316912972085 8 2 20 3 368.3
0.981132075471698 0.98876404494382 0.971428571428571 0.995666131621188 0.89 0.928571428571429 0.862068965517241 0.972495894909688 10 2 20 3 368.3
0.893081761006289 0.910112359550562 0.871428571428571 0.950722311396469 0.8 0.833333333333333 0.775862068965517 0.901477832512315 1 3 20 3 368.3
0.949685534591195 0.97752808988764 0.914285714285714 0.987961476725522 0.87 0.904761904761905 0.844827586206897 0.961001642036125 2 3 20 3 368.3
