1 1 1 1 0.74 0.66 0.82 0.74 NA 1 91 1 69.493
1 1 1 1 0.74 0.66 0.82 0.74 5 2 91 1 69.493
1 1 1 1 0.74 0.66 0.82 0.74 8 2 91 1 69.493
1 1 1 1 0.74 0.66 0.82 0.74 10 2 91 1 69.493
0.909090909090909 0.96875 0.826086956521739 0.980978260869565 0.76 0.72 0.8 0.816 1 3 91 1 69.493
0.981818181818182 1 0.956521739130435 0.998641304347826 0.77 0.78 0.76 0.8456 2 3 91 1 69.493
1 1 1 1 0.75 0.68 0.82 0.75 NA 1 91 2 70.655
1 1 1 1 0.75 0.68 0.82 0.75 5 2 91 2 70.655
1 1 1 1 0.75 0.68 0.82 0.75 8 2 91 2 70.655
1 1 1 1 0.75 0.68 0.82 0.75 10 2 91 2 70.655
0.909090909090909 0.96875 0.826086956521739 0.982336956521739 0.75 0.7 0.8 0.8164 1 3 91 2 70.655
0.981818181818182 1 0.956521739130435 0.998641304347826 0.79 0.82 0.76 0.8516 2 3 91 2 70.655
0.945454545454545 0.9375 0.956521739130435 0.99320652173913 0.75 0.68 0.82 0.834 NA 1 91 3 123.994
1 1 1 1 0.76 0.72 0.8 0.772 5 2 91 3 123.994
1 1 1 1 0.73 0.66 0.8 0.7378 8 2 91 3 123.994
1 1 1 1 0.75 0.7 0.8 0.772 10 2 91 3 123.994
0.890909090909091 0.9375 0.826086956521739 0.97554347826087 0.75 0.68 0.82 0.816 1 3 91 3 123.994
0.981818181818182 1 0.956521739130435 1 0.76 0.76 0.76 0.8424 2 3 91 3 123.994
