0.858267716535433 0.863636363636364 0.852459016393443 0.927802616327207 0.89 0.843137254901961 0.938775510204082 0.952781112444978 NA 1 41 1 658.674
0.929133858267717 0.934343434343434 0.923497267759563 0.982502621846884 0.94 0.901960784313726 0.979591836734694 0.983193277310924 5 2 41 1 658.674
0.934383202099738 0.944444444444444 0.923497267759563 0.982833802505934 0.93 0.882352941176471 0.979591836734694 0.984793917567027 8 2 41 1 658.674
0.939632545931758 0.94949494949495 0.92896174863388 0.983551360600541 0.95 0.92156862745098 0.979591836734694 0.982793117246899 10 2 41 1 658.674
0.863517060367454 0.878787878787879 0.846994535519126 0.928575371198322 0.9 0.862745098039216 0.938775510204082 0.957583033213285 1 3 41 1 658.674
0.94750656167979 0.964646464646465 0.92896174863388 0.983330573494508 0.93 0.901960784313726 0.959183673469388 0.974389755902361 2 3 41 1 658.674
0.858267716535433 0.863636363636364 0.852459016393443 0.927747419550698 0.89 0.843137254901961 0.938775510204082 0.95078031212485 NA 1 41 2 559.634
0.929133858267717 0.934343434343434 0.923497267759563 0.982640613788155 0.94 0.901960784313726 0.979591836734694 0.983193277310924 5 2 41 2 559.634
0.937007874015748 0.944444444444444 0.92896174863388 0.983026991223713 0.94 0.901960784313726 0.979591836734694 0.984393757503001 8 2 41 2 559.634
0.939632545931758 0.94949494949495 0.92896174863388 0.983634155765303 0.94 0.901960784313726 0.979591836734694 0.982793117246899 10 2 41 2 559.634
0.860892388451444 0.873737373737374 0.846994535519126 0.928685764751338 0.89 0.843137254901961 0.938775510204082 0.955582232893157 1 3 41 2 559.634
0.94750656167979 0.964646464646465 0.92896174863388 0.982695810564663 0.93 0.901960784313726 0.959183673469388 0.974389755902361 2 3 41 2 559.634
0.853018372703412 0.858585858585859 0.846994535519126 0.927637025997682 0.89 0.843137254901961 0.938775510204082 0.953581432573029 NA 1 41 3 1074.728
0.934383202099738 0.944444444444444 0.923497267759563 0.982447425070376 0.94 0.901960784313726 0.979591836734694 0.982793117246899 5 2 41 3 1074.728
0.934383202099738 0.944444444444444 0.923497267759563 0.982916597670696 0.93 0.882352941176471 0.979591836734694 0.984393757503001 8 2 41 3 1074.728
0.937007874015748 0.94949494949495 0.923497267759563 0.983578958988795 0.94 0.901960784313726 0.979591836734694 0.98359343737495 10 2 41 3 1074.728
0.858267716535433 0.868686868686869 0.846994535519126 0.927995805044985 0.89 0.843137254901961 0.938775510204082 0.955982392957183 1 3 41 3 1074.728
0.94750656167979 0.964646464646465 0.92896174863388 0.982888999282442 0.92 0.882352941176471 0.959183673469388 0.973989595838335 2 3 41 3 1074.728
