0.901234567901235 0.891891891891892 0.909090909090909 0.977886977886978 0.89 0.829787234042553 0.943396226415094 0.936973103171417 NA 1 5 1 125.296
1 1 1 1 0.86 0.765957446808511 0.943396226415094 0.850260939381774 5 2 5 1 125.296
1 1 1 1 0.87 0.808510638297872 0.924528301886792 0.869931754315536 8 2 5 1 125.296
1 1 1 1 0.84 0.74468085106383 0.924528301886792 0.848253713368125 10 2 5 1 125.296
0.901234567901235 0.864864864864865 0.931818181818182 0.971744471744472 0.9 0.872340425531915 0.924528301886792 0.942994781212364 1 3 5 1 125.296
0.938271604938272 0.918918918918919 0.954545454545455 0.988329238329238 0.87 0.787234042553192 0.943396226415094 0.946206342834203 2 3 5 1 125.296
0.901234567901235 0.891891891891892 0.909090909090909 0.977886977886978 0.9 0.851063829787234 0.943396226415094 0.934162986752308 NA 1 5 2 135.465
1 1 1 1 0.84 0.723404255319149 0.943396226415094 0.850461661983139 5 2 5 2 135.465
1 1 1 1 0.86 0.74468085106383 0.962264150943396 0.863709353673224 8 2 5 2 135.465
1 1 1 1 0.85 0.723404255319149 0.962264150943396 0.86069851465275 10 2 5 2 135.465
0.91358024691358 0.891891891891892 0.931818181818182 0.976044226044226 0.9 0.872340425531915 0.924528301886792 0.940987555198715 1 3 5 2 135.465
0.938271604938272 0.918918918918919 0.954545454545455 0.988943488943489 0.87 0.808510638297872 0.924528301886792 0.946206342834203 2 3 5 2 135.465
0.901234567901235 0.891891891891892 0.909090909090909 0.978501228501228 0.89 0.808510638297872 0.962264150943396 0.933360096346849 NA 1 5 3 239.587
1 1 1 1 0.86 0.765957446808511 0.943396226415094 0.852468887996788 5 2 5 3 239.587
1 1 1 1 0.88 0.829787234042553 0.924528301886792 0.875551987153753 8 2 5 3 239.587
1 1 1 1 0.85 0.74468085106383 0.943396226415094 0.870533922119631 10 2 5 3 239.587
0.901234567901235 0.918918918918919 0.886363636363636 0.978501228501228 0.91 0.872340425531915 0.943396226415094 0.939381774387796 1 3 5 3 239.587
0.938271604938272 0.918918918918919 0.954545454545455 0.98955773955774 0.88 0.808510638297872 0.943396226415094 0.948213568847852 2 3 5 3 239.587
