0.860927152317881 0.865671641791045 0.857142857142857 0.927683013503909 0.9 0.872727272727273 0.933333333333333 0.960808080808081 NA 1 4 1 201.993
0.947019867549669 0.970149253731343 0.928571428571429 0.990582800284293 0.9 0.854545454545454 0.955555555555556 0.981414141414141 5 2 4 1 201.993
0.947019867549669 0.955223880597015 0.94047619047619 0.992004264392324 0.9 0.854545454545454 0.955555555555556 0.978989898989899 8 2 4 1 201.993
0.947019867549669 0.955223880597015 0.94047619047619 0.993248045486851 0.9 0.854545454545454 0.955555555555556 0.98020202020202 10 2 4 1 201.993
0.874172185430464 0.895522388059702 0.857142857142857 0.925728500355366 0.88 0.854545454545454 0.911111111111111 0.964848484848485 1 3 4 1 201.993
0.900662251655629 0.895522388059702 0.904761904761905 0.978144989339019 0.93 0.909090909090909 0.955555555555556 0.978989898989899 2 3 4 1 201.993
0.860927152317881 0.865671641791045 0.857142857142857 0.92910447761194 0.9 0.872727272727273 0.933333333333333 0.95959595959596 NA 1 4 2 305.075
0.95364238410596 0.970149253731343 0.94047619047619 0.991471215351812 0.9 0.854545454545454 0.955555555555556 0.981414141414141 5 2 4 2 305.075
0.947019867549669 0.955223880597015 0.94047619047619 0.993781094527363 0.9 0.854545454545454 0.955555555555556 0.978181818181818 8 2 4 2 305.075
0.947019867549669 0.955223880597015 0.94047619047619 0.994314143567875 0.9 0.854545454545454 0.955555555555556 0.97979797979798 10 2 4 2 305.075
0.874172185430464 0.895522388059702 0.857142857142857 0.925195451314854 0.88 0.854545454545454 0.911111111111111 0.964444444444444 1 3 4 2 305.075
0.900662251655629 0.895522388059702 0.904761904761905 0.977789623312011 0.93 0.909090909090909 0.955555555555556 0.978585858585859 2 3 4 2 305.075
0.854304635761589 0.865671641791045 0.845238095238095 0.928749111584932 0.9 0.872727272727273 0.933333333333333 0.95959595959596 NA 1 4 3 424.661
0.947019867549669 0.970149253731343 0.928571428571429 0.990582800284293 0.9 0.854545454545454 0.955555555555556 0.978585858585859 5 2 4 3 424.661
0.940397350993378 0.955223880597015 0.928571428571429 0.991648898365316 0.9 0.854545454545454 0.955555555555556 0.978989898989899 8 2 4 3 424.661
0.947019867549669 0.955223880597015 0.94047619047619 0.992181947405828 0.91 0.872727272727273 0.955555555555556 0.978181818181818 10 2 4 3 424.661
0.867549668874172 0.895522388059702 0.845238095238095 0.926083866382374 0.88 0.854545454545454 0.911111111111111 0.964040404040404 1 3 4 3 424.661
0.900662251655629 0.895522388059702 0.904761904761905 0.977789623312011 0.93 0.909090909090909 0.955555555555556 0.978989898989899 2 3 4 3 424.661
