0.794871794871795 0.6875 0.869565217391304 0.891304347826087 0.78 0.745098039215686 0.816326530612245 0.831132452981192 NA 1 16 1 70.162
1 1 1 1 0.83 0.725490196078431 0.938775510204082 0.84453781512605 5 2 16 1 70.162
1 1 1 1 0.8 0.686274509803922 0.918367346938776 0.826730692276911 8 2 16 1 70.162
1 1 1 1 0.65 0.686274509803922 0.612244897959184 0.719087635054022 10 2 16 1 70.162
0.615384615384615 0.0625 1 0.872282608695652 0.65 0.313725490196078 1 0.787114845938375 1 3 16 1 70.162
0.923076923076923 0.9375 0.91304347826087 0.983695652173913 0.78 0.725490196078431 0.836734693877551 0.898759503801521 2 3 16 1 70.162
0.794871794871795 0.6875 0.869565217391304 0.877717391304348 0.76 0.745098039215686 0.775510204081633 0.843537414965986 NA 1 16 2 74.889
1 1 1 1 0.83 0.882352941176471 0.775510204081633 0.866746698679472 5 2 16 2 74.889
1 1 1 1 0.83 0.745098039215686 0.918367346938776 0.861744697879152 8 2 16 2 74.889
1 1 1 1 0.84 0.823529411764706 0.857142857142857 0.872749099639856 10 2 16 2 74.889
0.58974358974359 0 1 0.866847826086957 0.49 0 1 0.848739495798319 1 3 16 2 74.889
0.948717948717949 0.9375 0.956521739130435 0.989130434782609 0.77 0.725490196078431 0.816326530612245 0.892757102841136 2 3 16 2 74.889
0.794871794871795 0.6875 0.869565217391304 0.885869565217391 0.77 0.764705882352941 0.775510204081633 0.835534213685474 NA 1 16 3 111.082
1 1 1 1 0.82 0.862745098039216 0.775510204081633 0.87515006002401 5 2 16 3 111.082
1 1 1 1 0.85 0.764705882352941 0.938775510204082 0.877150860344138 8 2 16 3 111.082
1 1 1 1 0.77 0.705882352941177 0.836734693877551 0.783713485394158 10 2 16 3 111.082
0.58974358974359 0 1 0.888586956521739 0.49 0 1 0.837535014005602 1 3 16 3 111.082
0.948717948717949 0.9375 0.956521739130435 0.986413043478261 0.78 0.745098039215686 0.816326530612245 0.889155662264906 2 3 16 3 111.082
