0.9 0.918918918918919 0.878787878787879 0.955569205569206 0.83 0.816326530612245 0.843137254901961 0.873549419767907 NA 1 79 1 216.039
0.971428571428571 0.986486486486487 0.954545454545455 0.994266994266994 0.83 0.795918367346939 0.862745098039216 0.939975990396158 5 2 79 1 216.039
0.971428571428571 0.986486486486487 0.954545454545455 0.995290745290745 0.83 0.795918367346939 0.862745098039216 0.935174069627851 8 2 79 1 216.039
0.971428571428571 0.986486486486487 0.954545454545455 0.995904995904996 0.83 0.795918367346939 0.862745098039216 0.935974389755902 10 2 79 1 216.039
0.892857142857143 0.918918918918919 0.863636363636364 0.953931203931204 0.83 0.836734693877551 0.823529411764706 0.874349739895958 1 3 79 1 216.039
0.957142857142857 0.972972972972973 0.939393939393939 0.986076986076986 0.81 0.836734693877551 0.784313725490196 0.920768307322929 2 3 79 1 216.039
0.9 0.918918918918919 0.878787878787879 0.956183456183456 0.83 0.816326530612245 0.843137254901961 0.875550220088035 NA 1 79 2 184.596
0.971428571428571 0.986486486486487 0.954545454545455 0.994266994266994 0.83 0.795918367346939 0.862745098039216 0.939175670268107 5 2 79 2 184.596
0.971428571428571 0.986486486486487 0.954545454545455 0.995495495495496 0.83 0.795918367346939 0.862745098039216 0.937575030012005 8 2 79 2 184.596
0.971428571428571 0.986486486486487 0.954545454545455 0.996109746109746 0.83 0.795918367346939 0.862745098039216 0.937575030012005 10 2 79 2 184.596
0.892857142857143 0.918918918918919 0.863636363636364 0.954750204750205 0.83 0.836734693877551 0.823529411764706 0.875950380152061 1 3 79 2 184.596
0.957142857142857 0.972972972972973 0.939393939393939 0.985872235872236 0.81 0.836734693877551 0.784313725490196 0.920368147258904 2 3 79 2 184.596
0.9 0.918918918918919 0.878787878787879 0.955978705978706 0.81 0.775510204081633 0.843137254901961 0.873549419767907 NA 1 79 3 370.362
0.971428571428571 0.986486486486487 0.954545454545455 0.994881244881245 0.84 0.816326530612245 0.862745098039216 0.94077631052421 5 2 79 3 370.362
0.971428571428571 0.986486486486487 0.954545454545455 0.995085995085995 0.83 0.795918367346939 0.862745098039216 0.9343737494998 8 2 79 3 370.362
0.971428571428571 0.986486486486487 0.954545454545455 0.995290745290745 0.83 0.795918367346939 0.862745098039216 0.935974389755902 10 2 79 3 370.362
0.885714285714286 0.918918918918919 0.848484848484849 0.953521703521704 0.82 0.836734693877551 0.803921568627451 0.871948779511805 1 3 79 3 370.362
0.957142857142857 0.972972972972973 0.939393939393939 0.986076986076986 0.8 0.816326530612245 0.784313725490196 0.923169267707083 2 3 79 3 370.362
