0.854794520547945 0.854651162790698 0.854922279792746 0.935624774069165 0.86 0.864406779661017 0.853658536585366 0.928069450186027 NA 1 43 1 454.749
0.928767123287671 0.930232558139535 0.927461139896373 0.986504398120255 0.88 0.830508474576271 0.951219512195122 0.964034725093014 5 2 43 1 454.749
0.931506849315068 0.936046511627907 0.927461139896373 0.989004699361369 0.91 0.88135593220339 0.951219512195122 0.966515088879702 8 2 43 1 454.749
0.928767123287671 0.930232558139535 0.927461139896373 0.988703458247982 0.89 0.847457627118644 0.951219512195122 0.964448119057462 10 2 43 1 454.749
0.86027397260274 0.872093023255814 0.849740932642487 0.934540306060971 0.86 0.88135593220339 0.829268292682927 0.928896238114924 1 3 43 1 454.749
0.934246575342466 0.930232558139535 0.937823834196891 0.983732979877094 0.9 0.88135593220339 0.926829268292683 0.960314179412981 2 3 43 1 454.749
0.854794520547945 0.854651162790698 0.854922279792746 0.93574527051452 0.85 0.847457627118644 0.853658536585366 0.928896238114924 NA 1 43 2 493.913
0.928767123287671 0.930232558139535 0.927461139896373 0.986353777563562 0.88 0.830508474576271 0.951219512195122 0.964034725093014 5 2 43 2 493.913
0.931506849315068 0.936046511627907 0.927461139896373 0.989064947584046 0.91 0.88135593220339 0.951219512195122 0.966101694915254 8 2 43 2 493.913
0.928767123287671 0.930232558139535 0.927461139896373 0.98873358235932 0.89 0.847457627118644 0.951219512195122 0.964034725093014 10 2 43 2 493.913
0.857534246575342 0.866279069767442 0.849740932642487 0.934359561392939 0.86 0.88135593220339 0.829268292682927 0.928482844150475 1 3 43 2 493.913
0.936986301369863 0.930232558139535 0.94300518134715 0.983883600433787 0.9 0.88135593220339 0.926829268292683 0.960727573377429 2 3 43 2 493.913
0.852054794520548 0.848837209302326 0.854922279792746 0.935594649957826 0.86 0.864406779661017 0.853658536585366 0.929309632079372 NA 1 43 3 849.918
0.931506849315068 0.930232558139535 0.932642487046632 0.986414025786239 0.88 0.830508474576271 0.951219512195122 0.963621331128566 5 2 43 3 849.918
0.931506849315068 0.930232558139535 0.932642487046632 0.98755874201711 0.89 0.847457627118644 0.951219512195122 0.966101694915254 8 2 43 3 849.918
0.934246575342466 0.930232558139535 0.937823834196891 0.988582961802627 0.9 0.864406779661017 0.951219512195122 0.963621331128566 10 2 43 3 849.918
0.865753424657534 0.88953488372093 0.844559585492228 0.935715146403181 0.86 0.88135593220339 0.829268292682927 0.928896238114924 1 3 43 3 849.918
0.936986301369863 0.930232558139535 0.94300518134715 0.98382335221111 0.9 0.88135593220339 0.926829268292683 0.958660603555188 2 3 43 3 849.918
