0.834224598930481 0.851282051282051 0.815642458100559 0.923821802034093 0.79 0.883720930232558 0.719298245614035 0.924112607099143 NA 1 65 1 605.501
0.903743315508021 0.912820512820513 0.893854748603352 0.975504941985389 0.91 0.86046511627907 0.947368421052632 0.973072215422277 5 2 65 1 605.501
0.919786096256685 0.917948717948718 0.921787709497207 0.981177481736141 0.91 0.883720930232558 0.929824561403509 0.975928192574459 8 2 65 1 605.501
0.917112299465241 0.912820512820513 0.921787709497207 0.980862340638877 0.91 0.883720930232558 0.929824561403509 0.977560179518564 10 2 65 1 605.501
0.836898395721925 0.856410256410256 0.815642458100559 0.92359260850881 0.78 0.86046511627907 0.719298245614035 0.919624643002856 1 3 65 1 605.501
0.911764705882353 0.912820512820513 0.910614525139665 0.974244377596333 0.89 0.906976744186046 0.87719298245614 0.963688290493676 2 3 65 1 605.501
0.834224598930481 0.851282051282051 0.815642458100559 0.923936398796734 0.79 0.883720930232558 0.719298245614035 0.923296613627091 NA 1 65 2 557.101
0.903743315508021 0.912820512820513 0.893854748603352 0.975418994413408 0.91 0.86046511627907 0.947368421052632 0.972256221950224 5 2 65 2 557.101
0.919786096256685 0.917948717948718 0.921787709497207 0.981034235782839 0.91 0.883720930232558 0.929824561403509 0.976336189310485 8 2 65 2 557.101
0.917112299465241 0.912820512820513 0.921787709497207 0.980890989829537 0.91 0.883720930232558 0.929824561403509 0.976336189310485 10 2 65 2 557.101
0.839572192513369 0.856410256410256 0.82122905027933 0.92364990689013 0.79 0.86046511627907 0.736842105263158 0.91921664626683 1 3 65 2 557.101
0.911764705882353 0.912820512820513 0.910614525139665 0.973900587308409 0.9 0.906976744186046 0.894736842105263 0.964912280701754 2 3 65 2 557.101
0.842245989304813 0.851282051282051 0.832402234636871 0.92204555221315 0.79 0.883720930232558 0.719298245614035 0.919624643002856 NA 1 65 3 1073.812
0.898395721925134 0.912820512820513 0.88268156424581 0.974903308981521 0.9 0.86046511627907 0.929824561403509 0.973480212158303 5 2 65 3 1073.812
0.917112299465241 0.917948717948718 0.916201117318436 0.98028935682567 0.9 0.883720930232558 0.912280701754386 0.977152182782538 8 2 65 3 1073.812
0.919786096256685 0.917948717948718 0.921787709497207 0.980060163300387 0.9 0.883720930232558 0.912280701754386 0.978376172990616 10 2 65 3 1073.812
0.839572192513369 0.856410256410256 0.82122905027933 0.922160148975791 0.8 0.86046511627907 0.754385964912281 0.915952672378621 1 3 65 3 1073.812
0.909090909090909 0.912820512820513 0.905027932960894 0.97324165592322 0.89 0.906976744186046 0.87719298245614 0.962872297021624 2 3 65 3 1073.812
