0.828854314002829 0.835734870317003 0.822222222222222 0.907244636567403 0.83 0.822222222222222 0.836363636363636 0.898181818181818 NA 1 20 1 1139.772
0.916548797736917 0.9164265129683 0.916666666666667 0.977609670188921 0.88 0.777777777777778 0.963636363636364 0.970505050505051 5 2 20 1 1139.772
0.913719943422914 0.9164265129683 0.911111111111111 0.978162023695165 0.88 0.777777777777778 0.963636363636364 0.970909090909091 8 2 20 1 1139.772
0.915134370579915 0.919308357348703 0.911111111111111 0.978394172270253 0.88 0.777777777777778 0.963636363636364 0.970505050505051 10 2 20 1 1139.772
0.83026874115983 0.838616714697406 0.822222222222222 0.90755683637528 0.84 0.822222222222222 0.854545454545454 0.892525252525252 1 3 20 1 1139.772
0.926449787835926 0.939481268011527 0.913888888888889 0.976609029779059 0.87 0.755555555555556 0.963636363636364 0.945858585858586 2 3 20 1 1139.772
0.828854314002829 0.835734870317003 0.822222222222222 0.907604867114954 0.83 0.822222222222222 0.836363636363636 0.895353535353535 NA 1 20 2 1011.965
0.917963224893918 0.9164265129683 0.919444444444444 0.977585654819084 0.88 0.777777777777778 0.963636363636364 0.970505050505051 5 2 20 2 1011.965
0.913719943422914 0.9164265129683 0.911111111111111 0.978097982708934 0.88 0.777777777777778 0.963636363636364 0.970909090909091 8 2 20 2 1011.965
0.917963224893918 0.919308357348703 0.916666666666667 0.978354146653858 0.88 0.777777777777778 0.963636363636364 0.97010101010101 10 2 20 2 1011.965
0.83026874115983 0.838616714697406 0.822222222222222 0.907764969580532 0.84 0.822222222222222 0.854545454545454 0.890909090909091 1 3 20 2 1011.965
0.925035360678925 0.939481268011527 0.911111111111111 0.976512968299712 0.87 0.755555555555556 0.963636363636364 0.946262626262626 2 3 20 2 1011.965
0.834512022630834 0.835734870317003 0.833333333333333 0.906644252321486 0.83 0.822222222222222 0.836363636363636 0.898181818181818 NA 1 20 3 1969.993
0.915134370579915 0.9164265129683 0.913888888888889 0.977769772654499 0.88 0.777777777777778 0.963636363636364 0.971717171717172 5 2 20 3 1969.993
0.916548797736917 0.9164265129683 0.916666666666667 0.978250080051233 0.87 0.755555555555556 0.963636363636364 0.970909090909091 8 2 20 3 1969.993
0.917963224893918 0.919308357348703 0.916666666666667 0.978530259365994 0.88 0.777777777777778 0.963636363636364 0.970505050505051 10 2 20 3 1969.993
0.834512022630834 0.835734870317003 0.833333333333333 0.90661223182837 0.84 0.822222222222222 0.854545454545454 0.892121212121212 1 3 20 3 1969.993
0.920792079207921 0.93371757925072 0.908333333333333 0.976264809478066 0.88 0.777777777777778 0.963636363636364 0.947070707070707 2 3 20 3 1969.993
