0.88125 0.869565217391304 0.89010989010989 0.949992036948559 0.86 0.88 0.84 0.9304 NA 1 43 1 237.006
0.95625 0.927536231884058 0.978021978021978 0.98471094123268 0.95 0.92 0.98 0.9852 5 2 43 1 237.006
0.95 0.927536231884058 0.967032967032967 0.98853320592451 0.96 0.94 0.98 0.9848 8 2 43 1 237.006
0.95625 0.942028985507246 0.967032967032967 0.989966555183946 0.96 0.94 0.98 0.9832 10 2 43 1 237.006
0.88125 0.869565217391304 0.89010989010989 0.950947603121516 0.84 0.88 0.8 0.9344 1 3 43 1 237.006
0.94375 0.927536231884058 0.956043956043956 0.987099856665074 0.93 0.92 0.94 0.9696 2 3 43 1 237.006
0.88125 0.869565217391304 0.89010989010989 0.950629081063864 0.86 0.88 0.84 0.9304 NA 1 43 2 193.326
0.95 0.927536231884058 0.967032967032967 0.985029463290333 0.95 0.92 0.98 0.9836 5 2 43 2 193.326
0.95 0.927536231884058 0.967032967032967 0.988373944895684 0.96 0.94 0.98 0.9832 8 2 43 2 193.326
0.95625 0.942028985507246 0.967032967032967 0.98980729415512 0.96 0.94 0.98 0.9816 10 2 43 2 193.326
0.88125 0.869565217391304 0.89010989010989 0.950947603121516 0.83 0.86 0.8 0.9328 1 3 43 2 193.326
0.95 0.927536231884058 0.967032967032967 0.986940595636248 0.92 0.9 0.94 0.9676 2 3 43 2 193.326
0.88125 0.869565217391304 0.89010989010989 0.950469820035037 0.86 0.88 0.84 0.9308 NA 1 43 3 392.691
0.9375 0.927536231884058 0.945054945054945 0.984551680203854 0.95 0.92 0.98 0.984 5 2 43 3 392.691
0.95 0.927536231884058 0.967032967032967 0.98853320592451 0.96 0.94 0.98 0.9852 8 2 43 3 392.691
0.9625 0.942028985507246 0.978021978021978 0.989329511068642 0.96 0.94 0.98 0.984 10 2 43 3 392.691
0.875 0.855072463768116 0.89010989010989 0.950469820035037 0.86 0.88 0.84 0.934 1 3 43 3 392.691
0.94375 0.91304347826087 0.967032967032967 0.986940595636248 0.93 0.92 0.94 0.9676 2 3 43 3 392.691
