0.873303167420814 0.881818181818182 0.864864864864865 0.945945945945946 0.77 0.948717948717949 0.655737704918033 0.920554854981084 NA 1 91 1 435.252
0.927601809954751 0.909090909090909 0.945945945945946 0.985257985257985 0.89 0.923076923076923 0.868852459016393 0.956704497688104 5 2 91 1 435.252
0.932126696832579 0.918181818181818 0.945945945945946 0.986895986895987 0.88 0.923076923076923 0.852459016393443 0.950399327448508 8 2 91 1 435.252
0.936651583710407 0.927272727272727 0.945945945945946 0.987223587223587 0.87 0.923076923076923 0.836065573770492 0.949558638083228 10 2 91 1 435.252
0.864253393665158 0.863636363636364 0.864864864864865 0.945536445536446 0.77 0.948717948717949 0.655737704918033 0.92854140395124 1 3 91 1 435.252
0.927601809954751 0.927272727272727 0.927927927927928 0.978705978705979 0.82 0.923076923076923 0.754098360655738 0.940731399747793 2 3 91 1 435.252
0.868778280542986 0.881818181818182 0.855855855855856 0.945618345618346 0.77 0.948717948717949 0.655737704918033 0.914249684741488 NA 1 91 2 455.199
0.932126696832579 0.918181818181818 0.945945945945946 0.985339885339885 0.88 0.923076923076923 0.852459016393443 0.955023118957545 5 2 91 2 455.199
0.927601809954751 0.909090909090909 0.945945945945946 0.985012285012285 0.88 0.923076923076923 0.852459016393443 0.953762084909626 8 2 91 2 455.199
0.927601809954751 0.909090909090909 0.945945945945946 0.985585585585586 0.88 0.923076923076923 0.852459016393443 0.953341740226986 10 2 91 2 455.199
0.864253393665158 0.872727272727273 0.855855855855856 0.944062244062244 0.77 0.948717948717949 0.655737704918033 0.926019335855401 1 3 91 2 455.199
0.927601809954751 0.927272727272727 0.927927927927928 0.978542178542179 0.8 0.923076923076923 0.721311475409836 0.939050021017234 2 3 91 2 455.199
0.864253393665158 0.872727272727273 0.855855855855856 0.945045045045045 0.77 0.948717948717949 0.655737704918033 0.908785203867171 NA 1 91 3 781.469
0.927601809954751 0.909090909090909 0.945945945945946 0.983210483210483 0.89 0.923076923076923 0.868852459016393 0.956284153005465 5 2 91 3 781.469
0.932126696832579 0.918181818181818 0.945945945945946 0.985913185913186 0.88 0.923076923076923 0.852459016393443 0.952501050861707 8 2 91 3 781.469
0.932126696832579 0.918181818181818 0.945945945945946 0.986732186732187 0.87 0.923076923076923 0.836065573770492 0.954182429592266 10 2 91 3 781.469
0.85972850678733 0.863636363636364 0.855855855855856 0.943570843570844 0.77 0.948717948717949 0.655737704918033 0.921815889029004 1 3 91 3 781.469
0.927601809954751 0.927272727272727 0.927927927927928 0.978542178542179 0.8 0.923076923076923 0.721311475409836 0.939890710382514 2 3 91 3 781.469
