0.802631578947368 0.857142857142857 0.735294117647059 0.903361344537815 0.78 0.82 0.74 0.8884 NA 1 48 1 62.376
0.986842105263158 1 0.970588235294118 1 0.89 0.92 0.86 0.924 5 2 48 1 62.376
1 1 1 1 0.82 0.84 0.8 0.8614 8 2 48 1 62.376
1 1 1 1 0.9 0.94 0.86 0.907 10 2 48 1 62.376
0.789473684210526 0.904761904761905 0.647058823529412 0.899159663865546 0.78 0.86 0.7 0.8944 1 3 48 1 62.376
0.947368421052632 0.928571428571429 0.970588235294118 0.992296918767507 0.83 0.88 0.78 0.9116 2 3 48 1 62.376
0.815789473684211 0.880952380952381 0.735294117647059 0.90266106442577 0.79 0.84 0.74 0.8896 NA 1 48 2 57.524
1 1 1 1 0.89 0.92 0.86 0.9332 5 2 48 2 57.524
1 1 1 1 0.89 0.92 0.86 0.9304 8 2 48 2 57.524
1 1 1 1 0.9 0.94 0.86 0.9256 10 2 48 2 57.524
0.789473684210526 0.904761904761905 0.647058823529412 0.899859943977591 0.78 0.86 0.7 0.8956 1 3 48 2 57.524
0.947368421052632 0.928571428571429 0.970588235294118 0.992296918767507 0.83 0.88 0.78 0.9072 2 3 48 2 57.524
0.789473684210526 0.857142857142857 0.705882352941177 0.903361344537815 0.78 0.82 0.74 0.8816 NA 1 48 3 102.525
1 1 1 1 0.86 0.88 0.84 0.8748 5 2 48 3 102.525
1 1 1 1 0.91 0.94 0.88 0.934 8 2 48 3 102.525
1 1 1 1 0.89 0.92 0.86 0.9158 10 2 48 3 102.525
0.802631578947368 0.904761904761905 0.676470588235294 0.900560224089636 0.76 0.84 0.68 0.8832 1 3 48 3 102.525
0.947368421052632 0.928571428571429 0.970588235294118 0.992997198879552 0.79 0.86 0.72 0.8916 2 3 48 3 102.525
