0.864942528735632 0.865384615384615 0.864583333333333 0.928819444444444 0.79 0.777777777777778 0.8 0.869090909090909 NA 1 11 1 384.273
0.916666666666667 0.91025641025641 0.921875 0.983006143162393 0.89 0.888888888888889 0.890909090909091 0.951919191919192 5 2 11 1 384.273
0.922413793103448 0.916666666666667 0.927083333333333 0.983740651709402 0.89 0.888888888888889 0.890909090909091 0.95030303030303 8 2 11 1 384.273
0.925287356321839 0.923076923076923 0.927083333333333 0.984608707264957 0.89 0.888888888888889 0.890909090909091 0.948686868686869 10 2 11 1 384.273
0.864942528735632 0.858974358974359 0.869791666666667 0.928585737179487 0.81 0.777777777777778 0.836363636363636 0.867070707070707 1 3 11 1 384.273
0.933908045977011 0.92948717948718 0.9375 0.983506944444444 0.86 0.866666666666667 0.854545454545454 0.930505050505051 2 3 11 1 384.273
0.864942528735632 0.865384615384615 0.864583333333333 0.928952991452991 0.79 0.777777777777778 0.8 0.870707070707071 NA 1 11 2 341.843
0.916666666666667 0.91025641025641 0.921875 0.983106303418803 0.89 0.888888888888889 0.890909090909091 0.952323232323232 5 2 11 2 341.843
0.919540229885057 0.91025641025641 0.927083333333333 0.983540331196581 0.89 0.888888888888889 0.890909090909091 0.95030303030303 8 2 11 2 341.843
0.922413793103448 0.916666666666667 0.927083333333333 0.984408386752137 0.88 0.866666666666667 0.890909090909091 0.947878787878788 10 2 11 2 341.843
0.864942528735632 0.858974358974359 0.869791666666667 0.92855235042735 0.81 0.777777777777778 0.836363636363636 0.868282828282828 1 3 11 2 341.843
0.931034482758621 0.92948717948718 0.932291666666667 0.983340010683761 0.86 0.866666666666667 0.854545454545454 0.930909090909091 2 3 11 2 341.843
0.864942528735632 0.865384615384615 0.864583333333333 0.928151709401709 0.79 0.777777777777778 0.8 0.866666666666667 NA 1 11 3 587.587
0.925287356321839 0.923076923076923 0.927083333333333 0.982805822649573 0.88 0.866666666666667 0.890909090909091 0.95030303030303 5 2 11 3 587.587
0.925287356321839 0.923076923076923 0.927083333333333 0.983540331196581 0.89 0.888888888888889 0.890909090909091 0.945858585858586 8 2 11 3 587.587
0.925287356321839 0.923076923076923 0.927083333333333 0.984875801282051 0.88 0.866666666666667 0.890909090909091 0.945050505050505 10 2 11 3 587.587
0.862068965517241 0.858974358974359 0.864583333333333 0.927751068376068 0.8 0.755555555555556 0.836363636363636 0.865454545454545 1 3 11 3 587.587
0.933908045977011 0.92948717948718 0.9375 0.983440170940171 0.85 0.844444444444444 0.854545454545454 0.929292929292929 2 3 11 3 587.587
