0.871859296482412 0.863291139240506 0.880299251870324 0.94247924492566 0.84 0.907407407407407 0.760869565217391 0.94524959742351 NA 1 29 1 1512.847
0.949748743718593 0.949367088607595 0.950124688279302 0.987430158780265 0.91 0.981481481481482 0.826086956521739 0.980676328502415 5 2 29 1 1512.847
0.948492462311558 0.946835443037975 0.950124688279302 0.988238265096752 0.91 0.981481481481482 0.826086956521739 0.981078904991948 8 2 29 1 1512.847
0.949748743718593 0.949367088607595 0.950124688279302 0.988427665014678 0.91 0.981481481481482 0.826086956521739 0.980676328502415 10 2 29 1 1512.847
0.874371859296482 0.870886075949367 0.877805486284289 0.942251965024148 0.85 0.907407407407407 0.782608695652174 0.943236714975845 1 3 29 1 1512.847
0.951005025125628 0.959493670886076 0.942643391521197 0.987581678714606 0.89 0.981481481481482 0.782608695652174 0.972222222222222 2 3 29 1 1512.847
0.874371859296482 0.868354430379747 0.880299251870324 0.943053758010038 0.84 0.907407407407407 0.760869565217391 0.944041867954911 NA 1 29 2 1153.338
0.949748743718593 0.949367088607595 0.950124688279302 0.987385965466082 0.91 0.981481481481482 0.826086956521739 0.980676328502415 5 2 29 2 1153.338
0.948492462311558 0.946835443037975 0.950124688279302 0.988257205088544 0.91 0.981481481481482 0.826086956521739 0.980676328502415 8 2 29 2 1153.338
0.949748743718593 0.949367088607595 0.950124688279302 0.988377158369898 0.91 0.981481481481482 0.826086956521739 0.980676328502415 10 2 29 2 1153.338
0.871859296482412 0.870886075949367 0.872817955112219 0.942769658133148 0.83 0.888888888888889 0.760869565217391 0.944041867954911 1 3 29 2 1153.338
0.949748743718593 0.956962025316456 0.942643391521197 0.98751854540863 0.89 0.981481481481482 0.782608695652174 0.973832528180354 2 3 29 2 1153.338
0.864321608040201 0.858227848101266 0.870324189526185 0.942157265065185 0.85 0.925925925925926 0.760869565217391 0.946457326892109 NA 1 29 3 2457.242
0.949748743718593 0.949367088607595 0.950124688279302 0.987373338804887 0.91 0.981481481481482 0.826086956521739 0.981078904991948 5 2 29 3 2457.242
0.947236180904523 0.944303797468354 0.950124688279302 0.988213011774362 0.9 0.962962962962963 0.826086956521739 0.980676328502415 8 2 29 3 2457.242
0.945979899497487 0.944303797468354 0.947630922693267 0.98826983174974 0.9 0.962962962962963 0.826086956521739 0.980273752012882 10 2 29 3 2457.242
0.866834170854271 0.865822784810127 0.86783042394015 0.941993118469649 0.82 0.87037037037037 0.760869565217391 0.943236714975845 1 3 29 3 2457.242
0.949748743718593 0.956962025316456 0.942643391521197 0.987392278796679 0.89 0.981481481481482 0.782608695652174 0.973027375201288 2 3 29 3 2457.242
