0.893162393162393 0.871559633027523 0.912 0.953908256880734 0.76 0.804347826086957 0.722222222222222 0.866747181964573 NA 1 84 1 407.237
0.961538461538462 0.972477064220184 0.952 0.986642201834862 0.88 0.891304347826087 0.87037037037037 0.959742351046699 5 2 84 1 407.237
0.961538461538462 0.972477064220184 0.952 0.987229357798165 0.9 0.934782608695652 0.87037037037037 0.9585346215781 8 2 84 1 407.237
0.961538461538462 0.972477064220184 0.952 0.987082568807339 0.89 0.934782608695652 0.851851851851852 0.957729468599034 10 2 84 1 407.237
0.897435897435897 0.889908256880734 0.904 0.953908256880734 0.78 0.847826086956522 0.722222222222222 0.8743961352657 1 3 84 1 407.237
0.961538461538462 0.963302752293578 0.96 0.989798165137615 0.81 0.760869565217391 0.851851851851852 0.934782608695652 2 3 84 1 407.237
0.897435897435897 0.871559633027523 0.92 0.954201834862385 0.76 0.804347826086957 0.722222222222222 0.87037037037037 NA 1 84 2 427.677
0.961538461538462 0.972477064220184 0.952 0.986422018348624 0.89 0.91304347826087 0.87037037037037 0.960950080515298 5 2 84 2 427.677
0.961538461538462 0.972477064220184 0.952 0.986935779816514 0.9 0.934782608695652 0.87037037037037 0.959742351046699 8 2 84 2 427.677
0.961538461538462 0.972477064220184 0.952 0.986935779816514 0.89 0.934782608695652 0.851851851851852 0.957729468599034 10 2 84 2 427.677
0.901709401709402 0.880733944954128 0.92 0.953467889908257 0.78 0.847826086956522 0.722222222222222 0.876811594202899 1 3 84 2 427.677
0.961538461538462 0.963302752293578 0.96 0.98943119266055 0.82 0.782608695652174 0.851851851851852 0.935990338164251 2 3 84 2 427.677
0.897435897435897 0.871559633027523 0.92 0.952366972477064 0.76 0.804347826086957 0.722222222222222 0.860708534621578 NA 1 84 3 686.455
0.961538461538462 0.972477064220184 0.952 0.986862385321101 0.88 0.891304347826087 0.87037037037037 0.960950080515298 5 2 84 3 686.455
0.961538461538462 0.972477064220184 0.952 0.987229357798165 0.89 0.91304347826087 0.87037037037037 0.9585346215781 8 2 84 3 686.455
0.961538461538462 0.972477064220184 0.952 0.987082568807339 0.89 0.91304347826087 0.87037037037037 0.957326892109501 10 2 84 3 686.455
0.888888888888889 0.880733944954128 0.896 0.952 0.77 0.826086956521739 0.722222222222222 0.871578099838969 1 3 84 3 686.455
0.961538461538462 0.963302752293578 0.96 0.989871559633028 0.83 0.804347826086957 0.851851851851852 0.932769726247987 2 3 84 3 686.455
