0.859154929577465 0.882352941176471 0.837837837837838 0.918918918918919 0.85 0.755555555555556 0.927272727272727 0.939393939393939 NA 1 67 1 42.733
0.943661971830986 0.941176470588235 0.945945945945946 0.990461049284579 0.89 0.822222222222222 0.945454545454545 0.968080808080808 5 2 67 1 42.733
1 1 1 1 0.9 0.866666666666667 0.927272727272727 0.896161616161616 8 2 67 1 42.733
0.985915492957746 0.970588235294118 1 1 0.86 0.822222222222222 0.890909090909091 0.907070707070707 10 2 67 1 42.733
0.873239436619718 0.970588235294118 0.783783783783784 0.918918918918919 0.86 0.822222222222222 0.890909090909091 0.923232323232323 1 3 67 1 42.733
0.873239436619718 0.882352941176471 0.864864864864865 0.970588235294118 0.86 0.755555555555556 0.945454545454545 0.95030303030303 2 3 67 1 42.733
0.845070422535211 0.852941176470588 0.837837837837838 0.920508744038156 0.86 0.8 0.909090909090909 0.942222222222222 NA 1 67 2 90.558
1 1 1 1 0.87 0.822222222222222 0.909090909090909 0.863030303030303 5 2 67 2 90.558
1 1 1 1 0.87 0.844444444444444 0.890909090909091 0.882424242424242 8 2 67 2 90.558
1 1 1 1 0.89 0.844444444444444 0.927272727272727 0.911919191919192 10 2 67 2 90.558
0.873239436619718 0.970588235294118 0.783783783783784 0.922098569157393 0.87 0.844444444444444 0.890909090909091 0.934949494949495 1 3 67 2 90.558
0.873239436619718 0.852941176470588 0.891891891891892 0.968998410174881 0.89 0.822222222222222 0.945454545454545 0.953535353535354 2 3 67 2 90.558
0.845070422535211 0.852941176470588 0.837837837837838 0.922893481717011 0.83 0.688888888888889 0.945454545454545 0.931313131313131 NA 1 67 3 88.453
0.957746478873239 0.970588235294118 0.945945945945946 0.992845786963434 0.89 0.822222222222222 0.945454545454545 0.972121212121212 5 2 67 3 88.453
1 1 1 1 0.86 0.8 0.909090909090909 0.854545454545454 8 2 67 3 88.453
1 1 1 1 0.89 0.844444444444444 0.927272727272727 0.885858585858586 10 2 67 3 88.453
0.873239436619718 0.941176470588235 0.810810810810811 0.922098569157393 0.82 0.733333333333333 0.890909090909091 0.925252525252525 1 3 67 3 88.453
0.887323943661972 0.882352941176471 0.891891891891892 0.968203497615262 0.87 0.755555555555556 0.963636363636364 0.935757575757576 2 3 67 3 88.453
