0.886243386243386 0.891891891891892 0.880829015544041 0.944881669234001 0.85 0.895833333333333 0.807692307692308 0.911057692307692 NA 1 61 1 648.912
0.936507936507937 0.92972972972973 0.94300518134715 0.984764038650049 0.95 1 0.903846153846154 0.982772435897436 5 2 61 1 648.912
0.936507936507937 0.924324324324324 0.948186528497409 0.986108388180927 0.95 1 0.903846153846154 0.982371794871795 8 2 61 1 648.912
0.939153439153439 0.92972972972973 0.948186528497409 0.986444475563647 0.95 1 0.903846153846154 0.983173076923077 10 2 61 1 648.912
0.891534391534392 0.897297297297297 0.886010362694301 0.943901414367736 0.84 0.875 0.807692307692308 0.912259615384615 1 3 61 1 648.912
0.939153439153439 0.945945945945946 0.932642487046632 0.988825094524576 0.87 0.9375 0.807692307692308 0.965945512820513 2 3 61 1 648.912
0.883597883597884 0.891891891891892 0.875647668393782 0.944293516314242 0.84 0.875 0.807692307692308 0.914663461538462 NA 1 61 2 513.381
0.936507936507937 0.92972972972973 0.94300518134715 0.984876067777622 0.95 1 0.903846153846154 0.983173076923077 5 2 61 2 513.381
0.936507936507937 0.924324324324324 0.948186528497409 0.98605237361714 0.95 1 0.903846153846154 0.982371794871795 8 2 61 2 513.381
0.936507936507937 0.924324324324324 0.948186528497409 0.986248424590394 0.95 1 0.903846153846154 0.982371794871795 10 2 61 2 513.381
0.886243386243386 0.891891891891892 0.880829015544041 0.94325724688419 0.84 0.875 0.807692307692308 0.911858974358974 1 3 61 2 513.381
0.939153439153439 0.945945945945946 0.932642487046632 0.98876907996079 0.88 0.958333333333333 0.807692307692308 0.967548076923077 2 3 61 2 513.381
0.894179894179894 0.897297297297297 0.89119170984456 0.9457218876908 0.85 0.895833333333333 0.807692307692308 0.90625 NA 1 61 3 1113.833
0.936507936507937 0.92972972972973 0.94300518134715 0.985072118750875 0.95 1 0.903846153846154 0.982772435897436 5 2 61 3 1113.833
0.936507936507937 0.924324324324324 0.948186528497409 0.9862204173085 0.95 1 0.903846153846154 0.983173076923077 8 2 61 3 1113.833
0.941798941798942 0.92972972972973 0.953367875647668 0.986752555664473 0.94 1 0.884615384615385 0.983974358974359 10 2 61 3 1113.833
0.891534391534392 0.902702702702703 0.880829015544041 0.945329785744293 0.84 0.875 0.807692307692308 0.903044871794872 1 3 61 3 1113.833
0.941798941798942 0.951351351351351 0.932642487046632 0.989413247444336 0.87 0.9375 0.807692307692308 0.962740384615385 2 3 61 3 1113.833
