0.811659192825112 0.831858407079646 0.790909090909091 0.915124698310539 0.88 0.88 0.88 0.9344 NA 1 13 1 348.614
0.89237668161435 0.911504424778761 0.872727272727273 0.968624296057924 0.92 0.9 0.94 0.9564 5 2 13 1 348.614
0.874439461883408 0.893805309734513 0.854545454545454 0.973049074818986 0.93 0.9 0.96 0.9616 8 2 13 1 348.614
0.874439461883408 0.893805309734513 0.854545454545454 0.97288817377313 0.93 0.9 0.96 0.9624 10 2 13 1 348.614
0.84304932735426 0.858407079646018 0.827272727272727 0.912469831053902 0.87 0.88 0.86 0.9308 1 3 13 1 348.614
0.905829596412556 0.946902654867257 0.863636363636364 0.974175382139984 0.88 0.88 0.88 0.9512 2 3 13 1 348.614
0.807174887892377 0.823008849557522 0.790909090909091 0.914883346741754 0.88 0.88 0.88 0.9336 NA 1 13 2 323.655
0.887892376681614 0.902654867256637 0.872727272727273 0.968785197103781 0.92 0.9 0.94 0.9564 5 2 13 2 323.655
0.874439461883408 0.893805309734513 0.854545454545454 0.973209975864843 0.93 0.9 0.96 0.9624 8 2 13 2 323.655
0.878923766816143 0.893805309734513 0.863636363636364 0.973129525341915 0.93 0.9 0.96 0.9616 10 2 13 2 323.655
0.84304932735426 0.858407079646018 0.827272727272727 0.913113435237329 0.87 0.88 0.86 0.9308 1 3 13 2 323.655
0.914798206278027 0.955752212389381 0.872727272727273 0.974255832662912 0.88 0.88 0.88 0.9512 2 3 13 2 323.655
0.811659192825112 0.831858407079646 0.790909090909091 0.914802896218825 0.88 0.88 0.88 0.9336 NA 1 13 3 625.716
0.89237668161435 0.911504424778761 0.872727272727273 0.968382944489139 0.92 0.9 0.94 0.9568 5 2 13 3 625.716
0.874439461883408 0.893805309734513 0.854545454545454 0.973612228479485 0.92 0.9 0.94 0.9608 8 2 13 3 625.716
0.874439461883408 0.893805309734513 0.854545454545454 0.972968624296058 0.92 0.9 0.94 0.9612 10 2 13 3 625.716
0.838565022421525 0.858407079646018 0.818181818181818 0.91255028157683 0.87 0.88 0.86 0.9288 1 3 13 3 625.716
0.905829596412556 0.946902654867257 0.863636363636364 0.974497184231698 0.89 0.88 0.9 0.9488 2 3 13 3 625.716
