0.866666666666667 0.863636363636364 0.869565217391304 0.946561264822134 0.86 0.836734693877551 0.882352941176471 0.921968787515006 NA 1 100 1 218.06
0.951111111111111 0.954545454545455 0.947826086956522 0.984426877470356 0.91 0.897959183673469 0.92156862745098 0.965586234493798 5 2 100 1 218.06
0.946666666666667 0.954545454545455 0.939130434782609 0.987588932806324 0.93 0.938775510204082 0.92156862745098 0.972388955582233 8 2 100 1 218.06
0.942222222222222 0.945454545454545 0.939130434782609 0.988616600790514 0.92 0.918367346938776 0.92156862745098 0.97358943577431 10 2 100 1 218.06
0.871111111111111 0.872727272727273 0.869565217391304 0.94703557312253 0.83 0.795918367346939 0.862745098039216 0.91796718687475 1 3 100 1 218.06
0.937777777777778 0.936363636363636 0.939130434782609 0.987351778656126 0.89 0.857142857142857 0.92156862745098 0.953181272509004 2 3 100 1 218.06
0.871111111111111 0.872727272727273 0.869565217391304 0.946640316205534 0.85 0.816326530612245 0.882352941176471 0.922368947579032 NA 1 100 2 252.646
0.951111111111111 0.954545454545455 0.947826086956522 0.984110671936759 0.92 0.918367346938776 0.92156862745098 0.966386554621849 5 2 100 2 252.646
0.946666666666667 0.954545454545455 0.939130434782609 0.987351778656126 0.93 0.938775510204082 0.92156862745098 0.972789115646258 8 2 100 2 252.646
0.942222222222222 0.945454545454545 0.939130434782609 0.988221343873518 0.92 0.918367346938776 0.92156862745098 0.973989595838335 10 2 100 2 252.646
0.871111111111111 0.872727272727273 0.869565217391304 0.947114624505929 0.85 0.836734693877551 0.862745098039216 0.921168467386955 1 3 100 2 252.646
0.937777777777778 0.936363636363636 0.939130434782609 0.987667984189723 0.89 0.857142857142857 0.92156862745098 0.953581432573029 2 3 100 2 252.646
0.871111111111111 0.863636363636364 0.878260869565217 0.947905138339921 0.84 0.816326530612245 0.862745098039216 0.922769107643057 NA 1 100 3 436.675
0.951111111111111 0.954545454545455 0.947826086956522 0.984584980237154 0.91 0.897959183673469 0.92156862745098 0.964785914365746 5 2 100 3 436.675
0.946666666666667 0.954545454545455 0.939130434782609 0.987905138339921 0.92 0.918367346938776 0.92156862745098 0.97078831532613 8 2 100 3 436.675
0.946666666666667 0.945454545454545 0.947826086956522 0.988853754940711 0.92 0.918367346938776 0.92156862745098 0.972388955582233 10 2 100 3 436.675
0.871111111111111 0.872727272727273 0.869565217391304 0.948458498023715 0.84 0.816326530612245 0.862745098039216 0.92156862745098 1 3 100 3 436.675
0.933333333333333 0.936363636363636 0.930434782608696 0.987193675889328 0.88 0.836734693877551 0.92156862745098 0.953981592637055 2 3 100 3 436.675
