0.832432432432432 0.851282051282051 0.811428571428571 0.929582417582418 0.87 0.872340425531915 0.867924528301887 0.934162986752308 NA 1 97 1 573.835
0.943243243243243 0.948717948717949 0.937142857142857 0.985846153846154 0.89 0.914893617021277 0.867924528301887 0.947812123645122 5 2 97 1 573.835
0.940540540540541 0.943589743589744 0.937142857142857 0.986901098901099 0.89 0.914893617021277 0.867924528301887 0.948213568847852 8 2 97 1 573.835
0.945945945945946 0.943589743589744 0.948571428571429 0.988923076923077 0.89 0.893617021276596 0.886792452830189 0.960256924929747 10 2 97 1 573.835
0.843243243243243 0.861538461538462 0.822857142857143 0.93025641025641 0.87 0.914893617021277 0.830188679245283 0.933761541549578 1 3 97 1 573.835
0.943243243243243 0.964102564102564 0.92 0.988864468864469 0.89 0.914893617021277 0.867924528301887 0.967482938578884 2 3 97 1 573.835
0.827027027027027 0.846153846153846 0.805714285714286 0.929347985347985 0.87 0.872340425531915 0.867924528301887 0.934162986752308 NA 1 97 2 490.173
0.943243243243243 0.948717948717949 0.937142857142857 0.985787545787546 0.88 0.914893617021277 0.849056603773585 0.948615014050582 5 2 97 2 490.173
0.945945945945946 0.948717948717949 0.942857142857143 0.986842490842491 0.89 0.914893617021277 0.867924528301887 0.948615014050582 8 2 97 2 490.173
0.948648648648649 0.948717948717949 0.948571428571429 0.989157509157509 0.89 0.893617021276596 0.886792452830189 0.961059815335207 10 2 97 2 490.173
0.843243243243243 0.861538461538462 0.822857142857143 0.930051282051282 0.87 0.914893617021277 0.830188679245283 0.932155760738659 1 3 97 2 490.173
0.943243243243243 0.964102564102564 0.92 0.988659340659341 0.89 0.914893617021277 0.867924528301887 0.967884383781614 2 3 97 2 490.173
0.835135135135135 0.861538461538462 0.805714285714286 0.929787545787546 0.87 0.872340425531915 0.867924528301887 0.934965877157768 NA 1 97 3 987.215
0.943243243243243 0.948717948717949 0.937142857142857 0.986168498168498 0.89 0.914893617021277 0.867924528301887 0.946607788036933 5 2 97 3 987.215
0.937837837837838 0.948717948717949 0.925714285714286 0.987076923076923 0.88 0.914893617021277 0.849056603773585 0.946607788036933 8 2 97 3 987.215
0.937837837837838 0.938461538461538 0.937142857142857 0.987282051282051 0.89 0.914893617021277 0.867924528301887 0.951826575672421 10 2 97 3 987.215
0.840540540540541 0.866666666666667 0.811428571428571 0.930901098901099 0.87 0.893617021276596 0.849056603773585 0.934564431955038 1 3 97 3 987.215
0.945945945945946 0.964102564102564 0.925714285714286 0.988981684981685 0.89 0.914893617021277 0.867924528301887 0.963067041348856 2 3 97 3 987.215
