0.84070796460177 0.867768595041322 0.80952380952381 0.91719795356159 0.85 0.897959183673469 0.803921568627451 0.942777110844338 NA 1 37 1 350.382
0.920353982300885 0.950413223140496 0.885714285714286 0.966784730421094 0.91 0.918367346938776 0.901960784313726 0.980392156862745 5 2 37 1 350.382
0.924778761061947 0.950413223140496 0.895238095238095 0.966784730421094 0.91 0.918367346938776 0.901960784313726 0.978791516606643 8 2 37 1 350.382
0.924778761061947 0.950413223140496 0.895238095238095 0.967020857929949 0.91 0.918367346938776 0.901960784313726 0.977591036414566 10 2 37 1 350.382
0.853982300884956 0.87603305785124 0.828571428571429 0.915781188508461 0.86 0.877551020408163 0.843137254901961 0.935974389755902 1 3 37 1 350.382
0.907079646017699 0.933884297520661 0.876190476190476 0.961589925226289 0.86 0.857142857142857 0.862745098039216 0.949579831932773 2 3 37 1 350.382
0.845132743362832 0.867768595041322 0.819047619047619 0.918063754427391 0.85 0.897959183673469 0.803921568627451 0.941976790716286 NA 1 37 2 395.902
0.920353982300885 0.950413223140496 0.885714285714286 0.966784730421094 0.91 0.918367346938776 0.901960784313726 0.980792316926771 5 2 37 2 395.902
0.924778761061947 0.950413223140496 0.895238095238095 0.966863439590712 0.91 0.918367346938776 0.901960784313726 0.977991196478591 8 2 37 2 395.902
0.924778761061947 0.950413223140496 0.895238095238095 0.967335694608422 0.91 0.918367346938776 0.901960784313726 0.978391356542617 10 2 37 2 395.902
0.858407079646018 0.884297520661157 0.828571428571429 0.91585989767808 0.84 0.877551020408163 0.803921568627451 0.937575030012005 1 3 37 2 395.902
0.907079646017699 0.933884297520661 0.876190476190476 0.960251869342779 0.85 0.857142857142857 0.843137254901961 0.949179671868748 2 3 37 2 395.902
0.84070796460177 0.867768595041322 0.80952380952381 0.915230224321133 0.85 0.897959183673469 0.803921568627451 0.943577430972389 NA 1 37 3 628.665
0.920353982300885 0.950413223140496 0.885714285714286 0.966784730421094 0.91 0.918367346938776 0.901960784313726 0.980392156862745 5 2 37 3 628.665
0.920353982300885 0.950413223140496 0.885714285714286 0.966155057064148 0.91 0.918367346938776 0.901960784313726 0.978391356542617 8 2 37 3 628.665
0.924778761061947 0.950413223140496 0.895238095238095 0.966469893742621 0.91 0.918367346938776 0.901960784313726 0.978391356542617 10 2 37 3 628.665
0.845132743362832 0.87603305785124 0.80952380952381 0.91404958677686 0.86 0.877551020408163 0.843137254901961 0.937575030012005 1 3 37 3 628.665
0.911504424778761 0.933884297520661 0.885714285714286 0.961432506887052 0.86 0.857142857142857 0.862745098039216 0.949979991996799 2 3 37 3 628.665
