0.881578947368421 0.891304347826087 0.866666666666667 0.938405797101449 0.78 0.8 0.763636363636364 0.853737373737374 NA 1 79 1 90.99
1 1 1 1 0.83 0.933333333333333 0.745454545454545 0.873535353535354 5 2 79 1 90.99
1 1 1 1 0.83 0.933333333333333 0.745454545454545 0.87030303030303 8 2 79 1 90.99
1 1 1 1 0.88 0.933333333333333 0.836363636363636 0.895555555555556 10 2 79 1 90.99
0.828947368421053 0.91304347826087 0.7 0.943478260869565 0.77 0.866666666666667 0.690909090909091 0.872323232323232 1 3 79 1 90.99
0.960526315789474 0.956521739130435 0.966666666666667 0.991304347826087 0.77 0.844444444444444 0.709090909090909 0.891313131313131 2 3 79 1 90.99
0.881578947368421 0.891304347826087 0.866666666666667 0.939130434782609 0.79 0.822222222222222 0.763636363636364 0.855757575757576 NA 1 79 2 95.633
1 1 1 1 0.82 0.888888888888889 0.763636363636364 0.874343434343434 5 2 79 2 95.633
1 1 1 1 0.8 0.888888888888889 0.727272727272727 0.898989898989899 8 2 79 2 95.633
1 1 1 1 0.81 0.844444444444444 0.781818181818182 0.889292929292929 10 2 79 2 95.633
0.828947368421053 0.91304347826087 0.7 0.944202898550725 0.76 0.844444444444444 0.690909090909091 0.873131313131313 1 3 79 2 95.633
0.960526315789474 0.956521739130435 0.966666666666667 0.994202898550725 0.78 0.866666666666667 0.709090909090909 0.891313131313131 2 3 79 2 95.633
0.881578947368421 0.891304347826087 0.866666666666667 0.938405797101449 0.78 0.8 0.763636363636364 0.858181818181818 NA 1 79 3 159.468
1 1 1 1 0.84 0.933333333333333 0.763636363636364 0.866868686868687 5 2 79 3 159.468
1 1 1 1 0.76 0.822222222222222 0.709090909090909 0.833535353535353 8 2 79 3 159.468
1 1 1 1 0.87 0.933333333333333 0.818181818181818 0.914747474747475 10 2 79 3 159.468
0.855263157894737 0.91304347826087 0.766666666666667 0.939130434782609 0.77 0.866666666666667 0.690909090909091 0.870707070707071 1 3 79 3 159.468
0.960526315789474 0.956521739130435 0.966666666666667 0.994202898550725 0.78 0.866666666666667 0.709090909090909 0.894949494949495 2 3 79 3 159.468
