0.978260869565217 1 0.956521739130435 0.986767485822306 0.77 0.709090909090909 0.844444444444444 0.846464646464646 NA 1 41 1 61.1
1 1 1 1 0.85 0.763636363636364 0.955555555555556 0.908686868686869 5 2 41 1 61.1
1 1 1 1 0.75 0.690909090909091 0.822222222222222 0.769090909090909 8 2 41 1 61.1
1 1 1 1 0.7 0.618181818181818 0.8 0.752727272727273 10 2 41 1 61.1
0.891304347826087 0.869565217391304 0.91304347826087 0.965973534971645 0.82 0.727272727272727 0.933333333333333 0.874747474747475 1 3 41 1 61.1
0.956521739130435 0.956521739130435 0.956521739130435 0.996219281663516 0.83 0.763636363636364 0.911111111111111 0.906262626262626 2 3 41 1 61.1
0.934782608695652 0.956521739130435 0.91304347826087 0.984877126654064 0.79 0.745454545454545 0.844444444444444 0.865858585858586 NA 1 41 2 75.432
1 1 1 1 0.59 0.563636363636364 0.622222222222222 0.625454545454545 5 2 41 2 75.432
1 1 1 1 0.78 0.745454545454545 0.822222222222222 0.838585858585859 8 2 41 2 75.432
1 1 1 1 0.67 0.763636363636364 0.555555555555556 0.715555555555556 10 2 41 2 75.432
0.891304347826087 0.869565217391304 0.91304347826087 0.969754253308128 0.83 0.763636363636364 0.911111111111111 0.888888888888889 1 3 41 2 75.432
0.956521739130435 0.956521739130435 0.956521739130435 0.996219281663516 0.83 0.781818181818182 0.888888888888889 0.904646464646465 2 3 41 2 75.432
0.934782608695652 0.91304347826087 0.956521739130435 0.986767485822306 0.78 0.709090909090909 0.866666666666667 0.843232323232323 NA 1 41 3 107.849
1 1 1 1 0.81 0.690909090909091 0.955555555555556 0.844040404040404 5 2 41 3 107.849
1 1 1 1 0.85 0.745454545454545 0.977777777777778 0.879393939393939 8 2 41 3 107.849
1 1 1 1 0.8 0.672727272727273 0.955555555555556 0.823434343434343 10 2 41 3 107.849
0.891304347826087 0.869565217391304 0.91304347826087 0.965973534971645 0.81 0.709090909090909 0.933333333333333 0.865454545454545 1 3 41 3 107.849
0.956521739130435 0.956521739130435 0.956521739130435 0.996219281663516 0.82 0.745454545454545 0.911111111111111 0.905050505050505 2 3 41 3 107.849
