0.863636363636364 0.862068965517241 0.864864864864865 0.948741845293569 0.79 0.795918367346939 0.784313725490196 0.882352941176471 NA 1 2 1 47.747
1 1 1 1 0.77 0.693877551020408 0.843137254901961 0.791516606642657 5 2 2 1 47.747
1 1 1 1 0.8 0.73469387755102 0.862745098039216 0.805122048819528 8 2 2 1 47.747
1 1 1 1 0.79 0.714285714285714 0.862745098039216 0.828731492597039 10 2 2 1 47.747
0.848484848484849 0.862068965517241 0.837837837837838 0.954333643988816 0.82 0.897959183673469 0.745098039215686 0.898759503801521 1 3 2 1 47.747
0.939393939393939 1 0.891891891891892 0.98695246971109 0.84 0.857142857142857 0.823529411764706 0.931572629051621 2 3 2 1 47.747
0.863636363636364 0.862068965517241 0.864864864864865 0.953401677539609 0.79 0.816326530612245 0.764705882352941 0.880752300920368 NA 1 2 2 55.893
1 1 1 1 0.71 0.63265306122449 0.784313725490196 0.735894357743097 5 2 2 2 55.893
1 1 1 1 0.8 0.775510204081633 0.823529411764706 0.822529011604642 8 2 2 2 55.893
1 1 1 1 0.82 0.755102040816326 0.882352941176471 0.863145258103241 10 2 2 2 55.893
0.848484848484849 0.862068965517241 0.837837837837838 0.952469711090401 0.82 0.857142857142857 0.784313725490196 0.897559023609444 1 3 2 2 55.893
0.924242424242424 0.96551724137931 0.891891891891892 0.984156570363467 0.84 0.836734693877551 0.843137254901961 0.938375350140056 2 3 2 2 55.893
0.863636363636364 0.862068965517241 0.864864864864865 0.953401677539609 0.81 0.836734693877551 0.784313725490196 0.881152460984394 NA 1 2 3 80.469
1 1 1 1 0.79 0.73469387755102 0.843137254901961 0.786314525810324 5 2 2 3 80.469
1 1 1 1 0.79 0.693877551020408 0.882352941176471 0.805522208883553 8 2 2 3 80.469
1 1 1 1 0.69 0.612244897959184 0.764705882352941 0.734293717486995 10 2 2 3 80.469
0.848484848484849 0.862068965517241 0.837837837837838 0.952469711090401 0.82 0.836734693877551 0.803921568627451 0.897959183673469 1 3 2 3 80.469
0.924242424242424 0.96551724137931 0.891891891891892 0.983224603914259 0.85 0.836734693877551 0.862745098039216 0.936374549819928 2 3 2 3 80.469
