0.872340425531915 0.869565217391304 0.875 0.907608695652174 0.84 0.769230769230769 0.916666666666667 0.927083333333333 NA 1 29 1 53.336
0.957446808510638 1 0.916666666666667 0.943840579710145 0.86 0.826923076923077 0.895833333333333 0.866185897435897 5 2 29 1 53.336
1 1 1 1 0.89 0.903846153846154 0.875 0.942307692307692 8 2 29 1 53.336
1 1 1 1 0.93 0.903846153846154 0.958333333333333 0.943108974358974 10 2 29 1 53.336
0.872340425531915 0.91304347826087 0.833333333333333 0.907608695652174 0.83 0.769230769230769 0.895833333333333 0.909054487179487 1 3 29 1 53.336
0.914893617021277 0.956521739130435 0.875 0.97463768115942 0.88 0.826923076923077 0.9375 0.955528846153846 2 3 29 1 53.336
0.872340425531915 0.869565217391304 0.875 0.909420289855073 0.83 0.769230769230769 0.895833333333333 0.927083333333333 NA 1 29 2 89.002
1 1 1 1 0.9 0.923076923076923 0.875 0.913461538461538 5 2 29 2 89.002
1 1 1 1 0.92 0.903846153846154 0.9375 0.9375 8 2 29 2 89.002
1 1 1 1 0.91 0.884615384615385 0.9375 0.9453125 10 2 29 2 89.002
0.893617021276596 0.91304347826087 0.875 0.905797101449275 0.82 0.75 0.895833333333333 0.915464743589744 1 3 29 2 89.002
0.914893617021277 0.956521739130435 0.875 0.976449275362319 0.88 0.826923076923077 0.9375 0.954727564102564 2 3 29 2 89.002
0.872340425531915 0.869565217391304 0.875 0.909420289855073 0.84 0.769230769230769 0.916666666666667 0.930288461538461 NA 1 29 3 97.468
1 1 1 1 0.89 0.846153846153846 0.9375 0.908253205128205 5 2 29 3 97.468
1 1 1 1 0.83 0.807692307692308 0.854166666666667 0.86698717948718 8 2 29 3 97.468
1 1 1 1 0.91 0.846153846153846 0.979166666666667 0.942508012820513 10 2 29 3 97.468
0.893617021276596 0.91304347826087 0.875 0.90036231884058 0.81 0.730769230769231 0.895833333333333 0.919070512820513 1 3 29 3 97.468
0.914893617021277 0.956521739130435 0.875 0.97463768115942 0.88 0.826923076923077 0.9375 0.955128205128205 2 3 29 3 97.468
