0.942307692307692 0.962962962962963 0.92 0.985185185185185 0.79 0.804347826086957 0.777777777777778 0.875201288244767 NA 1 85 1 46.41
1 1 1 1 0.8 0.782608695652174 0.814814814814815 0.822665056360709 5 2 85 1 46.41
1 1 1 1 0.75 0.717391304347826 0.777777777777778 0.767914653784219 8 2 85 1 46.41
1 1 1 1 0.79 0.804347826086957 0.777777777777778 0.826892109500805 10 2 85 1 46.41
0.961538461538462 1 0.92 0.988148148148148 0.81 0.847826086956522 0.777777777777778 0.884057971014493 1 3 85 1 46.41
0.961538461538462 0.962962962962963 0.96 0.994074074074074 0.84 0.869565217391304 0.814814814814815 0.933977455716586 2 3 85 1 46.41
0.942307692307692 0.962962962962963 0.92 0.985185185185185 0.79 0.804347826086957 0.777777777777778 0.875201288244767 NA 1 85 2 40.024
1 1 1 1 0.77 0.717391304347826 0.814814814814815 0.772342995169082 5 2 85 2 40.024
1 1 1 1 0.76 0.695652173913043 0.814814814814815 0.774355877616747 8 2 85 2 40.024
1 1 1 1 0.84 0.847826086956522 0.833333333333333 0.876811594202899 10 2 85 2 40.024
0.961538461538462 1 0.92 0.982222222222222 0.81 0.847826086956522 0.777777777777778 0.88365539452496 1 3 85 2 40.024
0.961538461538462 0.962962962962963 0.96 0.994074074074074 0.84 0.869565217391304 0.814814814814815 0.932769726247987 2 3 85 2 40.024
0.942307692307692 0.962962962962963 0.92 0.988148148148148 0.79 0.804347826086957 0.777777777777778 0.871980676328502 NA 1 85 3 72.293
1 1 1 1 0.8 0.804347826086957 0.796296296296296 0.822866344605475 5 2 85 3 72.293
1 1 1 1 0.71 0.804347826086957 0.62962962962963 0.793679549114332 8 2 85 3 72.293
1 1 1 1 0.72 0.782608695652174 0.666666666666667 0.761272141706924 10 2 85 3 72.293
0.942307692307692 0.962962962962963 0.92 0.988148148148148 0.8 0.826086956521739 0.777777777777778 0.881642512077295 1 3 85 3 72.293
0.961538461538462 0.962962962962963 0.96 0.995555555555556 0.85 0.869565217391304 0.833333333333333 0.932769726247987 2 3 85 3 72.293
