0.84 0.828571428571429 0.85 0.940714285714286 0.86 0.790697674418605 0.912280701754386 0.944512443900449 NA 1 53 1 86.966
0.946666666666667 0.942857142857143 0.95 0.994285714285714 0.82 0.813953488372093 0.824561403508772 0.907384740922073 5 2 53 1 86.966
0.96 0.971428571428571 0.95 0.993571428571429 0.84 0.813953488372093 0.859649122807018 0.930640554875561 8 2 53 1 86.966
1 1 1 1 0.72 0.720930232558139 0.719298245614035 0.740106079151367 10 2 53 1 86.966
0.84 0.828571428571429 0.85 0.94 0.89 0.86046511627907 0.912280701754386 0.952672378620971 1 3 53 1 86.966
0.946666666666667 1 0.9 0.985714285714286 0.88 0.883720930232558 0.87719298245614 0.960424316605467 2 3 53 1 86.966
0.84 0.828571428571429 0.85 0.940714285714286 0.86 0.790697674418605 0.912280701754386 0.947368421052632 NA 1 53 2 93.464
0.946666666666667 0.942857142857143 0.95 0.991428571428571 0.87 0.837209302325581 0.894736842105263 0.957568339453284 5 2 53 2 93.464
0.96 0.971428571428571 0.95 0.993571428571429 0.84 0.813953488372093 0.859649122807018 0.940840473276214 8 2 53 2 93.464
1 1 1 1 0.8 0.767441860465116 0.824561403508772 0.825989392084863 10 2 53 2 93.464
0.84 0.828571428571429 0.85 0.939285714285714 0.88 0.837209302325581 0.912280701754386 0.954304365565075 1 3 53 2 93.464
0.946666666666667 1 0.9 0.985714285714286 0.88 0.906976744186046 0.859649122807018 0.962056303549572 2 3 53 2 93.464
0.84 0.828571428571429 0.85 0.939285714285714 0.86 0.790697674418605 0.912280701754386 0.943696450428397 NA 1 53 3 153.92
0.946666666666667 0.942857142857143 0.95 0.990714285714286 0.87 0.837209302325581 0.894736842105263 0.962464300285598 5 2 53 3 153.92
0.933333333333333 0.914285714285714 0.95 0.993571428571429 0.86 0.86046511627907 0.859649122807018 0.947368421052632 8 2 53 3 153.92
0.933333333333333 0.914285714285714 0.95 0.995 0.85 0.837209302325581 0.859649122807018 0.940432476540188 10 2 53 3 153.92
0.84 0.828571428571429 0.85 0.940714285714286 0.88 0.837209302325581 0.912280701754386 0.953488372093023 1 3 53 3 153.92
0.946666666666667 1 0.9 0.985714285714286 0.88 0.883720930232558 0.87719298245614 0.958792329661363 2 3 53 3 153.92
