0.868995633187773 0.8828125 0.851485148514851 0.945003094059406 0.79 0.882352941176471 0.693877551020408 0.894357743097239 NA 1 4 1 357.412
0.951965065502183 0.96875 0.930693069306931 0.989248143564356 0.89 0.96078431372549 0.816326530612245 0.95438175270108 5 2 4 1 357.412
0.956331877729258 0.9765625 0.930693069306931 0.989634900990099 0.89 0.96078431372549 0.816326530612245 0.952781112444978 8 2 4 1 357.412
0.956331877729258 0.9765625 0.930693069306931 0.990176361386139 0.89 0.96078431372549 0.816326530612245 0.953181272509004 10 2 4 1 357.412
0.868995633187773 0.90625 0.821782178217822 0.94477103960396 0.79 0.882352941176471 0.693877551020408 0.892356942777111 1 3 4 1 357.412
0.938864628820961 0.9609375 0.910891089108911 0.990563118811881 0.88 0.941176470588235 0.816326530612245 0.929171668667467 2 3 4 1 357.412
0.868995633187773 0.8828125 0.851485148514851 0.945003094059406 0.8 0.882352941176471 0.714285714285714 0.895558223289316 NA 1 4 2 254.389
0.951965065502183 0.96875 0.930693069306931 0.989248143564356 0.89 0.96078431372549 0.816326530612245 0.95438175270108 5 2 4 2 254.389
0.956331877729258 0.9765625 0.930693069306931 0.98955754950495 0.89 0.96078431372549 0.816326530612245 0.953581432573029 8 2 4 2 254.389
0.956331877729258 0.9765625 0.930693069306931 0.990253712871287 0.89 0.96078431372549 0.816326530612245 0.953581432573029 10 2 4 2 254.389
0.873362445414847 0.921875 0.811881188118812 0.945003094059406 0.8 0.901960784313726 0.693877551020408 0.893957583033213 1 3 4 2 254.389
0.938864628820961 0.9609375 0.910891089108911 0.99064047029703 0.88 0.941176470588235 0.816326530612245 0.929571828731493 2 3 4 2 254.389
0.864628820960699 0.875 0.851485148514851 0.944152227722772 0.79 0.882352941176471 0.693877551020408 0.893157262905162 NA 1 4 3 566.858
0.951965065502183 0.96875 0.930693069306931 0.989325495049505 0.89 0.96078431372549 0.816326530612245 0.953581432573029 5 2 4 3 566.858
0.956331877729258 0.9765625 0.930693069306931 0.990021658415842 0.89 0.96078431372549 0.816326530612245 0.952781112444978 8 2 4 3 566.858
0.956331877729258 0.9765625 0.930693069306931 0.99009900990099 0.89 0.96078431372549 0.816326530612245 0.952781112444978 10 2 4 3 566.858
0.873362445414847 0.90625 0.831683168316832 0.943610767326733 0.79 0.882352941176471 0.693877551020408 0.890756302521008 1 3 4 3 566.858
0.947598253275109 0.9609375 0.930693069306931 0.990563118811881 0.87 0.92156862745098 0.816326530612245 0.927170868347339 2 3 4 3 566.858
