0.84 0.846153846153846 0.833333333333333 0.919871794871795 0.78 0.724137931034483 0.857142857142857 0.876026272577997 NA 1 85 1 100.238
1 1 1 1 0.84 0.758620689655172 0.952380952380952 0.858579638752053 5 2 85 1 100.238
0.98 0.961538461538462 1 1 0.74 0.741379310344828 0.738095238095238 0.792692939244663 8 2 85 1 100.238
1 1 1 1 0.81 0.827586206896552 0.785714285714286 0.847701149425287 10 2 85 1 100.238
0.92 0.923076923076923 0.916666666666667 0.932692307692308 0.81 0.775862068965517 0.857142857142857 0.866174055829228 1 3 85 1 100.238
0.9 0.807692307692308 1 0.980769230769231 0.8 0.741379310344828 0.880952380952381 0.878489326765189 2 3 85 1 100.238
0.84 0.846153846153846 0.833333333333333 0.918269230769231 0.77 0.689655172413793 0.880952380952381 0.875205254515599 NA 1 85 2 144.112
1 1 1 1 0.81 0.758620689655172 0.880952380952381 0.857963875205255 5 2 85 2 144.112
1 1 1 1 0.75 0.793103448275862 0.69047619047619 0.759031198686371 8 2 85 2 144.112
1 1 1 1 0.79 0.810344827586207 0.761904761904762 0.803776683087028 10 2 85 2 144.112
0.92 0.923076923076923 0.916666666666667 0.932692307692308 0.81 0.775862068965517 0.857142857142857 0.865353037766831 1 3 85 2 144.112
0.9 0.807692307692308 1 0.979166666666667 0.8 0.741379310344828 0.880952380952381 0.87807881773399 2 3 85 2 144.112
0.84 0.846153846153846 0.833333333333333 0.916666666666667 0.79 0.741379310344828 0.857142857142857 0.875615763546798 NA 1 85 3 158.788
1 1 1 1 0.84 0.879310344827586 0.785714285714286 0.841133004926108 5 2 85 3 158.788
1 1 1 1 0.85 0.879310344827586 0.80952380952381 0.871510673234811 8 2 85 3 158.788
1 1 1 1 0.82 0.879310344827586 0.738095238095238 0.862889983579639 10 2 85 3 158.788
0.9 0.923076923076923 0.875 0.931089743589744 0.81 0.775862068965517 0.857142857142857 0.863711001642036 1 3 85 3 158.788
0.9 0.807692307692308 1 0.980769230769231 0.8 0.741379310344828 0.880952380952381 0.876436781609195 2 3 85 3 158.788
