0.85676741130092 0.850267379679144 0.863049095607235 0.93197363512001 0.85 0.844444444444444 0.854545454545454 0.941818181818182 NA 1 14 1 1706.356
0.919842312746386 0.919786096256685 0.919896640826873 0.973275850156835 0.95 0.955555555555556 0.945454545454545 0.991111111111111 5 2 14 1 1706.356
0.919842312746386 0.919786096256685 0.919896640826873 0.973496939297213 0.95 0.955555555555556 0.945454545454545 0.991111111111111 8 2 14 1 1706.356
0.918528252299606 0.917112299465241 0.919896640826873 0.974049662148157 0.95 0.955555555555556 0.945454545454545 0.98989898989899 10 2 14 1 1706.356
0.85676741130092 0.844919786096257 0.868217054263566 0.93197363512001 0.86 0.844444444444444 0.872727272727273 0.943030303030303 1 3 14 1 1706.356
0.913272010512484 0.909090909090909 0.917312661498708 0.973317304370656 0.91 0.911111111111111 0.909090909090909 0.978989898989899 2 3 14 1 1706.356
0.859395532194481 0.852941176470588 0.865633074935401 0.932077270654562 0.85 0.844444444444444 0.854545454545454 0.943434343434343 NA 1 14 2 1848.056
0.921156373193167 0.922459893048128 0.919896640826873 0.97333112244193 0.95 0.955555555555556 0.945454545454545 0.991515151515152 5 2 14 2 1848.056
0.919842312746386 0.919786096256685 0.919896640826873 0.973510757368486 0.95 0.955555555555556 0.945454545454545 0.991111111111111 8 2 14 2 1848.056
0.919842312746386 0.919786096256685 0.919896640826873 0.974180933825257 0.95 0.955555555555556 0.945454545454545 0.98989898989899 10 2 14 2 1848.056
0.860709592641261 0.855614973262032 0.865633074935401 0.932008180298194 0.86 0.866666666666667 0.854545454545454 0.943434343434343 1 3 14 2 1848.056
0.913272010512484 0.909090909090909 0.917312661498708 0.973393303762661 0.91 0.911111111111111 0.909090909090909 0.97979797979798 2 3 14 2 1848.056
0.863337713534823 0.858288770053476 0.868217054263566 0.931510729732344 0.85 0.844444444444444 0.854545454545454 0.93979797979798 NA 1 14 3 3272.175
0.919842312746386 0.919786096256685 0.919896640826873 0.973414030869571 0.95 0.955555555555556 0.945454545454545 0.99030303030303 5 2 14 3 3272.175
0.919842312746386 0.919786096256685 0.919896640826873 0.973662756152496 0.95 0.955555555555556 0.945454545454545 0.990707070707071 8 2 14 3 3272.175
0.919842312746386 0.917112299465241 0.922480620155039 0.974229297074714 0.95 0.955555555555556 0.945454545454545 0.98989898989899 10 2 14 3 3272.175
0.859395532194481 0.852941176470588 0.865633074935401 0.931531456839254 0.86 0.866666666666667 0.854545454545454 0.943838383838384 1 3 14 3 3272.175
0.914586070959264 0.909090909090909 0.919896640826873 0.973427848940845 0.91 0.911111111111111 0.909090909090909 0.978989898989899 2 3 14 3 3272.175
