0.8375 0.85981308411215 0.811827956989247 0.921766656617425 0.87 0.869565217391304 0.87037037037037 0.942834138486312 NA 1 76 1 848.743
0.9375 0.94392523364486 0.93010752688172 0.987739925635615 0.93 0.91304347826087 0.944444444444444 0.980676328502415 5 2 76 1 848.743
0.9375 0.94392523364486 0.93010752688172 0.988744849763843 0.93 0.91304347826087 0.944444444444444 0.979468599033816 8 2 76 1 848.743
0.9375 0.94392523364486 0.93010752688172 0.988795095970254 0.93 0.91304347826087 0.944444444444444 0.979871175523349 10 2 76 1 848.743
0.8475 0.873831775700935 0.817204301075269 0.922068133855894 0.87 0.869565217391304 0.87037037037037 0.946457326892109 1 3 76 1 848.743
0.9375 0.94392523364486 0.93010752688172 0.984122198773993 0.9 0.891304347826087 0.907407407407407 0.958132045088567 2 3 76 1 848.743
0.8375 0.869158878504673 0.801075268817204 0.922821826952065 0.89 0.91304347826087 0.87037037037037 0.95048309178744 NA 1 76 2 1014.933
0.9425 0.948598130841122 0.935483870967742 0.98864435735102 0.92 0.891304347826087 0.944444444444444 0.980273752012882 5 2 76 2 1014.933
0.94 0.948598130841122 0.93010752688172 0.989222188724751 0.93 0.91304347826087 0.944444444444444 0.979066022544283 8 2 76 2 1014.933
0.94 0.948598130841122 0.93010752688172 0.989222188724751 0.93 0.91304347826087 0.944444444444444 0.979468599033816 10 2 76 2 1014.933
0.8425 0.869158878504673 0.811827956989247 0.923148427293739 0.88 0.91304347826087 0.851851851851852 0.953301127214171 1 3 76 2 1014.933
0.9375 0.94392523364486 0.93010752688172 0.98402170636117 0.92 0.891304347826087 0.944444444444444 0.961755233494364 2 3 76 2 1014.933
0.8375 0.864485981308411 0.806451612903226 0.919053361471209 0.86 0.869565217391304 0.851851851851852 0.944444444444444 NA 1 76 3 1404.18
0.94 0.948598130841122 0.93010752688172 0.988066525977289 0.92 0.891304347826087 0.944444444444444 0.984299516908213 5 2 76 3 1404.18
0.935 0.939252336448598 0.93010752688172 0.988619234247814 0.93 0.91304347826087 0.944444444444444 0.985104669887279 8 2 76 3 1404.18
0.9375 0.94392523364486 0.93010752688172 0.988744849763843 0.92 0.891304347826087 0.944444444444444 0.985909822866345 10 2 76 3 1404.18
0.8275 0.855140186915888 0.795698924731183 0.918224299065421 0.86 0.869565217391304 0.851851851851852 0.946859903381642 1 3 76 3 1404.18
0.935 0.939252336448598 0.93010752688172 0.982137473620742 0.91 0.891304347826087 0.925925925925926 0.965378421900161 2 3 76 3 1404.18
