1 1 1 1 0.8 0.803921568627451 0.795918367346939 0.853541416566627 NA 1 63 1 31.265
1 1 1 1 0.8 0.803921568627451 0.795918367346939 0.853941576630652 5 2 63 1 31.265
1 1 1 1 0.81 0.803921568627451 0.816326530612245 0.853541416566627 8 2 63 1 31.265
1 1 1 1 0.8 0.803921568627451 0.795918367346939 0.853541416566627 10 2 63 1 31.265
0.90625 1 0.8 0.992156862745098 0.82 0.901960784313726 0.73469387755102 0.916766706682673 1 3 63 1 31.265
0.9375 0.941176470588235 0.933333333333333 0.992156862745098 0.76 0.784313725490196 0.73469387755102 0.853541416566627 2 3 63 1 31.265
1 1 1 1 0.8 0.823529411764706 0.775510204081633 0.834333733493397 NA 1 63 2 50.128
1 1 1 1 0.8 0.823529411764706 0.775510204081633 0.819927971188475 5 2 63 2 50.128
1 1 1 1 0.8 0.823529411764706 0.775510204081633 0.827931172468988 8 2 63 2 50.128
1 1 1 1 0.8 0.823529411764706 0.775510204081633 0.819927971188475 10 2 63 2 50.128
0.875 0.941176470588235 0.8 0.972549019607843 0.84 0.92156862745098 0.755102040816326 0.929571828731493 1 3 63 2 50.128
0.9375 0.941176470588235 0.933333333333333 0.992156862745098 0.78 0.823529411764706 0.73469387755102 0.873949579831933 2 3 63 2 50.128
1 1 1 1 0.82 0.843137254901961 0.795918367346939 0.827130852340936 NA 1 63 3 60.376
1 1 1 1 0.82 0.843137254901961 0.795918367346939 0.818927571028411 5 2 63 3 60.376
1 1 1 1 0.82 0.843137254901961 0.795918367346939 0.819327731092437 8 2 63 3 60.376
1 1 1 1 0.82 0.843137254901961 0.795918367346939 0.818927571028411 10 2 63 3 60.376
0.875 0.941176470588235 0.8 0.988235294117647 0.83 0.92156862745098 0.73469387755102 0.926770708283313 1 3 63 3 60.376
0.9375 0.941176470588235 0.933333333333333 0.992156862745098 0.77 0.784313725490196 0.755102040816326 0.8687474989996 2 3 63 3 60.376
