1 1 1 1 0.77 0.807017543859649 0.720930232558139 0.802733578131375 NA 1 71 1 39.241
1 1 1 1 0.77 0.807017543859649 0.720930232558139 0.797225622195022 5 2 71 1 39.241
1 1 1 1 0.77 0.807017543859649 0.720930232558139 0.797225622195022 8 2 71 1 39.241
1 1 1 1 0.77 0.807017543859649 0.720930232558139 0.797225622195022 10 2 71 1 39.241
0.9375 1 0.888888888888889 0.968253968253968 0.74 0.894736842105263 0.534883720930233 0.871889024887801 1 3 71 1 39.241
0.96875 0.928571428571429 1 1 0.83 0.789473684210526 0.883720930232558 0.870257037943696 2 3 71 1 39.241
1 1 1 1 0.75 0.771929824561403 0.720930232558139 0.805385556915545 NA 1 71 2 43.068
1 1 1 1 0.76 0.789473684210526 0.720930232558139 0.80640554875561 5 2 71 2 43.068
1 1 1 1 0.75 0.771929824561403 0.720930232558139 0.805997552019584 8 2 71 2 43.068
1 1 1 1 0.76 0.789473684210526 0.720930232558139 0.806813545491636 10 2 71 2 43.068
0.9375 1 0.888888888888889 0.972222222222222 0.75 0.912280701754386 0.534883720930233 0.875560995512036 1 3 71 2 43.068
0.96875 0.928571428571429 1 1 0.84 0.807017543859649 0.883720930232558 0.871481028151775 2 3 71 2 43.068
1 1 1 1 0.79 0.736842105263158 0.86046511627907 0.798653610771114 NA 1 71 3 66.999
1 1 1 1 0.79 0.736842105263158 0.86046511627907 0.798653610771114 5 2 71 3 66.999
1 1 1 1 0.79 0.736842105263158 0.86046511627907 0.798653610771114 8 2 71 3 66.999
1 1 1 1 0.79 0.736842105263158 0.86046511627907 0.798653610771114 10 2 71 3 66.999
0.90625 1 0.833333333333333 0.972222222222222 0.73 0.842105263157895 0.581395348837209 0.846185230518156 1 3 71 3 66.999
0.96875 0.928571428571429 1 1 0.83 0.789473684210526 0.883720930232558 0.871481028151775 2 3 71 3 66.999
