1 1 1 1 0.68 0.56 0.8 0.6988 NA 1 79 1 22.738
1 1 1 1 0.68 0.56 0.8 0.6978 5 2 79 1 22.738
1 1 1 1 0.68 0.56 0.8 0.6974 8 2 79 1 22.738
1 1 1 1 0.68 0.56 0.8 0.6974 10 2 79 1 22.738
0.875 0.8 0.928571428571429 0.964285714285714 0.76 0.56 0.96 0.8112 1 3 79 1 22.738
0.875 0.7 1 0.978571428571429 0.68 0.38 0.98 0.828 2 3 79 1 22.738
1 1 1 1 0.7 0.6 0.8 0.7238 NA 1 79 2 36.027
1 1 1 1 0.72 0.6 0.84 0.7168 5 2 79 2 36.027
1 1 1 1 0.71 0.6 0.82 0.7112 8 2 79 2 36.027
1 1 1 1 0.71 0.6 0.82 0.7182 10 2 79 2 36.027
0.875 0.9 0.857142857142857 0.978571428571429 0.77 0.58 0.96 0.8104 1 3 79 2 36.027
0.916666666666667 0.8 1 0.985714285714286 0.71 0.44 0.98 0.8416 2 3 79 2 36.027
1 1 1 1 0.7 0.56 0.84 0.711 NA 1 79 3 42.228
1 1 1 1 0.7 0.56 0.84 0.711 5 2 79 3 42.228
1 1 1 1 0.7 0.56 0.84 0.711 8 2 79 3 42.228
1 1 1 1 0.7 0.56 0.84 0.7106 10 2 79 3 42.228
0.833333333333333 0.8 0.857142857142857 0.957142857142857 0.76 0.56 0.96 0.804 1 3 79 3 42.228
0.75 0.4 1 1 0.61 0.22 1 0.828 2 3 79 3 42.228
