0.84 0.86 0.82 0.9142 0.78 0.814814814814815 0.739130434782609 0.911433172302737 NA 1 5 1 325.314
0.93 0.92 0.94 0.9802 0.91 0.944444444444444 0.869565217391304 0.977053140096618 5 2 5 1 325.314
0.93 0.92 0.94 0.9806 0.92 0.944444444444444 0.891304347826087 0.975040257648953 8 2 5 1 325.314
0.93 0.92 0.94 0.9818 0.92 0.944444444444444 0.891304347826087 0.97866344605475 10 2 5 1 325.314
0.835 0.85 0.82 0.9128 0.8 0.851851851851852 0.739130434782609 0.909822866344606 1 3 5 1 325.314
0.93 0.93 0.93 0.983 0.83 0.851851851851852 0.804347826086957 0.916666666666667 2 3 5 1 325.314
0.825 0.84 0.81 0.9137 0.8 0.851851851851852 0.739130434782609 0.911433172302738 NA 1 5 2 274.004
0.93 0.92 0.94 0.9801 0.91 0.944444444444444 0.869565217391304 0.976247987117552 5 2 5 2 274.004
0.93 0.92 0.94 0.9803 0.92 0.944444444444444 0.891304347826087 0.975845410628019 8 2 5 2 274.004
0.93 0.92 0.94 0.9812 0.92 0.944444444444444 0.891304347826087 0.979066022544283 10 2 5 2 274.004
0.83 0.85 0.81 0.9133 0.8 0.851851851851852 0.739130434782609 0.909420289855073 1 3 5 2 274.004
0.93 0.92 0.94 0.9833 0.83 0.851851851851852 0.804347826086957 0.917471819645733 2 3 5 2 274.004
0.83 0.85 0.81 0.912 0.78 0.833333333333333 0.717391304347826 0.911030595813205 NA 1 5 3 650.902
0.935 0.93 0.94 0.9826 0.93 0.944444444444444 0.91304347826087 0.97866344605475 5 2 5 3 650.902
0.93 0.93 0.93 0.9824 0.92 0.944444444444444 0.891304347826087 0.979066022544283 8 2 5 3 650.902
0.935 0.93 0.94 0.9837 0.91 0.925925925925926 0.891304347826087 0.979066022544283 10 2 5 3 650.902
0.82 0.85 0.79 0.9109 0.79 0.833333333333333 0.739130434782609 0.906199677938808 1 3 5 3 650.902
0.935 0.91 0.96 0.9822 0.85 0.851851851851852 0.847826086956522 0.914653784219002 2 3 5 3 650.902
