0.84375 0.8 0.882352941176471 0.925490196078431 0.75 0.840909090909091 0.678571428571429 0.855113636363636 NA 1 40 1 60.82
1 1 1 1 0.89 0.909090909090909 0.875 0.94237012987013 5 2 40 1 60.82
1 1 1 1 0.9 0.886363636363636 0.910714285714286 0.946022727272727 8 2 40 1 60.82
1 1 1 1 0.74 0.840909090909091 0.660714285714286 0.812702922077922 10 2 40 1 60.82
0.84375 0.866666666666667 0.823529411764706 0.913725490196078 0.77 0.840909090909091 0.714285714285714 0.886769480519481 1 3 40 1 60.82
0.90625 0.933333333333333 0.882352941176471 0.984313725490196 0.8 0.818181818181818 0.785714285714286 0.893262987012987 2 3 40 1 60.82
0.875 0.866666666666667 0.882352941176471 0.933333333333333 0.76 0.840909090909091 0.696428571428571 0.862824675324675 NA 1 40 2 50.618
1 1 1 1 0.86 0.886363636363636 0.839285714285714 0.918831168831169 5 2 40 2 50.618
1 1 1 1 0.86 0.863636363636364 0.857142857142857 0.900771103896104 8 2 40 2 50.618
1 1 1 1 0.88 0.909090909090909 0.857142857142857 0.920454545454545 10 2 40 2 50.618
0.875 0.866666666666667 0.882352941176471 0.898039215686275 0.79 0.840909090909091 0.75 0.88474025974026 1 3 40 2 50.618
0.90625 0.933333333333333 0.882352941176471 0.976470588235294 0.82 0.818181818181818 0.821428571428571 0.899350649350649 2 3 40 2 50.618
0.84375 0.8 0.882352941176471 0.909803921568627 0.73 0.772727272727273 0.696428571428571 0.832386363636364 NA 1 40 3 96.212
1 1 1 1 0.85 0.795454545454545 0.892857142857143 0.906858766233766 5 2 40 3 96.212
1 1 1 1 0.89 0.863636363636364 0.910714285714286 0.934862012987013 8 2 40 3 96.212
1 1 1 1 0.88 0.886363636363636 0.875 0.953733766233766 10 2 40 3 96.212
0.84375 0.866666666666667 0.823529411764706 0.92156862745098 0.76 0.795454545454545 0.732142857142857 0.862824675324675 1 3 40 3 96.212
0.90625 0.933333333333333 0.882352941176471 0.984313725490196 0.8 0.772727272727273 0.821428571428571 0.864853896103896 2 3 40 3 96.212
