0.925 0.875 0.958333333333333 0.984375 0.84 0.775510204081633 0.901960784313726 0.94077631052421 NA 1 2 1 37.91
1 1 1 1 0.85 0.775510204081633 0.92156862745098 0.893957583033213 5 2 2 1 37.91
1 1 1 1 0.85 0.775510204081633 0.92156862745098 0.903361344537815 8 2 2 1 37.91
1 1 1 1 0.87 0.816326530612245 0.92156862745098 0.91936774709884 10 2 2 1 37.91
0.9 0.875 0.916666666666667 0.971354166666667 0.83 0.775510204081633 0.882352941176471 0.948379351740696 1 3 2 1 37.91
0.925 0.9375 0.916666666666667 0.981770833333333 0.86 0.755102040816326 0.96078431372549 0.959583833533413 2 3 2 1 37.91
1 1 1 1 0.84 0.775510204081633 0.901960784313726 0.83453381352541 NA 1 2 2 52.032
1 1 1 1 0.84 0.775510204081633 0.901960784313726 0.83453381352541 5 2 2 2 52.032
1 1 1 1 0.84 0.775510204081633 0.901960784313726 0.83453381352541 8 2 2 2 52.032
1 1 1 1 0.84 0.775510204081633 0.901960784313726 0.83453381352541 10 2 2 2 52.032
0.95 0.9375 0.958333333333333 0.984375 0.84 0.795918367346939 0.882352941176471 0.915566226490596 1 3 2 2 52.032
0.95 0.9375 0.958333333333333 0.989583333333333 0.86 0.755102040816326 0.96078431372549 0.941976790716286 2 3 2 2 52.032
1 1 1 1 0.83 0.755102040816326 0.901960784313726 0.827531012404962 NA 1 2 3 68.234
1 1 1 1 0.83 0.755102040816326 0.901960784313726 0.827531012404962 5 2 2 3 68.234
1 1 1 1 0.83 0.755102040816326 0.901960784313726 0.827531012404962 8 2 2 3 68.234
1 1 1 1 0.83 0.755102040816326 0.901960784313726 0.827531012404962 10 2 2 3 68.234
0.95 0.9375 0.958333333333333 0.984375 0.85 0.816326530612245 0.882352941176471 0.92436974789916 1 3 2 3 68.234
0.9 0.875 0.916666666666667 0.984375 0.84 0.714285714285714 0.96078431372549 0.942777110844338 2 3 2 3 68.234
