0.925 0.918367346938776 0.931372549019608 0.973089235694278 0.84 0.85 0.833333333333333 0.937083333333333 NA 1 43 1 392.549
0.965 0.979591836734694 0.950980392156863 0.992096838735494 0.93 0.925 0.933333333333333 0.985 5 2 43 1 392.549
0.965 0.979591836734694 0.950980392156863 0.992196878751501 0.93 0.925 0.933333333333333 0.986666666666667 8 2 43 1 392.549
0.96 0.979591836734694 0.941176470588235 0.992997198879552 0.93 0.925 0.933333333333333 0.985833333333333 10 2 43 1 392.549
0.91 0.908163265306122 0.911764705882353 0.972288915566226 0.82 0.825 0.816666666666667 0.935416666666667 1 3 43 1 392.549
0.955 0.969387755102041 0.941176470588235 0.989095638255302 0.88 0.875 0.883333333333333 0.9675 2 3 43 1 392.549
0.925 0.918367346938776 0.931372549019608 0.97358943577431 0.84 0.85 0.833333333333333 0.936666666666667 NA 1 43 2 369.569
0.965 0.979591836734694 0.950980392156863 0.992196878751501 0.93 0.925 0.933333333333333 0.984583333333333 5 2 43 2 369.569
0.96 0.979591836734694 0.941176470588235 0.992296918767507 0.93 0.925 0.933333333333333 0.985833333333333 8 2 43 2 369.569
0.96 0.979591836734694 0.941176470588235 0.992897158863545 0.93 0.925 0.933333333333333 0.98625 10 2 43 2 369.569
0.91 0.908163265306122 0.911764705882353 0.972989195678271 0.83 0.825 0.833333333333333 0.935416666666667 1 3 43 2 369.569
0.955 0.969387755102041 0.941176470588235 0.989295718287315 0.88 0.875 0.883333333333333 0.965833333333333 2 3 43 2 369.569
0.925 0.918367346938776 0.931372549019608 0.970688275310124 0.83 0.85 0.816666666666667 0.938333333333333 NA 1 43 3 694.31
0.965 0.979591836734694 0.950980392156863 0.991596638655462 0.93 0.925 0.933333333333333 0.98875 5 2 43 3 694.31
0.965 0.979591836734694 0.950980392156863 0.991596638655462 0.93 0.925 0.933333333333333 0.987916666666667 8 2 43 3 694.31
0.965 0.979591836734694 0.950980392156863 0.992196878751501 0.93 0.925 0.933333333333333 0.985833333333333 10 2 43 3 694.31
0.91 0.918367346938776 0.901960784313726 0.96968787515006 0.82 0.825 0.816666666666667 0.930833333333333 1 3 43 3 694.31
0.955 0.969387755102041 0.941176470588235 0.989795918367347 0.88 0.875 0.883333333333333 0.966666666666667 2 3 43 3 694.31
