0.925 0.901234567901235 0.941176470588235 0.977902272019919 0.79 0.69811320754717 0.893617021276596 0.918506623845845 NA 1 31 1 233.651
0.965 0.962962962962963 0.966386554621849 0.988276792198361 0.87 0.811320754716981 0.936170212765957 0.964672822159775 5 2 31 1 233.651
0.965 0.962962962962963 0.966386554621849 0.992426600269738 0.87 0.811320754716981 0.936170212765957 0.965074267362505 8 2 31 1 233.651
0.965 0.962962962962963 0.966386554621849 0.992530345471522 0.87 0.811320754716981 0.936170212765957 0.963067041348856 10 2 31 1 233.651
0.93 0.91358024691358 0.941176470588235 0.976968565203859 0.81 0.735849056603774 0.893617021276596 0.926936973103171 1 3 31 1 233.651
0.945 0.925925925925926 0.957983193277311 0.991907874260815 0.82 0.735849056603774 0.914893617021277 0.93014853472501 2 3 31 1 233.651
0.925 0.901234567901235 0.941176470588235 0.977798526818135 0.79 0.69811320754717 0.893617021276596 0.920112404656764 NA 1 31 2 203.584
0.965 0.962962962962963 0.966386554621849 0.988173046996576 0.87 0.811320754716981 0.936170212765957 0.965074267362505 5 2 31 2 203.584
0.965 0.962962962962963 0.966386554621849 0.992322855067953 0.88 0.830188679245283 0.936170212765957 0.965475712565235 8 2 31 2 203.584
0.965 0.962962962962963 0.966386554621849 0.992426600269738 0.88 0.830188679245283 0.936170212765957 0.963869931754316 10 2 31 2 203.584
0.93 0.91358024691358 0.941176470588235 0.976968565203859 0.82 0.754716981132076 0.893617021276596 0.925331192292252 1 3 31 2 203.584
0.945 0.925925925925926 0.957983193277311 0.991907874260815 0.82 0.735849056603774 0.914893617021277 0.93054997992774 2 3 31 2 203.584
0.925 0.901234567901235 0.941176470588235 0.976449839194937 0.8 0.716981132075472 0.893617021276596 0.923323966278603 NA 1 31 3 419.73
0.965 0.962962962962963 0.966386554621849 0.991181657848324 0.85 0.773584905660377 0.936170212765957 0.962665596146126 5 2 31 3 419.73
0.965 0.962962962962963 0.966386554621849 0.991596638655462 0.88 0.830188679245283 0.936170212765957 0.965074267362505 8 2 31 3 419.73
0.965 0.962962962962963 0.966386554621849 0.991285403050109 0.89 0.849056603773585 0.936170212765957 0.965074267362505 10 2 31 3 419.73
0.925 0.901234567901235 0.941176470588235 0.976553584396722 0.8 0.716981132075472 0.893617021276596 0.927739863508631 1 3 31 3 419.73
0.935 0.91358024691358 0.949579831932773 0.989106753812636 0.82 0.735849056603774 0.914893617021277 0.934564431955038 2 3 31 3 419.73
