0.84 0.834146341463415 0.846153846153846 0.91942464040025 0.85 0.955555555555556 0.763636363636364 0.971717171717172 NA 1 83 1 943.618
0.95 0.951219512195122 0.948717948717949 0.984790494058787 0.94 0.977777777777778 0.909090909090909 0.988686868686869 5 2 83 1 943.618
0.9525 0.95609756097561 0.948717948717949 0.985616010006254 0.93 0.977777777777778 0.890909090909091 0.987070707070707 8 2 83 1 943.618
0.955 0.951219512195122 0.958974358974359 0.986166353971232 0.93 0.977777777777778 0.890909090909091 0.986666666666667 10 2 83 1 943.618
0.8475 0.853658536585366 0.841025641025641 0.91942464040025 0.85 0.977777777777778 0.745454545454545 0.97010101010101 1 3 83 1 943.618
0.94 0.936585365853659 0.943589743589744 0.982313946216385 0.9 0.955555555555556 0.854545454545454 0.982626262626263 2 3 83 1 943.618
0.8375 0.829268292682927 0.846153846153846 0.919524702939337 0.84 0.955555555555556 0.745454545454545 0.970505050505051 NA 1 83 2 890.046
0.95 0.951219512195122 0.948717948717949 0.984815509693558 0.94 0.977777777777778 0.909090909090909 0.988686868686869 5 2 83 2 890.046
0.9525 0.95609756097561 0.948717948717949 0.985816135084428 0.94 0.977777777777778 0.909090909090909 0.987474747474748 8 2 83 2 890.046
0.9575 0.951219512195122 0.964102564102564 0.986216385240775 0.93 0.977777777777778 0.890909090909091 0.987070707070707 10 2 83 2 890.046
0.8425 0.84390243902439 0.841025641025641 0.919749843652283 0.85 0.977777777777778 0.745454545454545 0.971717171717172 1 3 83 2 890.046
0.94 0.936585365853659 0.943589743589744 0.982338961851157 0.91 0.955555555555556 0.872727272727273 0.982222222222222 2 3 83 2 890.046
0.85 0.853658536585366 0.846153846153846 0.920500312695435 0.86 0.977777777777778 0.763636363636364 0.970505050505051 NA 1 83 3 1549.636
0.9475 0.951219512195122 0.943589743589744 0.984090056285178 0.95 0.977777777777778 0.927272727272727 0.989090909090909 5 2 83 3 1549.636
0.9525 0.951219512195122 0.953846153846154 0.984715447154472 0.94 0.977777777777778 0.909090909090909 0.988282828282828 8 2 83 3 1549.636
0.95 0.951219512195122 0.948717948717949 0.985365853658537 0.94 0.977777777777778 0.909090909090909 0.989090909090909 10 2 83 3 1549.636
0.8475 0.84390243902439 0.851282051282051 0.920500312695435 0.86 0.977777777777778 0.763636363636364 0.973333333333333 1 3 83 3 1549.636
0.9375 0.931707317073171 0.943589743589744 0.981963727329581 0.92 0.955555555555556 0.890909090909091 0.985858585858586 2 3 83 3 1549.636
