0.8625 0.888888888888889 0.828571428571429 0.928253968253968 0.88 0.888888888888889 0.869565217391304 0.966183574879227 NA 1 20 1 89.061
0.9375 0.933333333333333 0.942857142857143 0.987301587301587 0.89 0.888888888888889 0.891304347826087 0.949275362318841 5 2 20 1 89.061
0.9375 0.933333333333333 0.942857142857143 0.981587301587302 0.91 0.907407407407407 0.91304347826087 0.97061191626409 8 2 20 1 89.061
0.9375 0.933333333333333 0.942857142857143 0.981587301587302 0.91 0.907407407407407 0.91304347826087 0.969404186795491 10 2 20 1 89.061
0.825 0.911111111111111 0.714285714285714 0.928253968253968 0.85 0.87037037037037 0.826086956521739 0.955716586151369 1 3 20 1 89.061
0.9375 0.933333333333333 0.942857142857143 0.977142857142857 0.88 0.851851851851852 0.91304347826087 0.948872785829308 2 3 20 1 89.061
0.8625 0.888888888888889 0.828571428571429 0.925714285714286 0.88 0.888888888888889 0.869565217391304 0.953301127214171 NA 1 20 2 108.254
1 1 1 1 0.83 0.888888888888889 0.760869565217391 0.840579710144927 5 2 20 2 108.254
0.9375 0.933333333333333 0.942857142857143 0.989206349206349 0.88 0.888888888888889 0.869565217391304 0.952898550724638 8 2 20 2 108.254
1 1 1 1 0.87 0.851851851851852 0.891304347826087 0.871980676328502 10 2 20 2 108.254
0.8375 0.911111111111111 0.742857142857143 0.928253968253968 0.88 0.907407407407407 0.847826086956522 0.95450885668277 1 3 20 2 108.254
0.9375 0.933333333333333 0.942857142857143 0.98031746031746 0.85 0.833333333333333 0.869565217391304 0.938003220611916 2 3 20 2 108.254
0.875 0.911111111111111 0.828571428571429 0.923174603174603 0.88 0.888888888888889 0.869565217391304 0.952898550724638 NA 1 20 3 184.12
1 1 1 1 0.85 0.888888888888889 0.804347826086957 0.856280193236715 5 2 20 3 184.12
0.95 0.933333333333333 0.971428571428571 0.986031746031746 0.89 0.907407407407407 0.869565217391304 0.969001610305958 8 2 20 3 184.12
1 1 1 1 0.83 0.87037037037037 0.782608695652174 0.827697262479871 10 2 20 3 184.12
0.8375 0.911111111111111 0.742857142857143 0.926984126984127 0.87 0.888888888888889 0.847826086956522 0.951690821256039 1 3 20 3 184.12
0.9375 0.933333333333333 0.942857142857143 0.977777777777778 0.84 0.814814814814815 0.869565217391304 0.940821256038647 2 3 20 3 184.12
