0.891666666666667 0.892857142857143 0.890625 0.968191964285714 0.84 0.811320754716981 0.872340425531915 0.93095142513047 NA 1 90 1 191.481
0.983333333333333 0.982142857142857 0.984375 0.995535714285714 0.92 0.905660377358491 0.936170212765957 0.979927739863509 5 2 90 1 191.481
0.975 0.964285714285714 0.984375 0.996372767857143 0.92 0.905660377358491 0.936170212765957 0.981132075471698 8 2 90 1 191.481
0.975 0.964285714285714 0.984375 0.996930803571429 0.92 0.905660377358491 0.936170212765957 0.980329185066238 10 2 90 1 191.481
0.883333333333333 0.910714285714286 0.859375 0.968470982142857 0.84 0.849056603773585 0.829787234042553 0.928542753914091 1 3 90 1 191.481
0.95 0.928571428571429 0.96875 0.994698660714286 0.89 0.924528301886792 0.851063829787234 0.966278602970695 2 3 90 1 191.481
0.908333333333333 0.910714285714286 0.90625 0.970145089285714 0.84 0.811320754716981 0.872340425531915 0.931754315535929 NA 1 90 2 162.33
0.983333333333333 0.982142857142857 0.984375 0.995814732142857 0.92 0.905660377358491 0.936170212765957 0.979526294660779 5 2 90 2 162.33
0.975 0.964285714285714 0.984375 0.996651785714286 0.93 0.924528301886792 0.936170212765957 0.979927739863509 8 2 90 2 162.33
0.975 0.964285714285714 0.984375 0.996651785714286 0.93 0.924528301886792 0.936170212765957 0.980730630268968 10 2 90 2 162.33
0.883333333333333 0.910714285714286 0.859375 0.970703125 0.85 0.849056603773585 0.851063829787234 0.92974708952228 1 3 90 2 162.33
0.958333333333333 0.946428571428571 0.96875 0.994419642857143 0.89 0.924528301886792 0.851063829787234 0.966680048173424 2 3 90 2 162.33
0.891666666666667 0.875 0.90625 0.963727678571429 0.84 0.811320754716981 0.872340425531915 0.92974708952228 NA 1 90 3 314.642
0.983333333333333 0.982142857142857 0.984375 0.995535714285714 0.91 0.905660377358491 0.914893617021277 0.978723404255319 5 2 90 3 314.642
0.983333333333333 0.982142857142857 0.984375 0.996930803571429 0.92 0.905660377358491 0.936170212765957 0.978723404255319 8 2 90 3 314.642
1 1 1 1 0.85 0.849056603773585 0.851063829787234 0.856684062625452 10 2 90 3 314.642
0.883333333333333 0.910714285714286 0.859375 0.963169642857143 0.85 0.849056603773585 0.851063829787234 0.925732637494982 1 3 90 3 314.642
0.966666666666667 0.946428571428571 0.984375 0.994977678571429 0.9 0.924528301886792 0.872340425531915 0.964271376957045 2 3 90 3 314.642
