0.86 0.846153846153846 0.875 0.938100961538462 0.94 0.944444444444444 0.934782608695652 0.97866344605475 NA 1 8 1 205.146
0.915 0.913461538461538 0.916666666666667 0.981270032051282 0.96 0.944444444444444 0.978260869565217 0.983091787439614 5 2 8 1 205.146
0.92 0.923076923076923 0.916666666666667 0.983072916666667 0.96 0.944444444444444 0.978260869565217 0.984299516908213 8 2 8 1 205.146
0.92 0.923076923076923 0.916666666666667 0.983774038461538 0.96 0.944444444444444 0.978260869565217 0.98389694041868 10 2 8 1 205.146
0.84 0.855769230769231 0.822916666666667 0.938301282051282 0.94 0.962962962962963 0.91304347826087 0.977455716586151 1 3 8 1 205.146
0.94 0.951923076923077 0.927083333333333 0.987680288461538 0.95 0.962962962962963 0.934782608695652 0.968599033816425 2 3 8 1 205.146
0.855 0.826923076923077 0.885416666666667 0.938301282051282 0.94 0.944444444444444 0.934782608695652 0.97463768115942 NA 1 8 2 258.143
0.915 0.913461538461538 0.916666666666667 0.98066907051282 0.96 0.944444444444444 0.978260869565217 0.981884057971015 5 2 8 2 258.143
0.92 0.923076923076923 0.916666666666667 0.983473557692308 0.96 0.944444444444444 0.978260869565217 0.983494363929147 8 2 8 2 258.143
0.92 0.923076923076923 0.916666666666667 0.983974358974359 0.96 0.944444444444444 0.978260869565217 0.984299516908213 10 2 8 2 258.143
0.86 0.855769230769231 0.864583333333333 0.938201121794872 0.95 0.944444444444444 0.956521739130435 0.973429951690821 1 3 8 2 258.143
0.94 0.951923076923077 0.927083333333333 0.987279647435897 0.94 0.944444444444444 0.934782608695652 0.973832528180354 2 3 8 2 258.143
0.855 0.836538461538462 0.875 0.939403044871795 0.95 0.944444444444444 0.956521739130435 0.975040257648953 NA 1 8 3 361.4
0.915 0.913461538461538 0.916666666666667 0.980769230769231 0.96 0.944444444444444 0.978260869565217 0.983494363929147 5 2 8 3 361.4
0.92 0.923076923076923 0.916666666666667 0.982171474358974 0.96 0.944444444444444 0.978260869565217 0.984299516908213 8 2 8 3 361.4
0.925 0.923076923076923 0.927083333333333 0.982772435897436 0.96 0.944444444444444 0.978260869565217 0.984299516908213 10 2 8 3 361.4
0.86 0.855769230769231 0.864583333333333 0.937900641025641 0.94 0.944444444444444 0.934782608695652 0.974235104669887 1 3 8 3 361.4
0.935 0.942307692307692 0.927083333333333 0.986778846153846 0.95 0.944444444444444 0.956521739130435 0.975845410628019 2 3 8 3 361.4
