0.83 0.822916666666667 0.836538461538462 0.928886217948718 0.83 0.775510204081633 0.882352941176471 0.930772308923569 NA 1 80 1 453.049
0.94 0.927083333333333 0.951923076923077 0.986177884615385 0.88 0.877551020408163 0.882352941176471 0.956782713085234 5 2 80 1 453.049
0.94 0.927083333333333 0.951923076923077 0.987079326923077 0.87 0.877551020408163 0.862745098039216 0.953981592637055 8 2 80 1 453.049
0.94 0.927083333333333 0.951923076923077 0.987279647435897 0.86 0.877551020408163 0.843137254901961 0.955582232893157 10 2 80 1 453.049
0.815 0.802083333333333 0.826923076923077 0.928084935897436 0.81 0.775510204081633 0.843137254901961 0.924769907963185 1 3 80 1 453.049
0.93 0.9375 0.923076923076923 0.982572115384615 0.86 0.836734693877551 0.882352941176471 0.941176470588235 2 3 80 1 453.049
0.83 0.822916666666667 0.836538461538462 0.928886217948718 0.83 0.775510204081633 0.882352941176471 0.932773109243697 NA 1 80 2 509.538
0.94 0.927083333333333 0.951923076923077 0.986478365384615 0.88 0.877551020408163 0.882352941176471 0.955582232893157 5 2 80 2 509.538
0.935 0.916666666666667 0.951923076923077 0.987079326923077 0.87 0.877551020408163 0.862745098039216 0.953181272509004 8 2 80 2 509.538
0.935 0.916666666666667 0.951923076923077 0.987379807692308 0.87 0.877551020408163 0.862745098039216 0.95438175270108 10 2 80 2 509.538
0.815 0.802083333333333 0.826923076923077 0.929086538461538 0.81 0.775510204081633 0.843137254901961 0.925970388155262 1 3 80 2 509.538
0.93 0.9375 0.923076923076923 0.983072916666667 0.87 0.857142857142857 0.882352941176471 0.942376950780312 2 3 80 2 509.538
0.83 0.822916666666667 0.836538461538462 0.927383814102564 0.83 0.775510204081633 0.882352941176471 0.929171668667467 NA 1 80 3 821.004
0.94 0.927083333333333 0.951923076923077 0.985977564102564 0.88 0.897959183673469 0.862745098039216 0.955182072829132 5 2 80 3 821.004
0.945 0.927083333333333 0.961538461538462 0.986879006410256 0.87 0.877551020408163 0.862745098039216 0.952380952380952 8 2 80 3 821.004
0.94 0.927083333333333 0.951923076923077 0.987680288461538 0.87 0.897959183673469 0.843137254901961 0.952380952380952 10 2 80 3 821.004
0.825 0.8125 0.836538461538462 0.925380608974359 0.8 0.755102040816326 0.843137254901961 0.928371348539416 1 3 80 3 821.004
0.94 0.9375 0.942307692307692 0.982271634615385 0.87 0.857142857142857 0.882352941176471 0.940376150460184 2 3 80 3 821.004
