0.941666666666667 0.948275862068966 0.935483870967742 0.983036707452725 0.83 0.904761904761905 0.775862068965517 0.923645320197044 NA 1 31 1 112.717
1 1 1 1 0.86 0.904761904761905 0.827586206896552 0.875 5 2 31 1 112.717
1 1 1 1 0.88 0.928571428571429 0.844827586206897 0.898604269293924 8 2 31 1 112.717
1 1 1 1 0.83 0.880952380952381 0.793103448275862 0.855911330049261 10 2 31 1 112.717
0.933333333333333 0.931034482758621 0.935483870967742 0.979977753058954 0.82 0.857142857142857 0.793103448275862 0.915845648604269 1 3 31 1 112.717
0.983333333333333 1 0.967741935483871 0.994994438264739 0.86 0.976190476190476 0.775862068965517 0.949507389162562 2 3 31 1 112.717
0.933333333333333 0.948275862068966 0.919354838709677 0.982480533926585 0.84 0.904761904761905 0.793103448275862 0.923234811165846 NA 1 31 2 113.88
1 1 1 1 0.85 0.880952380952381 0.827586206896552 0.852216748768473 5 2 31 2 113.88
1 1 1 1 0.85 0.880952380952381 0.827586206896552 0.879720853858785 8 2 31 2 113.88
1 1 1 1 0.82 0.857142857142857 0.793103448275862 0.880131362889984 10 2 31 2 113.88
0.933333333333333 0.931034482758621 0.935483870967742 0.980255839822024 0.82 0.857142857142857 0.793103448275862 0.915845648604269 1 3 31 2 113.88
0.983333333333333 1 0.967741935483871 0.994994438264739 0.86 0.976190476190476 0.775862068965517 0.947865353037767 2 3 31 2 113.88
0.95 0.96551724137931 0.935483870967742 0.983870967741935 0.83 0.904761904761905 0.775862068965517 0.926929392446634 NA 1 31 3 197.459
1 1 1 1 0.89 0.928571428571429 0.862068965517241 0.911945812807882 5 2 31 3 197.459
1 1 1 1 0.86 0.880952380952381 0.844827586206897 0.919540229885057 8 2 31 3 197.459
1 1 1 1 0.8 0.928571428571429 0.706896551724138 0.837233169129721 10 2 31 3 197.459
0.933333333333333 0.931034482758621 0.935483870967742 0.978309232480534 0.82 0.857142857142857 0.793103448275862 0.916256157635468 1 3 31 3 197.459
0.983333333333333 1 0.967741935483871 0.995550611790879 0.86 0.976190476190476 0.775862068965517 0.951559934318555 2 3 31 3 197.459
