0.785 0.785714285714286 0.784313725490196 0.884653861544618 0.84 0.958333333333333 0.730769230769231 0.954727564102564 NA 1 100 1 249.942
0.9 0.897959183673469 0.901960784313726 0.966286514605842 0.91 0.979166666666667 0.846153846153846 0.987580128205128 5 2 100 1 249.942
0.9 0.908163265306122 0.892156862745098 0.968187274909964 0.91 0.979166666666667 0.846153846153846 0.987980769230769 8 2 100 1 249.942
0.9 0.908163265306122 0.892156862745098 0.96968787515006 0.92 0.979166666666667 0.865384615384615 0.989583333333333 10 2 100 1 249.942
0.8 0.816326530612245 0.784313725490196 0.881152460984394 0.84 0.958333333333333 0.730769230769231 0.953125 1 3 100 1 249.942
0.915 0.897959183673469 0.931372549019608 0.965386154461785 0.86 0.895833333333333 0.826923076923077 0.953125 2 3 100 1 249.942
0.81 0.816326530612245 0.803921568627451 0.88875550220088 0.84 0.958333333333333 0.730769230769231 0.950721153846154 NA 1 100 2 265.111
0.905 0.908163265306122 0.901960784313726 0.967787114845938 0.91 0.979166666666667 0.846153846153846 0.987179487179487 5 2 100 2 265.111
0.905 0.908163265306122 0.901960784313726 0.970488195278111 0.91 0.979166666666667 0.846153846153846 0.986778846153846 8 2 100 2 265.111
0.905 0.908163265306122 0.901960784313726 0.971388555422169 0.91 0.979166666666667 0.846153846153846 0.986378205128205 10 2 100 2 265.111
0.82 0.857142857142857 0.784313725490196 0.885554221688675 0.84 0.979166666666667 0.711538461538462 0.953525641025641 1 3 100 2 265.111
0.92 0.897959183673469 0.941176470588235 0.961384553821529 0.88 0.916666666666667 0.846153846153846 0.952323717948718 2 3 100 2 265.111
0.82 0.836734693877551 0.803921568627451 0.884653861544618 0.87 0.979166666666667 0.769230769230769 0.951923076923077 NA 1 100 3 458.712
0.9 0.897959183673469 0.901960784313726 0.968087234893958 0.91 0.979166666666667 0.846153846153846 0.98838141025641 5 2 100 3 458.712
0.9 0.908163265306122 0.892156862745098 0.969487795118047 0.92 0.979166666666667 0.865384615384615 0.988782051282051 8 2 100 3 458.712
0.91 0.918367346938776 0.901960784313726 0.970488195278111 0.92 0.979166666666667 0.865384615384615 0.989182692307692 10 2 100 3 458.712
0.815 0.836734693877551 0.794117647058823 0.882452981192477 0.86 0.979166666666667 0.75 0.954326923076923 1 3 100 3 458.712
0.905 0.897959183673469 0.911764705882353 0.959783913565426 0.87 0.916666666666667 0.826923076923077 0.954326923076923 2 3 100 3 458.712
