0.891666666666667 0.88 0.9 0.946285714285714 0.88 0.826086956521739 0.925925925925926 0.937600644122383 NA 1 50 1 168.487
1 1 1 1 0.83 0.869565217391304 0.796296296296296 0.840177133655395 5 2 50 1 168.487
0.958333333333333 0.92 0.985714285714286 0.994285714285714 0.87 0.91304347826087 0.833333333333333 0.953301127214171 8 2 50 1 168.487
1 1 1 1 0.75 0.869565217391304 0.648148148148148 0.784219001610306 10 2 50 1 168.487
0.883333333333333 0.84 0.914285714285714 0.943142857142857 0.92 0.91304347826087 0.925925925925926 0.940418679549114 1 3 50 1 168.487
0.958333333333333 0.96 0.957142857142857 0.991714285714286 0.9 0.891304347826087 0.907407407407407 0.932769726247987 2 3 50 1 168.487
0.891666666666667 0.88 0.9 0.943714285714286 0.87 0.826086956521739 0.907407407407407 0.929951690821256 NA 1 50 2 201.908
1 1 1 1 0.84 0.869565217391304 0.814814814814815 0.856682769726248 5 2 50 2 201.908
1 1 1 1 0.87 0.891304347826087 0.851851851851852 0.88768115942029 8 2 50 2 201.908
1 1 1 1 0.78 0.847826086956522 0.722222222222222 0.810386473429952 10 2 50 2 201.908
0.9 0.86 0.928571428571429 0.939714285714286 0.91 0.891304347826087 0.925925925925926 0.935587761674718 1 3 50 2 201.908
0.958333333333333 0.96 0.957142857142857 0.992857142857143 0.9 0.869565217391304 0.925925925925926 0.928341384863124 2 3 50 2 201.908
0.883333333333333 0.88 0.885714285714286 0.943428571428571 0.88 0.826086956521739 0.925925925925926 0.933574879227053 NA 1 50 3 347.846
1 1 1 1 0.82 0.847826086956522 0.796296296296296 0.856884057971014 5 2 50 3 347.846
0.441666666666667 0.44 0.442857142857143 0.562571428571429 0.53 0.652173913043478 0.425925925925926 0.539049919484702 8 2 50 3 347.846
1 1 1 1 0.83 0.869565217391304 0.796296296296296 0.847222222222222 10 2 50 3 347.846
0.9 0.86 0.928571428571429 0.937714285714286 0.91 0.891304347826087 0.925925925925926 0.93719806763285 1 3 50 3 347.846
0.958333333333333 0.96 0.957142857142857 0.992571428571429 0.89 0.847826086956522 0.925925925925926 0.931159420289855 2 3 50 3 347.846
