1 1 1 1 0.79 0.755102040816326 0.823529411764706 0.791516606642657 NA 1 12 1 17.657
1 1 1 1 0.8 0.775510204081633 0.823529411764706 0.795518207282913 5 2 12 1 17.657
1 1 1 1 0.8 0.775510204081633 0.823529411764706 0.802921168467387 8 2 12 1 17.657
1 1 1 1 0.8 0.775510204081633 0.823529411764706 0.802921168467387 10 2 12 1 17.657
0.875 0.833333333333333 0.916666666666667 0.923611111111111 0.79 0.755102040816326 0.823529411764706 0.896358543417367 1 3 12 1 17.657
0.916666666666667 0.833333333333333 1 0.972222222222222 0.75 0.612244897959184 0.882352941176471 0.84233693477391 2 3 12 1 17.657
1 1 1 1 0.79 0.755102040816326 0.823529411764706 0.787515006002401 NA 1 12 2 26.219
1 1 1 1 0.79 0.755102040816326 0.823529411764706 0.785714285714286 5 2 12 2 26.219
1 1 1 1 0.79 0.755102040816326 0.823529411764706 0.785714285714286 8 2 12 2 26.219
1 1 1 1 0.79 0.755102040816326 0.823529411764706 0.785714285714286 10 2 12 2 26.219
0.875 0.833333333333333 0.916666666666667 0.9375 0.81 0.73469387755102 0.882352941176471 0.885554221688675 1 3 12 2 26.219
0.916666666666667 0.833333333333333 1 0.965277777777778 0.73 0.551020408163265 0.901960784313726 0.822729091636655 2 3 12 2 26.219
1 1 1 1 0.77 0.73469387755102 0.803921568627451 0.77891156462585 NA 1 12 3 29.827
1 1 1 1 0.77 0.73469387755102 0.803921568627451 0.786314525810324 5 2 12 3 29.827
1 1 1 1 0.77 0.73469387755102 0.803921568627451 0.786314525810324 8 2 12 3 29.827
1 1 1 1 0.77 0.73469387755102 0.803921568627451 0.786314525810324 10 2 12 3 29.827
0.875 0.833333333333333 0.916666666666667 0.9375 0.8 0.73469387755102 0.862745098039216 0.886754701880752 1 3 12 3 29.827
0.916666666666667 0.833333333333333 1 0.972222222222222 0.71 0.530612244897959 0.882352941176471 0.833533413365346 2 3 12 3 29.827
