0.8 0.8 0.8 0.8725 0.76 0.878048780487805 0.677966101694915 0.87680859859446 NA 1 31 1 41.947
1 1 1 1 0.84 0.829268292682927 0.847457627118644 0.868540719305498 5 2 31 1 41.947
1 1 1 1 0.6 0.560975609756098 0.627118644067797 0.649028524183547 8 2 31 1 41.947
1 1 1 1 0.58 0.609756097560976 0.559322033898305 0.619264158743282 10 2 31 1 41.947
0.8 0.85 0.75 0.8375 0.75 0.951219512195122 0.610169491525424 0.911533691608102 1 3 31 1 41.947
0.925 0.95 0.9 0.975 0.8 0.878048780487805 0.745762711864407 0.92517569243489 2 3 31 1 41.947
0.775 0.8 0.75 0.865 0.77 0.878048780487805 0.694915254237288 0.873914840843324 NA 1 31 2 57.026
1 1 1 1 0.79 0.829268292682927 0.76271186440678 0.840223232740802 5 2 31 2 57.026
1 1 1 1 0.8 0.878048780487805 0.745762711864407 0.84167011161637 8 2 31 2 57.026
1 1 1 1 0.79 0.878048780487805 0.728813559322034 0.831335262505167 10 2 31 2 57.026
0.775 0.9 0.65 0.855 0.71 0.926829268292683 0.559322033898305 0.895411326994626 1 3 31 2 57.026
0.925 0.95 0.9 0.98 0.82 0.878048780487805 0.779661016949153 0.921455146754857 2 3 31 2 57.026
0.8 0.8 0.8 0.86 0.74 0.878048780487805 0.644067796610169 0.882182720132286 NA 1 31 3 81.985
1 1 1 1 0.76 0.853658536585366 0.694915254237288 0.834435717238528 5 2 31 3 81.985
1 1 1 1 0.87 0.780487804878049 0.932203389830508 0.922902025630426 8 2 31 3 81.985
1 1 1 1 0.76 0.75609756097561 0.76271186440678 0.83960314179413 10 2 31 3 81.985
0.85 0.85 0.85 0.835 0.72 0.902439024390244 0.593220338983051 0.903679206283588 1 3 31 3 81.985
0.925 0.95 0.9 0.975 0.81 0.878048780487805 0.76271186440678 0.924348904505994 2 3 31 3 81.985
