1 1 1 1 0.84 0.76 0.92 0.864 NA 1 92 1 28.262
1 1 1 1 0.84 0.76 0.92 0.8564 5 2 92 1 28.262
1 1 1 1 0.84 0.76 0.92 0.8582 8 2 92 1 28.262
1 1 1 1 0.84 0.76 0.92 0.8568 10 2 92 1 28.262
0.958333333333333 1 0.9 0.992857142857143 0.87 0.82 0.92 0.9404 1 3 92 1 28.262
0.958333333333333 1 0.9 0.992857142857143 0.8 0.78 0.82 0.8928 2 3 92 1 28.262
1 1 1 1 0.82 0.76 0.88 0.8636 NA 1 92 2 37.475
1 1 1 1 0.84 0.76 0.92 0.8568 5 2 92 2 37.475
1 1 1 1 0.84 0.76 0.92 0.8668 8 2 92 2 37.475
1 1 1 1 0.81 0.74 0.88 0.8648 10 2 92 2 37.475
0.958333333333333 1 0.9 0.992857142857143 0.87 0.82 0.92 0.9416 1 3 92 2 37.475
0.958333333333333 1 0.9 0.992857142857143 0.79 0.76 0.82 0.892 2 3 92 2 37.475
1 1 1 1 0.83 0.74 0.92 0.859 NA 1 92 3 49.963
1 1 1 1 0.83 0.74 0.92 0.8508 5 2 92 3 49.963
1 1 1 1 0.83 0.74 0.92 0.85 8 2 92 3 49.963
1 1 1 1 0.84 0.76 0.92 0.85 10 2 92 3 49.963
0.958333333333333 1 0.9 0.992857142857143 0.87 0.82 0.92 0.9396 1 3 92 3 49.963
0.958333333333333 1 0.9 0.992857142857143 0.8 0.78 0.82 0.8944 2 3 92 3 49.963
