0.9 0.888888888888889 0.909090909090909 0.954545454545455 0.78 0.642857142857143 0.879310344827586 0.86576354679803 NA 1 43 1 35.767
1 1 1 1 0.86 0.738095238095238 0.948275862068966 0.871510673234811 5 2 43 1 35.767
1 1 1 1 0.83 0.69047619047619 0.931034482758621 0.823686371100164 8 2 43 1 35.767
1 1 1 1 0.83 0.666666666666667 0.948275862068966 0.852832512315271 10 2 43 1 35.767
0.9 0.888888888888889 0.909090909090909 0.944444444444444 0.81 0.714285714285714 0.879310344827586 0.907224958949097 1 3 43 1 35.767
0.975 0.944444444444444 1 1 0.76 0.69047619047619 0.810344827586207 0.894088669950739 2 3 43 1 35.767
0.9 0.888888888888889 0.909090909090909 0.974747474747475 0.78 0.642857142857143 0.879310344827586 0.873563218390805 NA 1 43 2 41.013
1 1 1 1 0.86 0.714285714285714 0.96551724137931 0.857142857142857 5 2 43 2 41.013
1 1 1 1 0.83 0.738095238095238 0.896551724137931 0.83128078817734 8 2 43 2 41.013
1 1 1 1 0.88 0.785714285714286 0.948275862068966 0.866584564860427 10 2 43 2 41.013
0.925 0.944444444444444 0.909090909090909 0.952020202020202 0.78 0.642857142857143 0.879310344827586 0.890804597701149 1 3 43 2 41.013
0.975 0.944444444444444 1 1 0.76 0.738095238095238 0.775862068965517 0.895730706075534 2 3 43 2 41.013
0.9 0.888888888888889 0.909090909090909 0.964646464646465 0.77 0.642857142857143 0.862068965517241 0.860016420361248 NA 1 43 3 68.073
0.975 1 0.954545454545455 1 0.84 0.738095238095238 0.913793103448276 0.836001642036125 5 2 43 3 68.073
1 1 1 1 0.81 0.666666666666667 0.913793103448276 0.840311986863711 8 2 43 3 68.073
1 1 1 1 0.81 0.642857142857143 0.931034482758621 0.829433497536946 10 2 43 3 68.073
0.925 0.944444444444444 0.909090909090909 0.957070707070707 0.75 0.619047619047619 0.844827586206897 0.878489326765189 1 3 43 3 68.073
0.975 0.944444444444444 1 0.997474747474748 0.75 0.69047619047619 0.793103448275862 0.89696223316913 2 3 43 3 68.073
