0.8625 0.914893617021277 0.787878787878788 0.960025789813024 0.8 0.821428571428571 0.772727272727273 0.857954545454545 NA 1 6 1 78.444
1 1 1 1 0.81 0.821428571428571 0.795454545454545 0.825284090909091 5 2 6 1 78.444
1 1 1 1 0.8 0.839285714285714 0.75 0.82325487012987 8 2 6 1 78.444
1 1 1 1 0.82 0.857142857142857 0.772727272727273 0.851055194805195 10 2 6 1 78.444
0.8625 0.936170212765957 0.757575757575758 0.954223081882656 0.78 0.892857142857143 0.636363636363636 0.898133116883117 1 3 6 1 78.444
0.9375 0.978723404255319 0.878787878787879 0.991618310767247 0.81 0.946428571428571 0.636363636363636 0.921266233766234 2 3 6 1 78.444
0.85 0.893617021276596 0.787878787878788 0.956157317859445 0.79 0.821428571428571 0.75 0.857548701298701 NA 1 6 2 95.309
1 1 1 1 0.83 0.857142857142857 0.795454545454545 0.843344155844156 5 2 6 2 95.309
1 1 1 1 0.82 0.857142857142857 0.772727272727273 0.830357142857143 8 2 6 2 95.309
1 1 1 1 0.7 0.785714285714286 0.590909090909091 0.733157467532468 10 2 6 2 95.309
0.8625 0.957446808510638 0.727272727272727 0.954867827208253 0.76 0.892857142857143 0.590909090909091 0.890422077922078 1 3 6 2 95.309
0.9375 0.936170212765957 0.939393939393939 0.988394584139265 0.83 0.892857142857143 0.75 0.913961038961039 2 3 6 2 95.309
0.85 0.893617021276596 0.787878787878788 0.958736299161831 0.79 0.821428571428571 0.75 0.860795454545454 NA 1 6 3 148.866
1 1 1 1 0.82 0.857142857142857 0.772727272727273 0.838676948051948 5 2 6 3 148.866
0.975 0.978723404255319 0.96969696969697 0.999355254674404 0.69 0.785714285714286 0.568181818181818 0.715909090909091 8 2 6 3 148.866
1 1 1 1 0.79 0.821428571428571 0.75 0.80174512987013 10 2 6 3 148.866
0.8625 0.914893617021277 0.787878787878788 0.951644100580271 0.76 0.875 0.613636363636364 0.89650974025974 1 3 6 3 148.866
0.925 0.957446808510638 0.878787878787879 0.987749838813669 0.8 0.857142857142857 0.727272727272727 0.903003246753247 2 3 6 3 148.866
