1 1 1 1 0.81 0.795454545454545 0.821428571428571 0.824878246753247 NA 1 42 1 24.025
1 1 1 1 0.81 0.795454545454545 0.821428571428571 0.808441558441558 5 2 42 1 24.025
1 1 1 1 0.81 0.795454545454545 0.821428571428571 0.808441558441558 8 2 42 1 24.025
1 1 1 1 0.81 0.795454545454545 0.821428571428571 0.808441558441558 10 2 42 1 24.025
0.916666666666667 0.916666666666667 0.916666666666667 0.986111111111111 0.77 0.840909090909091 0.714285714285714 0.895698051948052 1 3 42 1 24.025
1 1 1 1 0.8 0.840909090909091 0.767857142857143 0.90137987012987 2 3 42 1 24.025
0.875 0.833333333333333 0.916666666666667 0.875 0.73 0.727272727272727 0.732142857142857 0.729707792207792 NA 1 42 2 32.352
1 1 1 1 0.81 0.795454545454545 0.821428571428571 0.813311688311688 5 2 42 2 32.352
1 1 1 1 0.8 0.772727272727273 0.821428571428571 0.813311688311688 8 2 42 2 32.352
1 1 1 1 0.8 0.772727272727273 0.821428571428571 0.803977272727273 10 2 42 2 32.352
0.916666666666667 0.916666666666667 0.916666666666667 0.986111111111111 0.79 0.840909090909091 0.75 0.888798701298701 1 3 42 2 32.352
0.958333333333333 1 0.916666666666667 1 0.81 0.840909090909091 0.785714285714286 0.904220779220779 2 3 42 2 32.352
1 1 1 1 0.78 0.681818181818182 0.857142857142857 0.785308441558441 NA 1 42 3 40.393
1 1 1 1 0.78 0.681818181818182 0.857142857142857 0.775568181818182 5 2 42 3 40.393
1 1 1 1 0.78 0.681818181818182 0.857142857142857 0.775568181818182 8 2 42 3 40.393
1 1 1 1 0.78 0.681818181818182 0.857142857142857 0.775568181818182 10 2 42 3 40.393
0.916666666666667 0.916666666666667 0.916666666666667 0.986111111111111 0.76 0.818181818181818 0.714285714285714 0.876623376623377 1 3 42 3 40.393
0.958333333333333 1 0.916666666666667 1 0.79 0.818181818181818 0.767857142857143 0.907467532467533 2 3 42 3 40.393
