0.81 0.8 0.818181818181818 0.923636363636364 0.84 0.784313725490196 0.897959183673469 0.939575830332133 NA 1 26 1 329.425
0.98 0.977777777777778 0.981818181818182 0.997777777777778 0.91 0.901960784313726 0.918367346938776 0.977591036414566 5 2 26 1 329.425
0.98 0.977777777777778 0.981818181818182 0.998181818181818 0.91 0.901960784313726 0.918367346938776 0.977991196478591 8 2 26 1 329.425
0.98 0.977777777777778 0.981818181818182 0.998282828282828 0.91 0.901960784313726 0.918367346938776 0.977991196478591 10 2 26 1 329.425
0.81 0.811111111111111 0.809090909090909 0.921212121212121 0.87 0.843137254901961 0.897959183673469 0.943577430972389 1 3 26 1 329.425
0.95 0.955555555555556 0.945454545454545 0.992121212121212 0.89 0.862745098039216 0.918367346938776 0.964785914365746 2 3 26 1 329.425
0.815 0.811111111111111 0.818181818181818 0.923434343434343 0.84 0.784313725490196 0.897959183673469 0.937575030012005 NA 1 26 2 333.822
0.98 0.977777777777778 0.981818181818182 0.997676767676768 0.91 0.901960784313726 0.918367346938776 0.977591036414566 5 2 26 2 333.822
0.98 0.977777777777778 0.981818181818182 0.997979797979798 0.91 0.901960784313726 0.918367346938776 0.977591036414566 8 2 26 2 333.822
0.98 0.977777777777778 0.981818181818182 0.997878787878788 0.91 0.901960784313726 0.918367346938776 0.97719087635054 10 2 26 2 333.822
0.81 0.811111111111111 0.809090909090909 0.922929292929293 0.85 0.803921568627451 0.897959183673469 0.941176470588235 1 3 26 2 333.822
0.95 0.955555555555556 0.945454545454545 0.992626262626263 0.89 0.862745098039216 0.918367346938776 0.963985594237695 2 3 26 2 333.822
0.82 0.811111111111111 0.827272727272727 0.923030303030303 0.84 0.784313725490196 0.897959183673469 0.943177270908363 NA 1 26 3 608.986
0.98 0.977777777777778 0.981818181818182 0.997272727272727 0.91 0.901960784313726 0.918367346938776 0.977991196478591 5 2 26 3 608.986
0.98 0.977777777777778 0.981818181818182 0.997474747474748 0.91 0.901960784313726 0.918367346938776 0.976790716286515 8 2 26 3 608.986
0.98 0.977777777777778 0.981818181818182 0.997373737373737 0.91 0.901960784313726 0.918367346938776 0.975590236094438 10 2 26 3 608.986
0.825 0.833333333333333 0.818181818181818 0.922222222222222 0.88 0.862745098039216 0.897959183673469 0.943177270908363 1 3 26 3 608.986
0.955 0.966666666666667 0.945454545454545 0.991313131313131 0.89 0.862745098039216 0.918367346938776 0.966386554621849 2 3 26 3 608.986
