0.9375 0.952380952380952 0.909090909090909 0.982683982683983 0.72 0.745454545454545 0.688888888888889 0.795151515151515 NA 1 1 1 30.801
1 1 1 1 0.66 0.672727272727273 0.644444444444444 0.66020202020202 5 2 1 1 30.801
1 1 1 1 0.65 0.636363636363636 0.666666666666667 0.698181818181818 8 2 1 1 30.801
1 1 1 1 0.68 0.709090909090909 0.644444444444444 0.704242424242424 10 2 1 1 30.801
0.9375 1 0.818181818181818 0.948051948051948 0.76 0.836363636363636 0.666666666666667 0.885656565656566 1 3 1 1 30.801
0.96875 1 0.909090909090909 0.995670995670996 0.8 0.781818181818182 0.822222222222222 0.855757575757576 2 3 1 1 30.801
0.9375 0.952380952380952 0.909090909090909 0.991341991341991 0.73 0.781818181818182 0.666666666666667 0.763434343434343 NA 1 1 2 36.783
1 1 1 1 0.7 0.763636363636364 0.622222222222222 0.686868686868687 5 2 1 2 36.783
1 1 1 1 0.72 0.763636363636364 0.666666666666667 0.706868686868687 8 2 1 2 36.783
1 1 1 1 0.72 0.763636363636364 0.666666666666667 0.715353535353535 10 2 1 2 36.783
0.9375 1 0.818181818181818 0.987012987012987 0.73 0.763636363636364 0.688888888888889 0.816969696969697 1 3 1 2 36.783
0.96875 1 0.909090909090909 1 0.75 0.709090909090909 0.8 0.840808080808081 2 3 1 2 36.783
1 1 1 1 0.71 0.745454545454545 0.666666666666667 0.714545454545454 NA 1 1 3 53.529
1 1 1 1 0.71 0.745454545454545 0.666666666666667 0.717373737373737 5 2 1 3 53.529
1 1 1 1 0.7 0.745454545454545 0.644444444444444 0.717373737373737 8 2 1 3 53.529
1 1 1 1 0.7 0.745454545454545 0.644444444444444 0.717373737373737 10 2 1 3 53.529
0.90625 1 0.727272727272727 0.987012987012987 0.73 0.818181818181818 0.622222222222222 0.837979797979798 1 3 1 3 53.529
0.96875 1 0.909090909090909 1 0.8 0.763636363636364 0.844444444444444 0.846868686868687 2 3 1 3 53.529
