0.88 0.902912621359223 0.855670103092783 0.950255229706736 0.83 0.8 0.866666666666667 0.888080808080808 NA 1 66 1 355.911
0.92 0.922330097087379 0.917525773195876 0.975177659893904 0.91 0.927272727272727 0.888888888888889 0.971313131313131 5 2 66 1 355.911
0.955 0.941747572815534 0.969072164948454 0.982684415974377 0.92 0.927272727272727 0.911111111111111 0.973333333333333 8 2 66 1 355.911
0.955 0.941747572815534 0.969072164948454 0.982584325893304 0.93 0.927272727272727 0.933333333333333 0.970909090909091 10 2 66 1 355.911
0.88 0.922330097087379 0.835051546391753 0.950655590031028 0.82 0.8 0.844444444444444 0.883232323232323 1 3 66 1 355.911
0.91 0.941747572815534 0.876288659793814 0.975477930137123 0.86 0.854545454545454 0.866666666666667 0.937373737373737 2 3 66 1 355.911
0.885 0.912621359223301 0.855670103092783 0.951356220598539 0.83 0.8 0.866666666666667 0.888080808080808 NA 1 66 2 353.872
0.915 0.922330097087379 0.907216494845361 0.972475227704934 0.92 0.927272727272727 0.911111111111111 0.965252525252525 5 2 66 2 353.872
0.955 0.941747572815534 0.969072164948454 0.982684415974377 0.93 0.945454545454545 0.911111111111111 0.974545454545455 8 2 66 2 353.872
0.96 0.951456310679612 0.969072164948454 0.982684415974377 0.94 0.945454545454545 0.933333333333333 0.974545454545455 10 2 66 2 353.872
0.89 0.922330097087379 0.855670103092783 0.951356220598539 0.82 0.8 0.844444444444444 0.880808080808081 1 3 66 2 353.872
0.91 0.941747572815534 0.876288659793814 0.972875588029226 0.84 0.818181818181818 0.866666666666667 0.936565656565657 2 3 66 2 353.872
0.88 0.912621359223301 0.845360824742268 0.947752977679912 0.83 0.8 0.866666666666667 0.886060606060606 NA 1 66 3 591.936
0.925 0.922330097087379 0.927835051546392 0.975578020218196 0.91 0.927272727272727 0.888888888888889 0.971313131313131 5 2 66 3 591.936
0.96 0.951456310679612 0.969072164948454 0.982484235812231 0.91 0.927272727272727 0.888888888888889 0.969292929292929 8 2 66 3 591.936
0.955 0.941747572815534 0.969072164948454 0.982984686217596 0.92 0.927272727272727 0.911111111111111 0.967676767676768 10 2 66 3 591.936
0.88 0.922330097087379 0.835051546391753 0.94835351816635 0.81 0.8 0.822222222222222 0.886060606060606 1 3 66 3 591.936
0.905 0.941747572815534 0.865979381443299 0.975077569812832 0.86 0.854545454545454 0.866666666666667 0.936565656565657 2 3 66 3 591.936
