0.9 0.863636363636364 0.944444444444444 0.962121212121212 0.78 0.72 0.84 0.86 NA 1 80 1 41.166
1 1 1 1 0.81 0.78 0.84 0.828 5 2 80 1 41.166
1 1 1 1 0.79 0.76 0.82 0.8462 8 2 80 1 41.166
1 1 1 1 0.83 0.8 0.86 0.8398 10 2 80 1 41.166
0.875 0.863636363636364 0.888888888888889 0.954545454545455 0.79 0.78 0.8 0.8712 1 3 80 1 41.166
0.95 0.954545454545455 0.944444444444444 0.98989898989899 0.78 0.72 0.84 0.8728 2 3 80 1 41.166
0.925 0.909090909090909 0.944444444444444 0.95959595959596 0.77 0.68 0.86 0.8632 NA 1 80 2 62.027
1 1 1 1 0.81 0.78 0.84 0.8184 5 2 80 2 62.027
1 1 1 1 0.78 0.82 0.74 0.7904 8 2 80 2 62.027
1 1 1 1 0.8 0.76 0.84 0.8386 10 2 80 2 62.027
0.875 0.909090909090909 0.833333333333333 0.957070707070707 0.8 0.76 0.84 0.8692 1 3 80 2 62.027
0.95 0.954545454545455 0.944444444444444 0.987373737373737 0.8 0.72 0.88 0.8708 2 3 80 2 62.027
0.925 0.909090909090909 0.944444444444444 0.962121212121212 0.76 0.66 0.86 0.8624 NA 1 80 3 77.265
1 1 1 1 0.8 0.76 0.84 0.8116 5 2 80 3 77.265
1 1 1 1 0.81 0.78 0.84 0.8524 8 2 80 3 77.265
1 1 1 1 0.83 0.84 0.82 0.853 10 2 80 3 77.265
0.875 0.909090909090909 0.833333333333333 0.952020202020202 0.8 0.8 0.8 0.8692 1 3 80 3 77.265
0.95 0.954545454545455 0.944444444444444 0.98989898989899 0.77 0.72 0.82 0.8844 2 3 80 3 77.265
