0.925 0.894736842105263 0.952380952380952 0.984962406015038 0.78 0.69811320754717 0.872340425531915 0.90766760337214 NA 1 82 1 48.416
1 1 1 1 0.74 0.754716981132076 0.723404255319149 0.73323966278603 5 2 82 1 48.416
1 1 1 1 0.85 0.735849056603774 0.978723404255319 0.887394620634283 8 2 82 1 48.416
1 1 1 1 0.79 0.754716981132076 0.829787234042553 0.826174227217985 10 2 82 1 48.416
0.925 0.894736842105263 0.952380952380952 0.972431077694236 0.8 0.679245283018868 0.936170212765957 0.923323966278603 1 3 82 1 48.416
0.95 0.947368421052632 0.952380952380952 0.987468671679198 0.82 0.69811320754717 0.957446808510638 0.923725411481333 2 3 82 1 48.416
0.925 0.894736842105263 0.952380952380952 0.984962406015038 0.79 0.69811320754717 0.893617021276596 0.90766760337214 NA 1 82 2 42.639
1 1 1 1 0.74 0.69811320754717 0.787234042553192 0.761140104375753 5 2 82 2 42.639
1 1 1 1 0.83 0.754716981132076 0.914893617021277 0.872340425531915 8 2 82 2 42.639
1 1 1 1 0.72 0.735849056603774 0.702127659574468 0.746286631874749 10 2 82 2 42.639
0.925 0.894736842105263 0.952380952380952 0.972431077694236 0.83 0.735849056603774 0.936170212765957 0.922922521075873 1 3 82 2 42.639
0.95 0.947368421052632 0.952380952380952 0.987468671679198 0.81 0.679245283018868 0.957446808510638 0.926936973103171 2 3 82 2 42.639
0.925 0.894736842105263 0.952380952380952 0.984962406015038 0.78 0.69811320754717 0.872340425531915 0.903653151344841 NA 1 82 3 82.732
1 1 1 1 0.79 0.754716981132076 0.829787234042553 0.844439983942192 5 2 82 3 82.732
1 1 1 1 0.84 0.773584905660377 0.914893617021277 0.892011240465676 8 2 82 3 82.732
1 1 1 1 0.74 0.849056603773585 0.617021276595745 0.808711360899237 10 2 82 3 82.732
0.9 0.842105263157895 0.952380952380952 0.979949874686717 0.79 0.660377358490566 0.936170212765957 0.925732637494982 1 3 82 3 82.732
0.95 0.947368421052632 0.952380952380952 0.987468671679198 0.81 0.679245283018868 0.957446808510638 0.923725411481333 2 3 82 3 82.732
