0.8775 0.897560975609756 0.856410256410256 0.937460913070669 0.84 0.803921568627451 0.877551020408163 0.904761904761905 NA 1 15 1 745.84
0.9325 0.951219512195122 0.912820512820513 0.985616010006254 0.91 0.882352941176471 0.938775510204082 0.976790716286515 5 2 15 1 745.84
0.945 0.965853658536585 0.923076923076923 0.987842401500938 0.92 0.901960784313726 0.938775510204082 0.975990396158463 8 2 15 1 745.84
0.9475 0.970731707317073 0.923076923076923 0.987917448405253 0.91 0.901960784313726 0.918367346938776 0.975590236094438 10 2 15 1 745.84
0.8775 0.897560975609756 0.856410256410256 0.935984990619137 0.85 0.823529411764706 0.877551020408163 0.899559823929572 1 3 15 1 745.84
0.9325 0.941463414634146 0.923076923076923 0.982739212007505 0.87 0.823529411764706 0.918367346938776 0.956382553021208 2 3 15 1 745.84
0.8775 0.897560975609756 0.856410256410256 0.938361475922452 0.84 0.803921568627451 0.877551020408163 0.903561424569828 NA 1 15 2 625.771
0.9325 0.95609756097561 0.907692307692308 0.985866166353971 0.91 0.882352941176471 0.938775510204082 0.97719087635054 5 2 15 2 625.771
0.9425 0.960975609756098 0.923076923076923 0.987792370231395 0.92 0.901960784313726 0.938775510204082 0.974389755902361 8 2 15 2 625.771
0.95 0.975609756097561 0.923076923076923 0.987992495309568 0.91 0.901960784313726 0.918367346938776 0.975190076030412 10 2 15 2 625.771
0.8725 0.892682926829268 0.851282051282051 0.93703564727955 0.85 0.823529411764706 0.877551020408163 0.900760304121649 1 3 15 2 625.771
0.9375 0.951219512195122 0.923076923076923 0.982689180737961 0.86 0.823529411764706 0.897959183673469 0.955582232893157 2 3 15 2 625.771
0.875 0.897560975609756 0.851282051282051 0.93458411507192 0.85 0.823529411764706 0.877551020408163 0.902360944377751 NA 1 15 3 1312.284
0.94 0.95609756097561 0.923076923076923 0.984815509693558 0.9 0.882352941176471 0.918367346938776 0.980792316926771 5 2 15 3 1312.284
0.935 0.951219512195122 0.917948717948718 0.985791119449656 0.93 0.901960784313726 0.959183673469388 0.97719087635054 8 2 15 3 1312.284
0.935 0.951219512195122 0.917948717948718 0.985866166353971 0.93 0.901960784313726 0.959183673469388 0.976790716286515 10 2 15 3 1312.284
0.875 0.88780487804878 0.861538461538462 0.932757973733583 0.84 0.803921568627451 0.877551020408163 0.898759503801521 1 3 15 3 1312.284
0.9375 0.951219512195122 0.923076923076923 0.980813008130081 0.87 0.823529411764706 0.918367346938776 0.957583033213285 2 3 15 3 1312.284
