0.90625 0.818181818181818 0.952380952380952 0.965367965367965 0.91 0.931034482758621 0.880952380952381 0.946633825944171 NA 1 88 1 34.306
1 1 1 1 0.9 0.913793103448276 0.880952380952381 0.920771756978654 5 2 88 1 34.306
1 1 1 1 0.9 0.913793103448276 0.880952380952381 0.929392446633826 8 2 88 1 34.306
1 1 1 1 0.92 0.948275862068966 0.880952380952381 0.92179802955665 10 2 88 1 34.306
0.90625 0.727272727272727 1 0.96969696969697 0.88 0.879310344827586 0.880952380952381 0.943349753694581 1 3 88 1 34.306
0.96875 0.909090909090909 1 1 0.85 0.810344827586207 0.904761904761905 0.924466338259442 2 3 88 1 34.306
0.875 0.727272727272727 0.952380952380952 0.952380952380952 0.91 0.931034482758621 0.880952380952381 0.945812807881773 NA 1 88 2 53.406
0.96875 1 0.952380952380952 0.995670995670996 0.93 0.948275862068966 0.904761904761905 0.941502463054187 5 2 88 2 53.406
0.9375 1 0.904761904761905 1 0.88 0.913793103448276 0.833333333333333 0.924671592775041 8 2 88 2 53.406
1 1 1 1 0.89 0.896551724137931 0.880952380952381 0.912972085385878 10 2 88 2 53.406
0.875 0.636363636363636 1 0.935064935064935 0.84 0.775862068965517 0.928571428571429 0.946223316912972 1 3 88 2 53.406
0.9375 0.818181818181818 1 1 0.87 0.827586206896552 0.928571428571429 0.929392446633826 2 3 88 2 53.406
0.90625 0.818181818181818 0.952380952380952 0.956709956709957 0.9 0.913793103448276 0.880952380952381 0.945812807881773 NA 1 88 3 65.994
1 1 1 1 0.78 0.775862068965517 0.785714285714286 0.850369458128079 5 2 88 3 65.994
1 1 1 1 0.82 0.862068965517241 0.761904761904762 0.854269293924466 8 2 88 3 65.994
1 1 1 1 0.77 0.793103448275862 0.738095238095238 0.813628899835796 10 2 88 3 65.994
0.875 0.636363636363636 1 0.965367965367965 0.87 0.844827586206897 0.904761904761905 0.945402298850575 1 3 88 3 65.994
0.96875 0.909090909090909 1 1 0.88 0.844827586206897 0.928571428571429 0.929802955665025 2 3 88 3 65.994
