0.86 0.871287128712871 0.848484848484849 0.932493249324932 0.85 0.87037037037037 0.826086956521739 0.944444444444444 NA 1 51 1 796.438
0.9175 0.910891089108911 0.924242424242424 0.974047404740474 0.97 0.962962962962963 0.978260869565217 0.99194847020934 5 2 51 1 796.438
0.92 0.935643564356436 0.904040404040404 0.974522452245224 0.96 0.944444444444444 0.978260869565217 0.994363929146538 8 2 51 1 796.438
0.915 0.925742574257426 0.904040404040404 0.974822482248225 0.96 0.944444444444444 0.978260869565217 0.993961352657005 10 2 51 1 796.438
0.8575 0.876237623762376 0.838383838383838 0.932093209320932 0.84 0.851851851851852 0.826086956521739 0.943236714975845 1 3 51 1 796.438
0.915 0.900990099009901 0.929292929292929 0.977097709770977 0.95 0.944444444444444 0.956521739130435 0.990740740740741 2 3 51 1 796.438
0.8575 0.866336633663366 0.848484848484849 0.932893289328933 0.85 0.87037037037037 0.826086956521739 0.946457326892109 NA 1 51 2 776.765
0.9175 0.910891089108911 0.924242424242424 0.973997399739974 0.97 0.962962962962963 0.978260869565217 0.992351046698873 5 2 51 2 776.765
0.92 0.935643564356436 0.904040404040404 0.974722472247225 0.96 0.944444444444444 0.978260869565217 0.994363929146538 8 2 51 2 776.765
0.92 0.935643564356436 0.904040404040404 0.975022502250225 0.96 0.944444444444444 0.978260869565217 0.993558776167472 10 2 51 2 776.765
0.8625 0.881188118811881 0.843434343434343 0.933168316831683 0.84 0.851851851851852 0.826086956521739 0.941626409017713 1 3 51 2 776.765
0.915 0.900990099009901 0.929292929292929 0.977047704770477 0.95 0.944444444444444 0.956521739130435 0.991143317230274 2 3 51 2 776.765
0.865 0.871287128712871 0.858585858585859 0.931868186818682 0.84 0.851851851851852 0.826086956521739 0.944847020933977 NA 1 51 3 1319.11
0.9175 0.910891089108911 0.924242424242424 0.973922392239224 0.96 0.944444444444444 0.978260869565217 0.992351046698873 5 2 51 3 1319.11
0.92 0.925742574257426 0.914141414141414 0.974372437243724 0.97 0.962962962962963 0.978260869565217 0.993558776167472 8 2 51 3 1319.11
0.915 0.915841584158416 0.914141414141414 0.974822482248225 0.96 0.944444444444444 0.978260869565217 0.993558776167472 10 2 51 3 1319.11
0.8625 0.876237623762376 0.848484848484849 0.931218121812181 0.84 0.851851851851852 0.826086956521739 0.944444444444444 1 3 51 3 1319.11
0.915 0.900990099009901 0.929292929292929 0.973547354735473 0.96 0.962962962962963 0.956521739130435 0.990338164251208 2 3 51 3 1319.11
