0.9 0.9 0.9 0.958333333333333 0.85 0.91304347826087 0.796296296296296 0.922302737520129 NA 1 45 1 179.748
0.958333333333333 0.966666666666667 0.95 0.993611111111111 0.88 0.934782608695652 0.833333333333333 0.981078904991948 5 2 45 1 179.748
0.966666666666667 0.966666666666667 0.966666666666667 0.995833333333333 0.89 0.934782608695652 0.851851851851852 0.976650563607085 8 2 45 1 179.748
1 1 1 1 0.88 0.956521739130435 0.814814814814815 0.904186795491143 10 2 45 1 179.748
0.908333333333333 0.916666666666667 0.9 0.956666666666667 0.83 0.891304347826087 0.777777777777778 0.916264090177134 1 3 45 1 179.748
0.941666666666667 0.933333333333333 0.95 0.988333333333333 0.85 0.891304347826087 0.814814814814815 0.94122383252818 2 3 45 1 179.748
0.908333333333333 0.9 0.916666666666667 0.961111111111111 0.87 0.91304347826087 0.833333333333333 0.922705314009662 NA 1 45 2 194.341
0.958333333333333 0.966666666666667 0.95 0.992222222222222 0.89 0.956521739130435 0.833333333333333 0.979468599033816 5 2 45 2 194.341
0.958333333333333 0.966666666666667 0.95 0.994722222222222 0.9 0.934782608695652 0.87037037037037 0.977455716586151 8 2 45 2 194.341
0.958333333333333 0.966666666666667 0.95 0.997777777777778 0.92 0.956521739130435 0.888888888888889 0.977858293075684 10 2 45 2 194.341
0.908333333333333 0.916666666666667 0.9 0.957222222222222 0.83 0.891304347826087 0.777777777777778 0.919484702093398 1 3 45 2 194.341
0.958333333333333 0.966666666666667 0.95 0.988888888888889 0.87 0.891304347826087 0.851851851851852 0.94524959742351 2 3 45 2 194.341
0.908333333333333 0.9 0.916666666666667 0.959722222222222 0.84 0.891304347826087 0.796296296296296 0.924718196457327 NA 1 45 3 325.058
0.966666666666667 0.966666666666667 0.966666666666667 0.993055555555556 0.9 0.956521739130435 0.851851851851852 0.983091787439614 5 2 45 3 325.058
1 1 1 1 0.83 0.869565217391304 0.796296296296296 0.851851851851852 8 2 45 3 325.058
1 1 1 1 0.87 0.934782608695652 0.814814814814815 0.882648953301127 10 2 45 3 325.058
0.9 0.9 0.9 0.958888888888889 0.86 0.934782608695652 0.796296296296296 0.925925925925926 1 3 45 3 325.058
0.95 0.95 0.95 0.988333333333333 0.88 0.91304347826087 0.851851851851852 0.935185185185185 2 3 45 3 325.058
