0.87 0.858585858585859 0.881188118811881 0.931293129312931 0.85 0.824561403508772 0.883720930232558 0.923296613627091 NA 1 89 1 231.09
0.965 0.95959595959596 0.97029702970297 0.992799279927993 0.92 0.929824561403509 0.906976744186046 0.953896368829049 5 2 89 1 231.09
0.955 0.95959595959596 0.95049504950495 0.994499449944995 0.89 0.87719298245614 0.906976744186046 0.968176254589963 8 2 89 1 231.09
0.955 0.95959595959596 0.95049504950495 0.994899489948995 0.89 0.87719298245614 0.906976744186046 0.968176254589963 10 2 89 1 231.09
0.87 0.888888888888889 0.851485148514851 0.929292929292929 0.84 0.842105263157895 0.837209302325581 0.932680538555692 1 3 89 1 231.09
0.92 0.898989898989899 0.940594059405941 0.987598759875988 0.86 0.824561403508772 0.906976744186046 0.964912280701754 2 3 89 1 231.09
0.865 0.858585858585859 0.871287128712871 0.932193219321932 0.84 0.824561403508772 0.86046511627907 0.921664626682986 NA 1 89 2 257.046
0.965 0.95959595959596 0.97029702970297 0.993199319931993 0.92 0.929824561403509 0.906976744186046 0.949408404732762 5 2 89 2 257.046
0.96 0.95959595959596 0.96039603960396 0.994799479947995 0.89 0.87719298245614 0.906976744186046 0.965728274173807 8 2 89 2 257.046
0.97 0.95959595959596 0.98019801980198 0.994699469946995 0.89 0.87719298245614 0.906976744186046 0.966544267645859 10 2 89 2 257.046
0.87 0.888888888888889 0.851485148514851 0.93019301930193 0.84 0.842105263157895 0.837209302325581 0.932680538555692 1 3 89 2 257.046
0.92 0.898989898989899 0.940594059405941 0.987498749874988 0.86 0.824561403508772 0.906976744186046 0.966952264381885 2 3 89 2 257.046
0.865 0.858585858585859 0.871287128712871 0.92959295929593 0.87 0.842105263157895 0.906976744186046 0.924520603835169 NA 1 89 3 430.933
0.955 0.94949494949495 0.96039603960396 0.992799279927993 0.91 0.912280701754386 0.906976744186046 0.965728274173807 5 2 89 3 430.933
0.96 0.95959595959596 0.96039603960396 0.994399439943994 0.89 0.87719298245614 0.906976744186046 0.97062423500612 8 2 89 3 430.933
0.95 0.94949494949495 0.95049504950495 0.994499449944995 0.87 0.842105263157895 0.906976744186046 0.966544267645859 10 2 89 3 430.933
0.87 0.878787878787879 0.861386138613861 0.929392939293929 0.86 0.859649122807018 0.86046511627907 0.938800489596083 1 3 89 3 430.933
0.925 0.898989898989899 0.95049504950495 0.986798679867987 0.89 0.859649122807018 0.930232558139535 0.964912280701754 2 3 89 3 430.933
