0.841666666666667 0.803571428571429 0.875 0.9296875 0.82 0.770833333333333 0.865384615384615 0.928685897435897 NA 1 96 1 116.936
0.933333333333333 0.928571428571429 0.9375 0.983816964285714 0.86 0.875 0.846153846153846 0.917067307692308 5 2 96 1 116.936
0.95 0.946428571428571 0.953125 0.984933035714286 0.86 0.875 0.846153846153846 0.923878205128205 8 2 96 1 116.936
0.95 0.946428571428571 0.953125 0.986886160714286 0.87 0.875 0.865384615384615 0.922676282051282 10 2 96 1 116.936
0.841666666666667 0.821428571428571 0.859375 0.924665178571429 0.83 0.75 0.903846153846154 0.928285256410256 1 3 96 1 116.936
0.933333333333333 0.946428571428571 0.921875 0.975167410714286 0.8 0.791666666666667 0.807692307692308 0.91025641025641 2 3 96 1 116.936
0.841666666666667 0.803571428571429 0.875 0.932477678571429 0.82 0.770833333333333 0.865384615384615 0.928285256410256 NA 1 96 2 124.064
0.933333333333333 0.928571428571429 0.9375 0.984375 0.85 0.854166666666667 0.846153846153846 0.919070512820513 5 2 96 2 124.064
0.95 0.946428571428571 0.953125 0.985212053571429 0.87 0.875 0.865384615384615 0.923477564102564 8 2 96 2 124.064
0.95 0.946428571428571 0.953125 0.987444196428571 0.86 0.854166666666667 0.865384615384615 0.925480769230769 10 2 96 2 124.064
0.858333333333333 0.857142857142857 0.859375 0.928292410714286 0.83 0.75 0.903846153846154 0.92588141025641 1 3 96 2 124.064
0.933333333333333 0.946428571428571 0.921875 0.976004464285714 0.8 0.791666666666667 0.807692307692308 0.909455128205128 2 3 96 2 124.064
0.833333333333333 0.821428571428571 0.84375 0.924944196428571 0.81 0.75 0.865384615384615 0.925080128205128 NA 1 96 3 199.222
0.933333333333333 0.946428571428571 0.921875 0.983816964285714 0.86 0.875 0.846153846153846 0.910657051282051 5 2 96 3 199.222
0.941666666666667 0.928571428571429 0.953125 0.984654017857143 0.85 0.875 0.826923076923077 0.917467948717949 8 2 96 3 199.222
0.95 0.946428571428571 0.953125 0.985770089285714 0.85 0.875 0.826923076923077 0.918669871794872 10 2 96 3 199.222
0.85 0.839285714285714 0.859375 0.923549107142857 0.81 0.75 0.865384615384615 0.916666666666667 1 3 96 3 199.222
0.925 0.946428571428571 0.90625 0.974609375 0.82 0.8125 0.826923076923077 0.91025641025641 2 3 96 3 199.222
