0.85 0.823529411764706 0.869565217391304 0.948849104859335 0.88 0.84 0.92 0.9356 NA 1 66 1 41.078
1 1 1 1 0.84 0.84 0.84 0.8768 5 2 66 1 41.078
1 1 1 1 0.81 0.74 0.88 0.8254 8 2 66 1 41.078
1 1 1 1 0.58 0.56 0.6 0.6066 10 2 66 1 41.078
0.875 0.823529411764706 0.91304347826087 0.936061381074169 0.87 0.82 0.92 0.9312 1 3 66 1 41.078
0.9 0.882352941176471 0.91304347826087 0.966751918158568 0.87 0.8 0.94 0.9168 2 3 66 1 41.078
0.85 0.823529411764706 0.869565217391304 0.943734015345269 0.87 0.82 0.92 0.9392 NA 1 66 2 59.513
1 1 1 1 0.82 0.82 0.82 0.8482 5 2 66 2 59.513
1 1 1 1 0.81 0.74 0.88 0.8336 8 2 66 2 59.513
1 1 1 1 0.8 0.74 0.86 0.8482 10 2 66 2 59.513
0.825 0.941176470588235 0.739130434782609 0.941176470588235 0.89 0.88 0.9 0.9316 1 3 66 2 59.513
0.9 0.882352941176471 0.91304347826087 0.976982097186701 0.87 0.82 0.92 0.9176 2 3 66 2 59.513
0.825 0.882352941176471 0.782608695652174 0.941176470588235 0.85 0.78 0.92 0.932 NA 1 66 3 76.285
1 1 1 1 0.83 0.8 0.86 0.836 5 2 66 3 76.285
1 1 1 1 0.81 0.76 0.86 0.8316 8 2 66 3 76.285
1 1 1 1 0.82 0.74 0.9 0.8512 10 2 66 3 76.285
0.875 0.941176470588235 0.826086956521739 0.946291560102302 0.86 0.84 0.88 0.9236 1 3 66 3 76.285
0.9 0.882352941176471 0.91304347826087 0.974424552429668 0.86 0.82 0.9 0.9188 2 3 66 3 76.285
