0.9 0.915254237288136 0.885245901639344 0.964434565156988 0.89 0.902439024390244 0.88135593220339 0.963621331128566 NA 1 94 1 131.278
0.975 0.983050847457627 0.967213114754098 0.996665740483468 0.96 0.975609756097561 0.949152542372881 0.992558908639934 5 2 94 1 131.278
0.975 0.983050847457627 0.967213114754098 0.996665740483468 0.96 0.975609756097561 0.949152542372881 0.994212484497726 8 2 94 1 131.278
0.975 0.983050847457627 0.967213114754098 0.996943595443179 0.96 0.975609756097561 0.949152542372881 0.994212484497726 10 2 94 1 131.278
0.908333333333333 0.932203389830508 0.885245901639344 0.963323145318144 0.89 0.902439024390244 0.88135593220339 0.961967755270773 1 3 94 1 131.278
0.933333333333333 0.915254237288136 0.950819672131147 0.994442900805779 0.92 0.926829268292683 0.915254237288136 0.982224059528731 2 3 94 1 131.278
0.9 0.915254237288136 0.885245901639344 0.966379549874965 0.9 0.902439024390244 0.898305084745763 0.962381149235221 NA 1 94 2 144.226
0.975 0.983050847457627 0.967213114754098 0.996387885523757 0.96 0.975609756097561 0.949152542372881 0.992972302604382 5 2 94 2 144.226
0.975 0.983050847457627 0.967213114754098 0.996665740483468 0.96 0.975609756097561 0.949152542372881 0.993799090533278 8 2 94 2 144.226
0.983333333333333 0.983050847457627 0.983606557377049 0.996665740483468 0.96 0.975609756097561 0.949152542372881 0.993799090533278 10 2 94 2 144.226
0.908333333333333 0.932203389830508 0.885245901639344 0.963878855237566 0.88 0.878048780487805 0.88135593220339 0.960727573377429 1 3 94 2 144.226
0.941666666666667 0.915254237288136 0.967213114754098 0.99472075576549 0.92 0.926829268292683 0.915254237288136 0.982224059528731 2 3 94 2 144.226
0.891666666666667 0.898305084745763 0.885245901639344 0.963323145318144 0.88 0.926829268292683 0.847457627118644 0.964034725093014 NA 1 94 3 251.077
0.975 0.983050847457627 0.967213114754098 0.996665740483468 0.96 0.975609756097561 0.949152542372881 0.992558908639934 5 2 94 3 251.077
0.975 0.983050847457627 0.967213114754098 0.996943595443179 0.96 0.975609756097561 0.949152542372881 0.992972302604382 8 2 94 3 251.077
0.975 0.983050847457627 0.967213114754098 0.996943595443179 0.95 0.975609756097561 0.932203389830508 0.992558908639934 10 2 94 3 251.077
0.908333333333333 0.932203389830508 0.885245901639344 0.963323145318144 0.88 0.902439024390244 0.864406779661017 0.961554361306325 1 3 94 3 251.077
0.958333333333333 0.949152542372881 0.967213114754098 0.994998610725201 0.92 0.926829268292683 0.915254237288136 0.983877635386523 2 3 94 3 251.077
