0.925 0.947368421052632 0.904761904761905 0.974937343358396 0.85 0.74468085106383 0.943396226415094 0.934965877157768 NA 1 62 1 128.076
0.9625 0.973684210526316 0.952380952380952 0.993107769423559 0.91 0.851063829787234 0.962264150943396 0.956443195503814 5 2 62 1 128.076
1 1 1 1 0.84 0.723404255319149 0.943396226415094 0.880971497390606 8 2 62 1 128.076
1 1 1 1 0.84 0.787234042553192 0.886792452830189 0.863508631071859 10 2 62 1 128.076
0.9125 0.947368421052632 0.880952380952381 0.973057644110276 0.88 0.808510638297872 0.943396226415094 0.941389000401445 1 3 62 1 128.076
0.9375 0.973684210526316 0.904761904761905 0.986215538847118 0.91 0.829787234042553 0.981132075471698 0.95262946607788 2 3 62 1 128.076
0.925 0.947368421052632 0.904761904761905 0.974937343358396 0.85 0.74468085106383 0.943396226415094 0.935367322360498 NA 1 62 2 122.127
1 1 1 1 0.83 0.74468085106383 0.905660377358491 0.827378562826174 5 2 62 2 122.127
1 1 1 1 0.85 0.787234042553192 0.905660377358491 0.88317944600562 8 2 62 2 122.127
1 1 1 1 0.86 0.787234042553192 0.924528301886792 0.878562826174227 10 2 62 2 122.127
0.9125 0.947368421052632 0.880952380952381 0.975563909774436 0.87 0.787234042553192 0.943396226415094 0.943797671617824 1 3 62 2 122.127
0.9375 0.973684210526316 0.904761904761905 0.987468671679198 0.91 0.829787234042553 0.981132075471698 0.951826575672421 2 3 62 2 122.127
0.925 0.947368421052632 0.904761904761905 0.973057644110276 0.86 0.765957446808511 0.943396226415094 0.934965877157768 NA 1 62 3 222.293
0.9625 0.973684210526316 0.952380952380952 0.995614035087719 0.92 0.893617021276596 0.943396226415094 0.937575270975512 5 2 62 3 222.293
1 1 1 1 0.87 0.787234042553192 0.943396226415094 0.876756322761943 8 2 62 3 222.293
1 1 1 1 0.85 0.787234042553192 0.905660377358491 0.885186672019269 10 2 62 3 222.293
0.9125 0.947368421052632 0.880952380952381 0.972431077694236 0.87 0.787234042553192 0.943396226415094 0.943797671617824 1 3 62 3 222.293
0.925 0.947368421052632 0.904761904761905 0.985588972431078 0.9 0.808510638297872 0.981132075471698 0.95383380168607 2 3 62 3 222.293
