0.866666666666667 0.839285714285714 0.890625 0.942243303571429 0.73 0.672131147540984 0.82051282051282 0.848675914249685 NA 1 58 1 126.699
0.941666666666667 0.928571428571429 0.953125 0.982142857142857 0.86 0.819672131147541 0.923076923076923 0.944094157208911 5 2 58 1 126.699
0.958333333333333 0.946428571428571 0.96875 0.981863839285714 0.85 0.80327868852459 0.923076923076923 0.932324506094998 8 2 58 1 126.699
0.958333333333333 0.946428571428571 0.96875 0.982142857142857 0.85 0.80327868852459 0.923076923076923 0.92854140395124 10 2 58 1 126.699
0.866666666666667 0.857142857142857 0.875 0.944475446428571 0.74 0.672131147540984 0.846153846153846 0.85666246321984 1 3 58 1 126.699
0.925 0.946428571428571 0.90625 0.979910714285714 0.88 0.836065573770492 0.948717948717949 0.935687263556116 2 3 58 1 126.699
0.866666666666667 0.839285714285714 0.890625 0.9453125 0.73 0.672131147540984 0.82051282051282 0.848255569567045 NA 1 58 2 130.296
0.941666666666667 0.928571428571429 0.953125 0.981863839285714 0.86 0.819672131147541 0.923076923076923 0.943673812526272 5 2 58 2 130.296
0.958333333333333 0.946428571428571 0.96875 0.982142857142857 0.85 0.80327868852459 0.923076923076923 0.932324506094998 8 2 58 2 130.296
0.958333333333333 0.946428571428571 0.96875 0.982142857142857 0.84 0.786885245901639 0.923076923076923 0.92938209331652 10 2 58 2 130.296
0.866666666666667 0.875 0.859375 0.944475446428571 0.75 0.688524590163934 0.846153846153846 0.853299705758722 1 3 58 2 130.296
0.933333333333333 0.946428571428571 0.921875 0.980747767857143 0.89 0.852459016393443 0.948717948717949 0.935266918873476 2 3 58 2 130.296
0.866666666666667 0.839285714285714 0.890625 0.940569196428571 0.74 0.688524590163934 0.82051282051282 0.852038671710803 NA 1 58 3 218.519
0.941666666666667 0.928571428571429 0.953125 0.982421875 0.86 0.819672131147541 0.923076923076923 0.94577553593947 5 2 58 3 218.519
0.958333333333333 0.946428571428571 0.96875 0.982421875 0.85 0.80327868852459 0.923076923076923 0.932744850777638 8 2 58 3 218.519
0.958333333333333 0.946428571428571 0.96875 0.982421875 0.85 0.80327868852459 0.923076923076923 0.931904161412358 10 2 58 3 218.519
0.866666666666667 0.839285714285714 0.890625 0.942243303571429 0.75 0.688524590163934 0.846153846153846 0.854140395124002 1 3 58 3 218.519
0.925 0.946428571428571 0.90625 0.980189732142857 0.85 0.786885245901639 0.948717948717949 0.934846574190836 2 3 58 3 218.519
