0.858333333333333 0.861538461538462 0.854545454545454 0.93006993006993 0.81 0.886792452830189 0.723404255319149 0.869530309112806 NA 1 75 1 123.01
0.95 0.984615384615385 0.909090909090909 0.981818181818182 0.92 0.905660377358491 0.936170212765957 0.97591328783621 5 2 75 1 123.01
0.95 0.984615384615385 0.909090909090909 0.981818181818182 0.89 0.867924528301887 0.914893617021277 0.97591328783621 8 2 75 1 123.01
0.95 0.984615384615385 0.909090909090909 0.981538461538462 0.89 0.867924528301887 0.914893617021277 0.97631473303894 10 2 75 1 123.01
0.858333333333333 0.923076923076923 0.781818181818182 0.929230769230769 0.84 0.943396226415094 0.723404255319149 0.872340425531915 1 3 75 1 123.01
0.941666666666667 0.953846153846154 0.927272727272727 0.965314685314685 0.84 0.905660377358491 0.765957446808511 0.927338418305901 2 3 75 1 123.01
0.875 0.892307692307692 0.854545454545454 0.932587412587413 0.8 0.867924528301887 0.723404255319149 0.870333199518266 NA 1 75 2 125.056
0.958333333333333 0.984615384615385 0.927272727272727 0.981538461538462 0.91 0.905660377358491 0.914893617021277 0.972701726214372 5 2 75 2 125.056
0.958333333333333 0.984615384615385 0.927272727272727 0.97958041958042 0.9 0.905660377358491 0.893617021276596 0.974708952228021 8 2 75 2 125.056
0.958333333333333 0.984615384615385 0.927272727272727 0.97958041958042 0.9 0.905660377358491 0.893617021276596 0.975511842633481 10 2 75 2 125.056
0.866666666666667 0.907692307692308 0.818181818181818 0.932027972027972 0.81 0.886792452830189 0.723404255319149 0.869530309112806 1 3 75 2 125.056
0.941666666666667 0.969230769230769 0.909090909090909 0.965314685314685 0.83 0.886792452830189 0.765957446808511 0.925331192292252 2 3 75 2 125.056
0.891666666666667 0.923076923076923 0.854545454545454 0.93006993006993 0.79 0.849056603773585 0.723404255319149 0.869128863910076 NA 1 75 3 232.311
0.95 0.969230769230769 0.927272727272727 0.981258741258741 0.91 0.905660377358491 0.914893617021277 0.972300281011642 5 2 75 3 232.311
0.958333333333333 0.984615384615385 0.927272727272727 0.980699300699301 0.92 0.905660377358491 0.936170212765957 0.974708952228021 8 2 75 3 232.311
0.958333333333333 0.984615384615385 0.927272727272727 0.980979020979021 0.92 0.905660377358491 0.936170212765957 0.974307507025291 10 2 75 3 232.311
0.85 0.907692307692308 0.781818181818182 0.929230769230769 0.82 0.905660377358491 0.723404255319149 0.877157767964673 1 3 75 3 232.311
0.941666666666667 0.969230769230769 0.909090909090909 0.967272727272727 0.84 0.905660377358491 0.765957446808511 0.925732637494982 2 3 75 3 232.311
