0.925 0.947368421052632 0.904761904761905 0.975563909774436 0.9 0.804347826086957 0.981481481481482 0.962962962962963 NA 1 53 1 110.617
1 1 1 1 0.9 0.91304347826087 0.888888888888889 0.92451690821256 5 2 53 1 110.617
1 1 1 1 0.88 0.804347826086957 0.944444444444444 0.922302737520129 8 2 53 1 110.617
1 1 1 1 0.88 0.869565217391304 0.888888888888889 0.921497584541063 10 2 53 1 110.617
0.925 0.947368421052632 0.904761904761905 0.977443609022556 0.92 0.847826086956522 0.981481481481482 0.971417069243156 1 3 53 1 110.617
0.9625 0.973684210526316 0.952380952380952 0.988095238095238 0.92 0.847826086956522 0.981481481481482 0.97463768115942 2 3 53 1 110.617
0.925 0.947368421052632 0.904761904761905 0.975563909774436 0.9 0.804347826086957 0.981481481481482 0.964170692431562 NA 1 53 2 129.561
1 1 1 1 0.9 0.869565217391304 0.925925925925926 0.9170692431562 5 2 53 2 129.561
1 1 1 1 0.83 0.869565217391304 0.796296296296296 0.857890499194847 8 2 53 2 129.561
1 1 1 1 0.88 0.826086956521739 0.925925925925926 0.901570048309179 10 2 53 2 129.561
0.9375 0.947368421052632 0.928571428571429 0.975563909774436 0.91 0.826086956521739 0.981481481481482 0.97061191626409 1 3 53 2 129.561
0.9625 0.973684210526316 0.952380952380952 0.988721804511278 0.91 0.847826086956522 0.962962962962963 0.973832528180354 2 3 53 2 129.561
0.925 0.947368421052632 0.904761904761905 0.976190476190476 0.9 0.804347826086957 0.981481481481482 0.965780998389694 NA 1 53 3 194.86
0.9875 0.973684210526316 1 0.984022556390977 0.84 0.804347826086957 0.87037037037037 0.87962962962963 5 2 53 3 194.86
1 1 1 1 0.9 0.826086956521739 0.962962962962963 0.921497584541063 8 2 53 3 194.86
1 1 1 1 0.89 0.826086956521739 0.944444444444444 0.897141706924316 10 2 53 3 194.86
0.9375 0.947368421052632 0.928571428571429 0.976817042606516 0.93 0.869565217391304 0.981481481481482 0.969001610305958 1 3 53 3 194.86
0.9625 0.973684210526316 0.952380952380952 0.989974937343358 0.93 0.869565217391304 0.981481481481482 0.980273752012882 2 3 53 3 194.86
