0.885 0.876288659793814 0.893203883495146 0.959663697327595 0.81 0.857142857142857 0.764705882352941 0.911964785914366 NA 1 36 1 328.009
0.95 0.958762886597938 0.941747572815534 0.982484235812231 0.9 0.918367346938776 0.882352941176471 0.97358943577431 5 2 36 1 328.009
0.945 0.948453608247423 0.941747572815534 0.983184866379742 0.9 0.918367346938776 0.882352941176471 0.972789115646258 8 2 36 1 328.009
0.95 0.958762886597938 0.941747572815534 0.983284956460815 0.9 0.918367346938776 0.882352941176471 0.972388955582233 10 2 36 1 328.009
0.9 0.896907216494845 0.902912621359223 0.959063156841157 0.79 0.836734693877551 0.745098039215686 0.913565426170468 1 3 36 1 328.009
0.93 0.907216494845361 0.951456310679612 0.978280452407166 0.83 0.836734693877551 0.823529411764706 0.931172468987595 2 3 36 1 328.009
0.885 0.876288659793814 0.893203883495146 0.960464417976179 0.81 0.857142857142857 0.764705882352941 0.918767507002801 NA 1 36 2 335.069
0.95 0.958762886597938 0.941747572815534 0.982284055650085 0.9 0.918367346938776 0.882352941176471 0.973989595838335 5 2 36 2 335.069
0.945 0.948453608247423 0.941747572815534 0.982083875487939 0.91 0.918367346938776 0.901960784313726 0.973989595838335 8 2 36 2 335.069
0.945 0.948453608247423 0.941747572815534 0.982183965569012 0.91 0.918367346938776 0.901960784313726 0.973189275710284 10 2 36 2 335.069
0.9 0.896907216494845 0.902912621359223 0.959263337003303 0.8 0.857142857142857 0.745098039215686 0.91796718687475 1 3 36 2 335.069
0.935 0.917525773195876 0.951456310679612 0.977880092082875 0.82 0.857142857142857 0.784313725490196 0.932773109243697 2 3 36 2 335.069
0.89 0.876288659793814 0.902912621359223 0.958662796516865 0.79 0.816326530612245 0.764705882352941 0.909163665466186 NA 1 36 3 583.798
0.95 0.958762886597938 0.941747572815534 0.983084776298669 0.9 0.918367346938776 0.882352941176471 0.973189275710284 5 2 36 3 583.798
0.945 0.948453608247423 0.941747572815534 0.984085677109398 0.91 0.918367346938776 0.901960784313726 0.971188475390156 8 2 36 3 583.798
0.945 0.948453608247423 0.941747572815534 0.984085677109398 0.91 0.918367346938776 0.901960784313726 0.971188475390156 10 2 36 3 583.798
0.89 0.876288659793814 0.902912621359223 0.958262436192573 0.8 0.836734693877551 0.764705882352941 0.914365746298519 1 3 36 3 583.798
0.93 0.917525773195876 0.941747572815534 0.97908117305575 0.83 0.857142857142857 0.803921568627451 0.932372949179672 2 3 36 3 583.798
