0.85 0.878048780487805 0.82051282051282 0.941213258286429 0.84 0.857142857142857 0.823529411764706 0.93797519007603 NA 1 50 1 152.909
0.9875 0.975609756097561 1 1 0.87 0.897959183673469 0.843137254901961 0.891156462585034 5 2 50 1 152.909
1 1 1 1 0.79 0.795918367346939 0.784313725490196 0.794917967186875 8 2 50 1 152.909
0.575 0.560975609756098 0.58974358974359 0.559724828017511 0.39 0.510204081632653 0.274509803921569 0.607643057222889 10 2 50 1 152.909
0.8625 0.853658536585366 0.871794871794872 0.932457786116323 0.85 0.897959183673469 0.803921568627451 0.930372148859544 1 3 50 1 152.909
0.975 0.951219512195122 1 0.99812382739212 0.87 0.836734693877551 0.901960784313726 0.939575830332133 2 3 50 1 152.909
0.85 0.878048780487805 0.82051282051282 0.939962476547842 0.85 0.877551020408163 0.823529411764706 0.938375350140056 NA 1 50 2 112.188
1 1 1 1 0.88 0.897959183673469 0.862745098039216 0.92156862745098 5 2 50 2 112.188
1 1 1 1 0.88 0.918367346938776 0.843137254901961 0.899759903961585 8 2 50 2 112.188
1 1 1 1 0.73 0.653061224489796 0.803921568627451 0.738295318127251 10 2 50 2 112.188
0.875 0.853658536585366 0.897435897435897 0.929330831769856 0.86 0.897959183673469 0.823529411764706 0.930372148859544 1 3 50 2 112.188
0.975 0.951219512195122 1 0.99812382739212 0.87 0.836734693877551 0.901960784313726 0.938375350140056 2 3 50 2 112.188
0.85 0.878048780487805 0.82051282051282 0.941838649155722 0.84 0.857142857142857 0.823529411764706 0.936774709883954 NA 1 50 3 238.75
1 1 1 1 0.86 0.897959183673469 0.823529411764706 0.891156462585034 5 2 50 3 238.75
1 1 1 1 0.77 0.857142857142857 0.686274509803922 0.775110044017607 8 2 50 3 238.75
1 1 1 1 0.85 0.897959183673469 0.803921568627451 0.904561824729892 10 2 50 3 238.75
0.875 0.853658536585366 0.897435897435897 0.932457786116323 0.85 0.877551020408163 0.823529411764706 0.931172468987595 1 3 50 3 238.75
0.9875 0.975609756097561 1 0.996873045653533 0.86 0.836734693877551 0.882352941176471 0.943577430972389 2 3 50 3 238.75
