1 1 1 1 0.71 0.636363636363636 0.8 0.765252525252525 NA 1 62 1 34.333
1 1 1 1 0.71 0.636363636363636 0.8 0.757979797979798 5 2 62 1 34.333
1 1 1 1 0.71 0.636363636363636 0.8 0.757979797979798 8 2 62 1 34.333
1 1 1 1 0.72 0.636363636363636 0.822222222222222 0.757979797979798 10 2 62 1 34.333
0.96875 1 0.928571428571429 0.98015873015873 0.78 0.709090909090909 0.866666666666667 0.871111111111111 1 3 62 1 34.333
0.96875 1 0.928571428571429 0.996031746031746 0.77 0.745454545454545 0.8 0.884848484848485 2 3 62 1 34.333
1 1 1 1 0.76 0.672727272727273 0.866666666666667 0.784444444444444 NA 1 62 2 41.627
1 1 1 1 0.76 0.672727272727273 0.866666666666667 0.777373737373737 5 2 62 2 41.627
1 1 1 1 0.76 0.672727272727273 0.866666666666667 0.777373737373737 8 2 62 2 41.627
1 1 1 1 0.76 0.672727272727273 0.866666666666667 0.777777777777778 10 2 62 2 41.627
0.9375 1 0.857142857142857 0.98015873015873 0.77 0.709090909090909 0.844444444444444 0.874747474747475 1 3 62 2 41.627
0.96875 1 0.928571428571429 1 0.78 0.727272727272727 0.844444444444444 0.886060606060606 2 3 62 2 41.627
1 1 1 1 0.75 0.672727272727273 0.844444444444444 0.781212121212121 NA 1 62 3 59.127
1 1 1 1 0.75 0.672727272727273 0.844444444444444 0.774949494949495 5 2 62 3 59.127
1 1 1 1 0.75 0.672727272727273 0.844444444444444 0.771717171717172 8 2 62 3 59.127
1 1 1 1 0.75 0.672727272727273 0.844444444444444 0.771717171717172 10 2 62 3 59.127
0.96875 1 0.928571428571429 0.992063492063492 0.78 0.709090909090909 0.866666666666667 0.866666666666667 1 3 62 3 59.127
0.96875 1 0.928571428571429 1 0.77 0.727272727272727 0.822222222222222 0.880808080808081 2 3 62 3 59.127
