0.866666666666667 0.870967741935484 0.862068965517241 0.947163515016685 0.84 0.843137254901961 0.836734693877551 0.933173269307723 NA 1 6 1 177.382
1 1 1 1 0.88 0.823529411764706 0.938775510204082 0.897158863545418 5 2 6 1 177.382
1 1 1 1 0.9 0.843137254901961 0.959183673469388 0.917366946778711 8 2 6 1 177.382
1 1 1 1 0.92 0.882352941176471 0.959183673469388 0.943777511004402 10 2 6 1 177.382
0.866666666666667 0.870967741935484 0.862068965517241 0.944104560622914 0.85 0.901960784313726 0.795918367346939 0.933973589435774 1 3 6 1 177.382
0.958333333333333 0.967741935483871 0.948275862068966 0.984427141268076 0.86 0.862745098039216 0.857142857142857 0.929171668667467 2 3 6 1 177.382
0.858333333333333 0.870967741935484 0.844827586206897 0.949944382647386 0.85 0.862745098039216 0.836734693877551 0.93797519007603 NA 1 6 2 180.368
1 1 1 1 0.92 0.862745098039216 0.979591836734694 0.921168467386955 5 2 6 2 180.368
1 1 1 1 0.92 0.882352941176471 0.959183673469388 0.957382953181273 8 2 6 2 180.368
1 1 1 1 0.93 0.901960784313726 0.959183673469388 0.945178071228491 10 2 6 2 180.368
0.883333333333333 0.887096774193548 0.879310344827586 0.946329254727475 0.86 0.92156862745098 0.795918367346939 0.93797519007603 1 3 6 2 180.368
0.958333333333333 0.967741935483871 0.948275862068966 0.988042269187987 0.86 0.882352941176471 0.836734693877551 0.935174069627851 2 3 6 2 180.368
0.858333333333333 0.870967741935484 0.844827586206897 0.947997775305895 0.85 0.862745098039216 0.836734693877551 0.936374549819928 NA 1 6 3 307.003
1 1 1 1 0.88 0.803921568627451 0.959183673469388 0.900360144057623 5 2 6 3 307.003
1 1 1 1 0.89 0.843137254901961 0.938775510204082 0.900360144057623 8 2 6 3 307.003
1 1 1 1 0.9 0.843137254901961 0.959183673469388 0.924569827931172 10 2 6 3 307.003
0.866666666666667 0.870967741935484 0.862068965517241 0.945216907675195 0.85 0.882352941176471 0.816326530612245 0.93797519007603 1 3 6 3 307.003
0.958333333333333 0.967741935483871 0.948275862068966 0.987208008898776 0.87 0.882352941176471 0.857142857142857 0.9343737494998 2 3 6 3 307.003
