0.8125 0.857142857142857 0.777777777777778 0.908730158730159 0.81 0.722222222222222 0.91304347826087 0.876006441223833 NA 1 75 1 27.179
0.96875 0.928571428571429 1 1 0.77 0.666666666666667 0.891304347826087 0.811191626409018 5 2 75 1 27.179
1 1 1 1 0.64 0.814814814814815 0.434782608695652 0.698872785829308 8 2 75 1 27.179
1 1 1 1 0.76 0.62962962962963 0.91304347826087 0.828502415458937 10 2 75 1 27.179
0.84375 0.857142857142857 0.833333333333333 0.884920634920635 0.79 0.740740740740741 0.847826086956522 0.872785829307568 1 3 75 1 27.179
0.875 0.928571428571429 0.833333333333333 0.984126984126984 0.79 0.777777777777778 0.804347826086957 0.882850241545894 2 3 75 1 27.179
0.8125 0.857142857142857 0.777777777777778 0.912698412698413 0.79 0.685185185185185 0.91304347826087 0.880837359098229 NA 1 75 2 34.857
1 1 1 1 0.72 0.574074074074074 0.891304347826087 0.795088566827697 5 2 75 2 34.857
1 1 1 1 0.78 0.666666666666667 0.91304347826087 0.820450885668277 8 2 75 2 34.857
1 1 1 1 0.77 0.648148148148148 0.91304347826087 0.845008051529791 10 2 75 2 34.857
0.84375 0.857142857142857 0.833333333333333 0.880952380952381 0.8 0.740740740740741 0.869565217391304 0.879227053140097 1 3 75 2 34.857
0.875 0.928571428571429 0.833333333333333 0.984126984126984 0.77 0.87037037037037 0.652173913043478 0.871175523349436 2 3 75 2 34.857
0.8125 0.857142857142857 0.777777777777778 0.904761904761905 0.78 0.666666666666667 0.91304347826087 0.88768115942029 NA 1 75 3 50.377
1 1 1 1 0.62 0.611111111111111 0.630434782608696 0.682568438003221 5 2 75 3 50.377
1 1 1 1 0.69 0.759259259259259 0.608695652173913 0.692834138486312 8 2 75 3 50.377
1 1 1 1 0.76 0.611111111111111 0.934782608695652 0.84219001610306 10 2 75 3 50.377
0.84375 0.928571428571429 0.777777777777778 0.884920634920635 0.78 0.759259259259259 0.804347826086957 0.876409017713366 1 3 75 3 50.377
0.875 0.928571428571429 0.833333333333333 0.972222222222222 0.78 0.814814814814815 0.739130434782609 0.865539452495974 2 3 75 3 50.377
