1 1 1 1 0.84 0.867924528301887 0.808510638297872 0.845845042151746 NA 1 85 1 22.504
1 1 1 1 0.84 0.867924528301887 0.808510638297872 0.83821758329988 5 2 85 1 22.504
1 1 1 1 0.84 0.867924528301887 0.808510638297872 0.83821758329988 8 2 85 1 22.504
1 1 1 1 0.84 0.867924528301887 0.808510638297872 0.83821758329988 10 2 85 1 22.504
0.916666666666667 1 0.818181818181818 0.986013986013986 0.77 0.886792452830189 0.638297872340426 0.899237254114813 1 3 85 1 22.504
0.958333333333333 1 0.909090909090909 1 0.83 0.886792452830189 0.765957446808511 0.919309514251305 2 3 85 1 22.504
0.958333333333333 1 0.909090909090909 0.965034965034965 0.84 0.886792452830189 0.787234042553192 0.905258932155761 NA 1 85 2 34.487
1 1 1 1 0.85 0.849056603773585 0.851063829787234 0.900040144520273 5 2 85 2 34.487
1 1 1 1 0.79 0.679245283018868 0.914893617021277 0.837213970293055 8 2 85 2 34.487
1 1 1 1 0.79 0.773584905660377 0.808510638297872 0.86029706945002 10 2 85 2 34.487
0.916666666666667 1 0.818181818181818 0.986013986013986 0.8 0.905660377358491 0.680851063829787 0.905660377358491 1 3 85 2 34.487
0.958333333333333 1 0.909090909090909 1 0.83 0.905660377358491 0.74468085106383 0.914090726615817 2 3 85 2 34.487
0.958333333333333 1 0.909090909090909 0.965034965034965 0.81 0.849056603773585 0.765957446808511 0.891609795262947 NA 1 85 3 40.678
1 1 1 1 0.78 0.811320754716981 0.74468085106383 0.77940586109996 5 2 85 3 40.678
1 1 1 1 0.71 0.716981132075472 0.702127659574468 0.738458450421517 8 2 85 3 40.678
1 1 1 1 0.75 0.886792452830189 0.595744680851064 0.775592131674027 10 2 85 3 40.678
0.916666666666667 1 0.818181818181818 0.986013986013986 0.77 0.886792452830189 0.638297872340426 0.897631473303894 1 3 85 3 40.678
0.958333333333333 1 0.909090909090909 1 0.82 0.849056603773585 0.787234042553192 0.896025692492975 2 3 85 3 40.678
