0.875 0.872448979591837 0.877450980392157 0.938025210084034 0.87 0.895833333333333 0.846153846153846 0.93349358974359 NA 1 1 1 525.578
0.9175 0.928571428571429 0.906862745098039 0.979591836734694 0.9 0.875 0.923076923076923 0.971955128205128 5 2 1 1 525.578
0.92 0.933673469387755 0.906862745098039 0.97999199679872 0.9 0.875 0.923076923076923 0.971955128205128 8 2 1 1 525.578
0.92 0.928571428571429 0.911764705882353 0.980592236894758 0.9 0.875 0.923076923076923 0.970753205128205 10 2 1 1 525.578
0.8675 0.86734693877551 0.867647058823529 0.937149859943978 0.88 0.895833333333333 0.865384615384615 0.932291666666667 1 3 1 1 525.578
0.92 0.928571428571429 0.911764705882353 0.976940776310524 0.89 0.854166666666667 0.923076923076923 0.945913461538461 2 3 1 1 525.578
0.8725 0.872448979591837 0.872549019607843 0.93797519007603 0.87 0.895833333333333 0.846153846153846 0.933894230769231 NA 1 1 2 478.041
0.9175 0.928571428571429 0.906862745098039 0.979466786714686 0.9 0.875 0.923076923076923 0.971955128205128 5 2 1 2 478.041
0.92 0.928571428571429 0.911764705882353 0.979966986794718 0.9 0.875 0.923076923076923 0.971955128205128 8 2 1 2 478.041
0.9225 0.928571428571429 0.916666666666667 0.98046718687475 0.9 0.875 0.923076923076923 0.970352564102564 10 2 1 2 478.041
0.8675 0.862244897959184 0.872549019607843 0.937299919967987 0.88 0.895833333333333 0.865384615384615 0.932692307692308 1 3 1 2 478.041
0.9225 0.928571428571429 0.916666666666667 0.976765706282513 0.88 0.833333333333333 0.923076923076923 0.944310897435897 2 3 1 2 478.041
0.865 0.857142857142857 0.872549019607843 0.936174469787915 0.85 0.895833333333333 0.807692307692308 0.936298076923077 NA 1 1 3 840.845
0.915 0.928571428571429 0.901960784313726 0.979491796718687 0.91 0.895833333333333 0.923076923076923 0.971955128205128 5 2 1 3 840.845
0.9125 0.923469387755102 0.901960784313726 0.979566826730692 0.91 0.895833333333333 0.923076923076923 0.97275641025641 8 2 1 3 840.845
0.9125 0.923469387755102 0.901960784313726 0.980017006802721 0.9 0.875 0.923076923076923 0.971955128205128 10 2 1 3 840.845
0.8675 0.857142857142857 0.877450980392157 0.935899359743898 0.86 0.895833333333333 0.826923076923077 0.935096153846154 1 3 1 3 840.845
0.9275 0.938775510204082 0.916666666666667 0.977941176470588 0.9 0.875 0.923076923076923 0.946714743589744 2 3 1 3 840.845
