1 1 1 1 0.78 0.8125 0.75 0.847956730769231 NA 1 4 1 30.906
1 1 1 1 0.78 0.8125 0.75 0.841145833333333 5 2 4 1 30.906
1 1 1 1 0.81 0.8125 0.807692307692308 0.841145833333333 8 2 4 1 30.906
1 1 1 1 0.78 0.791666666666667 0.769230769230769 0.82431891025641 10 2 4 1 30.906
0.9375 0.846153846153846 1 1 0.84 0.708333333333333 0.961538461538462 0.891025641025641 1 3 4 1 30.906
0.9375 0.846153846153846 1 1 0.78 0.541666666666667 1 0.920673076923077 2 3 4 1 30.906
1 1 1 1 0.77 0.791666666666667 0.75 0.795673076923077 NA 1 4 2 45.162
1 1 1 1 0.77 0.791666666666667 0.75 0.789663461538462 5 2 4 2 45.162
1 1 1 1 0.77 0.791666666666667 0.75 0.791666666666667 8 2 4 2 45.162
1 1 1 1 0.77 0.791666666666667 0.75 0.791666666666667 10 2 4 2 45.162
0.9375 0.846153846153846 1 1 0.85 0.75 0.942307692307692 0.88301282051282 1 3 4 2 45.162
0.9375 0.846153846153846 1 1 0.75 0.479166666666667 1 0.919471153846154 2 3 4 2 45.162
1 1 1 1 0.78 0.770833333333333 0.788461538461538 0.794070512820513 NA 1 4 3 57.807
1 1 1 1 0.77 0.770833333333333 0.769230769230769 0.788060897435897 5 2 4 3 57.807
1 1 1 1 0.78 0.770833333333333 0.788461538461538 0.788461538461538 8 2 4 3 57.807
1 1 1 1 0.78 0.770833333333333 0.788461538461538 0.788060897435897 10 2 4 3 57.807
0.9375 0.846153846153846 1 0.995951417004049 0.83 0.708333333333333 0.942307692307692 0.880208333333333 1 3 4 3 57.807
0.9375 0.846153846153846 1 1 0.78 0.541666666666667 1 0.915464743589744 2 3 4 3 57.807
