0.90625 0.944444444444444 0.857142857142857 0.952380952380952 0.76 0.781818181818182 0.733333333333333 0.851717171717172 NA 1 61 1 36.798
1 1 1 1 0.67 0.781818181818182 0.533333333333333 0.662424242424242 5 2 61 1 36.798
1 1 1 1 0.79 0.781818181818182 0.8 0.810909090909091 8 2 61 1 36.798
1 1 1 1 0.79 0.8 0.777777777777778 0.811515151515152 10 2 61 1 36.798
0.875 0.944444444444444 0.785714285714286 0.948412698412698 0.75 0.818181818181818 0.666666666666667 0.842424242424242 1 3 61 1 36.798
0.9375 0.888888888888889 1 0.94047619047619 0.77 0.890909090909091 0.622222222222222 0.878383838383838 2 3 61 1 36.798
0.90625 0.944444444444444 0.857142857142857 0.952380952380952 0.77 0.8 0.733333333333333 0.853333333333333 NA 1 61 2 87.388
1 1 1 1 0.73 0.872727272727273 0.555555555555556 0.719191919191919 5 2 61 2 87.388
0.96875 0.944444444444444 1 0.954365079365079 0.7 0.781818181818182 0.6 0.707070707070707 8 2 61 2 87.388
1 1 1 1 0.75 0.854545454545454 0.622222222222222 0.745050505050505 10 2 61 2 87.388
0.875 0.944444444444444 0.785714285714286 0.936507936507937 0.77 0.854545454545454 0.666666666666667 0.844444444444444 1 3 61 2 87.388
0.9375 0.888888888888889 1 0.94047619047619 0.79 0.890909090909091 0.666666666666667 0.886868686868687 2 3 61 2 87.388
0.875 0.944444444444444 0.785714285714286 0.948412698412698 0.77 0.781818181818182 0.755555555555556 0.867878787878788 NA 1 61 3 66.389
0.9375 0.944444444444444 0.928571428571429 0.968253968253968 0.72 0.8 0.622222222222222 0.841616161616162 5 2 61 3 66.389
1 1 1 1 0.79 0.781818181818182 0.8 0.793939393939394 8 2 61 3 66.389
1 1 1 1 0.68 0.709090909090909 0.644444444444444 0.755151515151515 10 2 61 3 66.389
0.875 0.944444444444444 0.785714285714286 0.936507936507937 0.77 0.854545454545454 0.666666666666667 0.851717171717172 1 3 61 3 66.389
0.9375 0.888888888888889 1 0.936507936507937 0.78 0.890909090909091 0.644444444444444 0.889292929292929 2 3 61 3 66.389
