0.8575 0.848958333333333 0.865384615384615 0.934745592948718 0.86 0.923076923076923 0.791666666666667 0.942708333333333 NA 1 25 1 541.284
0.95 0.958333333333333 0.942307692307692 0.984550280448718 0.92 0.961538461538462 0.875 0.981971153846154 5 2 25 1 541.284
0.95 0.958333333333333 0.942307692307692 0.985727163461538 0.93 0.961538461538462 0.895833333333333 0.981971153846154 8 2 25 1 541.284
0.95 0.958333333333333 0.942307692307692 0.986303084935897 0.93 0.961538461538462 0.895833333333333 0.981570512820513 10 2 25 1 541.284
0.865 0.859375 0.870192307692308 0.934019431089744 0.86 0.923076923076923 0.791666666666667 0.94150641025641 1 3 25 1 541.284
0.935 0.942708333333333 0.927884615384615 0.981169871794872 0.91 0.942307692307692 0.875 0.969951923076923 2 3 25 1 541.284
0.86 0.854166666666667 0.865384615384615 0.935972556089744 0.87 0.923076923076923 0.8125 0.943910256410256 NA 1 25 2 512.557
0.95 0.958333333333333 0.942307692307692 0.984324919871795 0.92 0.961538461538462 0.875 0.981971153846154 5 2 25 2 512.557
0.95 0.958333333333333 0.942307692307692 0.985702123397436 0.93 0.961538461538462 0.895833333333333 0.981971153846154 8 2 25 2 512.557
0.9475 0.958333333333333 0.9375 0.986453325320513 0.93 0.961538461538462 0.895833333333333 0.981971153846154 10 2 25 2 512.557
0.865 0.864583333333333 0.865384615384615 0.935196314102564 0.86 0.923076923076923 0.791666666666667 0.942307692307692 1 3 25 2 512.557
0.935 0.942708333333333 0.927884615384615 0.981470352564103 0.89 0.942307692307692 0.833333333333333 0.970753205128205 2 3 25 2 512.557
0.86 0.854166666666667 0.865384615384615 0.933117988782051 0.85 0.923076923076923 0.770833333333333 0.938701923076923 NA 1 25 3 957.906
0.945 0.953125 0.9375 0.984550280448718 0.92 0.961538461538462 0.875 0.981169871794872 5 2 25 3 957.906
0.9475 0.953125 0.942307692307692 0.985576923076923 0.93 0.961538461538462 0.895833333333333 0.979967948717949 8 2 25 3 957.906
0.945 0.953125 0.9375 0.985852363782051 0.93 0.961538461538462 0.895833333333333 0.979567307692308 10 2 25 3 957.906
0.86 0.854166666666667 0.865384615384615 0.933343349358974 0.85 0.923076923076923 0.770833333333333 0.939102564102564 1 3 25 3 957.906
0.9325 0.9375 0.927884615384615 0.980744190705128 0.93 0.942307692307692 0.916666666666667 0.964342948717949 2 3 25 3 957.906
