0.9375 0.909090909090909 0.952380952380952 0.978354978354978 0.76 0.611111111111111 0.934782608695652 0.903381642512077 NA 1 31 1 25.351
1 1 1 1 0.74 0.611111111111111 0.891304347826087 0.847826086956522 5 2 31 1 25.351
1 1 1 1 0.73 0.648148148148148 0.826086956521739 0.800925925925926 8 2 31 1 25.351
1 1 1 1 0.71 0.62962962962963 0.804347826086957 0.867149758454106 10 2 31 1 25.351
0.90625 0.727272727272727 1 0.96969696969697 0.71 0.518518518518518 0.934782608695652 0.903381642512077 1 3 31 1 25.351
0.9375 0.818181818181818 1 1 0.7 0.5 0.934782608695652 0.865942028985507 2 3 31 1 25.351
0.9375 0.909090909090909 0.952380952380952 0.987012987012987 0.77 0.62962962962963 0.934782608695652 0.927536231884058 NA 1 31 2 34.034
1 1 1 1 0.73 0.574074074074074 0.91304347826087 0.84621578099839 5 2 31 2 34.034
1 1 1 1 0.75 0.685185185185185 0.826086956521739 0.809983896940419 8 2 31 2 34.034
1 1 1 1 0.79 0.611111111111111 1 0.860708534621578 10 2 31 2 34.034
0.9375 0.909090909090909 0.952380952380952 0.978354978354978 0.76 0.62962962962963 0.91304347826087 0.921497584541063 1 3 31 2 34.034
0.96875 0.909090909090909 1 0.995670995670996 0.66 0.444444444444444 0.91304347826087 0.880434782608696 2 3 31 2 34.034
0.9375 0.909090909090909 0.952380952380952 0.982683982683983 0.77 0.62962962962963 0.934782608695652 0.923913043478261 NA 1 31 3 43.493
1 1 1 1 0.76 0.611111111111111 0.934782608695652 0.824074074074074 5 2 31 3 43.493
1 1 1 1 0.65 0.481481481481481 0.847826086956522 0.775764895330113 8 2 31 3 43.493
1 1 1 1 0.75 0.611111111111111 0.91304347826087 0.848228663446055 10 2 31 3 43.493
0.90625 0.818181818181818 0.952380952380952 0.965367965367965 0.73 0.555555555555556 0.934782608695652 0.915056360708535 1 3 31 3 43.493
0.96875 0.909090909090909 1 1 0.67 0.462962962962963 0.91304347826087 0.871980676328502 2 3 31 3 43.493
