0.85 0.867298578199052 0.830687830687831 0.93033927631084 0.85 0.847826086956522 0.851851851851852 0.90378421900161 NA 1 19 1 1043.726
0.925 0.928909952606635 0.920634920634921 0.979437799343013 0.92 0.956521739130435 0.888888888888889 0.968196457326892 5 2 19 1 1043.726
0.9275 0.933649289099526 0.920634920634921 0.980816971338298 0.92 0.956521739130435 0.888888888888889 0.964170692431562 8 2 19 1 1043.726
0.925 0.924170616113744 0.925925925925926 0.98161939868101 0.92 0.956521739130435 0.888888888888889 0.963768115942029 10 2 19 1 1043.726
0.8475 0.876777251184834 0.814814814814815 0.929912986785025 0.85 0.869565217391304 0.833333333333333 0.90780998389694 1 3 19 1 1043.726
0.94 0.957345971563981 0.920634920634921 0.98450312194388 0.94 0.934782608695652 0.944444444444444 0.960144927536232 2 3 19 1 1043.726
0.8525 0.872037914691943 0.830687830687831 0.931542917324908 0.85 0.847826086956522 0.851851851851852 0.905797101449275 NA 1 19 2 1098.008
0.925 0.928909952606635 0.920634920634921 0.979387647634093 0.93 0.956521739130435 0.907407407407407 0.968196457326892 5 2 19 2 1098.008
0.93 0.938388625592417 0.920634920634921 0.980867123047218 0.92 0.956521739130435 0.888888888888889 0.964573268921095 8 2 19 2 1098.008
0.925 0.928909952606635 0.920634920634921 0.981820005516688 0.93 0.956521739130435 0.907407407407407 0.964170692431562 10 2 19 2 1098.008
0.85 0.881516587677725 0.814814814814815 0.931116627799092 0.85 0.869565217391304 0.833333333333333 0.912238325281803 1 3 19 2 1098.008
0.9375 0.95260663507109 0.920634920634921 0.984352666817122 0.94 0.934782608695652 0.944444444444444 0.959742351046699 2 3 19 2 1098.008
0.845 0.872037914691943 0.814814814814815 0.927606008174728 0.85 0.869565217391304 0.833333333333333 0.904186795491143 NA 1 19 3 1803.409
0.93 0.933649289099526 0.925925925925926 0.979237192507335 0.91 0.956521739130435 0.87037037037037 0.967793880837359 5 2 19 3 1803.409
0.935 0.938388625592417 0.931216931216931 0.981017578173976 0.92 0.956521739130435 0.888888888888889 0.965378421900161 8 2 19 3 1803.409
0.9325 0.938388625592417 0.925925925925926 0.981468943554252 0.92 0.956521739130435 0.888888888888889 0.964170692431562 10 2 19 3 1803.409
0.845 0.876777251184834 0.80952380952381 0.927054339376614 0.86 0.891304347826087 0.833333333333333 0.908212560386473 1 3 19 3 1803.409
0.9375 0.957345971563981 0.915343915343915 0.984402818526041 0.93 0.934782608695652 0.925925925925926 0.960144927536232 2 3 19 3 1803.409
