0.8775 0.882075471698113 0.872340425531915 0.949668807707748 0.83 0.826923076923077 0.833333333333333 0.913461538461538 NA 1 18 1 612.07
0.9525 0.957547169811321 0.946808510638298 0.989060618225612 0.9 0.942307692307692 0.854166666666667 0.979967948717949 5 2 18 1 612.07
0.955 0.962264150943396 0.946808510638298 0.989612605379366 0.9 0.942307692307692 0.854166666666667 0.979567307692308 8 2 18 1 612.07
0.955 0.962264150943396 0.946808510638298 0.989838418305901 0.9 0.942307692307692 0.854166666666667 0.979166666666667 10 2 18 1 612.07
0.87 0.867924528301887 0.872340425531915 0.948439381774388 0.83 0.826923076923077 0.833333333333333 0.918269230769231 1 3 18 1 612.07
0.95 0.952830188679245 0.946808510638298 0.987153753512646 0.86 0.923076923076923 0.791666666666667 0.955528846153846 2 3 18 1 612.07
0.8625 0.872641509433962 0.851063829787234 0.948690285026094 0.84 0.846153846153846 0.833333333333333 0.906650641025641 NA 1 18 2 637.717
0.95 0.957547169811321 0.941489361702128 0.988809714973906 0.91 0.942307692307692 0.875 0.977163461538462 5 2 18 2 637.717
0.9525 0.962264150943396 0.941489361702128 0.990139502207949 0.91 0.942307692307692 0.875 0.977163461538462 8 2 18 2 637.717
0.9525 0.962264150943396 0.941489361702128 0.990164592533119 0.91 0.942307692307692 0.875 0.97636217948718 10 2 18 2 637.717
0.865 0.867924528301887 0.861702127659574 0.948263749498193 0.85 0.865384615384615 0.833333333333333 0.91025641025641 1 3 18 2 637.717
0.95 0.957547169811321 0.941489361702128 0.987254114813328 0.85 0.903846153846154 0.791666666666667 0.953525641025641 2 3 18 2 637.717
0.8675 0.867924528301887 0.867021276595745 0.947460859092734 0.82 0.807692307692308 0.833333333333333 0.903044871794872 NA 1 18 3 1097.851
0.95 0.957547169811321 0.941489361702128 0.988458450421517 0.91 0.942307692307692 0.875 0.97636217948718 5 2 18 3 1097.851
0.95 0.957547169811321 0.941489361702128 0.9889853472501 0.91 0.942307692307692 0.875 0.975961538461538 8 2 18 3 1097.851
0.95 0.957547169811321 0.941489361702128 0.989236250501807 0.9 0.942307692307692 0.854166666666667 0.975961538461538 10 2 18 3 1097.851
0.8625 0.858490566037736 0.867021276595745 0.947335407466881 0.83 0.826923076923077 0.833333333333333 0.905849358974359 1 3 18 3 1097.851
0.95 0.957547169811321 0.941489361702128 0.987956643918105 0.85 0.903846153846154 0.791666666666667 0.956330128205128 2 3 18 3 1097.851
