1 1 1 1 0.81 0.846153846153846 0.770833333333333 0.905849358974359 NA 1 30 1 18.54
1 1 1 1 0.81 0.846153846153846 0.770833333333333 0.906650641025641 5 2 30 1 18.54
1 1 1 1 0.81 0.846153846153846 0.770833333333333 0.906650641025641 8 2 30 1 18.54
1 1 1 1 0.81 0.846153846153846 0.770833333333333 0.906650641025641 10 2 30 1 18.54
1 1 1 1 0.77 0.865384615384615 0.666666666666667 0.900641025641026 1 3 30 1 18.54
1 1 1 1 0.79 0.923076923076923 0.645833333333333 0.908653846153846 2 3 30 1 18.54
1 1 1 1 0.8 0.884615384615385 0.708333333333333 0.907451923076923 NA 1 30 2 32.679
1 1 1 1 0.8 0.884615384615385 0.708333333333333 0.904647435897436 5 2 30 2 32.679
1 1 1 1 0.8 0.884615384615385 0.708333333333333 0.905849358974359 8 2 30 2 32.679
1 1 1 1 0.8 0.884615384615385 0.708333333333333 0.905849358974359 10 2 30 2 32.679
1 1 1 1 0.79 0.903846153846154 0.666666666666667 0.90224358974359 1 3 30 2 32.679
1 1 1 1 0.79 0.923076923076923 0.645833333333333 0.912259615384615 2 3 30 2 32.679
1 1 1 1 0.82 0.903846153846154 0.729166666666667 0.909855769230769 NA 1 30 3 36.968
1 1 1 1 0.81 0.884615384615385 0.729166666666667 0.91426282051282 5 2 30 3 36.968
1 1 1 1 0.81 0.884615384615385 0.729166666666667 0.914663461538462 8 2 30 3 36.968
1 1 1 1 0.81 0.884615384615385 0.729166666666667 0.916666666666667 10 2 30 3 36.968
1 1 1 1 0.8 0.903846153846154 0.6875 0.904246794871795 1 3 30 3 36.968
1 1 1 1 0.8 0.903846153846154 0.6875 0.904647435897436 2 3 30 3 36.968
