1 1 1 1 0.83 0.75 0.903846153846154 0.858173076923077 NA 1 55 1 23.885
1 1 1 1 0.83 0.75 0.903846153846154 0.854166666666667 5 2 55 1 23.885
1 1 1 1 0.81 0.6875 0.923076923076923 0.840144230769231 8 2 55 1 23.885
1 1 1 1 0.81 0.6875 0.923076923076923 0.849358974358974 10 2 55 1 23.885
1 1 1 1 0.83 0.75 0.903846153846154 0.937099358974359 1 3 55 1 23.885
1 1 1 1 0.81 0.604166666666667 1 0.869791666666667 2 3 55 1 23.885
1 1 1 1 0.8 0.729166666666667 0.865384615384615 0.838741987179487 NA 1 55 2 32.466
1 1 1 1 0.8 0.729166666666667 0.865384615384615 0.823116987179487 5 2 55 2 32.466
1 1 1 1 0.8 0.729166666666667 0.865384615384615 0.822716346153846 8 2 55 2 32.466
1 1 1 1 0.8 0.729166666666667 0.865384615384615 0.823116987179487 10 2 55 2 32.466
0.958333333333333 1 0.923076923076923 1 0.83 0.729166666666667 0.923076923076923 0.931089743589744 1 3 55 2 32.466
1 1 1 1 0.82 0.645833333333333 0.980769230769231 0.86698717948718 2 3 55 2 32.466
1 1 1 1 0.78 0.6875 0.865384615384615 0.823717948717949 NA 1 55 3 41.845
1 1 1 1 0.78 0.6875 0.865384615384615 0.819310897435897 5 2 55 3 41.845
1 1 1 1 0.78 0.6875 0.865384615384615 0.818910256410256 8 2 55 3 41.845
1 1 1 1 0.77 0.666666666666667 0.865384615384615 0.818910256410256 10 2 55 3 41.845
0.958333333333333 0.909090909090909 1 0.993006993006993 0.82 0.708333333333333 0.923076923076923 0.928285256410256 1 3 55 3 41.845
1 1 1 1 0.82 0.645833333333333 0.980769230769231 0.868589743589744 2 3 55 3 41.845
