0.875 0.866666666666667 0.882352941176471 0.949019607843137 0.8 0.709090909090909 0.911111111111111 0.886060606060606 NA 1 3 1 28.418
1 1 1 1 0.84 0.854545454545454 0.822222222222222 0.847676767676768 5 2 3 1 28.418
1 1 1 1 0.84 0.890909090909091 0.777777777777778 0.854747474747475 8 2 3 1 28.418
1 1 1 1 0.81 0.781818181818182 0.844444444444444 0.856969696969697 10 2 3 1 28.418
0.84375 0.8 0.882352941176471 0.92156862745098 0.83 0.836363636363636 0.822222222222222 0.905858585858586 1 3 3 1 28.418
0.96875 0.933333333333333 1 0.992156862745098 0.79 0.727272727272727 0.866666666666667 0.908686868686869 2 3 3 1 28.418
0.875 0.866666666666667 0.882352941176471 0.949019607843137 0.83 0.8 0.866666666666667 0.894949494949495 NA 1 3 2 42.466
1 1 1 1 0.78 0.781818181818182 0.777777777777778 0.818989898989899 5 2 3 2 42.466
1 1 1 1 0.79 0.763636363636364 0.822222222222222 0.841212121212121 8 2 3 2 42.466
1 1 1 1 0.76 0.654545454545455 0.888888888888889 0.817575757575758 10 2 3 2 42.466
0.8125 0.8 0.823529411764706 0.92156862745098 0.78 0.781818181818182 0.777777777777778 0.887676767676768 1 3 3 2 42.466
0.96875 0.933333333333333 1 0.996078431372549 0.79 0.745454545454545 0.844444444444444 0.913131313131313 2 3 3 2 42.466
0.84375 0.866666666666667 0.823529411764706 0.956862745098039 0.81 0.781818181818182 0.844444444444444 0.891717171717172 NA 1 3 3 51.008
1 1 1 1 0.8 0.8 0.8 0.798787878787879 5 2 3 3 51.008
1 1 1 1 0.74 0.781818181818182 0.688888888888889 0.776969696969697 8 2 3 3 51.008
1 1 1 1 0.63 0.581818181818182 0.688888888888889 0.653333333333333 10 2 3 3 51.008
0.875 0.933333333333333 0.823529411764706 0.929411764705882 0.81 0.872727272727273 0.733333333333333 0.875959595959596 1 3 3 3 51.008
0.96875 0.933333333333333 1 0.996078431372549 0.79 0.727272727272727 0.866666666666667 0.907070707070707 2 3 3 3 51.008
