0.945 0.942307692307692 0.947916666666667 0.987680288461538 0.87 0.962264150943396 0.765957446808511 0.964672822159775 NA 1 59 1 417.327
0.97 0.971153846153846 0.96875 0.994991987179487 0.91 0.981132075471698 0.829787234042553 0.978321959052589 5 2 59 1 417.327
0.975 0.980769230769231 0.96875 0.995592948717949 0.91 0.981132075471698 0.829787234042553 0.979927739863509 8 2 59 1 417.327
0.97 0.971153846153846 0.96875 0.995492788461538 0.9 0.981132075471698 0.808510638297872 0.979124849458049 10 2 59 1 417.327
0.95 0.942307692307692 0.958333333333333 0.986177884615385 0.88 0.943396226415094 0.808510638297872 0.967884383781614 1 3 59 1 417.327
0.965 0.961538461538462 0.96875 0.995592948717949 0.91 0.981132075471698 0.829787234042553 0.961059815335207 2 3 59 1 417.327
0.95 0.951923076923077 0.947916666666667 0.986678685897436 0.89 0.981132075471698 0.787234042553192 0.968687274187073 NA 1 59 2 392.465
0.97 0.971153846153846 0.96875 0.994991987179487 0.91 0.981132075471698 0.829787234042553 0.979927739863509 5 2 59 2 392.465
0.97 0.971153846153846 0.96875 0.995693108974359 0.9 0.981132075471698 0.808510638297872 0.980730630268968 8 2 59 2 392.465
0.965 0.961538461538462 0.96875 0.995592948717949 0.9 0.981132075471698 0.808510638297872 0.980329185066238 10 2 59 2 392.465
0.95 0.942307692307692 0.958333333333333 0.985376602564103 0.9 0.962264150943396 0.829787234042553 0.972300281011642 1 3 59 2 392.465
0.96 0.951923076923077 0.96875 0.995693108974359 0.91 0.981132075471698 0.829787234042553 0.960658370132477 2 3 59 2 392.465
0.935 0.932692307692308 0.9375 0.98818108974359 0.86 0.943396226415094 0.765957446808511 0.961461260537937 NA 1 59 3 705.276
0.975 0.980769230769231 0.96875 0.995592948717949 0.88 0.981132075471698 0.765957446808511 0.973504616619831 5 2 59 3 705.276
0.975 0.980769230769231 0.96875 0.99589342948718 0.88 0.962264150943396 0.787234042553192 0.974307507025291 8 2 59 3 705.276
0.975 0.980769230769231 0.96875 0.99589342948718 0.88 0.962264150943396 0.787234042553192 0.973504616619831 10 2 59 3 705.276
0.945 0.942307692307692 0.947916666666667 0.987079326923077 0.87 0.943396226415094 0.787234042553192 0.963067041348856 1 3 59 3 705.276
0.965 0.961538461538462 0.96875 0.995592948717949 0.9 0.981132075471698 0.808510638297872 0.956643918105179 2 3 59 3 705.276
