0.9125 0.9375 0.895833333333333 0.979817708333333 0.8 0.673076923076923 0.9375 0.895833333333333 NA 1 36 1 122.913
1 1 1 1 0.81 0.75 0.875 0.849158653846154 5 2 36 1 122.913
1 1 1 1 0.78 0.634615384615385 0.9375 0.825320512820513 8 2 36 1 122.913
1 1 1 1 0.77 0.634615384615385 0.916666666666667 0.828525641025641 10 2 36 1 122.913
0.925 0.9375 0.916666666666667 0.973958333333333 0.8 0.692307692307692 0.916666666666667 0.896233974358974 1 3 36 1 122.913
0.95 0.90625 0.979166666666667 0.994791666666667 0.77 0.596153846153846 0.958333333333333 0.907451923076923 2 3 36 1 122.913
0.9125 0.9375 0.895833333333333 0.98046875 0.79 0.634615384615385 0.958333333333333 0.891826923076923 NA 1 36 2 113.018
1 1 1 1 0.8 0.846153846153846 0.75 0.844551282051282 5 2 36 2 113.018
1 1 1 1 0.81 0.711538461538462 0.916666666666667 0.848357371794872 8 2 36 2 113.018
1 1 1 1 0.84 0.769230769230769 0.916666666666667 0.856770833333333 10 2 36 2 113.018
0.9375 0.9375 0.9375 0.975260416666667 0.8 0.692307692307692 0.916666666666667 0.904647435897436 1 3 36 2 113.018
0.9625 0.9375 0.979166666666667 0.994140625 0.81 0.673076923076923 0.958333333333333 0.911858974358974 2 3 36 2 113.018
0.925 0.9375 0.916666666666667 0.979166666666667 0.81 0.692307692307692 0.9375 0.895032051282051 NA 1 36 3 212.677
1 1 1 1 0.77 0.653846153846154 0.895833333333333 0.792267628205128 5 2 36 3 212.677
1 1 1 1 0.74 0.576923076923077 0.916666666666667 0.767828525641026 8 2 36 3 212.677
1 1 1 1 0.77 0.673076923076923 0.875 0.823116987179487 10 2 36 3 212.677
0.925 0.9375 0.916666666666667 0.975260416666667 0.81 0.730769230769231 0.895833333333333 0.893429487179487 1 3 36 3 212.677
0.9625 0.9375 0.979166666666667 0.994140625 0.8 0.653846153846154 0.958333333333333 0.909054487179487 2 3 36 3 212.677
