0.95 0.954545454545455 0.944444444444444 0.972222222222222 0.91 0.904761904761905 0.918918918918919 0.946374946374946 NA 1 100 1 66.023
1 1 1 1 0.88 0.936507936507937 0.783783783783784 0.872801372801373 5 2 100 1 66.023
1 1 1 1 0.85 0.952380952380952 0.675675675675676 0.811454311454311 8 2 100 1 66.023
1 1 1 1 0.77 0.857142857142857 0.621621621621622 0.78013728013728 10 2 100 1 66.023
0.875 0.954545454545455 0.777777777777778 0.977272727272727 0.83 0.920634920634921 0.675675675675676 0.922779922779923 1 3 100 1 66.023
0.875 0.954545454545455 0.777777777777778 0.982323232323232 0.88 0.936507936507937 0.783783783783784 0.942942942942943 2 3 100 1 66.023
0.925 0.954545454545455 0.888888888888889 0.972222222222222 0.92 0.904761904761905 0.945945945945946 0.944658944658945 NA 1 100 2 59.832
1 1 1 1 0.7 0.80952380952381 0.513513513513513 0.684899184899185 5 2 100 2 59.832
1 1 1 1 0.94 0.952380952380952 0.918918918918919 0.935006435006435 8 2 100 2 59.832
1 1 1 1 0.92 0.920634920634921 0.918918918918919 0.926211926211926 10 2 100 2 59.832
0.9 0.909090909090909 0.888888888888889 0.952020202020202 0.91 0.904761904761905 0.918918918918919 0.951093951093951 1 3 100 2 59.832
0.875 0.954545454545455 0.777777777777778 0.982323232323232 0.88 0.936507936507937 0.783783783783784 0.944658944658945 2 3 100 2 59.832
0.925 0.954545454545455 0.888888888888889 0.96969696969697 0.86 0.873015873015873 0.837837837837838 0.921492921492922 NA 1 100 3 102.061
1 1 1 1 0.9 0.904761904761905 0.891891891891892 0.901973401973402 5 2 100 3 102.061
1 1 1 1 0.82 0.936507936507937 0.621621621621622 0.799227799227799 8 2 100 3 102.061
1 1 1 1 0.91 0.920634920634921 0.891891891891892 0.910767910767911 10 2 100 3 102.061
0.85 0.863636363636364 0.833333333333333 0.946969696969697 0.86 0.857142857142857 0.864864864864865 0.94036894036894 1 3 100 3 102.061
0.85 0.954545454545455 0.722222222222222 0.982323232323232 0.87 0.920634920634921 0.783783783783784 0.938223938223938 2 3 100 3 102.061
