0.865 0.868686868686869 0.861386138613861 0.93959395939594 0.86 0.866666666666667 0.854545454545454 0.928888888888889 NA 1 92 1 300.91
0.975 0.96969696969697 0.98019801980198 0.991999199919992 0.91 0.933333333333333 0.890909090909091 0.964848484848485 5 2 92 1 300.91
0.98 0.97979797979798 0.98019801980198 0.994299429942994 0.88 0.933333333333333 0.836363636363636 0.965656565656566 8 2 92 1 300.91
0.98 0.97979797979798 0.98019801980198 0.994399439943994 0.88 0.933333333333333 0.836363636363636 0.967272727272727 10 2 92 1 300.91
0.855 0.898989898989899 0.811881188118812 0.94029402940294 0.86 0.866666666666667 0.854545454545454 0.924040404040404 1 3 92 1 300.91
0.965 0.939393939393939 0.99009900990099 0.987798779877988 0.9 0.866666666666667 0.927272727272727 0.966464646464646 2 3 92 1 300.91
0.865 0.878787878787879 0.851485148514851 0.940894089408941 0.86 0.866666666666667 0.854545454545454 0.92969696969697 NA 1 92 2 302.797
0.975 0.96969696969697 0.98019801980198 0.991499149914991 0.91 0.933333333333333 0.890909090909091 0.968080808080808 5 2 92 2 302.797
0.98 0.97979797979798 0.98019801980198 0.994199419941994 0.89 0.933333333333333 0.854545454545454 0.966464646464646 8 2 92 2 302.797
0.98 0.97979797979798 0.98019801980198 0.994399439943994 0.9 0.933333333333333 0.872727272727273 0.970505050505051 10 2 92 2 302.797
0.85 0.888888888888889 0.811881188118812 0.941094109410941 0.86 0.866666666666667 0.854545454545454 0.926060606060606 1 3 92 2 302.797
0.965 0.939393939393939 0.99009900990099 0.987698769876988 0.9 0.866666666666667 0.927272727272727 0.966060606060606 2 3 92 2 302.797
0.865 0.868686868686869 0.861386138613861 0.942494249424943 0.86 0.866666666666667 0.854545454545454 0.924848484848485 NA 1 92 3 537.263
0.96 0.94949494949495 0.97029702970297 0.988898889888989 0.9 0.933333333333333 0.872727272727273 0.972121212121212 5 2 92 3 537.263
0.98 0.97979797979798 0.98019801980198 0.993699369936994 0.89 0.933333333333333 0.854545454545454 0.968080808080808 8 2 92 3 537.263
0.98 0.97979797979798 0.98019801980198 0.993699369936994 0.88 0.933333333333333 0.836363636363636 0.971717171717172 10 2 92 3 537.263
0.855 0.898989898989899 0.811881188118812 0.94029402940294 0.87 0.888888888888889 0.854545454545454 0.92040404040404 1 3 92 3 537.263
0.96 0.939393939393939 0.98019801980198 0.987398739873987 0.87 0.844444444444444 0.890909090909091 0.962020202020202 2 3 92 3 537.263
