0.885 0.868131868131868 0.899082568807339 0.959068454481299 0.84 0.823529411764706 0.857142857142857 0.913165266106443 NA 1 95 1 178.7
0.95 0.934065934065934 0.963302752293578 0.989111805625567 0.91 0.882352941176471 0.938775510204082 0.972789115646258 5 2 95 1 178.7
0.95 0.934065934065934 0.963302752293578 0.989817521927614 0.89 0.843137254901961 0.938775510204082 0.969987995198079 8 2 95 1 178.7
0.95 0.934065934065934 0.963302752293578 0.99001915515677 0.89 0.843137254901961 0.938775510204082 0.97078831532613 10 2 95 1 178.7
0.88 0.879120879120879 0.880733944954128 0.957757838491783 0.83 0.803921568627451 0.857142857142857 0.913565426170468 1 3 95 1 178.7
0.935 0.901098901098901 0.963302752293578 0.989515072083879 0.9 0.843137254901961 0.959183673469388 0.950380152060824 2 3 95 1 178.7
0.885 0.868131868131868 0.899082568807339 0.958564371408408 0.82 0.803921568627451 0.836734693877551 0.913965586234494 NA 1 95 2 163.727
0.95 0.934065934065934 0.963302752293578 0.989313438854723 0.91 0.882352941176471 0.938775510204082 0.972388955582233 5 2 95 2 163.727
0.95 0.934065934065934 0.963302752293578 0.989918338542192 0.89 0.843137254901961 0.938775510204082 0.969987995198079 8 2 95 2 163.727
0.95 0.934065934065934 0.963302752293578 0.989918338542192 0.9 0.862745098039216 0.938775510204082 0.97078831532613 10 2 95 2 163.727
0.885 0.879120879120879 0.889908256880734 0.958060288335518 0.82 0.803921568627451 0.836734693877551 0.913965586234494 1 3 95 2 163.727
0.935 0.901098901098901 0.963302752293578 0.989515072083879 0.89 0.823529411764706 0.959183673469388 0.950380152060824 2 3 95 2 163.727
0.885 0.868131868131868 0.899082568807339 0.957657021877205 0.82 0.803921568627451 0.836734693877551 0.912364945978391 NA 1 95 3 321.001
0.95 0.934065934065934 0.963302752293578 0.989918338542192 0.9 0.862745098039216 0.938775510204082 0.9671868747499 5 2 95 3 321.001
0.945 0.934065934065934 0.954128440366973 0.990422421615082 0.89 0.843137254901961 0.938775510204082 0.965586234493798 8 2 95 3 321.001
0.945 0.934065934065934 0.954128440366973 0.990321605000504 0.88 0.823529411764706 0.938775510204082 0.965186074429772 10 2 95 3 321.001
0.895 0.901098901098901 0.889908256880734 0.957556205262627 0.83 0.823529411764706 0.836734693877551 0.917567026810724 1 3 95 3 321.001
0.94 0.912087912087912 0.963302752293578 0.989515072083879 0.91 0.862745098039216 0.959183673469388 0.95078031212485 2 3 95 3 321.001
