1 1 1 1 0.77 0.741379310344828 0.80952380952381 0.775451559934319 NA 1 3 1 24.952
1 1 1 1 0.77 0.741379310344828 0.80952380952381 0.775451559934319 5 2 3 1 24.952
1 1 1 1 0.77 0.741379310344828 0.80952380952381 0.775451559934319 8 2 3 1 24.952
1 1 1 1 0.77 0.741379310344828 0.80952380952381 0.775451559934319 10 2 3 1 24.952
0.875 0.933333333333333 0.777777777777778 0.977777777777778 0.77 0.810344827586207 0.714285714285714 0.864121510673235 1 3 3 1 24.952
0.958333333333333 1 0.888888888888889 1 0.79 0.96551724137931 0.547619047619048 0.875615763546798 2 3 3 1 24.952
1 1 1 1 0.76 0.741379310344828 0.785714285714286 0.758004926108374 NA 1 3 2 36.796
1 1 1 1 0.76 0.741379310344828 0.785714285714286 0.758004926108374 5 2 3 2 36.796
1 1 1 1 0.76 0.741379310344828 0.785714285714286 0.759852216748768 8 2 3 2 36.796
1 1 1 1 0.76 0.741379310344828 0.785714285714286 0.758004926108374 10 2 3 2 36.796
0.875 0.933333333333333 0.777777777777778 0.985185185185185 0.77 0.827586206896552 0.69047619047619 0.872742200328407 1 3 3 2 36.796
0.958333333333333 1 0.888888888888889 1 0.79 0.948275862068966 0.571428571428571 0.876436781609195 2 3 3 2 36.796
1 1 1 1 0.77 0.741379310344828 0.80952380952381 0.775451559934319 NA 1 3 3 48.4
1 1 1 1 0.77 0.741379310344828 0.80952380952381 0.775451559934319 5 2 3 3 48.4
1 1 1 1 0.77 0.741379310344828 0.80952380952381 0.775451559934319 8 2 3 3 48.4
1 1 1 1 0.77 0.741379310344828 0.80952380952381 0.775451559934319 10 2 3 3 48.4
0.875 0.933333333333333 0.777777777777778 0.977777777777778 0.77 0.862068965517241 0.642857142857143 0.883825944170772 1 3 3 3 48.4
0.958333333333333 1 0.888888888888889 1 0.81 0.96551724137931 0.595238095238095 0.867405582922824 2 3 3 3 48.4
