1 1 1 1 0.76 0.775 0.75 0.792916666666667 NA 1 33 1 35.122
1 1 1 1 0.77 0.8 0.75 0.795 5 2 33 1 35.122
1 1 1 1 0.77 0.8 0.75 0.795 8 2 33 1 35.122
1 1 1 1 0.77 0.8 0.75 0.795 10 2 33 1 35.122
0.96875 1 0.9375 0.99609375 0.76 0.85 0.7 0.88625 1 3 33 1 35.122
1 1 1 1 0.8 0.925 0.716666666666667 0.92125 2 3 33 1 35.122
1 1 1 1 0.78 0.775 0.783333333333333 0.802708333333333 NA 1 33 2 41.991
1 1 1 1 0.79 0.8 0.783333333333333 0.804583333333333 5 2 33 2 41.991
1 1 1 1 0.79 0.8 0.783333333333333 0.804583333333333 8 2 33 2 41.991
1 1 1 1 0.79 0.8 0.783333333333333 0.804583333333333 10 2 33 2 41.991
0.9375 0.9375 0.9375 0.99609375 0.77 0.875 0.7 0.892083333333333 1 3 33 2 41.991
0.96875 0.9375 1 1 0.81 0.925 0.733333333333333 0.922083333333333 2 3 33 2 41.991
1 1 1 1 0.75 0.825 0.7 0.781666666666667 NA 1 33 3 56.81
1 1 1 1 0.75 0.825 0.7 0.788958333333333 5 2 33 3 56.81
1 1 1 1 0.75 0.825 0.7 0.789375 8 2 33 3 56.81
1 1 1 1 0.75 0.825 0.7 0.788541666666667 10 2 33 3 56.81
0.96875 1 0.9375 1 0.72 0.85 0.633333333333333 0.862916666666667 1 3 33 3 56.81
1 1 1 1 0.78 0.95 0.666666666666667 0.92625 2 3 33 3 56.81
