0.85 0.777777777777778 0.909090909090909 0.916666666666667 0.84 0.865384615384615 0.8125 0.912259615384615 NA 1 8 1 41.663
1 1 1 1 0.87 0.865384615384615 0.875 0.916866987179487 5 2 8 1 41.663
1 1 1 1 0.81 0.846153846153846 0.770833333333333 0.868790064102564 8 2 8 1 41.663
1 1 1 1 0.85 0.884615384615385 0.8125 0.896233974358974 10 2 8 1 41.663
0.875 0.833333333333333 0.909090909090909 0.914141414141414 0.84 0.769230769230769 0.916666666666667 0.883413461538462 1 3 8 1 41.663
0.975 1 0.954545454545455 1 0.85 0.846153846153846 0.854166666666667 0.94551282051282 2 3 8 1 41.663
0.85 0.777777777777778 0.909090909090909 0.916666666666667 0.83 0.865384615384615 0.791666666666667 0.91426282051282 NA 1 8 2 57.648
1 1 1 1 0.85 0.884615384615385 0.8125 0.92948717948718 5 2 8 2 57.648
0.975 0.944444444444444 1 0.968434343434343 0.85 0.865384615384615 0.833333333333333 0.88681891025641 8 2 8 2 57.648
1 1 1 1 0.83 0.865384615384615 0.791666666666667 0.866586538461538 10 2 8 2 57.648
0.85 0.777777777777778 0.909090909090909 0.919191919191919 0.83 0.769230769230769 0.895833333333333 0.897035256410256 1 3 8 2 57.648
0.975 1 0.954545454545455 0.997474747474748 0.85 0.846153846153846 0.854166666666667 0.946714743589744 2 3 8 2 57.648
0.85 0.777777777777778 0.909090909090909 0.901515151515151 0.84 0.865384615384615 0.8125 0.913060897435897 NA 1 8 3 82.23
1 1 1 1 0.87 0.884615384615385 0.854166666666667 0.912059294871795 5 2 8 3 82.23
1 1 1 1 0.88 0.923076923076923 0.833333333333333 0.903245192307692 8 2 8 3 82.23
1 1 1 1 0.88 0.884615384615385 0.875 0.933293269230769 10 2 8 3 82.23
0.875 0.833333333333333 0.909090909090909 0.911616161616162 0.84 0.769230769230769 0.916666666666667 0.868589743589744 1 3 8 3 82.23
0.975 1 0.954545454545455 1 0.85 0.884615384615385 0.8125 0.929086538461538 2 3 8 3 82.23
