0.8125 0.8 0.825 0.91375 0.82 0.882352941176471 0.755102040816326 0.919967987194878 NA 1 78 1 104.152
0.925 0.9 0.95 0.983125 0.84 0.941176470588235 0.73469387755102 0.904361744697879 5 2 78 1 104.152
0.9625 0.95 0.975 0.99625 0.83 0.901960784313726 0.755102040816326 0.913965586234494 8 2 78 1 104.152
1 1 1 1 0.84 0.882352941176471 0.795918367346939 0.866746698679472 10 2 78 1 104.152
0.85 0.875 0.825 0.90625 0.83 0.901960784313726 0.755102040816326 0.919567827130852 1 3 78 1 104.152
0.9125 0.925 0.9 0.975625 0.8 0.92156862745098 0.673469387755102 0.923169267707083 2 3 78 1 104.152
0.825 0.825 0.825 0.915 0.82 0.882352941176471 0.755102040816326 0.923969587835134 NA 1 78 2 122.718
0.925 0.9 0.95 0.983125 0.84 0.92156862745098 0.755102040816326 0.911164465786314 5 2 78 2 122.718
1 1 1 1 0.82 0.862745098039216 0.775510204081633 0.848939575830332 8 2 78 2 122.718
1 1 1 1 0.79 0.882352941176471 0.693877551020408 0.802320928371348 10 2 78 2 122.718
0.85 0.875 0.825 0.911875 0.82 0.862745098039216 0.775510204081633 0.938375350140056 1 3 78 2 122.718
0.9125 0.925 0.9 0.97125 0.8 0.92156862745098 0.673469387755102 0.926770708283313 2 3 78 2 122.718
0.825 0.825 0.825 0.918125 0.81 0.862745098039216 0.755102040816326 0.923169267707083 NA 1 78 3 192.596
0.9 0.875 0.925 0.98 0.85 0.941176470588235 0.755102040816326 0.915166066426571 5 2 78 3 192.596
1 1 1 1 0.82 0.862745098039216 0.775510204081633 0.837935174069628 8 2 78 3 192.596
1 1 1 1 0.76 0.862745098039216 0.653061224489796 0.801520608243297 10 2 78 3 192.596
0.875 0.925 0.825 0.91375 0.83 0.901960784313726 0.755102040816326 0.925570228091236 1 3 78 3 192.596
0.9 0.925 0.875 0.97125 0.8 0.941176470588235 0.653061224489796 0.926370548219288 2 3 78 3 192.596
