0.875 0.846153846153846 0.894736842105263 0.959514170040486 0.85 0.72 0.98 0.9004 NA 1 77 1 35.949
1 1 1 1 0.81 0.88 0.74 0.8694 5 2 77 1 35.949
1 1 1 1 0.6 0.5 0.7 0.606 8 2 77 1 35.949
0.96875 0.923076923076923 1 0.937246963562753 0.68 0.56 0.8 0.7172 10 2 77 1 35.949
0.875 0.846153846153846 0.894736842105263 0.967611336032389 0.84 0.7 0.98 0.8996 1 3 77 1 35.949
0.96875 1 0.947368421052632 0.983805668016194 0.73 0.5 0.96 0.8712 2 3 77 1 35.949
0.875 0.846153846153846 0.894736842105263 0.963562753036437 0.83 0.68 0.98 0.9156 NA 1 77 2 57.471
1 1 1 1 0.83 0.74 0.92 0.8638 5 2 77 2 57.471
0.96875 1 0.947368421052632 0.95748987854251 0.66 0.48 0.84 0.74 8 2 77 2 57.471
1 1 1 1 0.83 0.8 0.86 0.8508 10 2 77 2 57.471
0.875 0.846153846153846 0.894736842105263 0.967611336032389 0.85 0.74 0.96 0.918 1 3 77 2 57.471
0.96875 1 0.947368421052632 0.991902834008097 0.74 0.52 0.96 0.8824 2 3 77 2 57.471
0.8125 0.769230769230769 0.842105263157895 0.955465587044534 0.79 0.62 0.96 0.8744 NA 1 77 3 76.475
1 1 1 1 0.79 0.68 0.9 0.8426 5 2 77 3 76.475
1 1 1 1 0.81 0.74 0.88 0.7996 8 2 77 3 76.475
1 1 1 1 0.83 0.78 0.88 0.8536 10 2 77 3 76.475
0.875 0.769230769230769 0.947368421052632 0.935222672064777 0.72 0.46 0.98 0.8628 1 3 77 3 76.475
0.96875 1 0.947368421052632 0.995951417004049 0.71 0.46 0.96 0.846 2 3 77 3 76.475
