0.825 0.822916666666667 0.826923076923077 0.92578125 0.85 0.777777777777778 0.909090909090909 0.917979797979798 NA 1 70 1 429.713
0.915 0.90625 0.923076923076923 0.982071314102564 0.94 0.933333333333333 0.945454545454545 0.984646464646465 5 2 70 1 429.713
0.935 0.9375 0.932692307692308 0.983874198717949 0.94 0.933333333333333 0.945454545454545 0.980606060606061 8 2 70 1 429.713
0.93 0.927083333333333 0.932692307692308 0.985276442307692 0.94 0.933333333333333 0.945454545454545 0.980606060606061 10 2 70 1 429.713
0.82 0.802083333333333 0.836538461538462 0.924479166666667 0.85 0.777777777777778 0.909090909090909 0.913939393939394 1 3 70 1 429.713
0.945 0.927083333333333 0.961538461538462 0.977363782051282 0.91 0.866666666666667 0.945454545454545 0.966464646464646 2 3 70 1 429.713
0.825 0.822916666666667 0.826923076923077 0.926582532051282 0.85 0.777777777777778 0.909090909090909 0.922020202020202 NA 1 70 2 321.528
0.915 0.90625 0.923076923076923 0.981570512820513 0.94 0.933333333333333 0.945454545454545 0.985454545454545 5 2 70 2 321.528
0.93 0.927083333333333 0.932692307692308 0.983974358974359 0.94 0.933333333333333 0.945454545454545 0.981414141414141 8 2 70 2 321.528
0.93 0.927083333333333 0.932692307692308 0.984975961538462 0.94 0.933333333333333 0.945454545454545 0.981818181818182 10 2 70 2 321.528
0.83 0.822916666666667 0.836538461538462 0.92578125 0.85 0.777777777777778 0.909090909090909 0.92 1 3 70 2 321.528
0.945 0.927083333333333 0.961538461538462 0.977764423076923 0.91 0.866666666666667 0.945454545454545 0.966868686868687 2 3 70 2 321.528
0.82 0.8125 0.826923076923077 0.923778044871795 0.86 0.8 0.909090909090909 0.909494949494949 NA 1 70 3 796.628
0.92 0.916666666666667 0.923076923076923 0.982471955128205 0.93 0.911111111111111 0.945454545454545 0.983030303030303 5 2 70 3 796.628
0.935 0.927083333333333 0.942307692307692 0.985176282051282 0.93 0.911111111111111 0.945454545454545 0.975757575757576 8 2 70 3 796.628
0.935 0.927083333333333 0.942307692307692 0.985977564102564 0.93 0.911111111111111 0.945454545454545 0.972929292929293 10 2 70 3 796.628
0.83 0.833333333333333 0.826923076923077 0.923477564102564 0.86 0.8 0.909090909090909 0.91030303030303 1 3 70 3 796.628
0.94 0.927083333333333 0.951923076923077 0.980068108974359 0.9 0.844444444444444 0.945454545454545 0.967272727272727 2 3 70 3 796.628
