0.8875 0.904761904761905 0.868421052631579 0.941729323308271 0.8 0.777777777777778 0.818181818181818 0.881212121212121 NA 1 73 1 125.612
1 1 1 1 0.85 0.888888888888889 0.818181818181818 0.881616161616162 5 2 73 1 125.612
1 1 1 1 0.82 0.777777777777778 0.854545454545454 0.856969696969697 8 2 73 1 125.612
1 1 1 1 0.8 0.777777777777778 0.818181818181818 0.826464646464646 10 2 73 1 125.612
0.8375 0.904761904761905 0.763157894736842 0.943609022556391 0.81 0.8 0.818181818181818 0.891313131313131 1 3 73 1 125.612
0.95 0.952380952380952 0.947368421052632 0.989974937343358 0.8 0.688888888888889 0.890909090909091 0.906666666666667 2 3 73 1 125.612
0.8875 0.904761904761905 0.868421052631579 0.93984962406015 0.81 0.777777777777778 0.836363636363636 0.882020202020202 NA 1 73 2 132.21
1 1 1 1 0.85 0.844444444444444 0.854545454545454 0.873535353535353 5 2 73 2 132.21
1 1 1 1 0.84 0.844444444444444 0.836363636363636 0.874343434343434 8 2 73 2 132.21
1 1 1 1 0.86 0.822222222222222 0.890909090909091 0.894949494949495 10 2 73 2 132.21
0.8375 0.904761904761905 0.763157894736842 0.941102756892231 0.81 0.8 0.818181818181818 0.892121212121212 1 3 73 2 132.21
0.95 0.952380952380952 0.947368421052632 0.991228070175439 0.8 0.688888888888889 0.890909090909091 0.906666666666667 2 3 73 2 132.21
0.8875 0.904761904761905 0.868421052631579 0.941102756892231 0.78 0.755555555555556 0.8 0.88040404040404 NA 1 73 3 213.722
1 1 1 1 0.83 0.822222222222222 0.836363636363636 0.844848484848485 5 2 73 3 213.722
1 1 1 1 0.83 0.8 0.854545454545454 0.858181818181818 8 2 73 3 213.722
1 1 1 1 0.84 0.844444444444444 0.836363636363636 0.859595959595959 10 2 73 3 213.722
0.8625 0.904761904761905 0.815789473684211 0.945488721804511 0.8 0.777777777777778 0.818181818181818 0.888888888888889 1 3 73 3 213.722
0.9375 0.904761904761905 0.973684210526316 0.989974937343358 0.8 0.688888888888889 0.890909090909091 0.913131313131313 2 3 73 3 213.722
