0.86 0.861702127659574 0.858490566037736 0.940485748695303 0.9 0.909090909090909 0.892857142857143 0.94237012987013 NA 1 22 1 276.147
0.935 0.925531914893617 0.943396226415094 0.98735447611401 0.92 0.909090909090909 0.928571428571429 0.979707792207792 5 2 22 1 276.147
0.945 0.946808510638298 0.943396226415094 0.990064231232437 0.91 0.886363636363636 0.928571428571429 0.979707792207792 8 2 22 1 276.147
0.945 0.946808510638298 0.943396226415094 0.990867121637896 0.91 0.909090909090909 0.910714285714286 0.978896103896104 10 2 22 1 276.147
0.86 0.893617021276596 0.830188679245283 0.939381774387796 0.87 0.886363636363636 0.857142857142857 0.931818181818182 1 3 22 1 276.147
0.935 0.936170212765957 0.933962264150943 0.990666399036532 0.9 0.886363636363636 0.910714285714286 0.970779220779221 2 3 22 1 276.147
0.85 0.840425531914894 0.858490566037736 0.940786832597351 0.9 0.909090909090909 0.892857142857143 0.940746753246753 NA 1 22 2 297.067
0.935 0.925531914893617 0.943396226415094 0.987655560016058 0.92 0.909090909090909 0.928571428571429 0.980113636363636 5 2 22 2 297.067
0.94 0.946808510638298 0.933962264150943 0.990365315134484 0.91 0.886363636363636 0.928571428571429 0.980113636363636 8 2 22 2 297.067
0.945 0.946808510638298 0.943396226415094 0.991368928141309 0.91 0.909090909090909 0.910714285714286 0.979707792207792 10 2 22 2 297.067
0.855 0.872340425531915 0.839622641509434 0.939883580891208 0.87 0.886363636363636 0.857142857142857 0.929383116883117 1 3 22 2 297.067
0.94 0.946808510638298 0.933962264150943 0.990666399036532 0.9 0.886363636363636 0.910714285714286 0.970779220779221 2 3 22 2 297.067
0.85 0.851063829787234 0.849056603773585 0.939682858289843 0.9 0.909090909090909 0.892857142857143 0.943181818181818 NA 1 22 3 470.675
0.935 0.925531914893617 0.943396226415094 0.986953030911281 0.92 0.909090909090909 0.928571428571429 0.980113636363636 5 2 22 3 470.675
0.945 0.946808510638298 0.943396226415094 0.989160979526295 0.92 0.909090909090909 0.928571428571429 0.980519480519481 8 2 22 3 470.675
0.945 0.946808510638298 0.943396226415094 0.990365315134484 0.92 0.909090909090909 0.928571428571429 0.980925324675325 10 2 22 3 470.675
0.85 0.882978723404255 0.820754716981132 0.937976716178242 0.88 0.909090909090909 0.857142857142857 0.938311688311688 1 3 22 3 470.675
0.93 0.936170212765957 0.924528301886792 0.989662786029707 0.91 0.909090909090909 0.910714285714286 0.974837662337662 2 3 22 3 470.675
