1 1 1 1 0.83 0.74468085106383 0.905660377358491 0.85949417904456 NA 1 79 1 31.709
1 1 1 1 0.83 0.74468085106383 0.905660377358491 0.85949417904456 5 2 79 1 31.709
1 1 1 1 0.83 0.74468085106383 0.905660377358491 0.85949417904456 8 2 79 1 31.709
1 1 1 1 0.83 0.74468085106383 0.905660377358491 0.85949417904456 10 2 79 1 31.709
0.9 1 0.692307692307692 1 0.75 0.893617021276596 0.622641509433962 0.898032918506624 1 3 79 1 31.709
0.95 1 0.846153846153846 1 0.89 0.936170212765957 0.849056603773585 0.958249698916098 2 3 79 1 31.709
1 1 1 1 0.88 0.808510638297872 0.943396226415094 0.891208350060217 NA 1 79 2 39.708
1 1 1 1 0.88 0.808510638297872 0.943396226415094 0.885989562424729 5 2 79 2 39.708
1 1 1 1 0.87 0.808510638297872 0.924528301886792 0.875752709755118 8 2 79 2 39.708
1 1 1 1 0.87 0.808510638297872 0.924528301886792 0.884183059012445 10 2 79 2 39.708
0.9 1 0.692307692307692 1 0.73 0.914893617021277 0.566037735849057 0.910477719791248 1 3 79 2 39.708
0.95 1 0.846153846153846 1 0.89 0.936170212765957 0.849056603773585 0.958249698916098 2 3 79 2 39.708
1 1 1 1 0.88 0.808510638297872 0.943396226415094 0.871136089923725 NA 1 79 3 52.429
1 1 1 1 0.88 0.808510638297872 0.943396226415094 0.871136089923725 5 2 79 3 52.429
1 1 1 1 0.88 0.808510638297872 0.943396226415094 0.871136089923725 8 2 79 3 52.429
1 1 1 1 0.88 0.808510638297872 0.943396226415094 0.871136089923725 10 2 79 3 52.429
0.9 1 0.692307692307692 0.994301994301994 0.8 0.936170212765957 0.679245283018868 0.924126856684063 1 3 79 3 52.429
0.95 1 0.846153846153846 1 0.9 0.957446808510638 0.849056603773585 0.959855479727017 2 3 79 3 52.429
