0.81 0.825242718446602 0.793814432989691 0.917425683114803 0.89 0.880952380952381 0.896551724137931 0.935960591133005 NA 1 81 1 282.714
0.93 0.932038834951456 0.927835051546392 0.984786307676909 0.89 0.833333333333333 0.931034482758621 0.961412151067323 5 2 81 1 282.714
0.945 0.941747572815534 0.948453608247423 0.990291262135922 0.87 0.80952380952381 0.913793103448276 0.92816091954023 8 2 81 1 282.714
0.955 0.951456310679612 0.958762886597938 0.993394054649184 0.87 0.80952380952381 0.913793103448276 0.940065681444992 10 2 81 1 282.714
0.805 0.844660194174757 0.762886597938144 0.917225502952657 0.87 0.857142857142857 0.879310344827586 0.933087027914614 1 3 81 1 282.714
0.945 0.951456310679612 0.938144329896907 0.984686217595836 0.84 0.880952380952381 0.810344827586207 0.928571428571428 2 3 81 1 282.714
0.82 0.825242718446602 0.814432989690722 0.916925232709438 0.88 0.857142857142857 0.896551724137931 0.93431855500821 NA 1 81 2 291.21
0.93 0.932038834951456 0.927835051546392 0.984686217595836 0.9 0.833333333333333 0.948275862068966 0.961412151067323 5 2 81 2 291.21
0.93 0.932038834951456 0.927835051546392 0.987488739865879 0.87 0.80952380952381 0.913793103448276 0.944581280788177 8 2 81 2 291.21
0.95 0.941747572815534 0.958762886597938 0.992092883595236 0.87 0.80952380952381 0.913793103448276 0.940886699507389 10 2 81 2 291.21
0.81 0.854368932038835 0.762886597938144 0.91732559303373 0.87 0.857142857142857 0.879310344827586 0.934729064039409 1 3 81 2 291.21
0.94 0.951456310679612 0.927835051546392 0.983885496947253 0.85 0.880952380952381 0.827586206896552 0.929392446633826 2 3 81 2 291.21
0.82 0.83495145631068 0.804123711340206 0.917625863276949 0.89 0.880952380952381 0.896551724137931 0.935139573070608 NA 1 81 3 595.133
0.925 0.932038834951456 0.917525773195876 0.985286758082274 0.91 0.857142857142857 0.948275862068966 0.960180623973727 5 2 81 3 595.133
0.96 0.951456310679612 0.969072164948454 0.992893604243819 0.87 0.80952380952381 0.913793103448276 0.925697865353038 8 2 81 3 595.133
0.99 0.990291262135922 0.989690721649485 0.99899909918927 0.89 0.833333333333333 0.931034482758621 0.947044334975369 10 2 81 3 595.133
0.805 0.83495145631068 0.77319587628866 0.917425683114803 0.88 0.857142857142857 0.896551724137931 0.938013136288998 1 3 81 3 595.133
0.945 0.951456310679612 0.938144329896907 0.984886397757982 0.84 0.833333333333333 0.844827586206897 0.92816091954023 2 3 81 3 595.133
