1 1 1 1 0.87 0.824561403508772 0.930232558139535 0.903916768665851 NA 1 87 1 39.624
1 1 1 1 0.87 0.824561403508772 0.930232558139535 0.891676866585067 5 2 87 1 39.624
1 1 1 1 0.87 0.824561403508772 0.930232558139535 0.891676866585067 8 2 87 1 39.624
1 1 1 1 0.87 0.824561403508772 0.930232558139535 0.891676866585067 10 2 87 1 39.624
0.96875 1 0.956521739130435 0.995169082125604 0.78 0.631578947368421 0.976744186046512 0.918400652794778 1 3 87 1 39.624
0.96875 1 0.956521739130435 0.995169082125604 0.74 0.56140350877193 0.976744186046512 0.887800897592819 2 3 87 1 39.624
1 1 1 1 0.86 0.771929824561403 0.976744186046512 0.915544675642595 NA 1 87 2 51.93
1 1 1 1 0.86 0.771929824561403 0.976744186046512 0.916156670746634 5 2 87 2 51.93
1 1 1 1 0.86 0.771929824561403 0.976744186046512 0.916156670746634 8 2 87 2 51.93
1 1 1 1 0.86 0.771929824561403 0.976744186046512 0.908200734394125 10 2 87 2 51.93
0.96875 1 0.956521739130435 0.995169082125604 0.79 0.631578947368421 1 0.917992656058751 1 3 87 2 51.93
0.96875 1 0.956521739130435 0.995169082125604 0.74 0.56140350877193 0.976744186046512 0.891472868217054 2 3 87 2 51.93
1 1 1 1 0.86 0.807017543859649 0.930232558139535 0.882904936760506 NA 1 87 3 67.017
1 1 1 1 0.86 0.807017543859649 0.930232558139535 0.875560995512036 5 2 87 3 67.017
1 1 1 1 0.86 0.807017543859649 0.930232558139535 0.875560995512036 8 2 87 3 67.017
1 1 1 1 0.86 0.807017543859649 0.930232558139535 0.875968992248062 10 2 87 3 67.017
0.96875 1 0.956521739130435 0.995169082125604 0.78 0.631578947368421 0.976744186046512 0.917584659322725 1 3 87 3 67.017
0.96875 1 0.956521739130435 0.995169082125604 0.74 0.56140350877193 0.976744186046512 0.889024887800898 2 3 87 3 67.017
