0.85 0.833333333333333 0.863636363636364 0.95959595959596 0.76 0.75 0.769230769230769 0.818108974358974 NA 1 27 1 47.809
1 1 1 1 0.82 0.833333333333333 0.807692307692308 0.852764423076923 5 2 27 1 47.809
0.975 0.944444444444444 1 1 0.83 0.833333333333333 0.826923076923077 0.877604166666667 8 2 27 1 47.809
1 1 1 1 0.84 0.895833333333333 0.788461538461538 0.925080128205128 10 2 27 1 47.809
0.9 0.833333333333333 0.954545454545455 0.954545454545455 0.82 0.75 0.884615384615385 0.862580128205128 1 3 27 1 47.809
0.95 0.944444444444444 0.954545454545455 0.987373737373737 0.83 0.8125 0.846153846153846 0.888621794871795 2 3 27 1 47.809
0.85 0.833333333333333 0.863636363636364 0.957070707070707 0.77 0.75 0.788461538461538 0.817307692307692 NA 1 27 2 63.899
1 1 1 1 0.84 0.8125 0.865384615384615 0.855769230769231 5 2 27 2 63.899
1 1 1 1 0.83 0.791666666666667 0.865384615384615 0.85536858974359 8 2 27 2 63.899
1 1 1 1 0.73 0.833333333333333 0.634615384615385 0.756810897435897 10 2 27 2 63.899
0.9 0.833333333333333 0.954545454545455 0.952020202020202 0.81 0.75 0.865384615384615 0.86698717948718 1 3 27 2 63.899
0.925 0.944444444444444 0.909090909090909 0.987373737373737 0.83 0.8125 0.846153846153846 0.885416666666667 2 3 27 2 63.899
0.85 0.833333333333333 0.863636363636364 0.957070707070707 0.74 0.708333333333333 0.769230769230769 0.820913461538461 NA 1 27 3 85.115
0.975 1 0.954545454545455 0.968434343434343 0.79 0.770833333333333 0.807692307692308 0.84775641025641 5 2 27 3 85.115
1 1 1 1 0.84 0.833333333333333 0.846153846153846 0.860576923076923 8 2 27 3 85.115
1 1 1 1 0.84 0.833333333333333 0.846153846153846 0.887019230769231 10 2 27 3 85.115
0.9 0.833333333333333 0.954545454545455 0.94949494949495 0.81 0.75 0.865384615384615 0.855769230769231 1 3 27 3 85.115
0.95 0.944444444444444 0.954545454545455 0.987373737373737 0.83 0.833333333333333 0.826923076923077 0.890224358974359 2 3 27 3 85.115
