0.9375 0.928571428571429 0.944444444444444 0.988095238095238 0.73 0.647058823529412 0.816326530612245 0.808323329331733 NA 1 100 1 22.545
1 1 1 1 0.77 0.705882352941177 0.836734693877551 0.778311324529812 5 2 100 1 22.545
1 1 1 1 0.77 0.705882352941177 0.836734693877551 0.820728291316527 8 2 100 1 22.545
1 1 1 1 0.72 0.647058823529412 0.795918367346939 0.771308523409364 10 2 100 1 22.545
0.96875 1 0.944444444444444 0.988095238095238 0.79 0.725490196078431 0.857142857142857 0.875550220088035 1 3 100 1 22.545
1 1 1 1 0.8 0.647058823529412 0.959183673469388 0.928371348539416 2 3 100 1 22.545
0.9375 0.928571428571429 0.944444444444444 0.988095238095238 0.72 0.588235294117647 0.857142857142857 0.815926370548219 NA 1 100 2 41.313
1 1 1 1 0.78 0.784313725490196 0.775510204081633 0.874549819927971 5 2 100 2 41.313
1 1 1 1 0.68 0.568627450980392 0.795918367346939 0.697879151660664 8 2 100 2 41.313
1 1 1 1 0.73 0.666666666666667 0.795918367346939 0.786314525810324 10 2 100 2 41.313
0.90625 1 0.833333333333333 0.988095238095238 0.78 0.764705882352941 0.795918367346939 0.861944777911164 1 3 100 2 41.313
1 1 1 1 0.83 0.686274509803922 0.979591836734694 0.947579031612645 2 3 100 2 41.313
0.9375 0.928571428571429 0.944444444444444 0.988095238095238 0.73 0.607843137254902 0.857142857142857 0.815926370548219 NA 1 100 3 40.967
1 1 1 1 0.84 0.843137254901961 0.836734693877551 0.869947979191677 5 2 100 3 40.967
1 1 1 1 0.85 0.803921568627451 0.897959183673469 0.930972388955582 8 2 100 3 40.967
1 1 1 1 0.72 0.647058823529412 0.795918367346939 0.768507402961184 10 2 100 3 40.967
0.875 0.857142857142857 0.888888888888889 0.98015873015873 0.83 0.764705882352941 0.897959183673469 0.904361744697879 1 3 100 3 40.967
1 1 1 1 0.83 0.705882352941177 0.959183673469388 0.948779511804722 2 3 100 3 40.967
