1 1 1 1 0.74 0.591836734693878 0.882352941176471 0.817126850740296 NA 1 67 1 31.207
1 1 1 1 0.75 0.612244897959184 0.882352941176471 0.79311724689876 5 2 67 1 31.207
1 1 1 1 0.75 0.591836734693878 0.901960784313726 0.801920768307323 8 2 67 1 31.207
1 1 1 1 0.75 0.591836734693878 0.901960784313726 0.801320528211285 10 2 67 1 31.207
0.958333333333333 0.875 1 1 0.74 0.489795918367347 0.980392156862745 0.909563825530212 1 3 67 1 31.207
0.916666666666667 0.875 0.9375 0.984375 0.7 0.408163265306122 0.980392156862745 0.82953181272509 2 3 67 1 31.207
1 1 1 1 0.77 0.653061224489796 0.882352941176471 0.858943577430972 NA 1 67 2 39.278
1 1 1 1 0.76 0.63265306122449 0.882352941176471 0.833533413365346 5 2 67 2 39.278
1 1 1 1 0.76 0.612244897959184 0.901960784313726 0.832733093237295 8 2 67 2 39.278
1 1 1 1 0.78 0.63265306122449 0.92156862745098 0.838535414165666 10 2 67 2 39.278
0.958333333333333 0.875 1 1 0.76 0.530612244897959 0.980392156862745 0.922368947579032 1 3 67 2 39.278
0.916666666666667 0.875 0.9375 0.9921875 0.71 0.448979591836735 0.96078431372549 0.848739495798319 2 3 67 2 39.278
1 1 1 1 0.77 0.591836734693878 0.941176470588235 0.831332533013205 NA 1 67 3 51.822
1 1 1 1 0.77 0.591836734693878 0.941176470588235 0.815926370548219 5 2 67 3 51.822
1 1 1 1 0.77 0.591836734693878 0.941176470588235 0.815926370548219 8 2 67 3 51.822
1 1 1 1 0.77 0.591836734693878 0.941176470588235 0.815926370548219 10 2 67 3 51.822
0.958333333333333 0.875 1 1 0.71 0.428571428571429 0.980392156862745 0.887955182072829 1 3 67 3 51.822
0.875 0.75 0.9375 0.984375 0.66 0.326530612244898 0.980392156862745 0.813525410164066 2 3 67 3 51.822
