0.875 0.777777777777778 0.933333333333333 0.948148148148148 0.86 0.833333333333333 0.891304347826087 0.937600644122383 NA 1 93 1 26.269
1 1 1 1 0.73 0.703703703703704 0.760869565217391 0.85426731078905 5 2 93 1 26.269
1 1 1 1 0.81 0.759259259259259 0.869565217391304 0.867351046698873 8 2 93 1 26.269
1 1 1 1 0.81 0.796296296296296 0.826086956521739 0.901570048309179 10 2 93 1 26.269
0.875 0.666666666666667 1 0.933333333333333 0.72 0.5 0.978260869565217 0.919887278582931 1 3 93 1 26.269
1 1 1 1 0.84 0.796296296296296 0.891304347826087 0.936795491143317 2 3 93 1 26.269
0.833333333333333 0.777777777777778 0.866666666666667 0.940740740740741 0.82 0.777777777777778 0.869565217391304 0.902979066022544 NA 1 93 2 36.378
1 1 1 1 0.8 0.740740740740741 0.869565217391304 0.853260869565217 5 2 93 2 36.378
1 1 1 1 0.86 0.851851851851852 0.869565217391304 0.886070853462158 8 2 93 2 36.378
0.916666666666667 1 0.866666666666667 0.959259259259259 0.77 0.796296296296296 0.739130434782609 0.841384863123994 10 2 93 2 36.378
0.916666666666667 0.777777777777778 1 0.940740740740741 0.72 0.5 0.978260869565217 0.89975845410628 1 3 93 2 36.378
1 1 1 1 0.84 0.796296296296296 0.891304347826087 0.92914653784219 2 3 93 2 36.378
0.875 0.777777777777778 0.933333333333333 0.948148148148148 0.84 0.814814814814815 0.869565217391304 0.918679549114332 NA 1 93 3 49.67
1 1 1 1 0.84 0.888888888888889 0.782608695652174 0.894323671497585 5 2 93 3 49.67
1 1 1 1 0.83 0.777777777777778 0.891304347826087 0.862117552334944 8 2 93 3 49.67
1 1 1 1 0.85 0.814814814814815 0.891304347826087 0.894524959742351 10 2 93 3 49.67
0.833333333333333 0.555555555555556 1 0.925925925925926 0.62 0.314814814814815 0.978260869565217 0.915861513687601 1 3 93 3 49.67
1 1 1 1 0.83 0.759259259259259 0.91304347826087 0.933977455716586 2 3 93 3 49.67
