0.885 0.906103286384977 0.86096256684492 0.95189676382717 0.77 0.763636363636364 0.777777777777778 0.843232323232323 NA 1 59 1 576.913
0.94 0.943661971830986 0.935828877005348 0.984559765007155 0.85 0.872727272727273 0.822222222222222 0.94020202020202 5 2 59 1 576.913
0.9425 0.948356807511737 0.935828877005348 0.986819311591474 0.84 0.854545454545454 0.822222222222222 0.936565656565657 8 2 59 1 576.913
0.94 0.948356807511737 0.93048128342246 0.987045266249906 0.84 0.854545454545454 0.822222222222222 0.936969696969697 10 2 59 1 576.913
0.89 0.906103286384977 0.871657754010695 0.949511686877056 0.74 0.727272727272727 0.755555555555556 0.825050505050505 1 3 59 1 576.913
0.93 0.938967136150235 0.919786096256685 0.983731264592905 0.8 0.781818181818182 0.822222222222222 0.895757575757576 2 3 59 1 576.913
0.8875 0.910798122065728 0.86096256684492 0.95272526424142 0.76 0.745454545454545 0.777777777777778 0.843636363636364 NA 1 59 2 474.91
0.9375 0.938967136150235 0.935828877005348 0.984409128568201 0.87 0.909090909090909 0.822222222222222 0.941414141414141 5 2 59 2 474.91
0.9425 0.948356807511737 0.935828877005348 0.987045266249906 0.85 0.872727272727273 0.822222222222222 0.939393939393939 8 2 59 2 474.91
0.94 0.948356807511737 0.93048128342246 0.987170796615701 0.85 0.872727272727273 0.822222222222222 0.938181818181818 10 2 59 2 474.91
0.89 0.906103286384977 0.871657754010695 0.95076699053501 0.74 0.727272727272727 0.755555555555556 0.831515151515152 1 3 59 2 474.91
0.925 0.934272300469484 0.914438502673797 0.983455097788155 0.8 0.781818181818182 0.822222222222222 0.897777777777778 2 3 59 2 474.91
0.8825 0.901408450704225 0.86096256684492 0.949536792950215 0.76 0.763636363636364 0.755555555555556 0.837171717171717 NA 1 59 3 988.421
0.9375 0.938967136150235 0.935828877005348 0.984609977153473 0.85 0.872727272727273 0.822222222222222 0.937777777777778 5 2 59 3 988.421
0.9425 0.948356807511737 0.935828877005348 0.986593356933042 0.83 0.836363636363636 0.822222222222222 0.932929292929293 8 2 59 3 988.421
0.94 0.948356807511737 0.93048128342246 0.986593356933042 0.83 0.836363636363636 0.822222222222222 0.932525252525253 10 2 59 3 988.421
0.8875 0.896713615023474 0.877005347593583 0.948231277145942 0.73 0.709090909090909 0.755555555555556 0.822626262626263 1 3 59 3 988.421
0.9375 0.948356807511737 0.925133689839572 0.983379779568678 0.78 0.781818181818182 0.777777777777778 0.894141414141414 2 3 59 3 988.421
