0.8775 0.886010362694301 0.869565217391304 0.942129108157493 0.86 0.896551724137931 0.80952380952381 0.926108374384236 NA 1 78 1 594.524
0.9375 0.932642487046632 0.942028985507246 0.983730069334935 0.93 0.948275862068966 0.904761904761905 0.976190476190476 5 2 78 1 594.524
0.9525 0.94300518134715 0.961352657004831 0.987434607394058 0.92 0.931034482758621 0.904761904761905 0.970032840722496 8 2 78 1 594.524
0.9525 0.94300518134715 0.961352657004831 0.988435833896523 0.91 0.913793103448276 0.904761904761905 0.971264367816092 10 2 78 1 594.524
0.8725 0.875647668393782 0.869565217391304 0.941978924182123 0.87 0.913793103448276 0.80952380952381 0.927339901477833 1 3 78 1 594.524
0.9425 0.937823834196891 0.946859903381642 0.985407123726565 0.9 0.913793103448276 0.880952380952381 0.963875205254516 2 3 78 1 594.524
0.8775 0.886010362694301 0.869565217391304 0.941903832194438 0.86 0.896551724137931 0.80952380952381 0.926108374384236 NA 1 78 2 525.902
0.9375 0.932642487046632 0.942028985507246 0.983629946684689 0.93 0.948275862068966 0.904761904761905 0.976190476190476 5 2 78 2 525.902
0.95 0.937823834196891 0.961352657004831 0.987384546068934 0.92 0.931034482758621 0.904761904761905 0.969622331691297 8 2 78 2 525.902
0.9525 0.94300518134715 0.961352657004831 0.988460864559085 0.91 0.913793103448276 0.904761904761905 0.970443349753695 10 2 78 2 525.902
0.875 0.875647668393782 0.8743961352657 0.941978924182123 0.87 0.913793103448276 0.80952380952381 0.926929392446634 1 3 78 2 525.902
0.9425 0.937823834196891 0.946859903381642 0.985357062401442 0.9 0.913793103448276 0.880952380952381 0.964285714285714 2 3 78 2 525.902
0.87 0.870466321243523 0.869565217391304 0.942504568095917 0.85 0.879310344827586 0.80952380952381 0.925697865353038 NA 1 78 3 1026.917
0.9375 0.927461139896373 0.946859903381642 0.984531050536908 0.94 0.96551724137931 0.904761904761905 0.972495894909688 5 2 78 3 1026.917
0.945 0.932642487046632 0.956521739130435 0.987584791369428 0.92 0.931034482758621 0.904761904761905 0.970853858784893 8 2 78 3 1026.917
0.95 0.937823834196891 0.961352657004831 0.988636079197016 0.91 0.913793103448276 0.904761904761905 0.969211822660099 10 2 78 3 1026.917
0.875 0.880829015544041 0.869565217391304 0.941753648219068 0.86 0.896551724137931 0.80952380952381 0.923234811165846 1 3 78 3 1026.917
0.945 0.937823834196891 0.951690821256039 0.984706265174839 0.9 0.913793103448276 0.880952380952381 0.964696223316913 2 3 78 3 1026.917
