0.8375 0.838383838383838 0.836633663366337 0.931818181818182 0.83 0.795454545454545 0.857142857142857 0.908685064935065 NA 1 2 1 657.419
0.9275 0.929292929292929 0.925742574257426 0.984723472347235 0.85 0.931818181818182 0.785714285714286 0.936688311688312 5 2 2 1 657.419
0.93 0.929292929292929 0.930693069306931 0.985973597359736 0.83 0.886363636363636 0.785714285714286 0.933035714285714 8 2 2 1 657.419
0.93 0.929292929292929 0.930693069306931 0.986348634863486 0.84 0.909090909090909 0.785714285714286 0.933847402597403 10 2 2 1 657.419
0.8425 0.838383838383838 0.846534653465347 0.930968096809681 0.83 0.818181818181818 0.839285714285714 0.905032467532468 1 3 2 1 657.419
0.9325 0.924242424242424 0.940594059405941 0.98024802480248 0.83 0.840909090909091 0.821428571428571 0.929383116883117 2 3 2 1 657.419
0.835 0.843434343434343 0.826732673267327 0.932243224322432 0.84 0.818181818181818 0.857142857142857 0.907061688311688 NA 1 2 2 869.349
0.93 0.929292929292929 0.930693069306931 0.984023402340234 0.85 0.931818181818182 0.785714285714286 0.938717532467532 5 2 2 2 869.349
0.92 0.924242424242424 0.915841584158416 0.985623562356236 0.83 0.886363636363636 0.785714285714286 0.934253246753247 8 2 2 2 869.349
0.92 0.919191919191919 0.920792079207921 0.985648564856486 0.83 0.886363636363636 0.785714285714286 0.935064935064935 10 2 2 2 869.349
0.8325 0.833333333333333 0.831683168316832 0.932068206820682 0.84 0.840909090909091 0.839285714285714 0.903814935064935 1 3 2 2 869.349
0.93 0.934343434343434 0.925742574257426 0.981298129812981 0.82 0.818181818181818 0.821428571428571 0.930600649350649 2 3 2 2 869.349
0.84 0.838383838383838 0.841584158415842 0.931018101810181 0.83 0.795454545454545 0.857142857142857 0.908279220779221 NA 1 2 3 1157.048
0.93 0.929292929292929 0.930693069306931 0.984423442344234 0.85 0.931818181818182 0.785714285714286 0.935064935064935 5 2 2 3 1157.048
0.93 0.934343434343434 0.925742574257426 0.986148614861486 0.82 0.863636363636364 0.785714285714286 0.931412337662338 8 2 2 3 1157.048
0.9275 0.929292929292929 0.925742574257426 0.986348634863486 0.84 0.909090909090909 0.785714285714286 0.928977272727273 10 2 2 3 1157.048
0.835 0.843434343434343 0.826732673267327 0.931043104310431 0.85 0.840909090909091 0.857142857142857 0.907467532467532 1 3 2 3 1157.048
0.93 0.924242424242424 0.935643564356436 0.981198119811981 0.84 0.840909090909091 0.839285714285714 0.930600649350649 2 3 2 3 1157.048
