1 1 1 1 0.8 0.711538461538462 0.895833333333333 0.846754807692308 NA 1 87 1 41.402
1 1 1 1 0.8 0.711538461538462 0.895833333333333 0.8359375 5 2 87 1 41.402
1 1 1 1 0.8 0.711538461538462 0.895833333333333 0.844150641025641 8 2 87 1 41.402
1 1 1 1 0.8 0.711538461538462 0.895833333333333 0.8359375 10 2 87 1 41.402
0.975 1 0.96 1 0.82 0.788461538461538 0.854166666666667 0.89823717948718 1 3 87 1 41.402
1 1 1 1 0.84 0.75 0.9375 0.901442307692308 2 3 87 1 41.402
1 1 1 1 0.81 0.730769230769231 0.895833333333333 0.83213141025641 NA 1 87 2 61.297
1 1 1 1 0.82 0.730769230769231 0.916666666666667 0.836338141025641 5 2 87 2 61.297
1 1 1 1 0.82 0.730769230769231 0.916666666666667 0.836338141025641 8 2 87 2 61.297
1 1 1 1 0.82 0.730769230769231 0.916666666666667 0.836738782051282 10 2 87 2 61.297
0.95 1 0.92 1 0.8 0.807692307692308 0.791666666666667 0.895032051282051 1 3 87 2 61.297
1 1 1 1 0.84 0.75 0.9375 0.905048076923077 2 3 87 2 61.297
1 1 1 1 0.81 0.711538461538462 0.916666666666667 0.838741987179487 NA 1 87 3 80.779
1 1 1 1 0.81 0.711538461538462 0.916666666666667 0.835136217948718 5 2 87 3 80.779
1 1 1 1 0.82 0.711538461538462 0.9375 0.835536858974359 8 2 87 3 80.779
1 1 1 1 0.82 0.711538461538462 0.9375 0.835536858974359 10 2 87 3 80.779
0.95 1 0.92 1 0.81 0.807692307692308 0.8125 0.885416666666667 1 3 87 3 80.779
1 1 1 1 0.83 0.730769230769231 0.9375 0.905849358974359 2 3 87 3 80.779
