0.9 0.928571428571429 0.868421052631579 0.973057644110276 0.87 0.791666666666667 0.942307692307692 0.95713141025641 NA 1 75 1 101.601
1 1 1 1 0.88 0.875 0.884615384615385 0.889022435897436 5 2 75 1 101.601
1 1 1 1 0.89 0.895833333333333 0.884615384615385 0.898237179487179 8 2 75 1 101.601
1 1 1 1 0.89 0.895833333333333 0.884615384615385 0.91786858974359 10 2 75 1 101.601
0.875 0.904761904761905 0.842105263157895 0.966165413533835 0.89 0.854166666666667 0.923076923076923 0.956730769230769 1 3 75 1 101.601
0.925 0.952380952380952 0.894736842105263 0.986842105263158 0.91 0.854166666666667 0.961538461538462 0.950721153846154 2 3 75 1 101.601
0.9 0.928571428571429 0.868421052631579 0.971177944862155 0.87 0.791666666666667 0.942307692307692 0.95713141025641 NA 1 75 2 91.647
1 1 1 1 0.89 0.916666666666667 0.865384615384615 0.891025641025641 5 2 75 2 91.647
1 1 1 1 0.9 0.916666666666667 0.884615384615385 0.918269230769231 8 2 75 2 91.647
1 1 1 1 0.9 0.916666666666667 0.884615384615385 0.908653846153846 10 2 75 2 91.647
0.8625 0.904761904761905 0.815789473684211 0.965538847117794 0.9 0.875 0.923076923076923 0.956730769230769 1 3 75 2 91.647
0.9375 0.952380952380952 0.921052631578947 0.986215538847118 0.9 0.833333333333333 0.961538461538462 0.947115384615385 2 3 75 2 91.647
0.9 0.928571428571429 0.868421052631579 0.971804511278195 0.88 0.8125 0.942307692307692 0.957932692307692 NA 1 75 3 166.047
0.975 1 0.947368421052632 0.985275689223058 0.87 0.9375 0.807692307692308 0.880608974358974 5 2 75 3 166.047
1 1 1 1 0.9 0.916666666666667 0.884615384615385 0.91786858974359 8 2 75 3 166.047
1 1 1 1 0.88 0.875 0.884615384615385 0.907451923076923 10 2 75 3 166.047
0.875 0.904761904761905 0.842105263157895 0.966165413533835 0.89 0.854166666666667 0.923076923076923 0.953926282051282 1 3 75 3 166.047
0.925 0.952380952380952 0.894736842105263 0.987468671679198 0.89 0.8125 0.961538461538462 0.948317307692308 2 3 75 3 166.047
