0.9 0.857142857142857 0.923076923076923 0.953296703296703 0.71 0.551020408163265 0.862745098039216 0.857943177270908 NA 1 63 1 45.527
1 1 1 1 0.73 0.63265306122449 0.823529411764706 0.75750300120048 5 2 63 1 45.527
1 1 1 1 0.8 0.673469387755102 0.92156862745098 0.8031212484994 8 2 63 1 45.527
1 1 1 1 0.71 0.591836734693878 0.823529411764706 0.745298119247699 10 2 63 1 45.527
0.9 0.785714285714286 0.961538461538462 0.934065934065934 0.72 0.469387755102041 0.96078431372549 0.867547018807523 1 3 63 1 45.527
0.975 0.928571428571429 1 0.994505494505495 0.81 0.755102040816326 0.862745098039216 0.913965586234494 2 3 63 1 45.527
0.875 0.857142857142857 0.884615384615385 0.958791208791209 0.77 0.653061224489796 0.882352941176471 0.889155662264906 NA 1 63 2 52.419
1 1 1 1 0.82 0.714285714285714 0.92156862745098 0.849539815926371 5 2 63 2 52.419
1 1 1 1 0.82 0.755102040816326 0.882352941176471 0.817727090836335 8 2 63 2 52.419
1 1 1 1 0.83 0.73469387755102 0.92156862745098 0.833533413365346 10 2 63 2 52.419
0.875 0.714285714285714 0.961538461538462 0.942307692307692 0.71 0.448979591836735 0.96078431372549 0.875950380152061 1 3 63 2 52.419
0.975 0.928571428571429 1 0.994505494505495 0.8 0.73469387755102 0.862745098039216 0.913565426170468 2 3 63 2 52.419
0.875 0.857142857142857 0.884615384615385 0.958791208791209 0.72 0.612244897959184 0.823529411764706 0.860344137655062 NA 1 63 3 88.213
1 1 1 1 0.79 0.714285714285714 0.862745098039216 0.814125650260104 5 2 63 3 88.213
1 1 1 1 0.8 0.693877551020408 0.901960784313726 0.821528611444578 8 2 63 3 88.213
1 1 1 1 0.76 0.653061224489796 0.862745098039216 0.800520208083233 10 2 63 3 88.213
0.9 0.785714285714286 0.961538461538462 0.945054945054945 0.72 0.510204081632653 0.92156862745098 0.867547018807523 1 3 63 3 88.213
0.975 0.928571428571429 1 1 0.78 0.693877551020408 0.862745098039216 0.911164465786314 2 3 63 3 88.213
