0.875 0.878048780487805 0.871794871794872 0.969981238273921 0.8 0.754098360655738 0.871794871794872 0.900798654897015 NA 1 74 1 73.286
1 1 1 1 0.85 0.80327868852459 0.923076923076923 0.897856242118537 5 2 74 1 73.286
1 1 1 1 0.83 0.737704918032787 0.974358974358974 0.885245901639344 8 2 74 1 73.286
1 1 1 1 0.86 0.819672131147541 0.923076923076923 0.905842791088693 10 2 74 1 73.286
0.8625 0.926829268292683 0.794871794871795 0.969981238273921 0.8 0.80327868852459 0.794871794871795 0.871794871794872 1 3 74 1 73.286
0.9875 1 0.974358974358974 0.99812382739212 0.86 0.852459016393443 0.871794871794872 0.947877259352669 2 3 74 1 73.286
0.875 0.878048780487805 0.871794871794872 0.973733583489681 0.8 0.754098360655738 0.871794871794872 0.906263135771332 NA 1 74 2 95.657
1 1 1 1 0.85 0.786885245901639 0.948717948717949 0.897015552753258 5 2 74 2 95.657
1 1 1 1 0.84 0.770491803278688 0.948717948717949 0.885666246321984 8 2 74 2 95.657
1 1 1 1 0.82 0.852459016393443 0.769230769230769 0.882723833543506 10 2 74 2 95.657
0.875 0.926829268292683 0.82051282051282 0.971857410881801 0.81 0.819672131147541 0.794871794871795 0.870954182429592 1 3 74 2 95.657
0.9875 1 0.974358974358974 0.99812382739212 0.88 0.852459016393443 0.923076923076923 0.947877259352669 2 3 74 2 95.657
0.875 0.878048780487805 0.871794871794872 0.968105065666041 0.8 0.754098360655738 0.871794871794872 0.908785203867171 NA 1 74 3 127.598
1 1 1 1 0.86 0.786885245901639 0.974358974358974 0.906683480453972 5 2 74 3 127.598
1 1 1 1 0.85 0.80327868852459 0.923076923076923 0.91046658259773 8 2 74 3 127.598
1 1 1 1 0.86 0.786885245901639 0.974358974358974 0.914039512400168 10 2 74 3 127.598
0.85 0.926829268292683 0.769230769230769 0.969981238273921 0.82 0.819672131147541 0.82051282051282 0.880201765447667 1 3 74 3 127.598
0.9875 1 0.974358974358974 0.996873045653533 0.88 0.852459016393443 0.923076923076923 0.949138293400589 2 3 74 3 127.598
