0.891666666666667 0.857142857142857 0.921875 0.953125 0.8 0.8 0.8 0.923636363636364 NA 1 48 1 196.76
0.941666666666667 0.946428571428571 0.9375 0.989955357142857 0.9 0.872727272727273 0.933333333333333 0.963232323232323 5 2 48 1 196.76
0.941666666666667 0.946428571428571 0.9375 0.989955357142857 0.89 0.854545454545454 0.933333333333333 0.972525252525252 8 2 48 1 196.76
0.966666666666667 0.964285714285714 0.96875 0.9921875 0.84 0.781818181818182 0.911111111111111 0.939393939393939 10 2 48 1 196.76
0.891666666666667 0.857142857142857 0.921875 0.952008928571428 0.8 0.8 0.8 0.928484848484848 1 3 48 1 196.76
0.925 0.910714285714286 0.9375 0.970424107142857 0.81 0.781818181818182 0.844444444444444 0.925252525252525 2 3 48 1 196.76
0.908333333333333 0.892857142857143 0.921875 0.952008928571429 0.8 0.8 0.8 0.928080808080808 NA 1 48 2 194.976
0.941666666666667 0.946428571428571 0.9375 0.989955357142857 0.9 0.872727272727273 0.933333333333333 0.963232323232323 5 2 48 2 194.976
0.941666666666667 0.946428571428571 0.9375 0.989676339285714 0.91 0.890909090909091 0.933333333333333 0.972929292929293 8 2 48 2 194.976
0.966666666666667 0.964285714285714 0.96875 0.9921875 0.85 0.8 0.911111111111111 0.941818181818182 10 2 48 2 194.976
0.9 0.875 0.921875 0.950613839285714 0.8 0.8 0.8 0.92969696969697 1 3 48 2 194.976
0.933333333333333 0.928571428571429 0.9375 0.969029017857143 0.82 0.8 0.844444444444444 0.92969696969697 2 3 48 2 194.976
0.883333333333333 0.839285714285714 0.921875 0.952287946428571 0.8 0.8 0.8 0.911111111111111 NA 1 48 3 357.283
0.933333333333333 0.946428571428571 0.921875 0.989955357142857 0.9 0.872727272727273 0.933333333333333 0.96 5 2 48 3 357.283
0.933333333333333 0.946428571428571 0.921875 0.989955357142857 0.9 0.872727272727273 0.933333333333333 0.970505050505051 8 2 48 3 357.283
0.966666666666667 0.964285714285714 0.96875 0.993024553571429 0.82 0.745454545454545 0.911111111111111 0.934949494949495 10 2 48 3 357.283
0.9 0.875 0.921875 0.950613839285714 0.79 0.8 0.777777777777778 0.920808080808081 1 3 48 3 357.283
0.933333333333333 0.928571428571429 0.9375 0.975446428571428 0.81 0.781818181818182 0.844444444444444 0.922828282828283 2 3 48 3 357.283
