1 1 1 1 0.71 0.851851851851852 0.543478260869565 0.742753623188406 NA 1 73 1 23.091
1 1 1 1 0.71 0.851851851851852 0.543478260869565 0.725040257648953 5 2 73 1 23.091
1 1 1 1 0.71 0.851851851851852 0.543478260869565 0.725040257648953 8 2 73 1 23.091
1 1 1 1 0.7 0.833333333333333 0.543478260869565 0.733896940418679 10 2 73 1 23.091
0.916666666666667 1 0.846153846153846 0.958041958041958 0.75 0.740740740740741 0.760869565217391 0.819645732689211 1 3 73 1 23.091
0.958333333333333 1 0.923076923076923 0.972027972027972 0.7 0.62962962962963 0.782608695652174 0.805152979066023 2 3 73 1 23.091
1 1 1 1 0.72 0.833333333333333 0.58695652173913 0.725845410628019 NA 1 73 2 38.77
1 1 1 1 0.72 0.833333333333333 0.58695652173913 0.725845410628019 5 2 73 2 38.77
1 1 1 1 0.71 0.814814814814815 0.58695652173913 0.727455716586151 8 2 73 2 38.77
1 1 1 1 0.72 0.833333333333333 0.58695652173913 0.725845410628019 10 2 73 2 38.77
0.916666666666667 1 0.846153846153846 0.951048951048951 0.75 0.740740740740741 0.760869565217391 0.817230273752013 1 3 73 2 38.77
0.958333333333333 1 0.923076923076923 0.972027972027972 0.72 0.685185185185185 0.760869565217391 0.802334943639291 2 3 73 2 38.77
1 1 1 1 0.72 0.851851851851852 0.565217391304348 0.7085346215781 NA 1 73 3 42.769
1 1 1 1 0.72 0.851851851851852 0.565217391304348 0.708132045088567 5 2 73 3 42.769
1 1 1 1 0.71 0.833333333333333 0.565217391304348 0.708132045088567 8 2 73 3 42.769
1 1 1 1 0.72 0.851851851851852 0.565217391304348 0.7085346215781 10 2 73 3 42.769
0.916666666666667 1 0.846153846153846 0.958041958041958 0.75 0.740740740740741 0.760869565217391 0.82487922705314 1 3 73 3 42.769
0.958333333333333 1 0.923076923076923 0.972027972027972 0.72 0.685185185185185 0.760869565217391 0.803945249597424 2 3 73 3 42.769
