1 1 1 1 0.79 0.62 0.96 0.8116 NA 1 24 1 45.854
1 1 1 1 0.79 0.62 0.96 0.81 5 2 24 1 45.854
1 1 1 1 0.79 0.62 0.96 0.8068 8 2 24 1 45.854
1 1 1 1 0.79 0.62 0.96 0.8064 10 2 24 1 45.854
0.96875 1 0.944444444444444 1 0.79 0.66 0.92 0.8788 1 3 24 1 45.854
0.96875 0.928571428571429 1 0.996031746031746 0.78 0.64 0.92 0.8692 2 3 24 1 45.854
1 1 1 1 0.8 0.64 0.96 0.8372 NA 1 24 2 49.96
1 1 1 1 0.8 0.64 0.96 0.8276 5 2 24 2 49.96
1 1 1 1 0.8 0.64 0.96 0.8276 8 2 24 2 49.96
1 1 1 1 0.8 0.64 0.96 0.8276 10 2 24 2 49.96
0.96875 1 0.944444444444444 1 0.78 0.66 0.9 0.8928 1 3 24 2 49.96
1 1 1 1 0.79 0.66 0.92 0.8844 2 3 24 2 49.96
1 1 1 1 0.78 0.62 0.94 0.8176 NA 1 24 3 75.911
1 1 1 1 0.78 0.62 0.94 0.8048 5 2 24 3 75.911
1 1 1 1 0.78 0.62 0.94 0.8044 8 2 24 3 75.911
1 1 1 1 0.78 0.62 0.94 0.8044 10 2 24 3 75.911
0.96875 1 0.944444444444444 1 0.78 0.62 0.94 0.8844 1 3 24 3 75.911
0.96875 0.928571428571429 1 1 0.77 0.64 0.9 0.8708 2 3 24 3 75.911
