1 1 1 1 0.86 0.830188679245283 0.893617021276596 0.884985949417904 NA 1 1 1 38.568
1 1 1 1 0.86 0.830188679245283 0.893617021276596 0.886190285026094 5 2 1 1 38.568
1 1 1 1 0.86 0.830188679245283 0.893617021276596 0.886190285026094 8 2 1 1 38.568
1 1 1 1 0.86 0.830188679245283 0.893617021276596 0.886190285026094 10 2 1 1 38.568
0.925 1 0.842105263157895 0.994987468671679 0.85 0.905660377358491 0.787234042553192 0.933761541549578 1 3 1 1 38.568
0.975 0.952380952380952 1 0.99749373433584 0.82 0.830188679245283 0.808510638297872 0.900441589723003 2 3 1 1 38.568
1 1 1 1 0.87 0.886792452830189 0.851063829787234 0.888799678843838 NA 1 1 2 50.756
1 1 1 1 0.87 0.886792452830189 0.851063829787234 0.881172219991971 5 2 1 2 50.756
1 1 1 1 0.87 0.886792452830189 0.851063829787234 0.879566439181052 8 2 1 2 50.756
1 1 1 1 0.87 0.886792452830189 0.851063829787234 0.889401846647933 10 2 1 2 50.756
0.925 1 0.842105263157895 0.994987468671679 0.84 0.886792452830189 0.787234042553192 0.936571657968687 1 3 1 2 50.756
0.975 0.952380952380952 1 1 0.82 0.849056603773585 0.787234042553192 0.901244480128462 2 3 1 2 50.756
1 1 1 1 0.86 0.867924528301887 0.851063829787234 0.882175832998796 NA 1 1 3 70.393
1 1 1 1 0.86 0.867924528301887 0.851063829787234 0.874347651545564 5 2 1 3 70.393
1 1 1 1 0.86 0.867924528301887 0.851063829787234 0.874347651545564 8 2 1 3 70.393
1 1 1 1 0.86 0.867924528301887 0.851063829787234 0.874347651545564 10 2 1 3 70.393
0.95 1 0.894736842105263 0.994987468671679 0.85 0.905660377358491 0.787234042553192 0.936170212765957 1 3 1 3 70.393
0.975 0.952380952380952 1 0.99749373433584 0.82 0.849056603773585 0.787234042553192 0.902047370533922 2 3 1 3 70.393
