1 1 1 1 0.84 0.87719298245614 0.790697674418605 0.866177070583435 NA 1 32 1 27.137
1 1 1 1 0.84 0.87719298245614 0.790697674418605 0.867401060791514 5 2 32 1 27.137
1 1 1 1 0.84 0.87719298245614 0.790697674418605 0.867401060791514 8 2 32 1 27.137
1 1 1 1 0.84 0.87719298245614 0.790697674418605 0.867401060791514 10 2 32 1 27.137
0.90625 1 0.8125 1 0.84 0.87719298245614 0.790697674418605 0.894736842105263 1 3 32 1 27.137
0.96875 1 0.9375 0.99609375 0.85 0.87719298245614 0.813953488372093 0.894328845369237 2 3 32 1 27.137
0.90625 0.9375 0.875 0.9453125 0.75 0.824561403508772 0.651162790697674 0.832313341493268 NA 1 32 2 31.342
1 1 1 1 0.84 0.842105263157895 0.837209302325581 0.859649122807018 5 2 32 2 31.342
1 1 1 1 0.72 0.771929824561403 0.651162790697674 0.787433700530396 8 2 32 2 31.342
1 1 1 1 0.83 0.87719298245614 0.767441860465116 0.865769073847409 10 2 32 2 31.342
0.84375 0.9375 0.75 0.9375 0.74 0.87719298245614 0.558139534883721 0.846593227254182 1 3 32 2 31.342
0.9375 1 0.875 0.97265625 0.76 0.771929824561403 0.744186046511628 0.842513259893921 2 3 32 2 31.342
1 1 1 1 0.83 0.859649122807018 0.790697674418605 0.849041207670339 NA 1 32 3 46.77
1 1 1 1 0.83 0.859649122807018 0.790697674418605 0.849041207670339 5 2 32 3 46.77
1 1 1 1 0.83 0.859649122807018 0.790697674418605 0.849041207670339 8 2 32 3 46.77
1 1 1 1 0.83 0.859649122807018 0.790697674418605 0.849041207670339 10 2 32 3 46.77
0.9375 1 0.875 1 0.86 0.912280701754386 0.790697674418605 0.887392900856793 1 3 32 3 46.77
0.96875 1 0.9375 1 0.83 0.842105263157895 0.813953488372093 0.90656874745002 2 3 32 3 46.77
