0.9 0.879781420765027 0.91705069124424 0.957291430585984 0.83 0.723404255319149 0.924528301886792 0.917703733440385 NA 1 71 1 667.203
0.9325 0.918032786885246 0.944700460829493 0.983883558711692 0.95 0.936170212765957 0.962264150943396 0.985146527498996 5 2 71 1 667.203
0.9475 0.939890710382514 0.953917050691244 0.985117473747828 0.95 0.936170212765957 0.962264150943396 0.986350863107186 8 2 71 1 667.203
0.95 0.939890710382514 0.95852534562212 0.985419657021984 0.95 0.936170212765957 0.962264150943396 0.985949417904456 10 2 71 1 667.203
0.905 0.885245901639344 0.921658986175115 0.957291430585984 0.86 0.787234042553192 0.924528301886792 0.918908069048575 1 3 71 1 667.203
0.94 0.92896174863388 0.949308755760369 0.980937271788673 0.9 0.829787234042553 0.962264150943396 0.979927739863509 2 3 71 1 667.203
0.895 0.87431693989071 0.912442396313364 0.960086625871925 0.83 0.723404255319149 0.924528301886792 0.908470493777599 NA 1 71 2 707.822
0.9425 0.934426229508197 0.949308755760369 0.985646294477601 0.96 0.957446808510638 0.962264150943396 0.986752308309916 5 2 71 2 707.822
0.9425 0.934426229508197 0.949308755760369 0.985570748659062 0.95 0.936170212765957 0.962264150943396 0.985949417904456 8 2 71 2 707.822
0.9425 0.934426229508197 0.949308755760369 0.985772204175166 0.95 0.936170212765957 0.962264150943396 0.985547972701726 10 2 71 2 707.822
0.8925 0.87431693989071 0.907834101382488 0.959129712170431 0.85 0.765957446808511 0.924528301886792 0.913689281413087 1 3 71 2 707.822
0.9375 0.92896174863388 0.944700460829493 0.980987635667699 0.91 0.851063829787234 0.962264150943396 0.97591328783621 2 3 71 2 707.822
0.9 0.879781420765027 0.91705069124424 0.957669159678678 0.82 0.702127659574468 0.924528301886792 0.911280610196708 NA 1 71 3 1179.523
0.93 0.918032786885246 0.940092165898618 0.984210923925361 0.94 0.936170212765957 0.943396226415094 0.982737856282617 5 2 71 3 1179.523
0.9275 0.918032786885246 0.935483870967742 0.984639016897081 0.94 0.936170212765957 0.943396226415094 0.983942191890807 8 2 71 3 1179.523
0.9275 0.918032786885246 0.935483870967742 0.985092291808315 0.94 0.936170212765957 0.943396226415094 0.983540746688077 10 2 71 3 1179.523
0.905 0.879781420765027 0.926267281105991 0.95708997506988 0.84 0.74468085106383 0.924528301886792 0.910879164993978 1 3 71 3 1179.523
0.935 0.923497267759563 0.944700460829493 0.980458814937927 0.9 0.851063829787234 0.943396226415094 0.97631473303894 2 3 71 3 1179.523
