0.8625 0.787878787878788 0.914893617021277 0.901998710509349 0.83 0.9 0.783333333333333 0.933333333333333 NA 1 40 1 124.073
0.9 0.878787878787879 0.914893617021277 0.978078658929723 0.9 0.9 0.9 0.9625 5 2 40 1 124.073
1 1 1 1 0.87 0.875 0.866666666666667 0.897083333333333 8 2 40 1 124.073
1 1 1 1 0.84 0.85 0.833333333333333 0.878125 10 2 40 1 124.073
0.85 0.727272727272727 0.936170212765957 0.901353965183752 0.85 0.925 0.8 0.920416666666667 1 3 40 1 124.073
0.925 0.909090909090909 0.936170212765957 0.978723404255319 0.89 0.925 0.866666666666667 0.919583333333333 2 3 40 1 124.073
0.8625 0.787878787878788 0.914893617021277 0.899419729206963 0.84 0.925 0.783333333333333 0.9325 NA 1 40 2 125.549
0.9375 0.909090909090909 0.957446808510638 0.980657640232108 0.86 0.9 0.833333333333333 0.944166666666667 5 2 40 2 125.549
1 1 1 1 0.84 0.825 0.85 0.906458333333333 8 2 40 2 125.549
1 1 1 1 0.83 0.85 0.816666666666667 0.875208333333333 10 2 40 2 125.549
0.85 0.727272727272727 0.936170212765957 0.90006447453256 0.86 0.925 0.816666666666667 0.914166666666667 1 3 40 2 125.549
0.9125 0.878787878787879 0.936170212765957 0.978078658929723 0.88 0.9 0.866666666666667 0.919166666666667 2 3 40 2 125.549
0.85 0.787878787878788 0.893617021276596 0.893617021276596 0.83 0.925 0.766666666666667 0.9325 NA 1 40 3 221.005
0.9125 0.909090909090909 0.914893617021277 0.977433913604126 0.91 0.9 0.916666666666667 0.963333333333333 5 2 40 3 221.005
1 1 1 1 0.83 0.875 0.8 0.863958333333333 8 2 40 3 221.005
1 1 1 1 0.86 0.9 0.833333333333333 0.888541666666667 10 2 40 3 221.005
0.85 0.757575757575758 0.914893617021277 0.896840747904578 0.84 0.925 0.783333333333333 0.919583333333333 1 3 40 3 221.005
0.9125 0.878787878787879 0.936170212765957 0.981947130883301 0.86 0.875 0.85 0.921666666666667 2 3 40 3 221.005
