0.865 0.881773399014778 0.847715736040609 0.934185191668125 0.81 0.810344827586207 0.80952380952381 0.890804597701149 NA 1 74 1 538.207
0.9275 0.931034482758621 0.923857868020305 0.982095971593609 0.85 0.844827586206897 0.857142857142857 0.940065681444992 5 2 74 1 538.207
0.93 0.935960591133005 0.923857868020305 0.983171213523043 0.88 0.879310344827586 0.880952380952381 0.942939244663383 8 2 74 1 538.207
0.9275 0.931034482758621 0.923857868020305 0.983396264159436 0.88 0.879310344827586 0.880952380952381 0.94376026272578 10 2 74 1 538.207
0.8675 0.881773399014778 0.852791878172589 0.93458528168838 0.8 0.793103448275862 0.80952380952381 0.889162561576355 1 3 74 1 538.207
0.9275 0.945812807881773 0.908629441624365 0.982671100997724 0.78 0.810344827586207 0.738095238095238 0.878899835796388 2 3 74 1 538.207
0.8675 0.886699507389163 0.847715736040609 0.934160186041859 0.8 0.793103448275862 0.80952380952381 0.890394088669951 NA 1 74 2 530.019
0.925 0.926108374384236 0.923857868020305 0.982120977219874 0.85 0.844827586206897 0.857142857142857 0.940886699507389 5 2 74 2 530.019
0.9275 0.931034482758621 0.923857868020305 0.982846140381586 0.88 0.879310344827586 0.880952380952381 0.942528735632184 8 2 74 2 530.019
0.9275 0.931034482758621 0.923857868020305 0.983121202270511 0.87 0.879310344827586 0.857142857142857 0.94376026272578 10 2 74 2 530.019
0.8675 0.881773399014778 0.852791878172589 0.934910354829837 0.8 0.775862068965517 0.833333333333333 0.890394088669951 1 3 74 2 530.019
0.925 0.940886699507389 0.908629441624365 0.982421044735065 0.78 0.810344827586207 0.738095238095238 0.881773399014778 2 3 74 2 530.019
0.8675 0.876847290640394 0.857868020304569 0.935310444850091 0.8 0.793103448275862 0.80952380952381 0.889573070607553 NA 1 74 3 969.824
0.925 0.931034482758621 0.918781725888325 0.981870920957215 0.85 0.844827586206897 0.857142857142857 0.940886699507389 5 2 74 3 969.824
0.93 0.935960591133005 0.923857868020305 0.983421269785702 0.88 0.879310344827586 0.880952380952381 0.94376026272578 8 2 74 3 969.824
0.9275 0.935960591133005 0.918781725888325 0.983771348553425 0.88 0.879310344827586 0.880952380952381 0.943349753694581 10 2 74 3 969.824
0.8675 0.876847290640394 0.857868020304569 0.934860343577305 0.8 0.793103448275862 0.80952380952381 0.88752052545156 1 3 74 3 969.824
0.9225 0.940886699507389 0.903553299492386 0.98392138231102 0.77 0.793103448275862 0.738095238095238 0.878489326765189 2 3 74 3 969.824
