0.8625 0.857142857142857 0.868421052631579 0.942982456140351 0.82 0.902439024390244 0.76271186440678 0.913600661430343 NA 1 45 1 89.637
1 1 1 1 0.85 0.829268292682927 0.864406779661017 0.862546506821 5 2 45 1 89.637
1 1 1 1 0.86 0.804878048780488 0.898305084745763 0.894791236047954 8 2 45 1 89.637
1 1 1 1 0.88 0.829268292682927 0.915254237288136 0.900785448532451 10 2 45 1 89.637
0.8125 0.880952380952381 0.736842105263158 0.93609022556391 0.78 0.902439024390244 0.694915254237288 0.909053327821414 1 3 45 1 89.637
0.9625 0.952380952380952 0.973684210526316 0.991854636591479 0.85 0.902439024390244 0.813559322033898 0.956180239768499 2 3 45 1 89.637
0.85 0.880952380952381 0.815789473684211 0.944235588972431 0.82 0.878048780487805 0.779661016949153 0.914840843323687 NA 1 45 2 80.571
1 1 1 1 0.8 0.829268292682927 0.779661016949153 0.810045473336089 5 2 45 2 80.571
1 1 1 1 0.89 0.902439024390244 0.88135593220339 0.903885903265812 8 2 45 2 80.571
1 1 1 1 0.75 0.804878048780488 0.711864406779661 0.823274080198429 10 2 45 2 80.571
0.8375 0.928571428571429 0.736842105263158 0.93984962406015 0.8 0.926829268292683 0.711864406779661 0.916081025217032 1 3 45 2 80.571
0.975 0.976190476190476 0.973684210526316 0.994987468671679 0.82 0.853658536585366 0.796610169491525 0.949979330301778 2 3 45 2 80.571
0.8625 0.880952380952381 0.842105263157895 0.942982456140351 0.83 0.878048780487805 0.796610169491525 0.909466721785862 NA 1 45 3 174.74
1 1 1 1 0.82 0.829268292682927 0.813559322033898 0.844150475403059 5 2 45 3 174.74
1 1 1 1 0.84 0.780487804878049 0.88135593220339 0.874328234807772 8 2 45 3 174.74
1 1 1 1 0.72 0.731707317073171 0.711864406779661 0.782968168664738 10 2 45 3 174.74
0.875 0.976190476190476 0.763157894736842 0.93922305764411 0.8 0.902439024390244 0.728813559322034 0.899131872674659 1 3 45 3 174.74
0.975 0.976190476190476 0.973684210526316 0.992481203007519 0.84 0.902439024390244 0.796610169491525 0.949152542372881 2 3 45 3 174.74
