0.9 0.857142857142857 0.947368421052632 0.969924812030075 0.79 0.875 0.733333333333333 0.912083333333333 NA 1 17 1 27.123
1 1 1 1 0.85 0.9 0.816666666666667 0.864583333333333 5 2 17 1 27.123
1 1 1 1 0.8 0.85 0.766666666666667 0.834583333333333 8 2 17 1 27.123
1 1 1 1 0.8 0.85 0.766666666666667 0.843125 10 2 17 1 27.123
0.875 0.80952380952381 0.947368421052632 0.964912280701754 0.85 0.775 0.9 0.922916666666667 1 3 17 1 27.123
0.975 1 0.947368421052632 0.99749373433584 0.82 0.875 0.783333333333333 0.902916666666667 2 3 17 1 27.123
0.9 0.857142857142857 0.947368421052632 0.969924812030075 0.79 0.875 0.733333333333333 0.909583333333333 NA 1 17 2 32.595
1 1 1 1 0.8 0.9 0.733333333333333 0.853333333333333 5 2 17 2 32.595
1 1 1 1 0.83 0.875 0.8 0.855833333333333 8 2 17 2 32.595
1 1 1 1 0.8 0.85 0.766666666666667 0.838958333333333 10 2 17 2 32.595
0.875 0.80952380952381 0.947368421052632 0.967418546365915 0.85 0.775 0.9 0.92 1 3 17 2 32.595
0.975 1 0.947368421052632 0.99749373433584 0.83 0.875 0.8 0.90375 2 3 17 2 32.595
0.9 0.904761904761905 0.894736842105263 0.984962406015038 0.8 0.875 0.75 0.910833333333333 NA 1 17 3 48.137
1 1 1 1 0.77 0.775 0.766666666666667 0.84375 5 2 17 3 48.137
1 1 1 1 0.82 0.85 0.8 0.86375 8 2 17 3 48.137
1 1 1 1 0.75 0.725 0.766666666666667 0.829583333333333 10 2 17 3 48.137
0.875 0.80952380952381 0.947368421052632 0.962406015037594 0.87 0.85 0.883333333333333 0.9175 1 3 17 3 48.137
0.95 1 0.894736842105263 1 0.81 0.875 0.766666666666667 0.902083333333333 2 3 17 3 48.137
