0.9125 0.933333333333333 0.885714285714286 0.982857142857143 0.85 0.717391304347826 0.962962962962963 0.892512077294686 NA 1 81 1 86.953
1 1 1 1 0.84 0.695652173913043 0.962962962962963 0.837157809983897 5 2 81 1 86.953
1 1 1 1 0.79 0.717391304347826 0.851851851851852 0.788244766505636 8 2 81 1 86.953
1 1 1 1 0.85 0.739130434782609 0.944444444444444 0.851046698872786 10 2 81 1 86.953
0.9375 0.955555555555556 0.914285714285714 0.97968253968254 0.86 0.760869565217391 0.944444444444444 0.899355877616747 1 3 81 1 86.953
0.9625 0.955555555555556 0.971428571428571 0.991111111111111 0.85 0.739130434782609 0.944444444444444 0.917874396135266 2 3 81 1 86.953
0.9125 0.933333333333333 0.885714285714286 0.979047619047619 0.84 0.695652173913043 0.962962962962963 0.893317230273752 NA 1 81 2 101.7
1 1 1 1 0.82 0.673913043478261 0.944444444444444 0.826086956521739 5 2 81 2 101.7
1 1 1 1 0.82 0.739130434782609 0.888888888888889 0.827898550724638 8 2 81 2 101.7
1 1 1 1 0.81 0.717391304347826 0.888888888888889 0.799315619967794 10 2 81 2 101.7
0.925 0.933333333333333 0.914285714285714 0.979047619047619 0.86 0.717391304347826 0.981481481481482 0.893719806763285 1 3 81 2 101.7
0.975 0.955555555555556 1 0.993650793650794 0.82 0.782608695652174 0.851851851851852 0.917471819645733 2 3 81 2 101.7
0.925 0.933333333333333 0.914285714285714 0.976507936507937 0.85 0.717391304347826 0.962962962962963 0.900563607085346 NA 1 81 3 181.23
1 1 1 1 0.76 0.717391304347826 0.796296296296296 0.758856682769726 5 2 81 3 181.23
1 1 1 1 0.87 0.782608695652174 0.944444444444444 0.891505636070854 8 2 81 3 181.23
1 1 1 1 0.86 0.760869565217391 0.944444444444444 0.877012882447665 10 2 81 3 181.23
0.925 0.933333333333333 0.914285714285714 0.972698412698413 0.85 0.739130434782609 0.944444444444444 0.892512077294686 1 3 81 3 181.23
0.9625 0.955555555555556 0.971428571428571 0.994285714285714 0.85 0.826086956521739 0.87037037037037 0.921900161030596 2 3 81 3 181.23
