1 1 1 1 0.84 0.78 0.9 0.8632 NA 1 17 1 18.887
1 1 1 1 0.84 0.78 0.9 0.8604 5 2 17 1 18.887
1 1 1 1 0.84 0.78 0.9 0.8604 8 2 17 1 18.887
1 1 1 1 0.84 0.78 0.9 0.8604 10 2 17 1 18.887
0.916666666666667 1 0.818181818181818 1 0.81 0.9 0.72 0.896 1 3 17 1 18.887
1 1 1 1 0.82 0.86 0.78 0.894 2 3 17 1 18.887
1 1 1 1 0.83 0.78 0.88 0.8522 NA 1 17 2 30.078
1 1 1 1 0.84 0.8 0.88 0.8524 5 2 17 2 30.078
1 1 1 1 0.84 0.8 0.88 0.8524 8 2 17 2 30.078
1 1 1 1 0.84 0.8 0.88 0.8524 10 2 17 2 30.078
0.958333333333333 1 0.909090909090909 1 0.8 0.9 0.7 0.8996 1 3 17 2 30.078
1 1 1 1 0.83 0.88 0.78 0.9 2 3 17 2 30.078
1 1 1 1 0.8 0.8 0.8 0.878 NA 1 17 3 31.487
1 1 1 1 0.84 0.82 0.86 0.8816 5 2 17 3 31.487
1 1 1 1 0.83 0.8 0.86 0.8812 8 2 17 3 31.487
1 1 1 1 0.84 0.82 0.86 0.8812 10 2 17 3 31.487
0.916666666666667 1 0.818181818181818 1 0.81 0.92 0.7 0.8988 1 3 17 3 31.487
1 1 1 1 0.82 0.84 0.8 0.8904 2 3 17 3 31.487
