0.895 0.902173913043478 0.888888888888889 0.934581320450886 0.9 0.837209302325581 0.947368421052632 0.932680538555692 NA 1 15 1 290.834
0.935 0.934782608695652 0.935185185185185 0.986211755233494 0.95 0.883720930232558 1 0.959200326397389 5 2 15 1 290.834
0.94 0.934782608695652 0.944444444444444 0.986614331723027 0.94 0.86046511627907 1 0.962872297021624 8 2 15 1 290.834
0.95 0.956521739130435 0.944444444444444 0.988727858293076 0.92 0.837209302325581 0.982456140350877 0.958792329661363 10 2 15 1 290.834
0.9 0.902173913043478 0.898148148148148 0.932669082125604 0.89 0.837209302325581 0.929824561403509 0.926968584251326 1 3 15 1 290.834
0.94 0.956521739130435 0.925925925925926 0.983494363929147 0.92 0.883720930232558 0.947368421052632 0.982864137086903 2 3 15 1 290.834
0.88 0.891304347826087 0.87037037037037 0.935587761674718 0.91 0.86046511627907 0.947368421052632 0.9359445124439 NA 1 15 2 355.521
0.935 0.934782608695652 0.935185185185185 0.984903381642512 0.94 0.86046511627907 1 0.968584251325989 5 2 15 2 355.521
0.95 0.945652173913043 0.953703703703704 0.984198872785829 0.93 0.837209302325581 1 0.975520195838433 8 2 15 2 355.521
0.955 0.956521739130435 0.953703703703704 0.987822061191626 0.93 0.86046511627907 0.982456140350877 0.968992248062015 10 2 15 2 355.521
0.88 0.902173913043478 0.861111111111111 0.933977455716586 0.89 0.837209302325581 0.929824561403509 0.932680538555692 1 3 15 2 355.521
0.94 0.956521739130435 0.925925925925926 0.982689210950081 0.93 0.883720930232558 0.964912280701754 0.982864137086903 2 3 15 2 355.521
0.875 0.891304347826087 0.861111111111111 0.933876811594203 0.91 0.86046511627907 0.947368421052632 0.932680538555692 NA 1 15 3 600.709
0.94 0.934782608695652 0.944444444444444 0.986312399355878 0.94 0.86046511627907 1 0.966952264381885 5 2 15 3 600.709
0.945 0.945652173913043 0.944444444444444 0.986010466988728 0.94 0.86046511627907 1 0.971440228478172 8 2 15 3 600.709
0.95 0.945652173913043 0.953703703703704 0.986111111111111 0.94 0.86046511627907 1 0.976744186046512 10 2 15 3 600.709
0.865 0.891304347826087 0.842592592592593 0.931561996779388 0.88 0.813953488372093 0.929824561403509 0.929416564667483 1 3 15 3 600.709
0.94 0.956521739130435 0.925925925925926 0.98329307568438 0.91 0.86046511627907 0.947368421052632 0.982048143614851 2 3 15 3 600.709
