1 1 1 1 0.84 0.891304347826087 0.796296296296296 0.843800322061192 NA 1 17 1 55.405
1 1 1 1 0.84 0.891304347826087 0.796296296296296 0.843800322061192 5 2 17 1 55.405
1 1 1 1 0.84 0.891304347826087 0.796296296296296 0.843800322061192 8 2 17 1 55.405
1 1 1 1 0.84 0.891304347826087 0.796296296296296 0.843800322061192 10 2 17 1 55.405
0.90625 0.882352941176471 0.933333333333333 0.945098039215686 0.88 0.956521739130435 0.814814814814815 0.952093397745572 1 3 17 1 55.405
1 1 1 1 0.82 0.869565217391304 0.777777777777778 0.920692431561997 2 3 17 1 55.405
1 1 1 1 0.82 0.869565217391304 0.777777777777778 0.832125603864734 NA 1 17 2 52.196
1 1 1 1 0.82 0.869565217391304 0.777777777777778 0.832125603864734 5 2 17 2 52.196
1 1 1 1 0.82 0.869565217391304 0.777777777777778 0.832125603864734 8 2 17 2 52.196
1 1 1 1 0.82 0.869565217391304 0.777777777777778 0.832125603864734 10 2 17 2 52.196
0.90625 0.882352941176471 0.933333333333333 0.945098039215686 0.87 0.934782608695652 0.814814814814815 0.951690821256039 1 3 17 2 52.196
1 1 1 1 0.82 0.869565217391304 0.777777777777778 0.926731078904992 2 3 17 2 52.196
0.90625 0.882352941176471 0.933333333333333 0.976470588235294 0.86 0.91304347826087 0.814814814814815 0.933574879227053 NA 1 17 3 84.624
1 1 1 1 0.84 0.891304347826087 0.796296296296296 0.843800322061192 5 2 17 3 84.624
1 1 1 1 0.86 0.869565217391304 0.851851851851852 0.878824476650564 8 2 17 3 84.624
1 1 1 1 0.86 0.891304347826087 0.833333333333333 0.861513687600644 10 2 17 3 84.624
0.90625 0.882352941176471 0.933333333333333 0.941176470588235 0.89 0.956521739130435 0.833333333333333 0.952898550724638 1 3 17 3 84.624
1 1 1 1 0.83 0.869565217391304 0.796296296296296 0.922705314009662 2 3 17 3 84.624
