0.875 0.882352941176471 0.869565217391304 0.966751918158568 0.69 0.793103448275862 0.547619047619048 0.752052545155993 NA 1 96 1 35.646
1 1 1 1 0.71 0.689655172413793 0.738095238095238 0.775862068965517 5 2 96 1 35.646
1 1 1 1 0.73 0.758620689655172 0.69047619047619 0.78427750410509 8 2 96 1 35.646
1 1 1 1 0.8 0.775862068965517 0.833333333333333 0.835796387520526 10 2 96 1 35.646
0.875 0.882352941176471 0.869565217391304 0.964194373401535 0.68 0.793103448275862 0.523809523809524 0.753284072249589 1 3 96 1 35.646
0.925 0.941176470588235 0.91304347826087 0.987212276214834 0.76 0.775862068965517 0.738095238095238 0.840311986863711 2 3 96 1 35.646
0.9 0.882352941176471 0.91304347826087 0.969309462915601 0.7 0.810344827586207 0.547619047619048 0.754515599343186 NA 1 96 2 57.433
1 1 1 1 0.71 0.741379310344828 0.666666666666667 0.746305418719212 5 2 96 2 57.433
1 1 1 1 0.8 0.810344827586207 0.785714285714286 0.80295566502463 8 2 96 2 57.433
1 1 1 1 0.62 0.586206896551724 0.666666666666667 0.677955665024631 10 2 96 2 57.433
0.9 0.882352941176471 0.91304347826087 0.976982097186701 0.68 0.793103448275862 0.523809523809524 0.755336617405583 1 3 96 2 57.433
0.95 1 0.91304347826087 0.9923273657289 0.75 0.810344827586207 0.666666666666667 0.829228243021346 2 3 96 2 57.433
0.875 0.882352941176471 0.869565217391304 0.966751918158568 0.72 0.844827586206897 0.547619047619048 0.77504105090312 NA 1 96 3 72.12
1 1 1 1 0.68 0.689655172413793 0.666666666666667 0.695402298850575 5 2 96 3 72.12
1 1 1 1 0.74 0.706896551724138 0.785714285714286 0.783251231527094 8 2 96 3 72.12
1 1 1 1 0.71 0.741379310344828 0.666666666666667 0.730500821018062 10 2 96 3 72.12
0.9 0.882352941176471 0.91304347826087 0.961636828644501 0.68 0.793103448275862 0.523809523809524 0.773399014778325 1 3 96 3 72.12
0.9 0.882352941176471 0.91304347826087 0.9846547314578 0.78 0.810344827586207 0.738095238095238 0.851395730706076 2 3 96 3 72.12
