0.9 0.888888888888889 0.909090909090909 0.898989898989899 0.83 0.697674418604651 0.929824561403509 0.81374949000408 NA 1 70 1 54.825
1 1 1 1 0.79 0.604651162790698 0.929824561403509 0.767237862097103 5 2 70 1 54.825
1 1 1 1 0.79 0.604651162790698 0.929824561403509 0.767237862097103 8 2 70 1 54.825
1 1 1 1 0.79 0.604651162790698 0.929824561403509 0.772541819665443 10 2 70 1 54.825
0.925 0.944444444444444 0.909090909090909 0.974747474747475 0.85 0.744186046511628 0.929824561403509 0.901672786617707 1 3 70 1 54.825
0.925 0.944444444444444 0.909090909090909 0.992424242424242 0.85 0.697674418604651 0.964912280701754 0.917176662586699 2 3 70 1 54.825
1 1 1 1 0.82 0.651162790697674 0.947368421052632 0.799265605875153 NA 1 70 2 51.853
1 1 1 1 0.8 0.651162790697674 0.912280701754386 0.788657690738474 5 2 70 2 51.853
1 1 1 1 0.8 0.651162790697674 0.912280701754386 0.788657690738474 8 2 70 2 51.853
1 1 1 1 0.8 0.651162790697674 0.912280701754386 0.788657690738474 10 2 70 2 51.853
0.925 0.944444444444444 0.909090909090909 0.974747474747475 0.84 0.720930232558139 0.929824561403509 0.902080783353733 1 3 70 2 51.853
0.925 0.944444444444444 0.909090909090909 0.98989898989899 0.85 0.697674418604651 0.964912280701754 0.920440636474908 2 3 70 2 51.853
1 1 1 1 0.81 0.627906976744186 0.947368421052632 0.800285597715218 NA 1 70 3 91.068
1 1 1 1 0.8 0.604651162790698 0.947368421052632 0.805793553651571 5 2 70 3 91.068
1 1 1 1 0.8 0.604651162790698 0.947368421052632 0.794981640146879 8 2 70 3 91.068
1 1 1 1 0.81 0.627906976744186 0.947368421052632 0.794981640146879 10 2 70 3 91.068
0.95 1 0.909090909090909 0.977272727272727 0.87 0.790697674418605 0.929824561403509 0.896776825785394 1 3 70 3 91.068
0.95 0.944444444444444 0.954545454545455 0.992424242424242 0.85 0.697674418604651 0.964912280701754 0.920848633210934 2 3 70 3 91.068
