1 1 1 1 0.84 0.822222222222222 0.854545454545454 0.856161616161616 NA 1 48 1 18.919
1 1 1 1 0.84 0.822222222222222 0.854545454545454 0.861010101010101 5 2 48 1 18.919
1 1 1 1 0.84 0.822222222222222 0.854545454545454 0.861010101010101 8 2 48 1 18.919
1 1 1 1 0.84 0.822222222222222 0.854545454545454 0.861010101010101 10 2 48 1 18.919
0.958333333333333 1 0.875 1 0.85 0.933333333333333 0.781818181818182 0.96 1 3 48 1 18.919
0.958333333333333 1 0.875 1 0.84 0.933333333333333 0.763636363636364 0.945050505050505 2 3 48 1 18.919
1 1 1 1 0.87 0.822222222222222 0.909090909090909 0.896363636363636 NA 1 48 2 35.26
1 1 1 1 0.88 0.822222222222222 0.927272727272727 0.882424242424242 5 2 48 2 35.26
1 1 1 1 0.87 0.822222222222222 0.909090909090909 0.883232323232323 8 2 48 2 35.26
1 1 1 1 0.87 0.822222222222222 0.909090909090909 0.874747474747475 10 2 48 2 35.26
0.958333333333333 1 0.875 1 0.86 0.977777777777778 0.763636363636364 0.959191919191919 1 3 48 2 35.26
0.958333333333333 1 0.875 1 0.85 0.955555555555556 0.763636363636364 0.947878787878788 2 3 48 2 35.26
1 1 1 1 0.82 0.822222222222222 0.818181818181818 0.850909090909091 NA 1 48 3 37.245
1 1 1 1 0.82 0.822222222222222 0.818181818181818 0.839393939393939 5 2 48 3 37.245
1 1 1 1 0.82 0.822222222222222 0.818181818181818 0.845252525252525 8 2 48 3 37.245
1 1 1 1 0.82 0.822222222222222 0.818181818181818 0.846464646464646 10 2 48 3 37.245
0.958333333333333 1 0.875 1 0.86 0.977777777777778 0.763636363636364 0.957171717171717 1 3 48 3 37.245
0.958333333333333 1 0.875 1 0.83 0.955555555555556 0.727272727272727 0.946666666666667 2 3 48 3 37.245
