0.875 0.923076923076923 0.818181818181818 0.902097902097902 0.75 0.735849056603774 0.765957446808511 0.751906864712967 NA 1 98 1 27.476
1 1 1 1 0.74 0.830188679245283 0.638297872340426 0.757326374949819 5 2 98 1 27.476
1 1 1 1 0.76 0.792452830188679 0.723404255319149 0.784223203532718 8 2 98 1 27.476
1 1 1 1 0.65 0.584905660377358 0.723404255319149 0.689883580891208 10 2 98 1 27.476
0.833333333333333 0.923076923076923 0.727272727272727 0.902097902097902 0.7 0.792452830188679 0.595744680851064 0.747490967482939 1 3 98 1 27.476
0.958333333333333 1 0.909090909090909 0.986013986013986 0.64 0.849056603773585 0.404255319148936 0.72019269369731 2 3 98 1 27.476
0.875 0.923076923076923 0.818181818181818 0.909090909090909 0.73 0.735849056603774 0.723404255319149 0.751103974307507 NA 1 98 2 38.065
1 1 1 1 0.85 0.830188679245283 0.872340425531915 0.932958651144119 5 2 98 2 38.065
1 1 1 1 0.82 0.811320754716981 0.829787234042553 0.885588117221999 8 2 98 2 38.065
1 1 1 1 0.85 0.811320754716981 0.893617021276596 0.90646326776395 10 2 98 2 38.065
0.875 0.923076923076923 0.818181818181818 0.881118881118881 0.61 0.792452830188679 0.404255319148936 0.710959454034524 1 3 98 2 38.065
0.958333333333333 1 0.909090909090909 1 0.63 0.886792452830189 0.340425531914894 0.680048173424328 2 3 98 2 38.065
0.875 0.923076923076923 0.818181818181818 0.916083916083916 0.72 0.716981132075472 0.723404255319149 0.745885186672019 NA 1 98 3 52.936
1 1 1 1 0.78 0.754716981132076 0.808510638297872 0.798073063026897 5 2 98 3 52.936
1 1 1 1 0.68 0.584905660377358 0.787234042553192 0.77940586109996 8 2 98 3 52.936
1 1 1 1 0.76 0.754716981132076 0.765957446808511 0.859092733841831 10 2 98 3 52.936
0.875 0.923076923076923 0.818181818181818 0.874125874125874 0.61 0.773584905660377 0.425531914893617 0.730228823765556 1 3 98 3 52.936
0.958333333333333 1 0.909090909090909 1 0.6 0.849056603773585 0.319148936170213 0.67482938578884 2 3 98 3 52.936
