1 1 1 1 0.78 0.702127659574468 0.849056603773585 0.812525090325171 NA 1 70 1 27.063
1 1 1 1 0.78 0.702127659574468 0.849056603773585 0.793456443195504 5 2 70 1 27.063
1 1 1 1 0.78 0.702127659574468 0.849056603773585 0.793456443195504 8 2 70 1 27.063
1 1 1 1 0.77 0.702127659574468 0.830188679245283 0.793456443195504 10 2 70 1 27.063
0.916666666666667 0.888888888888889 0.933333333333333 0.940740740740741 0.78 0.595744680851064 0.943396226415094 0.851465274989964 1 3 70 1 27.063
0.916666666666667 0.888888888888889 0.933333333333333 0.985185185185185 0.65 0.297872340425532 0.962264150943396 0.863107185869129 2 3 70 1 27.063
1 1 1 1 0.79 0.702127659574468 0.867924528301887 0.805901244480128 NA 1 70 2 34.731
1 1 1 1 0.79 0.702127659574468 0.867924528301887 0.793657165796869 5 2 70 2 34.731
1 1 1 1 0.78 0.702127659574468 0.849056603773585 0.79044560417503 8 2 70 2 34.731
1 1 1 1 0.78 0.702127659574468 0.849056603773585 0.79084704937776 10 2 70 2 34.731
0.916666666666667 0.888888888888889 0.933333333333333 0.933333333333333 0.76 0.574468085106383 0.924528301886792 0.845845042151746 1 3 70 2 34.731
0.916666666666667 0.888888888888889 0.933333333333333 0.985185185185185 0.67 0.340425531914894 0.962264150943396 0.857085507828181 2 3 70 2 34.731
1 1 1 1 0.77 0.680851063829787 0.849056603773585 0.779606583701325 NA 1 70 3 50.306
1 1 1 1 0.76 0.659574468085106 0.849056603773585 0.784022480931353 5 2 70 3 50.306
1 1 1 1 0.76 0.680851063829787 0.830188679245283 0.784825371336813 8 2 70 3 50.306
1 1 1 1 0.76 0.680851063829787 0.830188679245283 0.784825371336813 10 2 70 3 50.306
0.916666666666667 0.888888888888889 0.933333333333333 0.977777777777778 0.76 0.574468085106383 0.924528301886792 0.859092733841831 1 3 70 3 50.306
0.916666666666667 0.888888888888889 0.933333333333333 0.985185185185185 0.65 0.297872340425532 0.962264150943396 0.863107185869129 2 3 70 3 50.306
