0.883333333333333 0.893939393939394 0.87037037037037 0.936307519640853 0.85 0.869565217391304 0.833333333333333 0.918276972624799 NA 1 40 1 224.653
0.925 0.954545454545455 0.888888888888889 0.980920314253648 0.86 0.891304347826087 0.833333333333333 0.937600644122383 5 2 40 1 224.653
0.933333333333333 0.96969696969697 0.888888888888889 0.983164983164983 0.82 0.847826086956522 0.796296296296296 0.93317230273752 8 2 40 1 224.653
0.933333333333333 0.954545454545455 0.907407407407407 0.984006734006734 0.82 0.847826086956522 0.796296296296296 0.931159420289855 10 2 40 1 224.653
0.85 0.909090909090909 0.777777777777778 0.934343434343434 0.82 0.847826086956522 0.796296296296296 0.906199677938808 1 3 40 1 224.653
0.941666666666667 0.954545454545455 0.925925925925926 0.978114478114478 0.83 0.847826086956522 0.814814814814815 0.899355877616747 2 3 40 1 224.653
0.875 0.893939393939394 0.851851851851852 0.933501683501683 0.84 0.869565217391304 0.814814814814815 0.9170692431562 NA 1 40 2 240.958
0.925 0.939393939393939 0.907407407407407 0.983726150392817 0.84 0.869565217391304 0.814814814814815 0.927938808373591 5 2 40 2 240.958
0.933333333333333 0.954545454545455 0.907407407407407 0.985409652076319 0.82 0.804347826086957 0.833333333333333 0.927133655394525 8 2 40 2 240.958
0.95 0.954545454545455 0.944444444444444 0.98709315375982 0.81 0.804347826086957 0.814814814814815 0.927536231884058 10 2 40 2 240.958
0.866666666666667 0.909090909090909 0.814814814814815 0.928731762065095 0.83 0.869565217391304 0.796296296296296 0.911433172302738 1 3 40 2 240.958
0.941666666666667 0.96969696969697 0.907407407407407 0.977553310886644 0.81 0.891304347826087 0.740740740740741 0.898953301127214 2 3 40 2 240.958
0.858333333333333 0.893939393939394 0.814814814814815 0.931257014590348 0.84 0.869565217391304 0.814814814814815 0.918276972624799 NA 1 40 3 376.693
0.9 0.924242424242424 0.87037037037037 0.977833894500561 0.86 0.891304347826087 0.833333333333333 0.936795491143317 5 2 40 3 376.693
0.908333333333333 0.939393939393939 0.87037037037037 0.978956228956229 0.84 0.847826086956522 0.833333333333333 0.935185185185185 8 2 40 3 376.693
0.908333333333333 0.939393939393939 0.87037037037037 0.978956228956229 0.83 0.826086956521739 0.833333333333333 0.934782608695652 10 2 40 3 376.693
0.85 0.909090909090909 0.777777777777778 0.930695847362514 0.84 0.869565217391304 0.814814814814815 0.911835748792271 1 3 40 3 376.693
0.933333333333333 0.954545454545455 0.907407407407407 0.972783389450056 0.83 0.891304347826087 0.777777777777778 0.902979066022544 2 3 40 3 376.693
