0.825 0.789473684210526 0.857142857142857 0.922305764411028 0.75 0.745454545454545 0.755555555555556 0.811313131313131 NA 1 90 1 31.31
1 1 1 1 0.76 0.709090909090909 0.822222222222222 0.768484848484848 5 2 90 1 31.31
1 1 1 1 0.66 0.636363636363636 0.688888888888889 0.728484848484849 8 2 90 1 31.31
1 1 1 1 0.75 0.727272727272727 0.777777777777778 0.789090909090909 10 2 90 1 31.31
0.85 0.789473684210526 0.904761904761905 0.909774436090226 0.74 0.690909090909091 0.8 0.812929292929293 1 3 90 1 31.31
0.9 0.842105263157895 0.952380952380952 0.984962406015038 0.75 0.781818181818182 0.711111111111111 0.846464646464646 2 3 90 1 31.31
0.825 0.789473684210526 0.857142857142857 0.924812030075188 0.75 0.745454545454545 0.755555555555556 0.813333333333333 NA 1 90 2 36.479
1 1 1 1 0.76 0.709090909090909 0.822222222222222 0.760808080808081 5 2 90 2 36.479
1 1 1 1 0.72 0.636363636363636 0.822222222222222 0.731313131313131 8 2 90 2 36.479
1 1 1 1 0.73 0.709090909090909 0.755555555555556 0.802020202020202 10 2 90 2 36.479
0.85 0.789473684210526 0.904761904761905 0.914786967418546 0.74 0.690909090909091 0.8 0.817373737373737 1 3 90 2 36.479
0.925 0.842105263157895 1 0.982456140350877 0.76 0.781818181818182 0.733333333333333 0.850909090909091 2 3 90 2 36.479
0.85 0.789473684210526 0.904761904761905 0.924812030075188 0.72 0.709090909090909 0.733333333333333 0.798787878787879 NA 1 90 3 53.955
1 1 1 1 0.72 0.672727272727273 0.777777777777778 0.766666666666667 5 2 90 3 53.955
1 1 1 1 0.73 0.672727272727273 0.8 0.80040404040404 8 2 90 3 53.955
1 1 1 1 0.71 0.690909090909091 0.733333333333333 0.737575757575758 10 2 90 3 53.955
0.825 0.736842105263158 0.904761904761905 0.892230576441103 0.75 0.709090909090909 0.8 0.81010101010101 1 3 90 3 53.955
0.9 0.842105263157895 0.952380952380952 0.977443609022556 0.77 0.781818181818182 0.755555555555556 0.83030303030303 2 3 90 3 53.955
