0.865 0.876190476190476 0.852631578947368 0.950576441102757 0.87 0.851851851851852 0.891304347826087 0.925523349436393 NA 1 57 1 385.285
0.935 0.933333333333333 0.936842105263158 0.985563909774436 0.9 0.851851851851852 0.956521739130435 0.980676328502415 5 2 57 1 385.285
0.945 0.933333333333333 0.957894736842105 0.987368421052632 0.91 0.888888888888889 0.934782608695652 0.976650563607085 8 2 57 1 385.285
0.94 0.933333333333333 0.947368421052632 0.988070175438596 0.89 0.888888888888889 0.891304347826087 0.973429951690821 10 2 57 1 385.285
0.87 0.885714285714286 0.852631578947368 0.949874686716792 0.85 0.814814814814815 0.891304347826087 0.92512077294686 1 3 57 1 385.285
0.935 0.933333333333333 0.936842105263158 0.989674185463659 0.87 0.851851851851852 0.891304347826087 0.951690821256039 2 3 57 1 385.285
0.87 0.876190476190476 0.863157894736842 0.950576441102757 0.87 0.851851851851852 0.891304347826087 0.927133655394525 NA 1 57 2 345.579
0.935 0.933333333333333 0.936842105263158 0.985864661654135 0.9 0.851851851851852 0.956521739130435 0.980273752012882 5 2 57 2 345.579
0.945 0.933333333333333 0.957894736842105 0.987568922305764 0.91 0.907407407407407 0.91304347826087 0.975845410628019 8 2 57 2 345.579
0.95 0.933333333333333 0.968421052631579 0.988270676691729 0.89 0.888888888888889 0.891304347826087 0.973429951690821 10 2 57 2 345.579
0.86 0.895238095238095 0.821052631578947 0.949974937343358 0.86 0.833333333333333 0.891304347826087 0.926328502415459 1 3 57 2 345.579
0.935 0.933333333333333 0.936842105263158 0.989273182957394 0.86 0.833333333333333 0.891304347826087 0.951690821256039 2 3 57 2 345.579
0.88 0.895238095238095 0.863157894736842 0.949473684210526 0.88 0.851851851851852 0.91304347826087 0.926731078904992 NA 1 57 3 659.832
0.935 0.933333333333333 0.936842105263158 0.985563909774436 0.91 0.888888888888889 0.934782608695652 0.980676328502415 5 2 57 3 659.832
0.945 0.933333333333333 0.957894736842105 0.988270676691729 0.9 0.888888888888889 0.91304347826087 0.977053140096618 8 2 57 3 659.832
0.945 0.933333333333333 0.957894736842105 0.990476190476191 0.89 0.87037037037037 0.91304347826087 0.965780998389694 10 2 57 3 659.832
0.875 0.904761904761905 0.842105263157895 0.948270676691729 0.86 0.833333333333333 0.891304347826087 0.92512077294686 1 3 57 3 659.832
0.93 0.923809523809524 0.936842105263158 0.990275689223058 0.87 0.87037037037037 0.869565217391304 0.947665056360709 2 3 57 3 659.832
