0.975 0.976190476190476 0.973684210526316 0.994987468671679 0.82 0.709090909090909 0.955555555555556 0.930505050505051 NA 1 14 1 93.078
1 1 1 1 0.75 0.818181818181818 0.666666666666667 0.793131313131313 5 2 14 1 93.078
1 1 1 1 0.84 0.727272727272727 0.977777777777778 0.85979797979798 8 2 14 1 93.078
1 1 1 1 0.83 0.709090909090909 0.977777777777778 0.862626262626263 10 2 14 1 93.078
0.9375 0.952380952380952 0.921052631578947 0.991854636591479 0.82 0.781818181818182 0.866666666666667 0.938181818181818 1 3 14 1 93.078
0.95 0.976190476190476 0.921052631578947 0.996867167919799 0.82 0.745454545454545 0.911111111111111 0.943838383838384 2 3 14 1 93.078
0.975 0.976190476190476 0.973684210526316 0.994987468671679 0.82 0.709090909090909 0.955555555555556 0.936969696969697 NA 1 14 2 103.073
1 1 1 1 0.81 0.690909090909091 0.955555555555556 0.826060606060606 5 2 14 2 103.073
1 1 1 1 0.81 0.836363636363636 0.777777777777778 0.84969696969697 8 2 14 2 103.073
1 1 1 1 0.89 0.854545454545454 0.933333333333333 0.912323232323232 10 2 14 2 103.073
0.95 0.976190476190476 0.921052631578947 0.994360902255639 0.84 0.763636363636364 0.933333333333333 0.943434343434343 1 3 14 2 103.073
0.95 0.976190476190476 0.921052631578947 0.996867167919799 0.85 0.8 0.911111111111111 0.945454545454545 2 3 14 2 103.073
0.975 0.976190476190476 0.973684210526316 0.993107769423559 0.81 0.709090909090909 0.933333333333333 0.935353535353535 NA 1 14 3 146.096
1 1 1 1 0.81 0.781818181818182 0.844444444444444 0.854141414141414 5 2 14 3 146.096
1 1 1 1 0.78 0.636363636363636 0.955555555555556 0.825656565656566 8 2 14 3 146.096
1 1 1 1 0.81 0.690909090909091 0.955555555555556 0.851717171717172 10 2 14 3 146.096
0.9375 0.952380952380952 0.921052631578947 0.992481203007519 0.85 0.781818181818182 0.933333333333333 0.942626262626263 1 3 14 3 146.096
0.95 0.976190476190476 0.921052631578947 0.996867167919799 0.85 0.781818181818182 0.933333333333333 0.953535353535354 2 3 14 3 146.096
