1 1 1 1 0.78 0.740740740740741 0.826086956521739 0.780595813204509 NA 1 37 1 26.501
1 1 1 1 0.78 0.740740740740741 0.826086956521739 0.780595813204509 5 2 37 1 26.501
1 1 1 1 0.78 0.740740740740741 0.826086956521739 0.780595813204509 8 2 37 1 26.501
1 1 1 1 0.78 0.740740740740741 0.826086956521739 0.780595813204509 10 2 37 1 26.501
0.791666666666667 0.916666666666667 0.666666666666667 0.965277777777778 0.8 0.814814814814815 0.782608695652174 0.882850241545894 1 3 37 1 26.501
0.958333333333333 1 0.916666666666667 1 0.83 0.87037037037037 0.782608695652174 0.881642512077295 2 3 37 1 26.501
1 1 1 1 0.78 0.740740740740741 0.826086956521739 0.788647342995169 NA 1 37 2 35.719
1 1 1 1 0.78 0.740740740740741 0.826086956521739 0.788647342995169 5 2 37 2 35.719
1 1 1 1 0.78 0.740740740740741 0.826086956521739 0.788647342995169 8 2 37 2 35.719
1 1 1 1 0.78 0.740740740740741 0.826086956521739 0.788647342995169 10 2 37 2 35.719
0.791666666666667 0.916666666666667 0.666666666666667 0.958333333333333 0.81 0.833333333333333 0.782608695652174 0.881642512077295 1 3 37 2 35.719
0.958333333333333 1 0.916666666666667 1 0.83 0.87037037037037 0.782608695652174 0.881642512077295 2 3 37 2 35.719
1 1 1 1 0.81 0.833333333333333 0.782608695652174 0.844202898550725 NA 1 37 3 48.509
1 1 1 1 0.82 0.851851851851852 0.782608695652174 0.837761674718197 5 2 37 3 48.509
1 1 1 1 0.82 0.851851851851852 0.782608695652174 0.837359098228664 8 2 37 3 48.509
1 1 1 1 0.82 0.851851851851852 0.782608695652174 0.837761674718197 10 2 37 3 48.509
0.833333333333333 1 0.666666666666667 0.972222222222222 0.81 0.833333333333333 0.782608695652174 0.88768115942029 1 3 37 3 48.509
1 1 1 1 0.85 0.87037037037037 0.826086956521739 0.885668276972625 2 3 37 3 48.509
