0.85 0.818181818181818 0.888888888888889 0.936868686868687 0.8 0.92 0.68 0.928 NA 1 58 1 56.059
1 1 1 1 0.82 0.88 0.76 0.844 5 2 58 1 56.059
1 1 1 1 0.76 0.94 0.58 0.887 8 2 58 1 56.059
1 1 1 1 0.81 0.86 0.76 0.8192 10 2 58 1 56.059
0.875 0.863636363636364 0.888888888888889 0.944444444444445 0.79 0.94 0.64 0.9236 1 3 58 1 56.059
1 1 1 1 0.81 0.96 0.66 0.9336 2 3 58 1 56.059
0.85 0.818181818181818 0.888888888888889 0.941919191919192 0.79 0.9 0.68 0.9324 NA 1 58 2 63.077
1 1 1 1 0.85 0.94 0.76 0.8852 5 2 58 2 63.077
1 1 1 1 0.74 0.84 0.64 0.8228 8 2 58 2 63.077
1 1 1 1 0.85 0.94 0.76 0.8912 10 2 58 2 63.077
0.875 0.863636363636364 0.888888888888889 0.939393939393939 0.78 0.92 0.64 0.926 1 3 58 2 63.077
1 1 1 1 0.81 0.96 0.66 0.9336 2 3 58 2 63.077
0.85 0.818181818181818 0.888888888888889 0.944444444444445 0.8 0.9 0.7 0.9332 NA 1 58 3 101.261
0.975 0.954545454545455 1 1 0.75 0.72 0.78 0.829 5 2 58 3 101.261
1 1 1 1 0.81 0.84 0.78 0.8966 8 2 58 3 101.261
1 1 1 1 0.88 0.96 0.8 0.9104 10 2 58 3 101.261
0.85 0.863636363636364 0.833333333333333 0.946969696969697 0.78 0.94 0.62 0.9264 1 3 58 3 101.261
1 1 1 1 0.81 0.96 0.66 0.9336 2 3 58 3 101.261
