0.865 0.865284974093264 0.864734299516908 0.937623588896398 0.85 0.814814814814815 0.891304347826087 0.924718196457327 NA 1 67 1 497.332
0.9125 0.901554404145078 0.922705314009662 0.971364922029486 0.96 0.925925925925926 1 0.980676328502415 5 2 67 1 497.332
0.92 0.911917098445596 0.927536231884058 0.97234111786939 0.94 0.907407407407407 0.978260869565217 0.975040257648953 8 2 67 1 497.332
0.92 0.917098445595855 0.922705314009662 0.972591424495006 0.94 0.907407407407407 0.978260869565217 0.973429951690821 10 2 67 1 497.332
0.8575 0.865284974093264 0.85024154589372 0.937673650221521 0.84 0.796296296296296 0.891304347826087 0.920289855072464 1 3 67 1 497.332
0.92 0.927461139896373 0.91304347826087 0.969888112938349 0.91 0.833333333333333 1 0.962962962962963 2 3 67 1 497.332
0.8625 0.865284974093264 0.859903381642512 0.937974018172261 0.85 0.814814814814815 0.891304347826087 0.924315619967794 NA 1 67 2 537.784
0.9125 0.901554404145078 0.922705314009662 0.97189056594328 0.96 0.925925925925926 1 0.981078904991948 5 2 67 2 537.784
0.9225 0.922279792746114 0.922705314009662 0.972791669795499 0.93 0.888888888888889 0.978260869565217 0.976650563607085 8 2 67 2 537.784
0.9225 0.922279792746114 0.922705314009662 0.973016945758554 0.93 0.888888888888889 0.978260869565217 0.973832528180354 10 2 67 2 537.784
0.8675 0.875647668393782 0.859903381642512 0.937323220945658 0.85 0.814814814814815 0.891304347826087 0.922705314009662 1 3 67 2 537.784
0.92 0.927461139896373 0.91304347826087 0.967985782583665 0.91 0.833333333333333 1 0.961755233494364 2 3 67 2 537.784
0.87 0.880829015544041 0.859903381642512 0.937122975645165 0.83 0.796296296296296 0.869565217391304 0.922705314009662 NA 1 67 3 904.369
0.915 0.906735751295337 0.922705314009662 0.971815473955596 0.96 0.925925925925926 1 0.981078904991948 5 2 67 3 904.369
0.915 0.922279792746114 0.908212560386473 0.972891792445746 0.92 0.888888888888889 0.956521739130435 0.975040257648953 8 2 67 3 904.369
0.9175 0.922279792746114 0.91304347826087 0.974368601536883 0.92 0.888888888888889 0.956521739130435 0.969001610305958 10 2 67 3 904.369
0.87 0.875647668393782 0.864734299516908 0.936372055768316 0.84 0.796296296296296 0.891304347826087 0.921900161030596 1 3 67 3 904.369
0.925 0.932642487046632 0.917874396135266 0.967284924031939 0.89 0.814814814814815 0.978260869565217 0.96256038647343 2 3 67 3 904.369
