0.825 0.825396825396825 0.824561403508772 0.926482873851295 0.83 0.854166666666667 0.807692307692308 0.904246794871795 NA 1 20 1 182.057
0.975 0.984126984126984 0.964912280701754 0.996379838485102 0.81 0.8125 0.807692307692308 0.862780448717949 5 2 20 1 182.057
0.975 0.984126984126984 0.964912280701754 0.994152046783626 0.83 0.854166666666667 0.807692307692308 0.897435897435897 8 2 20 1 182.057
1 1 1 1 0.75 0.791666666666667 0.711538461538462 0.803485576923077 10 2 20 1 182.057
0.833333333333333 0.857142857142857 0.807017543859649 0.924255082149819 0.87 0.916666666666667 0.826923076923077 0.91426282051282 1 3 20 1 182.057
0.916666666666667 0.888888888888889 0.947368421052632 0.978835978835979 0.88 0.916666666666667 0.846153846153846 0.926682692307692 2 3 20 1 182.057
0.825 0.825396825396825 0.824561403508772 0.927596769702033 0.85 0.875 0.826923076923077 0.907852564102564 NA 1 20 2 176.133
0.975 0.984126984126984 0.964912280701754 0.995544416597048 0.83 0.8125 0.846153846153846 0.865785256410256 5 2 20 2 176.133
0.975 0.984126984126984 0.964912280701754 0.993873572820941 0.84 0.854166666666667 0.826923076923077 0.897435897435897 8 2 20 2 176.133
0.975 0.984126984126984 0.964912280701754 0.99749373433584 0.84 0.854166666666667 0.826923076923077 0.89463141025641 10 2 20 2 176.133
0.825 0.841269841269841 0.807017543859649 0.92620439988861 0.89 0.916666666666667 0.865384615384615 0.911458333333333 1 3 20 2 176.133
0.916666666666667 0.888888888888889 0.947368421052632 0.978557504873294 0.89 0.916666666666667 0.865384615384615 0.928285256410256 2 3 20 2 176.133
0.825 0.825396825396825 0.824561403508772 0.926482873851295 0.82 0.854166666666667 0.788461538461538 0.906650641025641 NA 1 20 3 324.542
0.966666666666667 0.968253968253968 0.964912280701754 0.989417989417989 0.86 0.895833333333333 0.826923076923077 0.930689102564103 5 2 20 3 324.542
0.975 0.984126984126984 0.964912280701754 0.997772208298524 0.83 0.875 0.788461538461538 0.893429487179487 8 2 20 3 324.542
1 1 1 1 0.74 0.770833333333333 0.711538461538462 0.750400641025641 10 2 20 3 324.542
0.816666666666667 0.841269841269841 0.789473684210526 0.926482873851295 0.83 0.875 0.788461538461538 0.907451923076923 1 3 20 3 324.542
0.925 0.904761904761905 0.947368421052632 0.978000556947925 0.88 0.916666666666667 0.846153846153846 0.924278846153846 2 3 20 3 324.542
