0.855 0.864130434782609 0.847222222222222 0.925347222222222 0.76 0.729166666666667 0.788461538461538 0.897836538461538 NA 1 93 1 354.238
0.905 0.91304347826087 0.898148148148148 0.97013385668277 0.89 0.9375 0.846153846153846 0.973157051282051 5 2 93 1 354.238
0.9125 0.902173913043478 0.921296296296296 0.973128019323672 0.92 0.9375 0.903846153846154 0.97275641025641 8 2 93 1 354.238
0.9075 0.891304347826087 0.921296296296296 0.973304146537842 0.92 0.9375 0.903846153846154 0.971955128205128 10 2 93 1 354.238
0.85 0.869565217391304 0.833333333333333 0.924919484702093 0.78 0.770833333333333 0.788461538461538 0.904246794871795 1 3 93 1 354.238
0.9125 0.907608695652174 0.916666666666667 0.966787439613527 0.85 0.8125 0.884615384615385 0.943910256410256 2 3 93 1 354.238
0.855 0.864130434782609 0.847222222222222 0.925850442834138 0.76 0.729166666666667 0.788461538461538 0.897836538461538 NA 1 93 2 364.822
0.905 0.907608695652174 0.902777777777778 0.969731280193237 0.89 0.9375 0.846153846153846 0.972355769230769 5 2 93 2 364.822
0.9025 0.896739130434783 0.907407407407407 0.972750603864734 0.92 0.9375 0.903846153846154 0.971955128205128 8 2 93 2 364.822
0.9 0.891304347826087 0.907407407407407 0.973128019323672 0.92 0.9375 0.903846153846154 0.971955128205128 10 2 93 2 364.822
0.8475 0.875 0.824074074074074 0.925296900161031 0.78 0.770833333333333 0.788461538461538 0.903846153846154 1 3 93 2 364.822
0.9075 0.902173913043478 0.912037037037037 0.967064210950081 0.84 0.791666666666667 0.884615384615385 0.944711538461538 2 3 93 2 364.822
0.8475 0.853260869565217 0.842592592592593 0.922906602254428 0.78 0.770833333333333 0.788461538461538 0.903846153846154 NA 1 93 3 646.948
0.905 0.91304347826087 0.898148148148148 0.970561594202899 0.9 0.9375 0.865384615384615 0.971955128205128 5 2 93 3 646.948
0.9125 0.902173913043478 0.921296296296296 0.973832528180354 0.92 0.9375 0.903846153846154 0.970352564102564 8 2 93 3 646.948
0.9125 0.902173913043478 0.921296296296296 0.9741596215781 0.93 0.958333333333333 0.903846153846154 0.969551282051282 10 2 93 3 646.948
0.85 0.858695652173913 0.842592592592593 0.92265499194847 0.82 0.8125 0.826923076923077 0.907852564102564 1 3 93 3 646.948
0.9075 0.907608695652174 0.907407407407407 0.965730676328502 0.83 0.791666666666667 0.865384615384615 0.946714743589744 2 3 93 3 646.948
