0.9025 0.922330097087379 0.881443298969072 0.964367931138024 0.88 0.816326530612245 0.941176470588235 0.939575830332133 NA 1 84 1 1064.269
0.9425 0.946601941747573 0.938144329896907 0.988539685717145 0.93 0.918367346938776 0.941176470588235 0.97719087635054 5 2 84 1 1064.269
0.94 0.946601941747573 0.93298969072165 0.988940046041437 0.93 0.918367346938776 0.941176470588235 0.973189275710284 8 2 84 1 1064.269
0.94 0.946601941747573 0.93298969072165 0.989515564007607 0.93 0.918367346938776 0.941176470588235 0.971188475390156 10 2 84 1 1064.269
0.9 0.912621359223301 0.88659793814433 0.964493043739365 0.88 0.816326530612245 0.941176470588235 0.93797519007603 1 3 84 1 1064.269
0.945 0.961165048543689 0.927835051546392 0.985562005805225 0.9 0.877551020408163 0.92156862745098 0.965186074429772 2 3 84 1 1064.269
0.9075 0.922330097087379 0.891752577319588 0.966544890401361 0.87 0.795918367346939 0.941176470588235 0.938775510204082 NA 1 84 2 1006.068
0.9425 0.946601941747573 0.938144329896907 0.988439595636072 0.93 0.918367346938776 0.941176470588235 0.976390556222489 5 2 84 2 1006.068
0.9425 0.946601941747573 0.938144329896907 0.989165248723851 0.93 0.918367346938776 0.941176470588235 0.971988795518207 8 2 84 2 1006.068
0.9425 0.946601941747573 0.938144329896907 0.989540586527875 0.93 0.918367346938776 0.941176470588235 0.971588635454182 10 2 84 2 1006.068
0.905 0.922330097087379 0.88659793814433 0.96641977780002 0.87 0.795918367346939 0.941176470588235 0.93797519007603 1 3 84 2 1006.068
0.95 0.961165048543689 0.938144329896907 0.985386848163347 0.9 0.877551020408163 0.92156862745098 0.959183673469388 2 3 84 2 1006.068
0.9025 0.91747572815534 0.88659793814433 0.96584425983385 0.87 0.795918367346939 0.941176470588235 0.940376150460184 NA 1 84 3 1599.698
0.945 0.946601941747573 0.943298969072165 0.988439595636073 0.93 0.918367346938776 0.941176470588235 0.976390556222489 5 2 84 3 1599.698
0.945 0.946601941747573 0.943298969072165 0.98904013612251 0.93 0.918367346938776 0.941176470588235 0.971988795518207 8 2 84 3 1599.698
0.945 0.946601941747573 0.943298969072165 0.989365428885997 0.93 0.918367346938776 0.941176470588235 0.970388155262105 10 2 84 3 1599.698
0.9 0.902912621359223 0.896907216494845 0.96514362926634 0.86 0.795918367346939 0.92156862745098 0.938775510204082 1 3 84 3 1599.698
0.9475 0.961165048543689 0.93298969072165 0.985562005805225 0.9 0.877551020408163 0.92156862745098 0.965586234493798 2 3 84 3 1599.698
