0.90625 0.842105263157895 1 0.921052631578947 0.73 0.804347826086957 0.666666666666667 0.735507246376812 NA 1 15 1 38.219
1 1 1 1 0.61 0.760869565217391 0.481481481481481 0.621175523349436 5 2 15 1 38.219
1 1 1 1 0.61 0.760869565217391 0.481481481481481 0.621175523349436 8 2 15 1 38.219
1 1 1 1 0.61 0.760869565217391 0.481481481481481 0.621175523349436 10 2 15 1 38.219
0.9375 0.947368421052632 0.923076923076923 0.97165991902834 0.7 0.804347826086957 0.611111111111111 0.819243156199678 1 3 15 1 38.219
0.90625 0.947368421052632 0.846153846153846 0.991902834008097 0.74 0.739130434782609 0.740740740740741 0.853462157809984 2 3 15 1 38.219
0.90625 0.842105263157895 1 0.921052631578947 0.67 0.673913043478261 0.666666666666667 0.670289855072464 NA 1 15 2 36.707
1 1 1 1 0.6 0.760869565217391 0.462962962962963 0.611916264090177 5 2 15 2 36.707
1 1 1 1 0.6 0.760869565217391 0.462962962962963 0.611916264090177 8 2 15 2 36.707
1 1 1 1 0.6 0.760869565217391 0.462962962962963 0.611916264090177 10 2 15 2 36.707
0.9375 0.947368421052632 0.923076923076923 0.975708502024291 0.73 0.826086956521739 0.648148148148148 0.82085346215781 1 3 15 2 36.707
0.90625 0.947368421052632 0.846153846153846 0.991902834008097 0.74 0.739130434782609 0.740740740740741 0.85024154589372 2 3 15 2 36.707
0.90625 0.894736842105263 0.923076923076923 0.975708502024291 0.66 0.717391304347826 0.611111111111111 0.775563607085346 NA 1 15 3 66.12
1 1 1 1 0.72 0.891304347826087 0.574074074074074 0.739533011272142 5 2 15 3 66.12
1 1 1 1 0.72 0.804347826086957 0.648148148148148 0.747785829307568 8 2 15 3 66.12
1 1 1 1 0.72 0.804347826086957 0.648148148148148 0.7493961352657 10 2 15 3 66.12
0.875 0.947368421052632 0.769230769230769 0.975708502024291 0.7 0.826086956521739 0.592592592592593 0.810386473429952 1 3 15 3 66.12
0.9375 1 0.846153846153846 0.995951417004049 0.75 0.760869565217391 0.740740740740741 0.860708534621578 2 3 15 3 66.12
