0.941666666666667 0.946428571428571 0.9375 0.983816964285714 0.84 0.80952380952381 0.862068965517241 0.926929392446634 NA 1 33 1 103.462
1 1 1 1 0.84 0.833333333333333 0.844827586206897 0.842569786535304 5 2 33 1 103.462
1 1 1 1 0.81 0.80952380952381 0.810344827586207 0.854679802955665 8 2 33 1 103.462
0.991666666666667 0.982142857142857 1 0.988839285714286 0.84 0.80952380952381 0.862068965517241 0.845032840722496 10 2 33 1 103.462
0.941666666666667 0.928571428571429 0.953125 0.982142857142857 0.85 0.833333333333333 0.862068965517241 0.941707717569787 1 3 33 1 103.462
0.966666666666667 0.964285714285714 0.96875 0.989397321428571 0.9 0.904761904761905 0.896551724137931 0.942939244663383 2 3 33 1 103.462
0.941666666666667 0.946428571428571 0.9375 0.984933035714286 0.84 0.80952380952381 0.862068965517241 0.926518883415435 NA 1 33 2 146.941
1 1 1 1 0.81 0.833333333333333 0.793103448275862 0.817939244663383 5 2 33 2 146.941
1 1 1 1 0.86 0.904761904761905 0.827586206896552 0.879105090311987 8 2 33 2 146.941
1 1 1 1 0.83 0.857142857142857 0.810344827586207 0.864532019704433 10 2 33 2 146.941
0.941666666666667 0.928571428571429 0.953125 0.982979910714286 0.86 0.833333333333333 0.879310344827586 0.940886699507389 1 3 33 2 146.941
0.966666666666667 0.964285714285714 0.96875 0.989397321428571 0.9 0.904761904761905 0.896551724137931 0.944170771756979 2 3 33 2 146.941
0.941666666666667 0.928571428571429 0.953125 0.984095982142857 0.84 0.833333333333333 0.844827586206897 0.926518883415435 NA 1 33 3 224.233
1 1 1 1 0.8 0.833333333333333 0.775862068965517 0.836617405582923 5 2 33 3 224.233
1 1 1 1 0.82 0.857142857142857 0.793103448275862 0.868226600985222 8 2 33 3 224.233
1 1 1 1 0.83 0.857142857142857 0.810344827586207 0.858784893267652 10 2 33 3 224.233
0.925 0.910714285714286 0.9375 0.982142857142857 0.85 0.833333333333333 0.862068965517241 0.938013136288998 1 3 33 3 224.233
0.966666666666667 0.964285714285714 0.96875 0.989955357142857 0.87 0.857142857142857 0.879310344827586 0.942118226600985 2 3 33 3 224.233
