0.833333333333333 0.821428571428571 0.84375 0.897042410714286 0.86 0.823529411764706 0.897959183673469 0.944777911164466 NA 1 43 1 254.709
0.883333333333333 0.875 0.890625 0.973214285714286 0.88 0.901960784313726 0.857142857142857 0.95718287314926 5 2 43 1 254.709
0.933333333333333 0.928571428571429 0.9375 0.985212053571429 0.84 0.843137254901961 0.836734693877551 0.945178071228491 8 2 43 1 254.709
0.925 0.928571428571429 0.921875 0.986886160714286 0.86 0.843137254901961 0.877551020408163 0.941976790716286 10 2 43 1 254.709
0.833333333333333 0.803571428571429 0.859375 0.894252232142857 0.86 0.843137254901961 0.877551020408163 0.943177270908363 1 3 43 1 254.709
0.9 0.892857142857143 0.90625 0.978515625 0.91 0.901960784313726 0.918367346938776 0.968387354941977 2 3 43 1 254.709
0.833333333333333 0.821428571428571 0.84375 0.898716517857143 0.86 0.823529411764706 0.897959183673469 0.942777110844338 NA 1 43 2 192.003
0.883333333333333 0.875 0.890625 0.973493303571429 0.88 0.901960784313726 0.857142857142857 0.958383353341337 5 2 43 2 192.003
0.941666666666667 0.928571428571429 0.953125 0.985770089285714 0.84 0.843137254901961 0.836734693877551 0.943577430972389 8 2 43 2 192.003
0.933333333333333 0.946428571428571 0.921875 0.987165178571429 0.86 0.843137254901961 0.877551020408163 0.94077631052421 10 2 43 2 192.003
0.833333333333333 0.803571428571429 0.859375 0.894810267857143 0.87 0.843137254901961 0.897959183673469 0.944777911164466 1 3 43 2 192.003
0.9 0.892857142857143 0.90625 0.978794642857143 0.91 0.901960784313726 0.918367346938776 0.966786714685874 2 3 43 2 192.003
0.816666666666667 0.785714285714286 0.84375 0.895926339285714 0.86 0.823529411764706 0.897959183673469 0.945178071228491 NA 1 43 3 442.882
0.883333333333333 0.875 0.890625 0.972377232142857 0.88 0.901960784313726 0.857142857142857 0.957583033213285 5 2 43 3 442.882
0.933333333333333 0.928571428571429 0.9375 0.984095982142857 0.84 0.843137254901961 0.836734693877551 0.948379351740696 8 2 43 3 442.882
0.925 0.910714285714286 0.9375 0.986607142857143 0.85 0.843137254901961 0.857142857142857 0.944777911164466 10 2 43 3 442.882
0.8 0.803571428571429 0.796875 0.889508928571429 0.86 0.882352941176471 0.836734693877551 0.943577430972389 1 3 43 3 442.882
0.908333333333333 0.910714285714286 0.90625 0.977399553571429 0.93 0.941176470588235 0.918367346938776 0.973189275710284 2 3 43 3 442.882
