0.875 0.904761904761905 0.842105263157895 0.954887218045113 0.93 0.981132075471698 0.872340425531915 0.97591328783621 NA 1 24 1 40.291
1 1 1 1 0.93 0.886792452830189 0.978723404255319 0.946206342834203 5 2 24 1 40.291
1 1 1 1 0.87 0.849056603773585 0.893617021276596 0.935969490164593 8 2 24 1 40.291
1 1 1 1 0.88 0.830188679245283 0.936170212765957 0.924126856684063 10 2 24 1 40.291
0.85 0.952380952380952 0.736842105263158 0.944862155388471 0.84 0.981132075471698 0.680851063829787 0.972300281011642 1 3 24 1 40.291
0.975 1 0.947368421052632 0.99749373433584 0.82 0.886792452830189 0.74468085106383 0.936170212765957 2 3 24 1 40.291
0.85 0.857142857142857 0.842105263157895 0.952380952380952 0.91 0.962264150943396 0.851063829787234 0.973103171417102 NA 1 24 2 41.471
1 1 1 1 0.87 0.811320754716981 0.936170212765957 0.922320353271778 5 2 24 2 41.471
1 1 1 1 0.82 0.830188679245283 0.808510638297872 0.844640706543557 8 2 24 2 41.471
1 1 1 1 0.88 0.924528301886792 0.829787234042553 0.923725411481333 10 2 24 2 41.471
0.85 0.952380952380952 0.736842105263158 0.942355889724311 0.83 0.981132075471698 0.659574468085106 0.969088719389803 1 3 24 2 41.471
0.95 0.952380952380952 0.947368421052632 0.99749373433584 0.84 0.886792452830189 0.787234042553192 0.939783219590526 2 3 24 2 41.471
0.875 0.904761904761905 0.842105263157895 0.957393483709273 0.92 0.962264150943396 0.872340425531915 0.975511842633481 NA 1 24 3 60.316
1 1 1 1 0.87 0.830188679245283 0.914893617021277 0.916900843034926 5 2 24 3 60.316
1 1 1 1 0.9 0.867924528301887 0.936170212765957 0.910879164993978 8 2 24 3 60.316
1 1 1 1 0.88 0.830188679245283 0.936170212765957 0.924729024488157 10 2 24 3 60.316
0.85 0.952380952380952 0.736842105263158 0.952380952380952 0.84 0.962264150943396 0.702127659574468 0.962264150943396 1 3 24 3 60.316
0.925 0.952380952380952 0.894736842105263 0.994987468671679 0.82 0.886792452830189 0.74468085106383 0.932557205941389 2 3 24 3 60.316
