0.925 0.92156862745098 0.927536231884058 0.970446149474282 0.78 0.745098039215686 0.816326530612245 0.861544617847139 NA 1 11 1 181.756
1 1 1 1 0.91 0.941176470588235 0.877551020408163 0.927571028411365 5 2 11 1 181.756
1 1 1 1 0.87 0.901960784313726 0.836734693877551 0.887955182072829 8 2 11 1 181.756
1 1 1 1 0.92 0.96078431372549 0.877551020408163 0.945578231292517 10 2 11 1 181.756
0.925 0.92156862745098 0.927536231884058 0.965615231599886 0.78 0.745098039215686 0.816326530612245 0.862745098039216 1 3 11 1 181.756
0.966666666666667 0.980392156862745 0.956521739130435 0.994600738846263 0.81 0.764705882352941 0.857142857142857 0.910364145658263 2 3 11 1 181.756
0.925 0.92156862745098 0.927536231884058 0.970161977834612 0.78 0.745098039215686 0.816326530612245 0.861544617847139 NA 1 11 2 239.617
1 1 1 1 0.94 0.980392156862745 0.897959183673469 0.947979191676671 5 2 11 2 239.617
1 1 1 1 0.93 0.96078431372549 0.897959183673469 0.955382152861145 8 2 11 2 239.617
1 1 1 1 0.92 0.96078431372549 0.877551020408163 0.947378951580632 10 2 11 2 239.617
0.941666666666667 0.941176470588235 0.942028985507246 0.967036089798238 0.77 0.745098039215686 0.795918367346939 0.863545418167267 1 3 11 2 239.617
0.966666666666667 0.980392156862745 0.956521739130435 0.994600738846263 0.81 0.764705882352941 0.857142857142857 0.910364145658263 2 3 11 2 239.617
0.925 0.92156862745098 0.927536231884058 0.969309462915601 0.77 0.725490196078431 0.816326530612245 0.861144457783113 NA 1 11 3 327.215
1 1 1 1 0.9 0.92156862745098 0.877551020408163 0.923569427771109 5 2 11 3 327.215
1 1 1 1 0.9 0.941176470588235 0.857142857142857 0.943177270908363 8 2 11 3 327.215
1 1 1 1 0.9 0.901960784313726 0.897959183673469 0.915966386554622 10 2 11 3 327.215
0.925 0.901960784313726 0.942028985507246 0.963341858482524 0.77 0.745098039215686 0.795918367346939 0.861144457783113 1 3 11 3 327.215
0.966666666666667 0.980392156862745 0.956521739130435 0.994884910485934 0.81 0.764705882352941 0.857142857142857 0.906762705082033 2 3 11 3 327.215
