0.841666666666667 0.876923076923077 0.8 0.938461538461538 0.77 0.754385964912281 0.790697674418605 0.847001223990208 NA 1 54 1 240.321
0.95 0.969230769230769 0.927272727272727 0.983496503496504 0.84 0.824561403508772 0.86046511627907 0.944920440636475 5 2 54 1 240.321
0.958333333333333 0.969230769230769 0.945454545454545 0.984055944055944 0.85 0.842105263157895 0.86046511627907 0.942064463484292 8 2 54 1 240.321
0.95 0.969230769230769 0.927272727272727 0.984335664335664 0.86 0.859649122807018 0.86046511627907 0.94328845369237 10 2 54 1 240.321
0.858333333333333 0.876923076923077 0.836363636363636 0.932867132867133 0.77 0.754385964912281 0.790697674418605 0.839249286005712 1 3 54 1 240.321
0.916666666666667 0.938461538461538 0.890909090909091 0.983216783216783 0.76 0.736842105263158 0.790697674418605 0.864953080375357 2 3 54 1 240.321
0.866666666666667 0.892307692307692 0.836363636363636 0.941538461538462 0.75 0.719298245614035 0.790697674418605 0.849449204406365 NA 1 54 2 265.649
0.95 0.969230769230769 0.927272727272727 0.982657342657343 0.85 0.824561403508772 0.883720930232558 0.946960424316605 5 2 54 2 265.649
0.958333333333333 0.969230769230769 0.945454545454545 0.983216783216783 0.85 0.842105263157895 0.86046511627907 0.943696450428397 8 2 54 2 265.649
0.95 0.953846153846154 0.945454545454545 0.984335664335664 0.84 0.824561403508772 0.86046511627907 0.942880456956344 10 2 54 2 265.649
0.866666666666667 0.876923076923077 0.854545454545454 0.936783216783217 0.76 0.736842105263158 0.790697674418605 0.838841289269686 1 3 54 2 265.649
0.916666666666667 0.923076923076923 0.909090909090909 0.982377622377622 0.76 0.736842105263158 0.790697674418605 0.864953080375357 2 3 54 2 265.649
0.858333333333333 0.892307692307692 0.818181818181818 0.936503496503497 0.76 0.736842105263158 0.790697674418605 0.84781721746226 NA 1 54 3 464.202
0.958333333333333 0.969230769230769 0.945454545454545 0.982657342657343 0.85 0.824561403508772 0.883720930232558 0.945736434108527 5 2 54 3 464.202
0.941666666666667 0.953846153846154 0.927272727272727 0.982097902097902 0.85 0.824561403508772 0.883720930232558 0.941656466748266 8 2 54 3 464.202
0.941666666666667 0.953846153846154 0.927272727272727 0.982377622377622 0.85 0.824561403508772 0.883720930232558 0.940024479804162 10 2 54 3 464.202
0.866666666666667 0.876923076923077 0.854545454545454 0.925594405594406 0.76 0.736842105263158 0.790697674418605 0.846593227254182 1 3 54 3 464.202
0.925 0.938461538461538 0.909090909090909 0.982097902097902 0.78 0.754385964912281 0.813953488372093 0.867401060791514 2 3 54 3 464.202
