0.925 0.947368421052632 0.904761904761905 0.989974937343358 0.84 0.890909090909091 0.777777777777778 0.911919191919192 NA 1 84 1 61.269
1 1 1 1 0.84 0.890909090909091 0.777777777777778 0.888484848484848 5 2 84 1 61.269
1 1 1 1 0.82 0.890909090909091 0.733333333333333 0.875555555555556 8 2 84 1 61.269
1 1 1 1 0.81 0.872727272727273 0.733333333333333 0.858989898989899 10 2 84 1 61.269
0.925 0.947368421052632 0.904761904761905 0.967418546365915 0.82 0.872727272727273 0.755555555555556 0.909494949494949 1 3 84 1 61.269
0.975 0.947368421052632 1 0.992481203007519 0.87 0.890909090909091 0.844444444444444 0.933333333333333 2 3 84 1 61.269
0.925 0.947368421052632 0.904761904761905 0.984962406015038 0.83 0.872727272727273 0.777777777777778 0.92040404040404 NA 1 84 2 77.829
1 1 1 1 0.83 0.872727272727273 0.777777777777778 0.826262626262626 5 2 84 2 77.829
0.975 0.947368421052632 1 1 0.84 0.836363636363636 0.844444444444444 0.861414141414141 8 2 84 2 77.829
1 1 1 1 0.85 0.836363636363636 0.866666666666667 0.917979797979798 10 2 84 2 77.829
0.925 0.947368421052632 0.904761904761905 0.964912280701754 0.86 0.890909090909091 0.822222222222222 0.91959595959596 1 3 84 2 77.829
0.975 0.947368421052632 1 0.992481203007519 0.87 0.890909090909091 0.844444444444444 0.934545454545455 2 3 84 2 77.829
0.9 0.894736842105263 0.904761904761905 0.982456140350877 0.83 0.890909090909091 0.755555555555556 0.915959595959596 NA 1 84 3 104.647
1 1 1 1 0.88 0.909090909090909 0.844444444444444 0.898585858585859 5 2 84 3 104.647
1 1 1 1 0.89 0.872727272727273 0.911111111111111 0.941414141414141 8 2 84 3 104.647
1 1 1 1 0.84 0.854545454545454 0.822222222222222 0.898787878787879 10 2 84 3 104.647
0.925 0.947368421052632 0.904761904761905 0.967418546365915 0.79 0.854545454545454 0.711111111111111 0.898989898989899 1 3 84 3 104.647
0.975 0.947368421052632 1 0.994987468671679 0.85 0.890909090909091 0.8 0.930505050505051 2 3 84 3 104.647
