0.85 0.86046511627907 0.837837837837838 0.910119421747329 0.81 0.733333333333333 0.872727272727273 0.899393939393939 NA 1 63 1 74.384
1 1 1 1 0.82 0.822222222222222 0.818181818181818 0.824242424242424 5 2 63 1 74.384
1 1 1 1 0.88 0.911111111111111 0.854545454545454 0.888080808080808 8 2 63 1 74.384
1 1 1 1 0.77 0.733333333333333 0.8 0.809090909090909 10 2 63 1 74.384
0.85 0.86046511627907 0.837837837837838 0.903834066624764 0.84 0.8 0.872727272727273 0.900606060606061 1 3 63 1 74.384
0.925 0.953488372093023 0.891891891891892 0.983029541169076 0.8 0.822222222222222 0.781818181818182 0.884848484848485 2 3 63 1 74.384
0.85 0.837209302325581 0.864864864864865 0.909490886235072 0.83 0.777777777777778 0.872727272727273 0.89979797979798 NA 1 63 2 81.652
0.9375 0.930232558139535 0.945945945945946 0.988057825267128 0.88 0.911111111111111 0.854545454545454 0.924444444444444 5 2 63 2 81.652
1 1 1 1 0.86 0.822222222222222 0.890909090909091 0.907070707070707 8 2 63 2 81.652
1 1 1 1 0.89 0.888888888888889 0.890909090909091 0.894949494949495 10 2 63 2 81.652
0.8375 0.813953488372093 0.864864864864865 0.902576995600251 0.83 0.777777777777778 0.872727272727273 0.901010101010101 1 3 63 2 81.652
0.9125 0.906976744186046 0.918918918918919 0.979886863607794 0.78 0.777777777777778 0.781818181818182 0.883636363636364 2 3 63 2 81.652
0.8625 0.86046511627907 0.864864864864865 0.911376492771842 0.81 0.755555555555556 0.854545454545454 0.898989898989899 NA 1 63 3 131.414
0.9375 0.930232558139535 0.945945945945946 0.984915147705845 0.89 0.911111111111111 0.872727272727273 0.932121212121212 5 2 63 3 131.414
1 1 1 1 0.85 0.8 0.890909090909091 0.887474747474748 8 2 63 3 131.414
1 1 1 1 0.8 0.822222222222222 0.781818181818182 0.835353535353535 10 2 63 3 131.414
0.8375 0.813953488372093 0.864864864864865 0.90634820867379 0.83 0.755555555555556 0.890909090909091 0.907474747474747 1 3 63 3 131.414
0.925 0.953488372093023 0.891891891891892 0.981772470144563 0.77 0.777777777777778 0.763636363636364 0.884444444444444 2 3 63 3 131.414
