0.835 0.824742268041237 0.844660194174757 0.91122009808828 0.84 0.82 0.86 0.934 NA 1 33 1 319.33
0.945 0.948453608247423 0.941747572815534 0.990991892703433 0.93 0.9 0.96 0.9728 5 2 33 1 319.33
0.955 0.969072164948454 0.941747572815534 0.992293063757382 0.92 0.9 0.94 0.9724 8 2 33 1 319.33
0.955 0.958762886597938 0.951456310679612 0.992893604243819 0.93 0.9 0.96 0.9724 10 2 33 1 319.33
0.835 0.814432989690722 0.854368932038835 0.912821539385447 0.84 0.82 0.86 0.9372 1 3 33 1 319.33
0.935 0.938144329896907 0.932038834951456 0.989490541487339 0.89 0.88 0.9 0.9588 2 3 33 1 319.33
0.83 0.814432989690722 0.844660194174757 0.91292162946652 0.84 0.82 0.86 0.9352 NA 1 33 2 319.461
0.945 0.948453608247423 0.941747572815534 0.990791712541287 0.93 0.9 0.96 0.9728 5 2 33 2 319.461
0.955 0.969072164948454 0.941747572815534 0.99189270343309 0.93 0.9 0.96 0.9728 8 2 33 2 319.461
0.95 0.958762886597938 0.941747572815534 0.992092883595236 0.94 0.9 0.98 0.9728 10 2 33 2 319.461
0.835 0.814432989690722 0.854368932038835 0.912821539385447 0.85 0.82 0.88 0.9392 1 3 33 2 319.461
0.94 0.927835051546392 0.951456310679612 0.990191172054849 0.89 0.88 0.9 0.9596 2 3 33 2 319.461
0.825 0.804123711340206 0.844660194174757 0.911220098088279 0.83 0.82 0.84 0.9328 NA 1 33 3 585.998
0.945 0.938144329896907 0.951456310679612 0.990991892703433 0.92 0.9 0.94 0.9724 5 2 33 3 585.998
0.95 0.948453608247423 0.951456310679612 0.992092883595236 0.92 0.9 0.94 0.9712 8 2 33 3 585.998
0.96 0.958762886597938 0.961165048543689 0.992493243919528 0.93 0.9 0.96 0.9712 10 2 33 3 585.998
0.84 0.814432989690722 0.864077669902913 0.909118206385747 0.84 0.82 0.86 0.9392 1 3 33 3 585.998
0.935 0.938144329896907 0.932038834951456 0.98718846962266 0.89 0.88 0.9 0.9568 2 3 33 3 585.998
