0.8875 0.9 0.875 0.95875 0.83 0.818181818181818 0.839285714285714 0.939935064935065 NA 1 92 1 105.464
1 1 1 1 0.89 0.818181818181818 0.946428571428571 0.875202922077922 5 2 92 1 105.464
1 1 1 1 0.83 0.772727272727273 0.875 0.86323051948052 8 2 92 1 105.464
1 1 1 1 0.87 0.818181818181818 0.910714285714286 0.877840909090909 10 2 92 1 105.464
0.8875 0.925 0.85 0.955 0.83 0.795454545454545 0.857142857142857 0.939123376623377 1 3 92 1 105.464
0.975 0.975 0.975 0.998125 0.82 0.795454545454545 0.839285714285714 0.947646103896104 2 3 92 1 105.464
0.8875 0.9 0.875 0.95875 0.83 0.840909090909091 0.821428571428571 0.937905844155844 NA 1 92 2 124.969
1 1 1 1 0.83 0.818181818181818 0.839285714285714 0.828733766233766 5 2 92 2 124.969
1 1 1 1 0.89 0.840909090909091 0.928571428571429 0.878246753246753 8 2 92 2 124.969
1 1 1 1 0.84 0.863636363636364 0.821428571428571 0.851866883116883 10 2 92 2 124.969
0.875 0.9 0.85 0.9575 0.85 0.840909090909091 0.857142857142857 0.941152597402597 1 3 92 2 124.969
0.9625 0.95 0.975 0.99875 0.82 0.795454545454545 0.839285714285714 0.949269480519481 2 3 92 2 124.969
0.8875 0.875 0.9 0.958125 0.84 0.818181818181818 0.857142857142857 0.943181818181818 NA 1 92 3 192.787
1 1 1 1 0.82 0.772727272727273 0.857142857142857 0.827516233766234 5 2 92 3 192.787
1 1 1 1 0.87 0.818181818181818 0.910714285714286 0.875608766233766 8 2 92 3 192.787
1 1 1 1 0.86 0.772727272727273 0.928571428571429 0.871550324675325 10 2 92 3 192.787
0.8875 0.925 0.85 0.95875 0.86 0.863636363636364 0.857142857142857 0.942775974025974 1 3 92 3 192.787
0.975 0.975 0.975 0.998125 0.83 0.818181818181818 0.839285714285714 0.945616883116883 2 3 92 3 192.787
