0.875 0.858585858585859 0.891089108910891 0.921492149214922 0.83 0.80952380952381 0.844827586206897 0.904351395730706 NA 1 77 1 254.764
0.935 0.939393939393939 0.930693069306931 0.985298529852985 0.87 0.904761904761905 0.844827586206897 0.949507389162562 5 2 77 1 254.764
0.945 0.95959595959596 0.930693069306931 0.986698669866987 0.88 0.904761904761905 0.862068965517241 0.944991789819376 8 2 77 1 254.764
0.945 0.95959595959596 0.930693069306931 0.986998699869987 0.88 0.904761904761905 0.862068965517241 0.944581280788177 10 2 77 1 254.764
0.87 0.848484848484849 0.891089108910891 0.91999199919992 0.87 0.833333333333333 0.896551724137931 0.921592775041051 1 3 77 1 254.764
0.95 0.96969696969697 0.930693069306931 0.973597359735974 0.89 0.904761904761905 0.879310344827586 0.941297208538588 2 3 77 1 254.764
0.87 0.848484848484849 0.891089108910891 0.922392239223922 0.83 0.80952380952381 0.844827586206897 0.905172413793103 NA 1 77 2 238.788
0.935 0.939393939393939 0.930693069306931 0.985298529852985 0.88 0.904761904761905 0.862068965517241 0.949096880131363 5 2 77 2 238.788
0.945 0.95959595959596 0.930693069306931 0.986998699869987 0.88 0.904761904761905 0.862068965517241 0.944581280788177 8 2 77 2 238.788
0.945 0.95959595959596 0.930693069306931 0.987298729872987 0.88 0.904761904761905 0.862068965517241 0.942939244663383 10 2 77 2 238.788
0.87 0.848484848484849 0.891089108910891 0.91969196919692 0.88 0.857142857142857 0.896551724137931 0.922824302134647 1 3 77 2 238.788
0.955 0.97979797979798 0.930693069306931 0.973697369736974 0.88 0.880952380952381 0.879310344827586 0.941297208538588 2 3 77 2 238.788
0.865 0.858585858585859 0.871287128712871 0.918291829182918 0.83 0.80952380952381 0.844827586206897 0.902298850574713 NA 1 77 3 388.156
0.93 0.929292929292929 0.930693069306931 0.984998499849985 0.88 0.904761904761905 0.862068965517241 0.956075533661741 5 2 77 3 388.156
0.94 0.94949494949495 0.930693069306931 0.985698569856986 0.88 0.904761904761905 0.862068965517241 0.949507389162562 8 2 77 3 388.156
0.945 0.95959595959596 0.930693069306931 0.986098609860986 0.88 0.904761904761905 0.862068965517241 0.947865353037767 10 2 77 3 388.156
0.875 0.858585858585859 0.891089108910891 0.916591659165917 0.87 0.833333333333333 0.896551724137931 0.92200328407225 1 3 77 3 388.156
0.945 0.96969696969697 0.920792079207921 0.972897289728973 0.89 0.904761904761905 0.879310344827586 0.942118226600985 2 3 77 3 388.156
