0.90625 0.909090909090909 0.904761904761905 0.987012987012987 0.85 0.829268292682927 0.864406779661017 0.932823480777181 NA 1 37 1 36.437
1 1 1 1 0.85 0.878048780487805 0.830508474576271 0.857172385283175 5 2 37 1 36.437
1 1 1 1 0.88 0.853658536585366 0.898305084745763 0.88797023563456 8 2 37 1 36.437
1 1 1 1 0.56 0.463414634146341 0.627118644067797 0.578338156262919 10 2 37 1 36.437
0.90625 0.818181818181818 0.952380952380952 0.982683982683983 0.87 0.804878048780488 0.915254237288136 0.943365026870608 1 3 37 1 36.437
0.96875 0.909090909090909 1 1 0.89 0.780487804878049 0.966101694915254 0.950806118230674 2 3 37 1 36.437
1 1 1 1 0.85 0.853658536585366 0.847457627118644 0.850558081852005 NA 1 37 2 56.036
1 1 1 1 0.85 0.853658536585366 0.847457627118644 0.850558081852005 5 2 37 2 56.036
1 1 1 1 0.85 0.853658536585366 0.847457627118644 0.850558081852005 8 2 37 2 56.036
1 1 1 1 0.85 0.853658536585366 0.847457627118644 0.850558081852005 10 2 37 2 56.036
0.90625 0.818181818181818 0.952380952380952 0.978354978354978 0.87 0.804878048780488 0.915254237288136 0.944191814799504 1 3 37 2 56.036
0.96875 0.909090909090909 1 1 0.88 0.75609756097561 0.966101694915254 0.949565936337329 2 3 37 2 56.036
1 1 1 1 0.84 0.829268292682927 0.847457627118644 0.845390657296403 NA 1 37 3 62.094
1 1 1 1 0.85 0.829268292682927 0.864406779661017 0.852418354692021 5 2 37 3 62.094
1 1 1 1 0.85 0.829268292682927 0.864406779661017 0.852418354692021 8 2 37 3 62.094
1 1 1 1 0.85 0.829268292682927 0.864406779661017 0.852418354692021 10 2 37 3 62.094
0.90625 0.818181818181818 0.952380952380952 0.982683982683983 0.89 0.853658536585366 0.915254237288136 0.94295163290616 1 3 37 3 62.094
0.96875 0.909090909090909 1 1 0.88 0.75609756097561 0.966101694915254 0.947085572550641 2 3 37 3 62.094
