0.866666666666667 0.895522388059702 0.830188679245283 0.952126161644607 0.82 0.803921568627451 0.836734693877551 0.910764305722289 NA 1 1 1 140.311
1 1 1 1 0.9 0.901960784313726 0.897959183673469 0.903961584633853 5 2 1 1 140.311
1 1 1 1 0.88 0.941176470588235 0.816326530612245 0.904161664665866 8 2 1 1 140.311
0.991666666666667 0.985074626865672 1 0.990706843142777 0.87 0.901960784313726 0.836734693877551 0.915166066426571 10 2 1 1 140.311
0.85 0.895522388059702 0.792452830188679 0.949028442692199 0.81 0.823529411764706 0.795918367346939 0.906362545018007 1 3 1 1 140.311
0.941666666666667 0.940298507462687 0.943396226415094 0.988453956631935 0.87 0.901960784313726 0.836734693877551 0.952380952380952 2 3 1 1 140.311
0.858333333333333 0.880597014925373 0.830188679245283 0.952970994086173 0.82 0.803921568627451 0.836734693877551 0.897158863545418 NA 1 1 2 138.586
1 1 1 1 0.88 0.901960784313726 0.857142857142857 0.886554621848739 5 2 1 2 138.586
1 1 1 1 0.86 0.882352941176471 0.836734693877551 0.867747098839536 8 2 1 2 138.586
1 1 1 1 0.87 0.882352941176471 0.857142857142857 0.899559823929572 10 2 1 2 138.586
0.841666666666667 0.91044776119403 0.754716981132076 0.954097437341594 0.8 0.823529411764706 0.775510204081633 0.897559023609444 1 3 1 2 138.586
0.933333333333333 0.940298507462687 0.924528301886792 0.986764291748803 0.87 0.901960784313726 0.836734693877551 0.952781112444978 2 3 1 2 138.586
0.858333333333333 0.880597014925373 0.830188679245283 0.955787102224725 0.83 0.823529411764706 0.836734693877551 0.901960784313726 NA 1 1 3 239.838
1 1 1 1 0.89 0.941176470588235 0.836734693877551 0.888955582232893 5 2 1 3 239.838
1 1 1 1 0.9 0.96078431372549 0.836734693877551 0.905362144857943 8 2 1 3 239.838
1 1 1 1 0.89 0.941176470588235 0.836734693877551 0.894957983193277 10 2 1 3 239.838
0.85 0.91044776119403 0.773584905660377 0.957758377921712 0.83 0.843137254901961 0.816326530612245 0.906762705082033 1 3 1 3 239.838
0.933333333333333 0.940298507462687 0.924528301886792 0.987609124190369 0.86 0.882352941176471 0.836734693877551 0.952380952380952 2 3 1 3 239.838
