0.87 0.88 0.86 0.9566 0.92 0.928571428571429 0.909090909090909 0.959821428571429 NA 1 23 1 256.833
0.955 0.98 0.93 0.9829 0.91 0.910714285714286 0.909090909090909 0.965503246753247 5 2 23 1 256.833
0.945 0.97 0.92 0.9832 0.9 0.910714285714286 0.886363636363636 0.969967532467532 8 2 23 1 256.833
0.945 0.97 0.92 0.9842 0.9 0.910714285714286 0.886363636363636 0.96875 10 2 23 1 256.833
0.875 0.89 0.86 0.9565 0.92 0.928571428571429 0.909090909090909 0.961038961038961 1 3 23 1 256.833
0.925 0.94 0.91 0.9776 0.91 0.892857142857143 0.931818181818182 0.964285714285714 2 3 23 1 256.833
0.87 0.88 0.86 0.9564 0.93 0.946428571428571 0.909090909090909 0.959821428571429 NA 1 23 2 183.808
0.955 0.98 0.93 0.9824 0.91 0.910714285714286 0.909090909090909 0.966314935064935 5 2 23 2 183.808
0.945 0.97 0.92 0.9827 0.9 0.910714285714286 0.886363636363636 0.971185064935065 8 2 23 2 183.808
0.945 0.97 0.92 0.9837 0.9 0.910714285714286 0.886363636363636 0.969561688311688 10 2 23 2 183.808
0.865 0.89 0.84 0.9563 0.93 0.946428571428571 0.909090909090909 0.960633116883117 1 3 23 2 183.808
0.925 0.94 0.91 0.978 0.9 0.892857142857143 0.909090909090909 0.964691558441558 2 3 23 2 183.808
0.87 0.88 0.86 0.9554 0.93 0.928571428571429 0.931818181818182 0.958198051948052 NA 1 23 3 447.464
0.95 0.97 0.93 0.9831 0.92 0.910714285714286 0.931818181818182 0.966720779220779 5 2 23 3 447.464
0.945 0.96 0.93 0.9913 0.9 0.875 0.931818181818182 0.962662337662338 8 2 23 3 447.464
0.965 0.97 0.96 0.9947 0.89 0.857142857142857 0.931818181818182 0.961038961038961 10 2 23 3 447.464
0.87 0.88 0.86 0.955 0.93 0.946428571428571 0.909090909090909 0.959415584415584 1 3 23 3 447.464
0.93 0.95 0.91 0.977 0.91 0.892857142857143 0.931818181818182 0.966720779220779 2 3 23 3 447.464
