0.8725 0.877934272300469 0.866310160427808 0.939845848710803 0.89 0.888888888888889 0.890909090909091 0.952727272727273 NA 1 86 1 542.534
0.925 0.938967136150235 0.909090909090909 0.981446611935427 0.93 0.955555555555556 0.909090909090909 0.983030303030303 5 2 86 1 542.534
0.925 0.938967136150235 0.909090909090909 0.982375536642314 0.92 0.933333333333333 0.909090909090909 0.984646464646465 8 2 86 1 542.534
0.925 0.938967136150235 0.909090909090909 0.982978082398132 0.92 0.933333333333333 0.909090909090909 0.984646464646465 10 2 86 1 542.534
0.87 0.877934272300469 0.86096256684492 0.939293515101303 0.89 0.888888888888889 0.890909090909091 0.952727272727273 1 3 86 1 542.534
0.94 0.953051643192488 0.925133689839572 0.981471718008586 0.93 0.933333333333333 0.927272727272727 0.977373737373737 2 3 86 1 542.534
0.8625 0.868544600938967 0.855614973262032 0.939720318345008 0.89 0.888888888888889 0.890909090909091 0.951111111111111 NA 1 86 2 737.591
0.92 0.929577464788732 0.909090909090909 0.981295975496473 0.93 0.933333333333333 0.927272727272727 0.983434343434343 5 2 86 2 737.591
0.9225 0.934272300469484 0.909090909090909 0.982400642715473 0.92 0.911111111111111 0.927272727272727 0.983434343434343 8 2 86 2 737.591
0.925 0.938967136150235 0.909090909090909 0.982701915593382 0.92 0.911111111111111 0.927272727272727 0.983434343434343 10 2 86 2 737.591
0.865 0.877934272300469 0.850267379679144 0.937460771760689 0.9 0.911111111111111 0.890909090909091 0.949090909090909 1 3 86 2 737.591
0.935 0.943661971830986 0.925133689839572 0.982049157691245 0.93 0.933333333333333 0.927272727272727 0.977777777777778 2 3 86 2 737.591
0.87 0.882629107981221 0.855614973262032 0.939193090808667 0.89 0.888888888888889 0.890909090909091 0.94989898989899 NA 1 86 3 998.337
0.9225 0.934272300469484 0.909090909090909 0.981848309105973 0.93 0.933333333333333 0.927272727272727 0.983434343434343 5 2 86 3 998.337
0.9275 0.938967136150235 0.914438502673797 0.982425748788632 0.92 0.911111111111111 0.927272727272727 0.982222222222222 8 2 86 3 998.337
0.9275 0.938967136150235 0.914438502673797 0.982978082398132 0.92 0.911111111111111 0.927272727272727 0.982626262626263 10 2 86 3 998.337
0.875 0.896713615023474 0.850267379679144 0.938289272174939 0.89 0.911111111111111 0.872727272727273 0.950707070707071 1 3 86 3 998.337
0.9375 0.948356807511737 0.925133689839572 0.981798096959655 0.93 0.933333333333333 0.927272727272727 0.976565656565657 2 3 86 3 998.337
