0.8725 0.869791666666667 0.875 0.946339142628205 0.87 0.804347826086957 0.925925925925926 0.921900161030596 NA 1 14 1 784.538
0.935 0.942708333333333 0.927884615384615 0.98457532051282 0.91 0.91304347826087 0.907407407407407 0.979871175523349 5 2 14 1 784.538
0.94 0.947916666666667 0.932692307692308 0.986478365384615 0.91 0.891304347826087 0.925925925925926 0.975845410628019 8 2 14 1 784.538
0.9425 0.947916666666667 0.9375 0.9873046875 0.91 0.891304347826087 0.925925925925926 0.973027375201288 10 2 14 1 784.538
0.8675 0.880208333333333 0.855769230769231 0.946439302884615 0.87 0.804347826086957 0.925925925925926 0.92109500805153 1 3 14 1 784.538
0.925 0.916666666666667 0.932692307692308 0.979642427884615 0.87 0.804347826086957 0.925925925925926 0.968196457326892 2 3 14 1 784.538
0.8725 0.869791666666667 0.875 0.946514423076923 0.87 0.804347826086957 0.925925925925926 0.922705314009662 NA 1 14 2 641.416
0.935 0.942708333333333 0.927884615384615 0.984600360576923 0.91 0.91304347826087 0.907407407407407 0.979871175523349 5 2 14 2 641.416
0.94 0.947916666666667 0.932692307692308 0.986403245192308 0.91 0.891304347826087 0.925925925925926 0.975845410628019 8 2 14 2 641.416
0.9425 0.947916666666667 0.9375 0.987329727564103 0.91 0.891304347826087 0.925925925925926 0.973027375201288 10 2 14 2 641.416
0.87 0.880208333333333 0.860576923076923 0.947040264423077 0.87 0.804347826086957 0.925925925925926 0.921900161030596 1 3 14 2 641.416
0.925 0.916666666666667 0.932692307692308 0.979792668269231 0.87 0.804347826086957 0.925925925925926 0.967793880837359 2 3 14 2 641.416
0.8775 0.859375 0.894230769230769 0.944711538461538 0.86 0.804347826086957 0.907407407407407 0.922302737520129 NA 1 14 3 1341.09
0.935 0.942708333333333 0.927884615384615 0.984600360576923 0.92 0.934782608695652 0.907407407407407 0.982689210950081 5 2 14 3 1341.09
0.94 0.947916666666667 0.932692307692308 0.986503405448718 0.91 0.891304347826087 0.925925925925926 0.975442834138486 8 2 14 3 1341.09
0.94 0.947916666666667 0.932692307692308 0.986954126602564 0.9 0.891304347826087 0.907407407407407 0.975442834138486 10 2 14 3 1341.09
0.88 0.890625 0.870192307692308 0.945612980769231 0.86 0.804347826086957 0.907407407407407 0.919082125603865 1 3 14 3 1341.09
0.92 0.911458333333333 0.927884615384615 0.979366987179487 0.88 0.826086956521739 0.925925925925926 0.970209339774557 2 3 14 3 1341.09
