0.9 0.884210526315789 0.914285714285714 0.975839598997494 0.85 0.849056603773585 0.851063829787234 0.921718185467684 NA 1 2 1 272.735
0.955 0.957894736842105 0.952380952380952 0.994887218045113 0.91 0.886792452830189 0.936170212765957 0.965475712565235 5 2 2 1 272.735
0.96 0.957894736842105 0.961904761904762 0.997092731829574 0.91 0.867924528301887 0.957446808510638 0.955439582496989 8 2 2 1 272.735
0.96 0.957894736842105 0.961904761904762 0.99719298245614 0.91 0.886792452830189 0.936170212765957 0.955038137294259 10 2 2 1 272.735
0.92 0.905263157894737 0.933333333333333 0.974736842105263 0.84 0.849056603773585 0.829787234042553 0.917302288237656 1 3 2 1 272.735
0.95 0.947368421052632 0.952380952380952 0.993082706766917 0.88 0.886792452830189 0.872340425531915 0.93095142513047 2 3 2 1 272.735
0.885 0.863157894736842 0.904761904761905 0.974937343358396 0.85 0.849056603773585 0.851063829787234 0.923725411481333 NA 1 2 2 251.875
0.96 0.957894736842105 0.961904761904762 0.994285714285714 0.93 0.924528301886792 0.936170212765957 0.963067041348856 5 2 2 2 251.875
0.95 0.947368421052632 0.952380952380952 0.995789473684211 0.93 0.924528301886792 0.936170212765957 0.961862705740666 8 2 2 2 251.875
0.95 0.947368421052632 0.952380952380952 0.995889724310777 0.92 0.905660377358491 0.936170212765957 0.961059815335207 10 2 2 2 251.875
0.905 0.884210526315789 0.923809523809524 0.973934837092732 0.85 0.849056603773585 0.851063829787234 0.920112404656764 1 3 2 2 251.875
0.95 0.947368421052632 0.952380952380952 0.99328320802005 0.86 0.849056603773585 0.872340425531915 0.933761541549578 2 3 2 2 251.875
0.9 0.873684210526316 0.923809523809524 0.976040100250627 0.85 0.849056603773585 0.851063829787234 0.924126856684063 NA 1 2 3 483.625
0.955 0.968421052631579 0.942857142857143 0.994185463659148 0.92 0.905660377358491 0.936170212765957 0.965877157767965 5 2 2 3 483.625
0.96 0.957894736842105 0.961904761904762 0.996491228070175 0.92 0.905660377358491 0.936170212765957 0.955841027699719 8 2 2 3 483.625
0.96 0.968421052631579 0.952380952380952 0.996791979949875 0.91 0.886792452830189 0.936170212765957 0.952228020875151 10 2 2 3 483.625
0.915 0.884210526315789 0.942857142857143 0.973333333333333 0.85 0.849056603773585 0.851063829787234 0.914893617021277 1 3 2 3 483.625
0.96 0.957894736842105 0.961904761904762 0.993784461152882 0.85 0.830188679245283 0.872340425531915 0.9313528703332 2 3 2 3 483.625
