0.833333333333333 0.833333333333333 0.833333333333333 0.965277777777778 0.76 0.789473684210526 0.720930232558139 0.861689106487148 NA 1 34 1 23.402
0.958333333333333 1 0.916666666666667 1 0.78 0.842105263157895 0.697674418604651 0.783149734802122 5 2 34 1 23.402
1 1 1 1 0.81 0.789473684210526 0.837209302325581 0.842513259893921 8 2 34 1 23.402
1 1 1 1 0.79 0.789473684210526 0.790697674418605 0.841697266421869 10 2 34 1 23.402
0.833333333333333 0.833333333333333 0.833333333333333 0.944444444444444 0.76 0.807017543859649 0.697674418604651 0.880456956344349 1 3 34 1 23.402
0.958333333333333 1 0.916666666666667 1 0.81 0.842105263157895 0.767441860465116 0.888208894328845 2 3 34 1 23.402
0.916666666666667 0.916666666666667 0.916666666666667 0.972222222222222 0.76 0.789473684210526 0.720930232558139 0.870665034679723 NA 1 34 2 31.234
1 1 1 1 0.77 0.807017543859649 0.720930232558139 0.798449612403101 5 2 34 2 31.234
1 1 1 1 0.82 0.824561403508772 0.813953488372093 0.845573235414117 8 2 34 2 31.234
1 1 1 1 0.8 0.824561403508772 0.767441860465116 0.841697266421869 10 2 34 2 31.234
0.916666666666667 0.916666666666667 0.916666666666667 0.951388888888889 0.77 0.807017543859649 0.720930232558139 0.879232966136271 1 3 34 2 31.234
0.958333333333333 1 0.916666666666667 1 0.8 0.824561403508772 0.767441860465116 0.895960832313341 2 3 34 2 31.234
0.833333333333333 0.833333333333333 0.833333333333333 0.958333333333333 0.76 0.789473684210526 0.720930232558139 0.85516115871073 NA 1 34 3 43.042
1 1 1 1 0.78 0.807017543859649 0.744186046511628 0.791105671154631 5 2 34 3 43.042
1 1 1 1 0.76 0.789473684210526 0.720930232558139 0.785393716850265 8 2 34 3 43.042
1 1 1 1 0.74 0.754385964912281 0.720930232558139 0.772949816401469 10 2 34 3 43.042
0.916666666666667 0.916666666666667 0.916666666666667 0.895833333333333 0.76 0.789473684210526 0.720930232558139 0.874337005303958 1 3 34 3 43.042
0.875 1 0.75 0.993055555555556 0.78 0.842105263157895 0.697674418604651 0.882088943288454 2 3 34 3 43.042
