0.775 0.829787234042553 0.696969696969697 0.885880077369439 0.8 0.934782608695652 0.685185185185185 0.925523349436393 NA 1 69 1 71.617
1 1 1 1 0.79 0.847826086956522 0.740740740740741 0.796698872785829 5 2 69 1 71.617
1 1 1 1 0.83 0.934782608695652 0.740740740740741 0.880837359098229 8 2 69 1 71.617
1 1 1 1 0.85 0.934782608695652 0.777777777777778 0.895531400966184 10 2 69 1 71.617
0.8 0.872340425531915 0.696969696969697 0.892327530625403 0.78 0.934782608695652 0.648148148148148 0.927133655394525 1 3 69 1 71.617
0.9375 0.957446808510638 0.909090909090909 0.979368149580916 0.75 0.91304347826087 0.611111111111111 0.917874396135266 2 3 69 1 71.617
0.775 0.829787234042553 0.696969696969697 0.887814313346228 0.8 0.934782608695652 0.685185185185185 0.926731078904992 NA 1 69 2 71.082
1 1 1 1 0.81 0.934782608695652 0.703703703703704 0.85366344605475 5 2 69 2 71.082
1 1 1 1 0.86 0.956521739130435 0.777777777777778 0.884259259259259 8 2 69 2 71.082
1 1 1 1 0.82 0.891304347826087 0.759259259259259 0.851851851851852 10 2 69 2 71.082
0.8 0.872340425531915 0.696969696969697 0.891682785299807 0.78 0.934782608695652 0.648148148148148 0.928341384863124 1 3 69 2 71.082
0.9375 0.957446808510638 0.909090909090909 0.978723404255319 0.74 0.91304347826087 0.592592592592593 0.918276972624799 2 3 69 2 71.082
0.7875 0.851063829787234 0.696969696969697 0.892327530625403 0.79 0.934782608695652 0.666666666666667 0.925523349436393 NA 1 69 3 116.775
1 1 1 1 0.81 0.869565217391304 0.759259259259259 0.839371980676329 5 2 69 3 116.775
1 1 1 1 0.82 0.847826086956522 0.796296296296296 0.838566827697262 8 2 69 3 116.775
1 1 1 1 0.86 0.869565217391304 0.851851851851852 0.861312399355878 10 2 69 3 116.775
0.8125 0.872340425531915 0.727272727272727 0.894906511927789 0.77 0.934782608695652 0.62962962962963 0.923107890499195 1 3 69 3 116.775
0.9375 0.957446808510638 0.909090909090909 0.979368149580916 0.75 0.91304347826087 0.611111111111111 0.922705314009662 2 3 69 3 116.775
