1 1 1 1 0.79 0.785714285714286 0.795454545454545 0.828733766233766 NA 1 88 1 26.082
1 1 1 1 0.79 0.785714285714286 0.795454545454545 0.826095779220779 5 2 88 1 26.082
1 1 1 1 0.79 0.785714285714286 0.795454545454545 0.830965909090909 8 2 88 1 26.082
1 1 1 1 0.79 0.785714285714286 0.795454545454545 0.831777597402597 10 2 88 1 26.082
0.916666666666667 1 0.833333333333333 0.993055555555556 0.82 0.821428571428571 0.818181818181818 0.875 1 3 88 1 26.082
0.958333333333333 1 0.916666666666667 0.993055555555556 0.8 0.714285714285714 0.909090909090909 0.913555194805195 2 3 88 1 26.082
1 1 1 1 0.81 0.785714285714286 0.840909090909091 0.836444805194805 NA 1 88 2 35.477
1 1 1 1 0.81 0.785714285714286 0.840909090909091 0.833400974025974 5 2 88 2 35.477
1 1 1 1 0.81 0.785714285714286 0.840909090909091 0.833806818181818 8 2 88 2 35.477
1 1 1 1 0.82 0.785714285714286 0.863636363636364 0.842126623376623 10 2 88 2 35.477
0.916666666666667 1 0.833333333333333 0.993055555555556 0.81 0.821428571428571 0.795454545454545 0.877029220779221 1 3 88 2 35.477
0.916666666666667 0.916666666666667 0.916666666666667 0.993055555555556 0.79 0.696428571428571 0.909090909090909 0.913961038961039 2 3 88 2 35.477
1 1 1 1 0.77 0.75 0.795454545454545 0.790178571428571 NA 1 88 3 48.32
1 1 1 1 0.77 0.75 0.795454545454545 0.792613636363636 5 2 88 3 48.32
1 1 1 1 0.77 0.75 0.795454545454545 0.79301948051948 8 2 88 3 48.32
1 1 1 1 0.77 0.75 0.795454545454545 0.788352272727273 10 2 88 3 48.32
0.916666666666667 1 0.833333333333333 0.986111111111111 0.83 0.821428571428571 0.840909090909091 0.87987012987013 1 3 88 3 48.32
0.958333333333333 1 0.916666666666667 0.993055555555556 0.8 0.714285714285714 0.909090909090909 0.914772727272727 2 3 88 3 48.32
