0.905 0.927272727272727 0.877777777777778 0.966464646464646 0.78 0.767857142857143 0.795454545454545 0.924918831168831 NA 1 84 1 267.592
0.97 0.972727272727273 0.966666666666667 0.994747474747475 0.85 0.839285714285714 0.863636363636364 0.956168831168831 5 2 84 1 267.592
0.98 0.972727272727273 0.988888888888889 0.996464646464646 0.86 0.857142857142857 0.863636363636364 0.952922077922078 8 2 84 1 267.592
0.98 0.972727272727273 0.988888888888889 0.996565656565657 0.87 0.857142857142857 0.886363636363636 0.954951298701299 10 2 84 1 267.592
0.905 0.927272727272727 0.877777777777778 0.966969696969697 0.79 0.803571428571429 0.772727272727273 0.925730519480519 1 3 84 1 267.592
0.96 0.963636363636364 0.955555555555556 0.993636363636364 0.85 0.839285714285714 0.863636363636364 0.935064935064935 2 3 84 1 267.592
0.905 0.927272727272727 0.877777777777778 0.966767676767677 0.78 0.767857142857143 0.795454545454545 0.925324675324675 NA 1 84 2 257.077
0.97 0.972727272727273 0.966666666666667 0.994848484848485 0.86 0.839285714285714 0.886363636363636 0.956574675324675 5 2 84 2 257.077
0.98 0.972727272727273 0.988888888888889 0.996666666666667 0.86 0.857142857142857 0.863636363636364 0.956574675324675 8 2 84 2 257.077
0.98 0.972727272727273 0.988888888888889 0.996767676767677 0.87 0.857142857142857 0.886363636363636 0.957386363636364 10 2 84 2 257.077
0.905 0.927272727272727 0.877777777777778 0.967373737373737 0.79 0.785714285714286 0.795454545454545 0.926136363636364 1 3 84 2 257.077
0.96 0.963636363636364 0.955555555555556 0.993737373737374 0.85 0.839285714285714 0.863636363636364 0.936688311688312 2 3 84 2 257.077
0.905 0.918181818181818 0.888888888888889 0.965050505050505 0.79 0.767857142857143 0.818181818181818 0.921672077922078 NA 1 84 3 417.568
0.975 0.972727272727273 0.977777777777778 0.994646464646465 0.84 0.821428571428571 0.863636363636364 0.950487012987013 5 2 84 3 417.568
0.985 0.972727272727273 1 0.995555555555556 0.85 0.839285714285714 0.863636363636364 0.95211038961039 8 2 84 3 417.568
0.98 0.972727272727273 0.988888888888889 0.995555555555556 0.84 0.839285714285714 0.840909090909091 0.950892857142857 10 2 84 3 417.568
0.9 0.918181818181818 0.877777777777778 0.967171717171717 0.8 0.803571428571429 0.795454545454545 0.923295454545455 1 3 84 3 417.568
0.955 0.963636363636364 0.944444444444444 0.994040404040404 0.85 0.821428571428571 0.886363636363636 0.941558441558442 2 3 84 3 417.568
