0.95 0.958333333333333 0.9375 0.979166666666667 0.84 0.8125 0.865384615384615 0.926282051282051 NA 1 44 1 28.614
1 1 1 1 0.73 0.791666666666667 0.673076923076923 0.769030448717949 5 2 44 1 28.614
1 1 1 1 0.8 0.854166666666667 0.75 0.802884615384615 8 2 44 1 28.614
1 1 1 1 0.77 0.8125 0.730769230769231 0.802283653846154 10 2 44 1 28.614
0.925 0.958333333333333 0.875 0.973958333333333 0.83 0.875 0.788461538461538 0.927483974358974 1 3 44 1 28.614
0.925 0.916666666666667 0.9375 0.984375 0.84 0.875 0.807692307692308 0.926282051282051 2 3 44 1 28.614
0.95 0.958333333333333 0.9375 0.979166666666667 0.83 0.8125 0.846153846153846 0.922275641025641 NA 1 44 2 35.625
1 1 1 1 0.8 0.854166666666667 0.75 0.802083333333333 5 2 44 2 35.625
1 1 1 1 0.78 0.833333333333333 0.730769230769231 0.798277243589744 8 2 44 2 35.625
1 1 1 1 0.8 0.875 0.730769230769231 0.815304487179487 10 2 44 2 35.625
0.925 0.958333333333333 0.875 0.973958333333333 0.84 0.875 0.807692307692308 0.923076923076923 1 3 44 2 35.625
0.925 0.916666666666667 0.9375 0.986979166666667 0.85 0.875 0.826923076923077 0.928285256410256 2 3 44 2 35.625
0.95 0.958333333333333 0.9375 0.9765625 0.84 0.854166666666667 0.826923076923077 0.928685897435897 NA 1 44 3 50.066
1 1 1 1 0.77 0.791666666666667 0.75 0.793269230769231 5 2 44 3 50.066
1 1 1 1 0.79 0.8125 0.769230769230769 0.810697115384615 8 2 44 3 50.066
1 1 1 1 0.81 0.854166666666667 0.769230769230769 0.823317307692308 10 2 44 3 50.066
0.925 0.958333333333333 0.875 0.966145833333333 0.86 0.895833333333333 0.826923076923077 0.942708333333333 1 3 44 3 50.066
0.95 0.958333333333333 0.9375 0.984375 0.84 0.875 0.807692307692308 0.931089743589744 2 3 44 3 50.066
