0.875 0.847457627118644 0.901639344262295 0.944984717977216 0.85 0.895833333333333 0.807692307692308 0.949519230769231 NA 1 38 1 197.193
1 1 1 1 0.91 0.875 0.942307692307692 0.915865384615385 5 2 38 1 197.193
1 1 1 1 0.89 0.875 0.903846153846154 0.924078525641026 8 2 38 1 197.193
1 1 1 1 0.88 0.895833333333333 0.865384615384615 0.897836538461539 10 2 38 1 197.193
0.866666666666667 0.830508474576271 0.901639344262295 0.943039733259239 0.86 0.916666666666667 0.807692307692308 0.947516025641026 1 3 38 1 197.193
0.941666666666667 0.932203389830508 0.950819672131147 0.98916365657127 0.86 0.895833333333333 0.826923076923077 0.947516025641026 2 3 38 1 197.193
0.858333333333333 0.847457627118644 0.868852459016393 0.943873298138372 0.87 0.9375 0.807692307692308 0.94551282051282 NA 1 38 2 176.61
0.983333333333333 0.983050847457627 0.983606557377049 0.999722145040289 0.93 0.895833333333333 0.961538461538462 0.971153846153846 5 2 38 2 176.61
1 1 1 1 0.88 0.895833333333333 0.865384615384615 0.911258012820513 8 2 38 2 176.61
1 1 1 1 0.91 0.916666666666667 0.903846153846154 0.925080128205128 10 2 38 2 176.61
0.875 0.864406779661017 0.885245901639344 0.943039733259239 0.86 0.916666666666667 0.807692307692308 0.94511217948718 1 3 38 2 176.61
0.933333333333333 0.949152542372881 0.918032786885246 0.988885801611559 0.84 0.875 0.807692307692308 0.940705128205128 2 3 38 2 176.61
0.858333333333333 0.847457627118644 0.868852459016393 0.943873298138372 0.85 0.9375 0.769230769230769 0.942708333333333 NA 1 38 3 367.569
1 1 1 1 0.89 0.895833333333333 0.884615384615385 0.905649038461538 5 2 38 3 367.569
1 1 1 1 0.91 0.895833333333333 0.923076923076923 0.93349358974359 8 2 38 3 367.569
1 1 1 1 0.9 0.895833333333333 0.903846153846154 0.92988782051282 10 2 38 3 367.569
0.866666666666667 0.847457627118644 0.885245901639344 0.942206168380106 0.86 0.916666666666667 0.807692307692308 0.942708333333333 1 3 38 3 367.569
0.916666666666667 0.932203389830508 0.901639344262295 0.985829397054737 0.86 0.895833333333333 0.826923076923077 0.945913461538462 2 3 38 3 367.569
