0.775 0.745454545454545 0.8 0.897342657342657 0.79 0.703703703703704 0.891304347826087 0.896135265700483 NA 1 99 1 161.877
0.916666666666667 0.909090909090909 0.923076923076923 0.983496503496504 0.85 0.796296296296296 0.91304347826087 0.947262479871176 5 2 99 1 161.877
0.925 0.927272727272727 0.923076923076923 0.986853146853147 0.85 0.777777777777778 0.934782608695652 0.931159420289855 8 2 99 1 161.877
0.933333333333333 0.927272727272727 0.938461538461538 0.991048951048951 0.85 0.777777777777778 0.934782608695652 0.926731078904992 10 2 99 1 161.877
0.808333333333333 0.818181818181818 0.8 0.898461538461538 0.79 0.703703703703704 0.891304347826087 0.897342995169082 1 3 99 1 161.877
0.916666666666667 0.927272727272727 0.907692307692308 0.977062937062937 0.83 0.759259259259259 0.91304347826087 0.926731078904992 2 3 99 1 161.877
0.766666666666667 0.745454545454545 0.784615384615385 0.892307692307692 0.8 0.722222222222222 0.891304347826087 0.896135265700483 NA 1 99 2 149.516
0.891666666666667 0.872727272727273 0.907692307692308 0.974825174825175 0.87 0.833333333333333 0.91304347826087 0.9585346215781 5 2 99 2 149.516
0.941666666666667 0.927272727272727 0.953846153846154 0.988251748251748 0.87 0.814814814814815 0.934782608695652 0.940016103059581 8 2 99 2 149.516
0.941666666666667 0.927272727272727 0.953846153846154 0.990769230769231 0.87 0.814814814814815 0.934782608695652 0.938405797101449 10 2 99 2 149.516
0.775 0.818181818181818 0.738461538461539 0.892307692307692 0.8 0.703703703703704 0.91304347826087 0.888888888888889 1 3 99 2 149.516
0.908333333333333 0.927272727272727 0.892307692307692 0.974545454545454 0.84 0.796296296296296 0.891304347826087 0.932367149758454 2 3 99 2 149.516
0.791666666666667 0.781818181818182 0.8 0.893146853146853 0.77 0.685185185185185 0.869565217391304 0.894927536231884 NA 1 99 3 301.437
0.916666666666667 0.909090909090909 0.923076923076923 0.984895104895105 0.88 0.833333333333333 0.934782608695652 0.953703703703704 5 2 99 3 301.437
0.925 0.927272727272727 0.923076923076923 0.984615384615385 0.86 0.814814814814815 0.91304347826087 0.951288244766506 8 2 99 3 301.437
0.95 0.963636363636364 0.938461538461538 0.987412587412587 0.86 0.814814814814815 0.91304347826087 0.950885668276973 10 2 99 3 301.437
0.8 0.836363636363636 0.769230769230769 0.892587412587413 0.77 0.685185185185185 0.869565217391304 0.892914653784219 1 3 99 3 301.437
0.916666666666667 0.927272727272727 0.907692307692308 0.972587412587413 0.84 0.777777777777778 0.91304347826087 0.93719806763285 2 3 99 3 301.437
