0.88 0.888888888888889 0.869565217391304 0.944192834138486 0.84 0.909090909090909 0.785714285714286 0.933847402597403 NA 1 46 1 772.836
0.9325 0.935185185185185 0.929347826086957 0.984224033816425 0.91 0.886363636363636 0.928571428571429 0.965503246753247 5 2 46 1 772.836
0.935 0.935185185185185 0.934782608695652 0.985356280193237 0.93 0.909090909090909 0.946428571428571 0.967126623376623 8 2 46 1 772.836
0.935 0.935185185185185 0.934782608695652 0.985482085346216 0.93 0.909090909090909 0.946428571428571 0.965909090909091 10 2 46 1 772.836
0.8775 0.888888888888889 0.864130434782609 0.943941223832528 0.84 0.909090909090909 0.785714285714286 0.935470779220779 1 3 46 1 772.836
0.94 0.949074074074074 0.929347826086957 0.985356280193237 0.83 0.886363636363636 0.785714285714286 0.955357142857143 2 3 46 1 772.836
0.875 0.87962962962963 0.869565217391304 0.942381239935588 0.86 0.931818181818182 0.803571428571429 0.938311688311688 NA 1 46 2 695.529
0.93 0.930555555555556 0.929347826086957 0.984349838969404 0.92 0.886363636363636 0.946428571428571 0.965097402597403 5 2 46 2 695.529
0.93 0.935185185185185 0.923913043478261 0.985079508856683 0.93 0.909090909090909 0.946428571428571 0.965503246753247 8 2 46 2 695.529
0.9275 0.935185185185185 0.918478260869565 0.985356280193237 0.93 0.909090909090909 0.946428571428571 0.964285714285714 10 2 46 2 695.529
0.8775 0.888888888888889 0.864130434782609 0.94212962962963 0.84 0.931818181818182 0.767857142857143 0.934659090909091 1 3 46 2 695.529
0.9425 0.958333333333333 0.923913043478261 0.986035628019324 0.84 0.909090909090909 0.785714285714286 0.958198051948052 2 3 46 2 695.529
0.8775 0.884259259259259 0.869565217391304 0.942507045088567 0.85 0.931818181818182 0.785714285714286 0.934253246753247 NA 1 46 3 1382.924
0.9275 0.930555555555556 0.923913043478261 0.984274355877617 0.92 0.886363636363636 0.946428571428571 0.963474025974026 5 2 46 3 1382.924
0.935 0.935185185185185 0.934782608695652 0.98545692431562 0.93 0.909090909090909 0.946428571428571 0.965909090909091 8 2 46 3 1382.924
0.935 0.939814814814815 0.929347826086957 0.986010466988728 0.93 0.909090909090909 0.946428571428571 0.965097402597403 10 2 46 3 1382.924
0.8725 0.884259259259259 0.858695652173913 0.941953502415459 0.84 0.931818181818182 0.767857142857143 0.933441558441558 1 3 46 3 1382.924
0.945 0.958333333333333 0.929347826086957 0.986639492753623 0.84 0.909090909090909 0.785714285714286 0.953327922077922 2 3 46 3 1382.924
