0.88 0.914798206278027 0.836158192090395 0.940259937675762 0.86 0.905660377358491 0.808510638297872 0.922521075873143 NA 1 38 1 859.438
0.9325 0.955156950672646 0.903954802259887 0.977325124775151 0.91 0.924528301886792 0.893617021276596 0.960658370132477 5 2 38 1 859.438
0.93 0.955156950672646 0.898305084745763 0.978819893086063 0.89 0.905660377358491 0.872340425531915 0.957848253713368 8 2 38 1 859.438
0.9325 0.959641255605381 0.898305084745763 0.979883965442984 0.89 0.905660377358491 0.872340425531915 0.958651144118828 10 2 38 1 859.438
0.8825 0.914798206278027 0.84180790960452 0.940335942844113 0.86 0.905660377358491 0.808510638297872 0.917302288237656 1 3 38 1 859.438
0.9275 0.95067264573991 0.898305084745763 0.979706620050163 0.91 0.924528301886792 0.893617021276596 0.961862705740666 2 3 38 1 859.438
0.88 0.905829596412556 0.847457627118644 0.941121329583745 0.85 0.905660377358491 0.787234042553192 0.917302288237656 NA 1 38 2 891.954
0.9375 0.959641255605381 0.909604519774011 0.978009171290314 0.91 0.924528301886792 0.893617021276596 0.959454034524287 5 2 38 2 891.954
0.93 0.955156950672646 0.898305084745763 0.97937726432064 0.9 0.924528301886792 0.872340425531915 0.955038137294259 8 2 38 2 891.954
0.93 0.95067264573991 0.903954802259887 0.980593347014264 0.89 0.905660377358491 0.872340425531915 0.952228020875151 10 2 38 2 891.954
0.885 0.923766816143498 0.836158192090395 0.941577360593854 0.85 0.886792452830189 0.808510638297872 0.912484945804898 1 3 38 2 891.954
0.9375 0.959641255605381 0.909604519774011 0.979250589040055 0.91 0.924528301886792 0.893617021276596 0.9542352468888 2 3 38 2 891.954
0.8775 0.910313901345291 0.836158192090395 0.940234602619645 0.85 0.905660377358491 0.787234042553192 0.917703733440385 NA 1 38 3 1651.043
0.9375 0.959641255605381 0.909604519774011 0.976970433989511 0.91 0.924528301886792 0.893617021276596 0.959454034524287 5 2 38 3 1651.043
0.935 0.959641255605381 0.903954802259887 0.978566542524892 0.88 0.886792452830189 0.872340425531915 0.957848253713368 8 2 38 3 1651.043
0.9325 0.955156950672646 0.903954802259887 0.978617212637126 0.88 0.886792452830189 0.872340425531915 0.956242472902449 10 2 38 3 1651.043
0.8775 0.919282511210762 0.824858757062147 0.939854576777888 0.85 0.905660377358491 0.787234042553192 0.910477719791248 1 3 38 3 1651.043
0.9325 0.955156950672646 0.903954802259887 0.979554609713461 0.91 0.924528301886792 0.893617021276596 0.95463669209153 2 3 38 3 1651.043
