1 1 1 1 0.76 0.612244897959184 0.901960784313726 0.820928371348539 NA 1 32 1 20.133
1 1 1 1 0.77 0.63265306122449 0.901960784313726 0.81952781112445 5 2 32 1 20.133
1 1 1 1 0.77 0.63265306122449 0.901960784313726 0.819927971188475 8 2 32 1 20.133
1 1 1 1 0.77 0.63265306122449 0.901960784313726 0.819927971188475 10 2 32 1 20.133
0.958333333333333 1 0.928571428571429 1 0.83 0.775510204081633 0.882352941176471 0.881152460984394 1 3 32 1 20.133
1 1 1 1 0.77 0.653061224489796 0.882352941176471 0.859143657462985 2 3 32 1 20.133
1 1 1 1 0.76 0.612244897959184 0.901960784313726 0.828131252501 NA 1 32 2 32.836
1 1 1 1 0.77 0.63265306122449 0.901960784313726 0.824929971988796 5 2 32 2 32.836
1 1 1 1 0.77 0.63265306122449 0.901960784313726 0.824929971988796 8 2 32 2 32.836
1 1 1 1 0.77 0.63265306122449 0.901960784313726 0.824929971988796 10 2 32 2 32.836
1 1 1 1 0.83 0.775510204081633 0.882352941176471 0.877150860344138 1 3 32 2 32.836
1 1 1 1 0.74 0.591836734693878 0.882352941176471 0.86234493797519 2 3 32 2 32.836
1 1 1 1 0.77 0.63265306122449 0.901960784313726 0.804921968787515 NA 1 32 3 37.447
1 1 1 1 0.77 0.63265306122449 0.901960784313726 0.816726690676271 5 2 32 3 37.447
1 1 1 1 0.77 0.63265306122449 0.901960784313726 0.815126050420168 8 2 32 3 37.447
1 1 1 1 0.77 0.63265306122449 0.901960784313726 0.815126050420168 10 2 32 3 37.447
0.958333333333333 1 0.928571428571429 1 0.82 0.755102040816326 0.882352941176471 0.877150860344138 1 3 32 3 37.447
1 1 1 1 0.74 0.591836734693878 0.882352941176471 0.863545418167267 2 3 32 3 37.447
