0.90625 0.933333333333333 0.882352941176471 0.952941176470588 0.84 0.695652173913043 0.962962962962963 0.915861513687601 NA 1 70 1 36.273
1 1 1 1 0.86 0.869565217391304 0.851851851851852 0.892914653784219 5 2 70 1 36.273
1 1 1 1 0.79 0.739130434782609 0.833333333333333 0.795893719806763 8 2 70 1 36.273
1 1 1 1 0.89 0.804347826086957 0.962962962962963 0.910628019323671 10 2 70 1 36.273
0.84375 0.866666666666667 0.823529411764706 0.949019607843137 0.83 0.739130434782609 0.907407407407407 0.905394524959742 1 3 70 1 36.273
0.875 0.866666666666667 0.882352941176471 0.980392156862745 0.85 0.739130434782609 0.944444444444444 0.940418679549114 2 3 70 1 36.273
0.90625 0.933333333333333 0.882352941176471 0.952941176470588 0.84 0.695652173913043 0.962962962962963 0.913848631239936 NA 1 70 2 48.145
1 1 1 1 0.9 0.891304347826087 0.907407407407407 0.918679549114332 5 2 70 2 48.145
1 1 1 1 0.83 0.847826086956522 0.814814814814815 0.865539452495974 8 2 70 2 48.145
1 1 1 1 0.89 0.804347826086957 0.962962962962963 0.901167471819646 10 2 70 2 48.145
0.875 0.933333333333333 0.823529411764706 0.956862745098039 0.82 0.695652173913043 0.925925925925926 0.907004830917874 1 3 70 2 48.145
0.875 0.866666666666667 0.882352941176471 0.980392156862745 0.85 0.739130434782609 0.944444444444444 0.944847020933977 2 3 70 2 48.145
0.90625 0.933333333333333 0.882352941176471 0.956862745098039 0.83 0.695652173913043 0.944444444444444 0.916264090177134 NA 1 70 3 66.97
1 1 1 1 0.87 0.782608695652174 0.944444444444444 0.909420289855072 5 2 70 3 66.97
1 1 1 1 0.88 0.782608695652174 0.962962962962963 0.891304347826087 8 2 70 3 66.97
1 1 1 1 0.89 0.804347826086957 0.962962962962963 0.908615136876006 10 2 70 3 66.97
0.875 0.866666666666667 0.882352941176471 0.945098039215686 0.83 0.739130434782609 0.907407407407407 0.904991948470209 1 3 70 3 66.97
0.875 0.866666666666667 0.882352941176471 0.980392156862745 0.84 0.739130434782609 0.925925925925926 0.940016103059581 2 3 70 3 66.97
