0.855 0.871559633027523 0.835164835164835 0.935074100211715 0.84 0.830188679245283 0.851063829787234 0.925331192292252 NA 1 97 1 209.9
0.93 0.944954128440367 0.912087912087912 0.975400746042948 0.9 0.905660377358491 0.893617021276596 0.946206342834203 5 2 97 1 209.9
0.93 0.944954128440367 0.912087912087912 0.976711362032463 0.9 0.905660377358491 0.893617021276596 0.949417904456042 8 2 97 1 209.9
0.935 0.954128440366973 0.912087912087912 0.98477669119871 0.85 0.849056603773585 0.851063829787234 0.924929747089522 10 2 97 1 209.9
0.84 0.853211009174312 0.824175824175824 0.931847968545216 0.86 0.849056603773585 0.872340425531915 0.927338418305901 1 3 97 1 209.9
0.92 0.954128440366973 0.879120879120879 0.967537050105857 0.87 0.849056603773585 0.893617021276596 0.949417904456042 2 3 97 1 209.9
0.85 0.871559633027523 0.824175824175824 0.934570017138824 0.85 0.849056603773585 0.851063829787234 0.927739863508631 NA 1 97 2 316.852
0.925 0.935779816513762 0.912087912087912 0.977013811876197 0.91 0.924528301886792 0.893617021276596 0.945804897631473 5 2 97 2 316.852
0.92 0.944954128440367 0.89010989010989 0.9779211614074 0.91 0.924528301886792 0.893617021276596 0.949016459253312 8 2 97 2 316.852
0.92 0.944954128440367 0.89010989010989 0.979130960782337 0.88 0.886792452830189 0.872340425531915 0.947812123645122 10 2 97 2 316.852
0.855 0.880733944954128 0.824175824175824 0.932553684847263 0.85 0.849056603773585 0.851063829787234 0.9313528703332 1 3 97 2 316.852
0.915 0.954128440366973 0.868131868131868 0.970460731928622 0.89 0.886792452830189 0.893617021276596 0.952228020875151 2 3 97 2 316.852
0.835 0.871559633027523 0.791208791208791 0.932956951305575 0.84 0.849056603773585 0.829787234042553 0.925732637494982 NA 1 97 3 400.947
0.92 0.935779816513762 0.901098901098901 0.976912995261619 0.9 0.924528301886792 0.872340425531915 0.944199116820554 5 2 97 3 400.947
0.925 0.954128440366973 0.89010989010989 0.978626877709447 0.89 0.905660377358491 0.872340425531915 0.950220794861501 8 2 97 3 400.947
0.93 0.963302752293578 0.89010989010989 0.980441576771852 0.88 0.886792452830189 0.872340425531915 0.948213568847852 10 2 97 3 400.947
0.85 0.899082568807339 0.791208791208791 0.92952918640992 0.86 0.849056603773585 0.872340425531915 0.93054997992774 1 3 97 3 400.947
0.915 0.954128440366973 0.868131868131868 0.969553382397419 0.89 0.886792452830189 0.893617021276596 0.955038137294259 2 3 97 3 400.947
