0.8375 0.857142857142857 0.815789473684211 0.897869674185464 0.82 0.788461538461538 0.854166666666667 0.902644230769231 NA 1 30 1 83.28
0.925 0.952380952380952 0.894736842105263 0.988095238095238 0.87 0.826923076923077 0.916666666666667 0.948717948717949 5 2 30 1 83.28
0.9125 0.928571428571429 0.894736842105263 0.986215538847118 0.87 0.826923076923077 0.916666666666667 0.943910256410256 8 2 30 1 83.28
0.925 0.952380952380952 0.894736842105263 0.989348370927318 0.87 0.807692307692308 0.9375 0.942307692307692 10 2 30 1 83.28
0.825 0.857142857142857 0.789473684210526 0.889097744360902 0.8 0.807692307692308 0.791666666666667 0.896634615384615 1 3 30 1 83.28
0.925 0.928571428571429 0.921052631578947 0.986215538847118 0.79 0.826923076923077 0.75 0.904246794871795 2 3 30 1 83.28
0.8125 0.857142857142857 0.763157894736842 0.894736842105263 0.82 0.826923076923077 0.8125 0.909855769230769 NA 1 30 2 146.803
0.925 0.952380952380952 0.894736842105263 0.984962406015038 0.88 0.865384615384615 0.895833333333333 0.951923076923077 5 2 30 2 146.803
0.9375 0.976190476190476 0.894736842105263 0.986215538847118 0.86 0.846153846153846 0.875 0.94511217948718 8 2 30 2 146.803
0.9375 0.976190476190476 0.894736842105263 0.988095238095238 0.86 0.846153846153846 0.875 0.94150641025641 10 2 30 2 146.803
0.8 0.857142857142857 0.736842105263158 0.896616541353383 0.83 0.826923076923077 0.833333333333333 0.919871794871795 1 3 30 2 146.803
0.925 0.952380952380952 0.894736842105263 0.984962406015038 0.79 0.826923076923077 0.75 0.911858974358974 2 3 30 2 146.803
0.8 0.80952380952381 0.789473684210526 0.897869674185464 0.82 0.807692307692308 0.833333333333333 0.91386217948718 NA 1 30 3 165.561
0.9625 0.976190476190476 0.947368421052632 0.984335839598998 0.86 0.846153846153846 0.875 0.948317307692308 5 2 30 3 165.561
0.9625 0.976190476190476 0.947368421052632 0.986215538847118 0.85 0.826923076923077 0.875 0.938701923076923 8 2 30 3 165.561
1 1 1 1 0.74 0.673076923076923 0.8125 0.762620192307692 10 2 30 3 165.561
0.775 0.80952380952381 0.736842105263158 0.887218045112782 0.81 0.826923076923077 0.791666666666667 0.90625 1 3 30 3 165.561
0.9125 0.928571428571429 0.894736842105263 0.985588972431078 0.83 0.865384615384615 0.791666666666667 0.921073717948718 2 3 30 3 165.561
