0.775 0.8 0.742857142857143 0.888253968253968 0.85 0.888888888888889 0.818181818181818 0.922424242424242 NA 1 31 1 97.347
0.9375 0.955555555555556 0.914285714285714 0.991111111111111 0.93 0.911111111111111 0.945454545454545 0.98020202020202 5 2 31 1 97.347
1 1 1 1 0.89 0.933333333333333 0.854545454545454 0.926464646464647 8 2 31 1 97.347
1 1 1 1 0.86 0.888888888888889 0.836363636363636 0.887676767676768 10 2 31 1 97.347
0.7875 0.933333333333333 0.6 0.916825396825397 0.78 0.955555555555556 0.636363636363636 0.947878787878788 1 3 31 1 97.347
0.95 0.955555555555556 0.942857142857143 0.983492063492064 0.86 0.866666666666667 0.854545454545454 0.94949494949495 2 3 31 1 97.347
0.8 0.822222222222222 0.771428571428571 0.892063492063492 0.85 0.888888888888889 0.818181818181818 0.925656565656566 NA 1 31 2 115.184
1 1 1 1 0.87 0.844444444444444 0.890909090909091 0.885454545454545 5 2 31 2 115.184
1 1 1 1 0.9 0.844444444444444 0.945454545454545 0.928080808080808 8 2 31 2 115.184
1 1 1 1 0.93 0.911111111111111 0.945454545454545 0.941010101010101 10 2 31 2 115.184
0.8125 0.933333333333333 0.657142857142857 0.917460317460318 0.8 0.955555555555556 0.672727272727273 0.947878787878788 1 3 31 2 115.184
0.9375 0.955555555555556 0.914285714285714 0.985396825396825 0.87 0.888888888888889 0.854545454545454 0.951515151515152 2 3 31 2 115.184
0.8 0.822222222222222 0.771428571428571 0.89015873015873 0.84 0.888888888888889 0.8 0.924040404040404 NA 1 31 3 177.989
0.9375 0.955555555555556 0.914285714285714 0.987301587301587 0.92 0.888888888888889 0.945454545454545 0.97979797979798 5 2 31 3 177.989
1 1 1 1 0.87 0.888888888888889 0.854545454545454 0.927272727272727 8 2 31 3 177.989
1 1 1 1 0.89 0.911111111111111 0.872727272727273 0.914545454545455 10 2 31 3 177.989
0.7875 0.933333333333333 0.6 0.917460317460318 0.79 0.955555555555556 0.654545454545455 0.95030303030303 1 3 31 3 177.989
0.95 0.955555555555556 0.942857142857143 0.983492063492064 0.88 0.888888888888889 0.872727272727273 0.951919191919192 2 3 31 3 177.989
