0.895 0.897058823529412 0.892857142857143 0.964610844337735 0.85 0.843137254901961 0.857142857142857 0.946378551420568 NA 1 10 1 954.913
0.95 0.96078431372549 0.938775510204082 0.987394957983193 0.94 0.941176470588235 0.938775510204082 0.985994397759104 5 2 10 1 954.913
0.9525 0.96078431372549 0.943877551020408 0.987995198079232 0.93 0.92156862745098 0.938775510204082 0.988395358143257 8 2 10 1 954.913
0.955 0.950980392156863 0.959183673469388 0.989470788315326 0.93 0.92156862745098 0.938775510204082 0.985994397759104 10 2 10 1 954.913
0.8975 0.906862745098039 0.887755102040816 0.963860544217687 0.84 0.823529411764706 0.857142857142857 0.948779511804722 1 3 10 1 954.913
0.9375 0.946078431372549 0.928571428571429 0.987144857943177 0.89 0.862745098039216 0.918367346938776 0.967987194877951 2 3 10 1 954.913
0.895 0.897058823529412 0.892857142857143 0.965111044417767 0.85 0.843137254901961 0.857142857142857 0.946778711484594 NA 1 10 2 832.286
0.95 0.96078431372549 0.938775510204082 0.987294917967187 0.94 0.941176470588235 0.938775510204082 0.984793917567027 5 2 10 2 832.286
0.9525 0.955882352941177 0.948979591836735 0.987995198079232 0.93 0.92156862745098 0.938775510204082 0.987595038015206 8 2 10 2 832.286
0.9525 0.96078431372549 0.943877551020408 0.988170268107243 0.93 0.92156862745098 0.938775510204082 0.98719487795118 10 2 10 2 832.286
0.8975 0.906862745098039 0.887755102040816 0.964035614245698 0.84 0.823529411764706 0.857142857142857 0.950380152060824 1 3 10 2 832.286
0.935 0.941176470588235 0.928571428571429 0.987019807923169 0.9 0.882352941176471 0.918367346938776 0.968787515006002 2 3 10 2 832.286
0.8925 0.897058823529412 0.887755102040816 0.964210684273709 0.85 0.843137254901961 0.857142857142857 0.949179671868748 NA 1 10 3 1522.118
0.95 0.955882352941177 0.943877551020408 0.987620048019208 0.94 0.941176470588235 0.938775510204082 0.986794717887155 5 2 10 3 1522.118
0.9575 0.955882352941177 0.959183673469388 0.990096038415366 0.93 0.92156862745098 0.938775510204082 0.985994397759104 8 2 10 3 1522.118
0.955 0.950980392156863 0.959183673469388 0.990296118447379 0.93 0.92156862745098 0.938775510204082 0.985594237695078 10 2 10 3 1522.118
0.9025 0.916666666666667 0.887755102040816 0.963135254101641 0.85 0.843137254901961 0.857142857142857 0.95078031212485 1 3 10 3 1522.118
0.93 0.936274509803922 0.923469387755102 0.987144857943177 0.9 0.862745098039216 0.938775510204082 0.968787515006002 2 3 10 3 1522.118
