0.875 1 0.625 0.8203125 0.8 0.901960784313726 0.693877551020408 0.893957583033213 NA 1 52 1 21.078
0.916666666666667 0.875 1 0.9140625 0.51 0.686274509803922 0.326530612244898 0.506002400960384 5 2 52 1 21.078
1 1 1 1 0.66 0.588235294117647 0.73469387755102 0.735494197679072 8 2 52 1 21.078
1 1 1 1 0.38 0.411764705882353 0.346938775510204 0.630852340936375 10 2 52 1 21.078
0.666666666666667 1 0 0.796875 0.51 1 0 0.881952781112445 1 3 52 1 21.078
0.666666666666667 1 0 0.875 0.51 1 0 0.916366546618647 2 3 52 1 21.078
0.875 1 0.625 0.796875 0.82 0.882352941176471 0.755102040816326 0.887955182072829 NA 1 52 2 40.16
1 1 1 1 0.57 0.745098039215686 0.387755102040816 0.553021208483393 5 2 52 2 40.16
1 1 1 1 0.49 0.588235294117647 0.387755102040816 0.551220488195278 8 2 52 2 40.16
0.958333333333333 1 0.875 0.88671875 0.59 0.666666666666667 0.510204081632653 0.558623449379752 10 2 52 2 40.16
0.625 0.9375 0 0.8046875 0.51 1 0 0.874349739895958 1 3 52 2 40.16
0.666666666666667 1 0 0.9765625 0.51 1 0 0.896358543417367 2 3 52 2 40.16
0.875 1 0.625 0.8203125 0.82 0.92156862745098 0.714285714285714 0.909563825530212 NA 1 52 3 47.402
1 1 1 1 0.52 0.568627450980392 0.469387755102041 0.490996398559424 5 2 52 3 47.402
1 1 1 1 0.66 0.627450980392157 0.693877551020408 0.653461384553822 8 2 52 3 47.402
1 1 1 1 0.53 0.529411764705882 0.530612244897959 0.547619047619048 10 2 52 3 47.402
0.666666666666667 1 0 0.7734375 0.51 1 0 0.932773109243697 1 3 52 3 47.402
0.666666666666667 1 0 0.8671875 0.51 1 0 0.920368147258904 2 3 52 3 47.402
