0.9 0.885714285714286 0.911111111111111 0.97015873015873 0.89 0.86046511627907 0.912280701754386 0.960016319869441 NA 1 39 1 183.611
0.975 0.971428571428571 0.977777777777778 0.995555555555556 0.95 0.953488372093023 0.947368421052632 0.977152182782538 5 2 39 1 183.611
0.975 0.971428571428571 0.977777777777778 0.997460317460317 0.94 0.953488372093023 0.929824561403509 0.97062423500612 8 2 39 1 183.611
0.975 0.971428571428571 0.977777777777778 0.997460317460317 0.94 0.953488372093023 0.929824561403509 0.969808241534068 10 2 39 1 183.611
0.9 0.885714285714286 0.911111111111111 0.966349206349206 0.87 0.837209302325581 0.894736842105263 0.947368421052632 1 3 39 1 183.611
0.9375 0.885714285714286 0.977777777777778 0.975873015873016 0.9 0.837209302325581 0.947368421052632 0.956752345981232 2 3 39 1 183.611
0.8875 0.885714285714286 0.888888888888889 0.968253968253968 0.9 0.883720930232558 0.912280701754386 0.959200326397389 NA 1 39 2 148.766
0.975 0.971428571428571 0.977777777777778 0.994920634920635 0.94 0.930232558139535 0.947368421052632 0.977560179518564 5 2 39 2 148.766
0.975 0.971428571428571 0.977777777777778 0.997460317460317 0.93 0.930232558139535 0.929824561403509 0.968992248062015 8 2 39 2 148.766
0.975 0.971428571428571 0.977777777777778 0.996825396825397 0.93 0.930232558139535 0.929824561403509 0.968584251325989 10 2 39 2 148.766
0.9 0.885714285714286 0.911111111111111 0.964444444444444 0.86 0.837209302325581 0.87719298245614 0.946552427580579 1 3 39 2 148.766
0.925 0.885714285714286 0.955555555555556 0.974603174603175 0.9 0.837209302325581 0.947368421052632 0.95593635250918 2 3 39 2 148.766
0.925 0.914285714285714 0.933333333333333 0.972063492063492 0.89 0.86046511627907 0.912280701754386 0.959608323133415 NA 1 39 3 309.827
0.975 0.971428571428571 0.977777777777778 0.996190476190476 0.94 0.930232558139535 0.947368421052632 0.977152182782538 5 2 39 3 309.827
0.975 0.971428571428571 0.977777777777778 0.997460317460317 0.93 0.953488372093023 0.912280701754386 0.97062423500612 8 2 39 3 309.827
0.975 0.971428571428571 0.977777777777778 0.997460317460317 0.94 0.953488372093023 0.929824561403509 0.968992248062015 10 2 39 3 309.827
0.9125 0.885714285714286 0.933333333333333 0.966984126984127 0.87 0.837209302325581 0.894736842105263 0.947776417788658 1 3 39 3 309.827
0.9375 0.885714285714286 0.977777777777778 0.978412698412698 0.89 0.837209302325581 0.929824561403509 0.951040391676867 2 3 39 3 309.827
