0.875 0.823529411764706 0.91304347826087 0.964194373401535 0.87 0.897959183673469 0.843137254901961 0.953181272509004 NA 1 72 1 61.283
1 1 1 1 0.89 0.979591836734694 0.803921568627451 0.91656662665066 5 2 72 1 61.283
1 1 1 1 0.83 0.877551020408163 0.784313725490196 0.874149659863946 8 2 72 1 61.283
1 1 1 1 0.84 0.877551020408163 0.803921568627451 0.903961584633853 10 2 72 1 61.283
0.875 0.823529411764706 0.91304347826087 0.943734015345269 0.85 0.795918367346939 0.901960784313726 0.925170068027211 1 3 72 1 61.283
0.95 0.882352941176471 1 0.989769820971867 0.8 0.693877551020408 0.901960784313726 0.92156862745098 2 3 72 1 61.283
0.875 0.823529411764706 0.91304347826087 0.964194373401535 0.86 0.877551020408163 0.843137254901961 0.953181272509004 NA 1 72 2 62.961
1 1 1 1 0.86 0.857142857142857 0.862745098039216 0.899759903961585 5 2 72 2 62.961
1 1 1 1 0.8 0.836734693877551 0.764705882352941 0.850340136054422 8 2 72 2 62.961
1 1 1 1 0.86 0.877551020408163 0.843137254901961 0.877150860344138 10 2 72 2 62.961
0.875 0.823529411764706 0.91304347826087 0.946291560102302 0.85 0.795918367346939 0.901960784313726 0.926770708283313 1 3 72 2 62.961
0.95 0.882352941176471 1 0.989769820971867 0.8 0.693877551020408 0.901960784313726 0.922769107643057 2 3 72 2 62.961
0.875 0.823529411764706 0.91304347826087 0.961636828644501 0.88 0.918367346938776 0.843137254901961 0.951180472188876 NA 1 72 3 110.348
1 1 1 1 0.82 0.897959183673469 0.745098039215686 0.862945178071229 5 2 72 3 110.348
1 1 1 1 0.82 0.897959183673469 0.745098039215686 0.838735494197679 8 2 72 3 110.348
1 1 1 1 0.84 0.897959183673469 0.784313725490196 0.911964785914366 10 2 72 3 110.348
0.85 0.764705882352941 0.91304347826087 0.946291560102302 0.84 0.775510204081633 0.901960784313726 0.92436974789916 1 3 72 3 110.348
0.95 0.882352941176471 1 0.989769820971867 0.8 0.693877551020408 0.901960784313726 0.910764305722289 2 3 72 3 110.348
