0.835 0.862385321100917 0.802197802197802 0.929226736566186 0.88 0.938775510204082 0.823529411764706 0.950380152060824 NA 1 46 1 454.415
0.92 0.926605504587156 0.912087912087912 0.983264441980038 0.9 0.918367346938776 0.882352941176471 0.976790716286515 5 2 46 1 454.415
0.93 0.935779816513762 0.923076923076923 0.984171791511241 0.9 0.918367346938776 0.882352941176471 0.974389755902361 8 2 46 1 454.415
0.925 0.926605504587156 0.923076923076923 0.983970158282085 0.9 0.918367346938776 0.882352941176471 0.975990396158463 10 2 46 1 454.415
0.85 0.889908256880734 0.802197802197802 0.926706321201734 0.89 0.938775510204082 0.843137254901961 0.956782713085234 1 3 46 1 454.415
0.935 0.926605504587156 0.945054945054945 0.985583224115334 0.88 0.877551020408163 0.882352941176471 0.953981592637055 2 3 46 1 454.415
0.83 0.862385321100917 0.791208791208791 0.929428369795342 0.87 0.938775510204082 0.803921568627451 0.951980792316927 NA 1 46 2 422.716
0.92 0.926605504587156 0.912087912087912 0.983365258594616 0.9 0.918367346938776 0.882352941176471 0.976390556222489 5 2 46 2 422.716
0.935 0.944954128440367 0.923076923076923 0.984272608125819 0.9 0.918367346938776 0.882352941176471 0.975990396158463 8 2 46 2 422.716
0.93 0.935779816513762 0.923076923076923 0.984171791511241 0.9 0.918367346938776 0.882352941176471 0.97719087635054 10 2 46 2 422.716
0.855 0.899082568807339 0.802197802197802 0.927613670732937 0.88 0.959183673469388 0.803921568627451 0.956382553021208 1 3 46 2 422.716
0.925 0.908256880733945 0.945054945054945 0.985684040729912 0.88 0.877551020408163 0.882352941176471 0.955582232893157 2 3 46 2 422.716
0.825 0.862385321100917 0.78021978021978 0.928218570420405 0.87 0.938775510204082 0.803921568627451 0.948379351740696 NA 1 46 3 756.299
0.92 0.926605504587156 0.912087912087912 0.984070974896663 0.9 0.918367346938776 0.882352941176471 0.976790716286515 5 2 46 3 756.299
0.94 0.944954128440367 0.934065934065934 0.985583224115334 0.89 0.918367346938776 0.862745098039216 0.973989595838335 8 2 46 3 756.299
0.93 0.926605504587156 0.934065934065934 0.985381590886178 0.9 0.918367346938776 0.882352941176471 0.974389755902361 10 2 46 3 756.299
0.855 0.899082568807339 0.802197802197802 0.926504687972578 0.88 0.938775510204082 0.823529411764706 0.953981592637055 1 3 46 3 756.299
0.935 0.926605504587156 0.945054945054945 0.98578485734449 0.84 0.857142857142857 0.823529411764706 0.953581432573029 2 3 46 3 756.299
