0.88 0.879581151832461 0.880382775119617 0.939126731631554 0.91 0.87037037037037 0.956521739130435 0.961352657004831 NA 1 4 1 927.977
0.935 0.931937172774869 0.937799043062201 0.982138831133044 0.91 0.925925925925926 0.891304347826087 0.980676328502415 5 2 4 1 927.977
0.94 0.93717277486911 0.942583732057416 0.983316215336056 0.91 0.925925925925926 0.891304347826087 0.981078904991948 8 2 4 1 927.977
0.94 0.93717277486911 0.942583732057416 0.983541671885568 0.91 0.925925925925926 0.891304347826087 0.981078904991948 10 2 4 1 927.977
0.8775 0.879581151832461 0.875598086124402 0.939452391091961 0.9 0.87037037037037 0.934782608695652 0.960144927536232 1 3 4 1 927.977
0.93 0.931937172774869 0.92822966507177 0.982439439865728 0.87 0.833333333333333 0.91304347826087 0.953301127214171 2 3 4 1 927.977
0.8725 0.858638743455497 0.885167464114832 0.940554623111801 0.9 0.87037037037037 0.934782608695652 0.957729468599034 NA 1 4 2 953.987
0.9425 0.942408376963351 0.942583732057416 0.983015606603372 0.91 0.925925925925926 0.891304347826087 0.97866344605475 5 2 4 2 953.987
0.945 0.942408376963351 0.947368421052632 0.984618853177685 0.92 0.925925925925926 0.91304347826087 0.977858293075684 8 2 4 2 953.987
0.945 0.942408376963351 0.947368421052632 0.98451865026679 0.92 0.925925925925926 0.91304347826087 0.977858293075684 10 2 4 2 953.987
0.8775 0.87434554973822 0.880382775119617 0.941005536210827 0.89 0.87037037037037 0.91304347826087 0.957729468599034 1 3 4 2 953.987
0.9375 0.931937172774869 0.942583732057416 0.982790150053859 0.88 0.851851851851852 0.91304347826087 0.95450885668277 2 3 4 2 953.987
0.875 0.869109947643979 0.880382775119617 0.939627746186027 0.9 0.87037037037037 0.934782608695652 0.956521739130435 NA 1 4 3 1608.788
0.9375 0.93717277486911 0.937799043062201 0.982364287682557 0.93 0.925925925925926 0.934782608695652 0.977858293075684 5 2 4 3 1608.788
0.945 0.942408376963351 0.947368421052632 0.983516621157845 0.92 0.925925925925926 0.91304347826087 0.978260869565217 8 2 4 3 1608.788
0.945 0.942408376963351 0.947368421052632 0.983666925524186 0.92 0.925925925925926 0.91304347826087 0.97866344605475 10 2 4 3 1608.788
0.8725 0.863874345549738 0.880382775119617 0.93992835491871 0.88 0.87037037037037 0.891304347826087 0.957729468599034 1 3 4 3 1608.788
0.9375 0.931937172774869 0.942583732057416 0.982765099326135 0.88 0.851851851851852 0.91304347826087 0.954911433172303 2 3 4 3 1608.788
