0.916666666666667 0.909090909090909 0.923076923076923 0.965594405594406 0.78 0.760869565217391 0.796296296296296 0.865539452495974 NA 1 16 1 146.919
0.966666666666667 0.963636363636364 0.969230769230769 0.991048951048951 0.86 0.847826086956522 0.87037037037037 0.924315619967794 5 2 16 1 146.919
0.958333333333333 0.963636363636364 0.953846153846154 0.991048951048951 0.86 0.847826086956522 0.87037037037037 0.920289855072464 8 2 16 1 146.919
0.958333333333333 0.963636363636364 0.953846153846154 0.991048951048951 0.86 0.847826086956522 0.87037037037037 0.917874396135266 10 2 16 1 146.919
0.916666666666667 0.909090909090909 0.923076923076923 0.961398601398601 0.79 0.760869565217391 0.814814814814815 0.877616747181965 1 3 16 1 146.919
0.958333333333333 0.963636363636364 0.953846153846154 0.98013986013986 0.84 0.869565217391304 0.814814814814815 0.923510466988728 2 3 16 1 146.919
0.925 0.927272727272727 0.923076923076923 0.966713286713287 0.78 0.739130434782609 0.814814814814815 0.86634460547504 NA 1 16 2 127.781
0.966666666666667 0.963636363636364 0.969230769230769 0.991048951048951 0.86 0.847826086956522 0.87037037037037 0.926731078904992 5 2 16 2 127.781
0.966666666666667 0.963636363636364 0.969230769230769 0.990769230769231 0.86 0.847826086956522 0.87037037037037 0.920692431561997 8 2 16 2 127.781
0.958333333333333 0.963636363636364 0.953846153846154 0.991048951048951 0.86 0.847826086956522 0.87037037037037 0.919484702093398 10 2 16 2 127.781
0.925 0.945454545454545 0.907692307692308 0.961958041958042 0.8 0.782608695652174 0.814814814814815 0.878824476650564 1 3 16 2 127.781
0.958333333333333 0.963636363636364 0.953846153846154 0.98013986013986 0.84 0.869565217391304 0.814814814814815 0.919887278582931 2 3 16 2 127.781
0.933333333333333 0.927272727272727 0.938461538461538 0.966713286713287 0.78 0.760869565217391 0.796296296296296 0.864734299516908 NA 1 16 3 228.608
0.975 0.963636363636364 0.984615384615385 0.991328671328671 0.85 0.826086956521739 0.87037037037037 0.919484702093398 5 2 16 3 228.608
0.966666666666667 0.963636363636364 0.969230769230769 0.991048951048951 0.85 0.826086956521739 0.87037037037037 0.916264090177134 8 2 16 3 228.608
0.975 0.963636363636364 0.984615384615385 0.991048951048951 0.84 0.804347826086957 0.87037037037037 0.914251207729469 10 2 16 3 228.608
0.925 0.927272727272727 0.923076923076923 0.961398601398601 0.81 0.804347826086957 0.814814814814815 0.873993558776167 1 3 16 3 228.608
0.95 0.981818181818182 0.923076923076923 0.980699300699301 0.84 0.869565217391304 0.814814814814815 0.912238325281803 2 3 16 3 228.608
