0.8125 0.8 0.825 0.94375 0.9 0.892857142857143 0.909090909090909 0.926542207792208 NA 1 15 1 120.378
1 1 1 1 0.91 0.964285714285714 0.840909090909091 0.909090909090909 5 2 15 1 120.378
1 1 1 1 0.84 0.857142857142857 0.818181818181818 0.841923701298701 8 2 15 1 120.378
1 1 1 1 0.89 0.946428571428571 0.818181818181818 0.887581168831169 10 2 15 1 120.378
0.85 0.875 0.825 0.944375 0.86 0.892857142857143 0.818181818181818 0.925324675324675 1 3 15 1 120.378
0.9375 0.95 0.925 0.98875 0.88 0.892857142857143 0.863636363636364 0.929788961038961 2 3 15 1 120.378
0.8125 0.8 0.825 0.9425 0.9 0.892857142857143 0.909090909090909 0.929383116883117 NA 1 15 2 113.584
1 1 1 1 0.9 0.964285714285714 0.818181818181818 0.891233766233766 5 2 15 2 113.584
1 1 1 1 0.82 0.839285714285714 0.795454545454545 0.834618506493507 8 2 15 2 113.584
1 1 1 1 0.83 0.857142857142857 0.795454545454545 0.839691558441558 10 2 15 2 113.584
0.85 0.875 0.825 0.940625 0.86 0.892857142857143 0.818181818181818 0.926948051948052 1 3 15 2 113.584
0.9375 0.95 0.925 0.988125 0.88 0.892857142857143 0.863636363636364 0.932224025974026 2 3 15 2 113.584
0.825 0.825 0.825 0.93875 0.89 0.875 0.909090909090909 0.925324675324675 NA 1 15 3 204.829
1 1 1 1 0.89 0.964285714285714 0.795454545454545 0.901785714285714 5 2 15 3 204.829
1 1 1 1 0.87 0.892857142857143 0.840909090909091 0.880478896103896 8 2 15 3 204.829
1 1 1 1 0.85 0.839285714285714 0.863636363636364 0.883319805194805 10 2 15 3 204.829
0.8375 0.85 0.825 0.9375 0.87 0.892857142857143 0.840909090909091 0.926542207792208 1 3 15 3 204.829
0.9375 0.95 0.925 0.986875 0.89 0.892857142857143 0.886363636363636 0.935064935064935 2 3 15 3 204.829
