0.9 0.956521739130435 0.823529411764706 0.956521739130435 0.86 0.867924528301887 0.851063829787234 0.938980329185066 NA 1 59 1 41.777
1 1 1 1 0.78 0.905660377358491 0.638297872340426 0.76756322761943 5 2 59 1 41.777
1 1 1 1 0.84 0.867924528301887 0.808510638297872 0.839622641509434 8 2 59 1 41.777
1 1 1 1 0.79 0.924528301886792 0.638297872340426 0.81413087113609 10 2 59 1 41.777
0.875 0.956521739130435 0.764705882352941 0.936061381074169 0.86 0.924528301886792 0.787234042553192 0.927739863508631 1 3 59 1 41.777
0.95 1 0.882352941176471 0.9923273657289 0.81 0.830188679245283 0.787234042553192 0.905660377358491 2 3 59 1 41.777
0.9 0.956521739130435 0.823529411764706 0.956521739130435 0.87 0.886792452830189 0.851063829787234 0.939381774387796 NA 1 59 2 47.977
0.95 0.956521739130435 0.941176470588235 0.987212276214834 0.82 0.886792452830189 0.74468085106383 0.936973103171417 5 2 59 2 47.977
1 1 1 1 0.8 0.905660377358491 0.680851063829787 0.827177840224809 8 2 59 2 47.977
1 1 1 1 0.82 0.867924528301887 0.765957446808511 0.881975110397431 10 2 59 2 47.977
0.875 0.956521739130435 0.764705882352941 0.936061381074169 0.84 0.924528301886792 0.74468085106383 0.922119630670413 1 3 59 2 47.977
0.95 1 0.882352941176471 0.989769820971867 0.82 0.849056603773585 0.787234042553192 0.903653151344841 2 3 59 2 47.977
0.9 0.956521739130435 0.823529411764706 0.956521739130435 0.86 0.867924528301887 0.851063829787234 0.941790445604175 NA 1 59 3 74.822
1 1 1 1 0.76 0.867924528301887 0.638297872340426 0.762344439983942 5 2 59 3 74.822
1 1 1 1 0.8 0.905660377358491 0.680851063829787 0.8014853472501 8 2 59 3 74.822
1 1 1 1 0.79 0.905660377358491 0.659574468085106 0.818145323163388 10 2 59 3 74.822
0.875 0.956521739130435 0.764705882352941 0.938618925831202 0.82 0.867924528301887 0.765957446808511 0.915696507426736 1 3 59 3 74.822
0.95 1 0.882352941176471 0.9923273657289 0.82 0.849056603773585 0.787234042553192 0.902047370533922 2 3 59 3 74.822
