0.845 0.854368932038835 0.835051546391753 0.917725953358022 0.83 0.866666666666667 0.8 0.891313131313131 NA 1 50 1 341.574
0.925 0.951456310679612 0.896907216494845 0.985286758082274 0.87 0.955555555555556 0.8 0.960808080808081 5 2 50 1 341.574
0.935 0.961165048543689 0.907216494845361 0.988389550595536 0.89 0.955555555555556 0.836363636363636 0.956767676767677 8 2 50 1 341.574
0.94 0.961165048543689 0.917525773195876 0.988589730757682 0.89 0.955555555555556 0.836363636363636 0.957979797979798 10 2 50 1 341.574
0.845 0.854368932038835 0.835051546391753 0.917725953358022 0.8 0.844444444444444 0.763636363636364 0.88969696969697 1 3 50 1 341.574
0.92 0.941747572815534 0.896907216494845 0.981983785406866 0.85 0.911111111111111 0.8 0.935353535353535 2 3 50 1 341.574
0.85 0.854368932038835 0.845360824742268 0.918927034330898 0.84 0.866666666666667 0.818181818181818 0.892121212121212 NA 1 50 2 279.541
0.92 0.941747572815534 0.896907216494845 0.985787208487639 0.87 0.955555555555556 0.8 0.962020202020202 5 2 50 2 279.541
0.935 0.961165048543689 0.907216494845361 0.988289460514463 0.88 0.955555555555556 0.818181818181818 0.955959595959596 8 2 50 2 279.541
0.935 0.961165048543689 0.907216494845361 0.988689820838755 0.88 0.955555555555556 0.818181818181818 0.956363636363636 10 2 50 2 279.541
0.84 0.844660194174757 0.835051546391753 0.917826043439095 0.8 0.844444444444444 0.763636363636364 0.890909090909091 1 3 50 2 279.541
0.925 0.951456310679612 0.896907216494845 0.98108297467721 0.86 0.911111111111111 0.818181818181818 0.938181818181818 2 3 50 2 279.541
0.835 0.83495145631068 0.835051546391753 0.914723250925833 0.83 0.866666666666667 0.8 0.88969696969697 NA 1 50 3 567.067
0.925 0.951456310679612 0.896907216494845 0.986587929136223 0.87 0.955555555555556 0.8 0.957171717171717 5 2 50 3 567.067
0.94 0.961165048543689 0.917525773195876 0.988389550595536 0.88 0.955555555555556 0.818181818181818 0.95959595959596 8 2 50 3 567.067
0.94 0.961165048543689 0.917525773195876 0.988589730757682 0.88 0.955555555555556 0.818181818181818 0.962020202020202 10 2 50 3 567.067
0.83 0.825242718446602 0.835051546391753 0.914322890601541 0.8 0.822222222222222 0.781818181818182 0.885252525252525 1 3 50 3 567.067
0.925 0.951456310679612 0.896907216494845 0.982284055650085 0.84 0.866666666666667 0.818181818181818 0.935757575757576 2 3 50 3 567.067
