0.808333333333333 0.838709677419355 0.775862068965517 0.889599555061179 0.88 0.892857142857143 0.863636363636364 0.958198051948052 NA 1 27 1 159.702
0.908333333333333 0.919354838709677 0.896551724137931 0.973859844271413 0.89 0.910714285714286 0.863636363636364 0.960633116883117 5 2 27 1 159.702
0.9 0.919354838709677 0.879310344827586 0.975250278086763 0.89 0.910714285714286 0.863636363636364 0.960227272727273 8 2 27 1 159.702
0.9 0.919354838709677 0.879310344827586 0.975250278086763 0.89 0.910714285714286 0.863636363636364 0.960633116883117 10 2 27 1 159.702
0.8 0.838709677419355 0.758620689655172 0.890155728587319 0.9 0.928571428571429 0.863636363636364 0.961850649350649 1 3 27 1 159.702
0.891666666666667 0.903225806451613 0.879310344827586 0.956618464961068 0.86 0.892857142857143 0.818181818181818 0.959821428571429 2 3 27 1 159.702
0.808333333333333 0.838709677419355 0.775862068965517 0.89210233592881 0.88 0.892857142857143 0.863636363636364 0.959821428571429 NA 1 27 2 137.285
0.9 0.919354838709677 0.879310344827586 0.974416017797553 0.9 0.910714285714286 0.886363636363636 0.961038961038961 5 2 27 2 137.285
0.908333333333333 0.919354838709677 0.896551724137931 0.974694104560623 0.89 0.910714285714286 0.863636363636364 0.960633116883117 8 2 27 2 137.285
0.908333333333333 0.919354838709677 0.896551724137931 0.975250278086763 0.89 0.910714285714286 0.863636363636364 0.960633116883117 10 2 27 2 137.285
0.8 0.838709677419355 0.758620689655172 0.890155728587319 0.9 0.928571428571429 0.863636363636364 0.961038961038961 1 3 27 2 137.285
0.891666666666667 0.903225806451613 0.879310344827586 0.957174638487208 0.86 0.892857142857143 0.818181818181818 0.960633116883117 2 3 27 2 137.285
0.833333333333333 0.887096774193548 0.775862068965517 0.89210233592881 0.89 0.910714285714286 0.863636363636364 0.958603896103896 NA 1 27 3 253.068
0.9 0.919354838709677 0.879310344827586 0.976918798665183 0.88 0.892857142857143 0.863636363636364 0.955762987012987 5 2 27 3 253.068
0.9 0.919354838709677 0.879310344827586 0.976362625139043 0.88 0.892857142857143 0.863636363636364 0.958198051948052 8 2 27 3 253.068
0.9 0.919354838709677 0.879310344827586 0.977196885428254 0.89 0.910714285714286 0.863636363636364 0.956980519480519 10 2 27 3 253.068
0.833333333333333 0.870967741935484 0.793103448275862 0.890711902113459 0.9 0.928571428571429 0.863636363636364 0.95413961038961 1 3 27 3 253.068
0.9 0.919354838709677 0.879310344827586 0.955228031145717 0.86 0.892857142857143 0.818181818181818 0.961850649350649 2 3 27 3 253.068
