0.883333333333333 0.898550724637681 0.862745098039216 0.965331059960216 0.81 0.884615384615385 0.729166666666667 0.889423076923077 NA 1 98 1 191.387
1 1 1 1 0.89 0.903846153846154 0.875 0.901842948717949 5 2 98 1 191.387
1 1 1 1 0.86 0.846153846153846 0.875 0.877804487179487 8 2 98 1 191.387
0.991666666666667 1 0.980392156862745 1 0.87 0.865384615384615 0.875 0.897035256410256 10 2 98 1 191.387
0.891666666666667 0.927536231884058 0.843137254901961 0.961636828644501 0.83 0.923076923076923 0.729166666666667 0.892628205128205 1 3 98 1 191.387
0.95 0.956521739130435 0.941176470588235 0.993748223927252 0.8 0.807692307692308 0.791666666666667 0.906650641025641 2 3 98 1 191.387
0.9 0.898550724637681 0.901960784313726 0.969309462915601 0.79 0.884615384615385 0.6875 0.880208333333333 NA 1 98 2 207.402
1 1 1 1 0.86 0.846153846153846 0.875 0.860576923076923 5 2 98 2 207.402
1 1 1 1 0.88 0.884615384615385 0.875 0.895032051282051 8 2 98 2 207.402
1 1 1 1 0.87 0.846153846153846 0.895833333333333 0.874399038461538 10 2 98 2 207.402
0.908333333333333 0.927536231884058 0.882352941176471 0.965046888320546 0.79 0.903846153846154 0.666666666666667 0.870592948717949 1 3 98 2 207.402
0.958333333333333 0.971014492753623 0.941176470588235 0.995453253765274 0.83 0.865384615384615 0.791666666666667 0.909054487179487 2 3 98 2 207.402
0.908333333333333 0.91304347826087 0.901960784313726 0.96874111963626 0.8 0.903846153846154 0.6875 0.885016025641026 NA 1 98 3 352.212
1 1 1 1 0.88 0.865384615384615 0.895833333333333 0.884415064102564 5 2 98 3 352.212
1 1 1 1 0.87 0.846153846153846 0.895833333333333 0.87479967948718 8 2 98 3 352.212
1 1 1 1 0.86 0.865384615384615 0.854166666666667 0.873798076923077 10 2 98 3 352.212
0.908333333333333 0.927536231884058 0.882352941176471 0.965046888320546 0.8 0.884615384615385 0.708333333333333 0.866185897435897 1 3 98 3 352.212
0.966666666666667 0.971014492753623 0.96078431372549 0.995453253765274 0.83 0.865384615384615 0.791666666666667 0.913461538461538 2 3 98 3 352.212
