0.8625 0.842105263157895 0.880952380952381 0.957393483709273 0.83 0.76 0.9 0.8684 NA 1 12 1 81.833
1 1 1 1 0.9 0.86 0.94 0.8986 5 2 12 1 81.833
1 1 1 1 0.88 0.86 0.9 0.8962 8 2 12 1 81.833
1 1 1 1 0.86 0.82 0.9 0.8844 10 2 12 1 81.833
0.875 0.842105263157895 0.904761904761905 0.959899749373434 0.85 0.78 0.92 0.872 1 3 12 1 81.833
0.9 0.868421052631579 0.928571428571429 0.978070175438597 0.83 0.72 0.94 0.9144 2 3 12 1 81.833
0.8625 0.842105263157895 0.880952380952381 0.958646616541353 0.84 0.76 0.92 0.8684 NA 1 12 2 94.957
1 1 1 1 0.89 0.92 0.86 0.9054 5 2 12 2 94.957
1 1 1 1 0.83 0.82 0.84 0.8796 8 2 12 2 94.957
1 1 1 1 0.83 0.82 0.84 0.9106 10 2 12 2 94.957
0.875 0.842105263157895 0.904761904761905 0.957393483709273 0.85 0.78 0.92 0.8728 1 3 12 2 94.957
0.9 0.868421052631579 0.928571428571429 0.978696741854637 0.84 0.74 0.94 0.9148 2 3 12 2 94.957
0.875 0.868421052631579 0.880952380952381 0.958646616541353 0.84 0.76 0.92 0.8696 NA 1 12 3 141.348
1 1 1 1 0.91 0.9 0.92 0.9066 5 2 12 3 141.348
1 1 1 1 0.9 0.86 0.94 0.8962 8 2 12 3 141.348
1 1 1 1 0.9 0.86 0.94 0.9022 10 2 12 3 141.348
0.875 0.842105263157895 0.904761904761905 0.957393483709273 0.85 0.76 0.94 0.878 1 3 12 3 141.348
0.8875 0.842105263157895 0.928571428571429 0.979323308270677 0.83 0.72 0.94 0.9128 2 3 12 3 141.348
