0.908333333333333 0.933333333333333 0.866666666666667 0.969777777777778 0.8 0.936170212765957 0.679245283018868 0.924126856684063 NA 1 80 1 225.454
0.941666666666667 0.96 0.911111111111111 0.989925925925926 0.94 1 0.886792452830189 0.975511842633481 5 2 80 1 225.454
1 1 1 1 0.78 0.936170212765957 0.641509433962264 0.805901244480128 8 2 80 1 225.454
1 1 1 1 0.79 0.893617021276596 0.69811320754717 0.822561220393416 10 2 80 1 225.454
0.908333333333333 0.96 0.822222222222222 0.968296296296296 0.82 0.978723404255319 0.679245283018868 0.927739863508631 1 3 80 1 225.454
0.933333333333333 0.973333333333333 0.866666666666667 0.978962962962963 0.8 0.936170212765957 0.679245283018868 0.887193898032918 2 3 80 1 225.454
0.933333333333333 0.96 0.888888888888889 0.970666666666667 0.8 0.957446808510638 0.660377358490566 0.932557205941389 NA 1 80 2 221.579
0.95 0.96 0.933333333333333 0.991111111111111 0.92 0.978723404255319 0.867924528301887 0.974307507025291 5 2 80 2 221.579
1 1 1 1 0.83 0.978723404255319 0.69811320754717 0.853071055800883 8 2 80 2 221.579
1 1 1 1 0.78 0.893617021276596 0.679245283018868 0.808510638297872 10 2 80 2 221.579
0.925 0.973333333333333 0.844444444444444 0.969185185185185 0.82 1 0.660377358490566 0.932557205941389 1 3 80 2 221.579
0.941666666666667 0.986666666666667 0.866666666666667 0.97837037037037 0.81 0.957446808510638 0.679245283018868 0.896828582898434 2 3 80 2 221.579
0.925 0.946666666666667 0.888888888888889 0.970074074074074 0.79 0.936170212765957 0.660377358490566 0.918506623845845 NA 1 80 3 403.683
0.941666666666667 0.96 0.911111111111111 0.990814814814815 0.93 0.978723404255319 0.886792452830189 0.973103171417102 5 2 80 3 403.683
1 1 1 1 0.79 0.893617021276596 0.69811320754717 0.826575672420715 8 2 80 3 403.683
1 1 1 1 0.82 0.936170212765957 0.716981132075472 0.855078281814532 10 2 80 3 403.683
0.925 0.973333333333333 0.844444444444444 0.967703703703704 0.81 0.957446808510638 0.679245283018868 0.924126856684063 1 3 80 3 403.683
0.941666666666667 0.986666666666667 0.866666666666667 0.979259259259259 0.79 0.936170212765957 0.660377358490566 0.88277800080289 2 3 80 3 403.683
