0.87 0.878787878787879 0.861386138613861 0.954495449544954 0.88 0.844444444444444 0.909090909090909 0.941010101010101 NA 1 53 1 262.322
0.96 0.95959595959596 0.96039603960396 0.993599359935994 0.91 0.911111111111111 0.909090909090909 0.979393939393939 5 2 53 1 262.322
0.965 0.95959595959596 0.97029702970297 0.993999399939994 0.91 0.911111111111111 0.909090909090909 0.97979797979798 8 2 53 1 262.322
0.965 0.95959595959596 0.97029702970297 0.994199419941994 0.91 0.911111111111111 0.909090909090909 0.98020202020202 10 2 53 1 262.322
0.88 0.878787878787879 0.881188118811881 0.952495249524952 0.87 0.844444444444444 0.890909090909091 0.945050505050505 1 3 53 1 262.322
0.935 0.919191919191919 0.95049504950495 0.98969896989699 0.88 0.888888888888889 0.872727272727273 0.972525252525253 2 3 53 1 262.322
0.87 0.878787878787879 0.861386138613861 0.956095609560956 0.88 0.844444444444444 0.909090909090909 0.939393939393939 NA 1 53 2 222.476
0.96 0.95959595959596 0.96039603960396 0.993199319931993 0.92 0.911111111111111 0.927272727272727 0.976565656565657 5 2 53 2 222.476
0.965 0.95959595959596 0.97029702970297 0.993999399939994 0.91 0.911111111111111 0.909090909090909 0.978989898989899 8 2 53 2 222.476
0.965 0.95959595959596 0.97029702970297 0.994199419941994 0.91 0.911111111111111 0.909090909090909 0.97979797979798 10 2 53 2 222.476
0.885 0.878787878787879 0.891089108910891 0.953395339533953 0.87 0.844444444444444 0.890909090909091 0.945050505050505 1 3 53 2 222.476
0.935 0.919191919191919 0.95049504950495 0.98989898989899 0.88 0.888888888888889 0.872727272727273 0.973737373737374 2 3 53 2 222.476
0.865 0.878787878787879 0.851485148514851 0.953995399539954 0.87 0.844444444444444 0.890909090909091 0.939393939393939 NA 1 53 3 403.673
0.96 0.95959595959596 0.96039603960396 0.993199319931993 0.91 0.911111111111111 0.909090909090909 0.983030303030303 5 2 53 3 403.673
0.96 0.94949494949495 0.97029702970297 0.993499349934993 0.92 0.933333333333333 0.909090909090909 0.983030303030303 8 2 53 3 403.673
0.965 0.94949494949495 0.98019801980198 0.993699369936994 0.92 0.933333333333333 0.909090909090909 0.982222222222222 10 2 53 3 403.673
0.885 0.878787878787879 0.891089108910891 0.952595259525953 0.88 0.866666666666667 0.890909090909091 0.940606060606061 1 3 53 3 403.673
0.93 0.919191919191919 0.940594059405941 0.989398939893989 0.88 0.888888888888889 0.872727272727273 0.970505050505051 2 3 53 3 403.673
