0.96875 1 0.941176470588235 0.984313725490196 0.83 0.795454545454545 0.857142857142857 0.914366883116883 NA 1 55 1 42.988
0.96875 0.933333333333333 1 1 0.86 0.75 0.946428571428571 0.898538961038961 5 2 55 1 42.988
1 1 1 1 0.92 0.863636363636364 0.964285714285714 0.924918831168831 8 2 55 1 42.988
1 1 1 1 0.89 0.795454545454545 0.964285714285714 0.898133116883117 10 2 55 1 42.988
0.875 1 0.764705882352941 0.980392156862745 0.79 0.886363636363636 0.714285714285714 0.901785714285714 1 3 55 1 42.988
0.96875 1 0.941176470588235 1 0.82 0.840909090909091 0.803571428571429 0.930194805194805 2 3 55 1 42.988
0.96875 1 0.941176470588235 0.984313725490196 0.83 0.795454545454545 0.857142857142857 0.911931818181818 NA 1 55 2 51.859
1 1 1 1 0.85 0.795454545454545 0.892857142857143 0.893262987012987 5 2 55 2 51.859
1 1 1 1 0.91 0.863636363636364 0.946428571428571 0.940746753246753 8 2 55 2 51.859
1 1 1 1 0.86 0.727272727272727 0.964285714285714 0.899959415584416 10 2 55 2 51.859
0.9375 1 0.882352941176471 0.976470588235294 0.78 0.840909090909091 0.732142857142857 0.897321428571429 1 3 55 2 51.859
0.96875 1 0.941176470588235 1 0.83 0.840909090909091 0.821428571428571 0.930600649350649 2 3 55 2 51.859
0.9375 0.933333333333333 0.941176470588235 0.976470588235294 0.83 0.795454545454545 0.857142857142857 0.901785714285714 NA 1 55 3 75.716
1 1 1 1 0.85 0.772727272727273 0.910714285714286 0.875811688311688 5 2 55 3 75.716
1 1 1 1 0.91 0.863636363636364 0.946428571428571 0.927353896103896 8 2 55 3 75.716
1 1 1 1 0.81 0.772727272727273 0.839285714285714 0.886160714285714 10 2 55 3 75.716
0.84375 0.933333333333333 0.764705882352941 0.976470588235294 0.8 0.886363636363636 0.732142857142857 0.911931818181818 1 3 55 3 75.716
0.96875 1 0.941176470588235 1 0.87 0.840909090909091 0.892857142857143 0.935876623376623 2 3 55 3 75.716
