0.9375 0.9375 0.9375 0.973307291666667 0.87 0.822222222222222 0.909090909090909 0.938989898989899 NA 1 33 1 109.964
1 1 1 1 0.92 0.888888888888889 0.945454545454545 0.923838383838384 5 2 33 1 109.964
1 1 1 1 0.89 0.888888888888889 0.890909090909091 0.905050505050505 8 2 33 1 109.964
1 1 1 1 0.89 0.888888888888889 0.890909090909091 0.903636363636364 10 2 33 1 109.964
0.925 0.90625 0.9375 0.96875 0.87 0.844444444444444 0.890909090909091 0.945050505050505 1 3 33 1 109.964
0.9625 1 0.9375 0.986328125 0.9 0.888888888888889 0.909090909090909 0.962828282828283 2 3 33 1 109.964
0.95 0.96875 0.9375 0.972005208333333 0.86 0.8 0.909090909090909 0.935353535353535 NA 1 33 2 109.648
1 1 1 1 0.92 0.911111111111111 0.927272727272727 0.922020202020202 5 2 33 2 109.648
1 1 1 1 0.89 0.866666666666667 0.909090909090909 0.903838383838384 8 2 33 2 109.648
1 1 1 1 0.9 0.866666666666667 0.927272727272727 0.926060606060606 10 2 33 2 109.648
0.95 0.96875 0.9375 0.96484375 0.87 0.844444444444444 0.890909090909091 0.942626262626263 1 3 33 2 109.648
0.9625 1 0.9375 0.986979166666667 0.88 0.866666666666667 0.890909090909091 0.962828282828283 2 3 33 2 109.648
0.925 0.90625 0.9375 0.96875 0.85 0.844444444444444 0.854545454545454 0.93010101010101 NA 1 33 3 201.232
1 1 1 1 0.9 0.888888888888889 0.909090909090909 0.915959595959596 5 2 33 3 201.232
0.975 0.96875 0.979166666666667 0.981770833333333 0.9 0.888888888888889 0.909090909090909 0.912727272727273 8 2 33 3 201.232
1 1 1 1 0.87 0.866666666666667 0.872727272727273 0.91030303030303 10 2 33 3 201.232
0.9125 0.875 0.9375 0.968098958333333 0.86 0.844444444444444 0.872727272727273 0.941010101010101 1 3 33 3 201.232
0.9625 1 0.9375 0.986979166666667 0.9 0.866666666666667 0.927272727272727 0.957979797979798 2 3 33 3 201.232
