0.945 0.953703703703704 0.934782608695652 0.984400161030596 0.87 0.869565217391304 0.87037037037037 0.923510466988728 NA 1 17 1 311.548
0.96 0.972222222222222 0.945652173913043 0.993860708534622 0.91 0.934782608695652 0.888888888888889 0.982286634460548 5 2 17 1 311.548
0.965 0.972222222222222 0.956521739130435 0.994967793880837 0.9 0.91304347826087 0.888888888888889 0.981078904991948 8 2 17 1 311.548
0.965 0.972222222222222 0.956521739130435 0.995571658615137 0.9 0.91304347826087 0.888888888888889 0.979468599033816 10 2 17 1 311.548
0.95 0.953703703703704 0.945652173913043 0.98299114331723 0.86 0.847826086956522 0.87037037037037 0.922302737520129 1 3 17 1 311.548
0.975 0.981481481481482 0.967391304347826 0.995571658615137 0.89 0.91304347826087 0.87037037037037 0.954106280193237 2 3 17 1 311.548
0.945 0.944444444444444 0.945652173913043 0.982689210950081 0.87 0.869565217391304 0.87037037037037 0.923510466988728 NA 1 17 2 359.249
0.965 0.972222222222222 0.956521739130435 0.994665861513688 0.92 0.956521739130435 0.888888888888889 0.982689210950081 5 2 17 2 359.249
0.96 0.962962962962963 0.956521739130435 0.995571658615137 0.91 0.934782608695652 0.888888888888889 0.97866344605475 8 2 17 2 359.249
0.965 0.972222222222222 0.956521739130435 0.99597423510467 0.9 0.91304347826087 0.888888888888889 0.977053140096618 10 2 17 2 359.249
0.945 0.953703703703704 0.934782608695652 0.981481481481482 0.86 0.847826086956522 0.87037037037037 0.928743961352657 1 3 17 2 359.249
0.955 0.962962962962963 0.945652173913043 0.996477455716586 0.89 0.891304347826087 0.888888888888889 0.955314009661836 2 3 17 2 359.249
0.955 0.962962962962963 0.945652173913043 0.981280193236715 0.86 0.869565217391304 0.851851851851852 0.922302737520129 NA 1 17 3 622.549
0.965 0.962962962962963 0.967391304347826 0.994867149758454 0.93 0.956521739130435 0.907407407407407 0.98389694041868 5 2 17 3 622.549
0.96 0.962962962962963 0.956521739130435 0.995772946859903 0.91 0.934782608695652 0.888888888888889 0.980273752012882 8 2 17 3 622.549
0.96 0.962962962962963 0.956521739130435 0.995873590982287 0.91 0.934782608695652 0.888888888888889 0.978260869565217 10 2 17 3 622.549
0.95 0.962962962962963 0.934782608695652 0.981280193236715 0.85 0.847826086956522 0.851851851851852 0.923913043478261 1 3 17 3 622.549
0.96 0.972222222222222 0.945652173913043 0.996376811594203 0.91 0.934782608695652 0.888888888888889 0.955716586151369 2 3 17 3 622.549
