0.875 0.866666666666667 0.882352941176471 0.933333333333333 0.84 0.74468085106383 0.924528301886792 0.887595343235648 NA 1 22 1 36.266
1 1 1 1 0.85 0.872340425531915 0.830188679245283 0.884785226816539 5 2 22 1 36.266
1 1 1 1 0.88 0.829787234042553 0.924528301886792 0.904456041750301 8 2 22 1 36.266
1 1 1 1 0.88 0.808510638297872 0.943396226415094 0.903452428743476 10 2 22 1 36.266
0.875 0.866666666666667 0.882352941176471 0.909803921568627 0.77 0.617021276595745 0.905660377358491 0.832195905258932 1 3 22 1 36.266
0.9375 0.933333333333333 0.941176470588235 0.972549019607843 0.81 0.680851063829787 0.924528301886792 0.889201124046568 2 3 22 1 36.266
0.875 0.866666666666667 0.882352941176471 0.933333333333333 0.82 0.74468085106383 0.886792452830189 0.886792452830189 NA 1 22 2 50.256
1 1 1 1 0.78 0.936170212765957 0.641509433962264 0.819349658771578 5 2 22 2 50.256
1 1 1 1 0.9 0.957446808510638 0.849056603773585 0.933962264150943 8 2 22 2 50.256
1 1 1 1 0.89 0.829787234042553 0.943396226415094 0.90686471296668 10 2 22 2 50.256
0.875 0.866666666666667 0.882352941176471 0.898039215686275 0.77 0.617021276595745 0.905660377358491 0.828984343637094 1 3 22 2 50.256
0.9375 0.933333333333333 0.941176470588235 0.972549019607843 0.81 0.680851063829787 0.924528301886792 0.890806904857487 2 3 22 2 50.256
0.875 0.866666666666667 0.882352941176471 0.937254901960784 0.84 0.74468085106383 0.924528301886792 0.887595343235648 NA 1 22 3 68.359
1 1 1 1 0.86 0.787234042553192 0.924528301886792 0.898635086310719 5 2 22 3 68.359
1 1 1 1 0.91 0.851063829787234 0.962264150943396 0.909674829385789 8 2 22 3 68.359
1 1 1 1 0.58 0.446808510638298 0.69811320754717 0.570052187876355 10 2 22 3 68.359
0.875 0.866666666666667 0.882352941176471 0.905882352941176 0.77 0.617021276595745 0.905660377358491 0.83661180248896 1 3 22 3 68.359
0.9375 0.933333333333333 0.941176470588235 0.976470588235294 0.81 0.680851063829787 0.924528301886792 0.887595343235648 2 3 22 3 68.359
