0.8825 0.863157894736842 0.9 0.946315789473684 0.88 0.863636363636364 0.892857142857143 0.955762987012987 NA 1 50 1 994.806
0.9225 0.91578947368421 0.928571428571429 0.980902255639098 0.92 0.931818181818182 0.910714285714286 0.981737012987013 5 2 50 1 994.806
0.9325 0.926315789473684 0.938095238095238 0.981353383458647 0.92 0.931818181818182 0.910714285714286 0.981737012987013 8 2 50 1 994.806
0.935 0.926315789473684 0.942857142857143 0.981754385964912 0.91 0.931818181818182 0.892857142857143 0.980925324675325 10 2 50 1 994.806
0.8825 0.868421052631579 0.895238095238095 0.947117794486216 0.88 0.863636363636364 0.892857142857143 0.95698051948052 1 3 50 1 994.806
0.905 0.884210526315789 0.923809523809524 0.981102756892231 0.93 0.954545454545455 0.910714285714286 0.973214285714286 2 3 50 1 994.806
0.88 0.857894736842105 0.9 0.945764411027569 0.89 0.886363636363636 0.892857142857143 0.955762987012987 NA 1 50 2 821.081
0.92 0.91578947368421 0.923809523809524 0.980426065162907 0.92 0.931818181818182 0.910714285714286 0.981737012987013 5 2 50 2 821.081
0.9275 0.921052631578947 0.933333333333333 0.981002506265664 0.92 0.931818181818182 0.910714285714286 0.981331168831169 8 2 50 2 821.081
0.9325 0.926315789473684 0.938095238095238 0.981428571428571 0.92 0.931818181818182 0.910714285714286 0.981331168831169 10 2 50 2 821.081
0.89 0.868421052631579 0.90952380952381 0.946616541353383 0.87 0.840909090909091 0.892857142857143 0.957792207792208 1 3 50 2 821.081
0.905 0.884210526315789 0.923809523809524 0.981303258145363 0.93 0.954545454545455 0.910714285714286 0.971996753246753 2 3 50 2 821.081
0.8825 0.868421052631579 0.895238095238095 0.946842105263158 0.88 0.863636363636364 0.892857142857143 0.956168831168831 NA 1 50 3 1705.543
0.9275 0.921052631578947 0.933333333333333 0.981278195488722 0.92 0.931818181818182 0.910714285714286 0.98336038961039 5 2 50 3 1705.543
0.9325 0.926315789473684 0.938095238095238 0.981804511278195 0.92 0.931818181818182 0.910714285714286 0.984577922077922 8 2 50 3 1705.543
0.9375 0.931578947368421 0.942857142857143 0.98265664160401 0.91 0.931818181818182 0.892857142857143 0.983766233766234 10 2 50 3 1705.543
0.8825 0.868421052631579 0.895238095238095 0.947443609022556 0.87 0.840909090909091 0.892857142857143 0.956168831168831 1 3 50 3 1705.543
0.915 0.889473684210526 0.938095238095238 0.98062656641604 0.94 0.954545454545455 0.928571428571429 0.973214285714286 2 3 50 3 1705.543
