0.925 0.954545454545455 0.888888888888889 0.94949494949495 0.82 0.76 0.88 0.8808 NA 1 88 1 80.392
1 1 1 1 0.73 0.54 0.92 0.7338 5 2 88 1 80.392
0.975 1 0.944444444444444 0.963383838383838 0.69 0.58 0.8 0.7118 8 2 88 1 80.392
1 1 1 1 0.75 0.58 0.92 0.8236 10 2 88 1 80.392
0.925 0.954545454545455 0.888888888888889 0.94949494949495 0.8 0.8 0.8 0.884 1 3 88 1 80.392
0.95 1 0.888888888888889 0.952020202020202 0.77 0.8 0.74 0.8876 2 3 88 1 80.392
0.95 1 0.888888888888889 0.952020202020202 0.82 0.76 0.88 0.8828 NA 1 88 2 57.692
1 1 1 1 0.76 0.64 0.88 0.7638 5 2 88 2 57.692
0.95 1 0.888888888888889 0.921717171717172 0.62 0.5 0.74 0.6562 8 2 88 2 57.692
1 1 1 1 0.71 0.52 0.9 0.7556 10 2 88 2 57.692
0.925 0.954545454545455 0.888888888888889 0.944444444444444 0.79 0.78 0.8 0.8796 1 3 88 2 57.692
0.95 1 0.888888888888889 0.952020202020202 0.77 0.78 0.76 0.8796 2 3 88 2 57.692
0.95 1 0.888888888888889 0.94949494949495 0.8 0.74 0.86 0.878 NA 1 88 3 123.299
0.95 0.954545454545455 0.944444444444444 0.972222222222222 0.73 0.52 0.94 0.73 5 2 88 3 123.299
1 1 1 1 0.7 0.56 0.84 0.7148 8 2 88 3 123.299
1 1 1 1 0.82 0.76 0.88 0.8696 10 2 88 3 123.299
0.925 0.954545454545455 0.888888888888889 0.946969696969697 0.8 0.8 0.8 0.8852 1 3 88 3 123.299
0.95 1 0.888888888888889 0.94949494949495 0.79 0.8 0.78 0.8816 2 3 88 3 123.299
