0.908333333333333 0.886792452830189 0.925373134328358 0.944804280484371 0.87 0.754716981132076 1 0.923323966278603 NA 1 22 1 220.256
1 1 1 1 0.82 0.773584905660377 0.872340425531915 0.892412685668406 5 2 22 1 220.256
1 1 1 1 0.87 0.754716981132076 1 0.890405459654757 8 2 22 1 220.256
1 1 1 1 0.86 0.754716981132076 0.978723404255319 0.877157767964673 10 2 22 1 220.256
0.9 0.886792452830189 0.91044776119403 0.937764010137989 0.86 0.735849056603774 1 0.933360096346849 1 3 22 1 220.256
0.95 0.943396226415094 0.955223880597015 0.990988453956632 0.85 0.716981132075472 1 0.947812123645122 2 3 22 1 220.256
0.908333333333333 0.886792452830189 0.925373134328358 0.945649112925936 0.87 0.754716981132076 1 0.924126856684063 NA 1 22 2 212.118
1 1 1 1 0.9 0.811320754716981 1 0.913287836210357 5 2 22 2 212.118
1 1 1 1 0.83 0.735849056603774 0.936170212765957 0.878964271376957 8 2 22 2 212.118
1 1 1 1 0.86 0.735849056603774 1 0.880369329586511 10 2 22 2 212.118
0.9 0.886792452830189 0.91044776119403 0.938045620951845 0.86 0.735849056603774 1 0.933360096346849 1 3 22 2 212.118
0.941666666666667 0.943396226415094 0.940298507462687 0.990425232328921 0.86 0.735849056603774 1 0.950220794861501 2 3 22 2 212.118
0.916666666666667 0.905660377358491 0.925373134328358 0.945085891298226 0.86 0.735849056603774 1 0.923725411481333 NA 1 22 3 396.364
1 1 1 1 0.87 0.754716981132076 1 0.87213970293055 5 2 22 3 396.364
0.983333333333333 1 0.970149253731343 0.98282174035483 0.82 0.773584905660377 0.872340425531915 0.888799678843838 8 2 22 3 396.364
0.991666666666667 0.981132075471698 1 1 0.79 0.69811320754717 0.893617021276596 0.865114411882778 10 2 22 3 396.364
0.891666666666667 0.867924528301887 0.91044776119403 0.940580118276542 0.86 0.754716981132076 0.978723404255319 0.93095142513047 1 3 22 3 396.364
0.95 0.943396226415094 0.955223880597015 0.992114897212053 0.85 0.716981132075472 1 0.947410678442393 2 3 22 3 396.364
