1 1 1 1 0.71 0.666666666666667 0.755102040816326 0.706282513005202 NA 1 50 1 27.655
1 1 1 1 0.72 0.686274509803922 0.755102040816326 0.719487795118047 5 2 50 1 27.655
1 1 1 1 0.71 0.666666666666667 0.755102040816326 0.708683473389356 8 2 50 1 27.655
1 1 1 1 0.72 0.686274509803922 0.755102040816326 0.719487795118047 10 2 50 1 27.655
0.96875 1 0.933333333333333 0.992156862745098 0.75 0.745098039215686 0.755102040816326 0.821528611444578 1 3 50 1 27.655
0.96875 1 0.933333333333333 0.996078431372549 0.75 0.803921568627451 0.693877551020408 0.831932773109244 2 3 50 1 27.655
1 1 1 1 0.73 0.686274509803922 0.775510204081633 0.7046818727491 NA 1 50 2 34.287
1 1 1 1 0.73 0.686274509803922 0.775510204081633 0.711084433773509 5 2 50 2 34.287
1 1 1 1 0.73 0.686274509803922 0.775510204081633 0.708683473389356 8 2 50 2 34.287
1 1 1 1 0.73 0.686274509803922 0.775510204081633 0.708683473389356 10 2 50 2 34.287
0.96875 1 0.933333333333333 1 0.78 0.784313725490196 0.775510204081633 0.834333733493397 1 3 50 2 34.287
0.96875 1 0.933333333333333 0.996078431372549 0.74 0.784313725490196 0.693877551020408 0.819127651060424 2 3 50 2 34.287
1 1 1 1 0.73 0.705882352941177 0.755102040816326 0.75110044017607 NA 1 50 3 43.452
1 1 1 1 0.73 0.686274509803922 0.775510204081633 0.74389755902361 5 2 50 3 43.452
1 1 1 1 0.73 0.686274509803922 0.775510204081633 0.739895958383353 8 2 50 3 43.452
1 1 1 1 0.73 0.686274509803922 0.775510204081633 0.739495798319328 10 2 50 3 43.452
0.96875 1 0.933333333333333 0.996078431372549 0.75 0.725490196078431 0.775510204081633 0.831932773109244 1 3 50 3 43.452
0.96875 1 0.933333333333333 0.996078431372549 0.74 0.784313725490196 0.693877551020408 0.819127651060424 2 3 50 3 43.452
