0.85 0.85 0.85 0.9425 0.79 0.781818181818182 0.8 0.818989898989899 NA 1 69 1 44.614
1 1 1 1 0.8 0.8 0.8 0.83959595959596 5 2 69 1 44.614
1 1 1 1 0.71 0.654545454545455 0.777777777777778 0.746666666666667 8 2 69 1 44.614
1 1 1 1 0.79 0.781818181818182 0.8 0.782020202020202 10 2 69 1 44.614
0.85 0.9 0.8 0.9325 0.79 0.872727272727273 0.688888888888889 0.879191919191919 1 3 69 1 44.614
0.95 1 0.9 0.9775 0.79 0.818181818181818 0.755555555555556 0.893333333333333 2 3 69 1 44.614
0.825 0.8 0.85 0.9375 0.75 0.763636363636364 0.733333333333333 0.809292929292929 NA 1 69 2 51.288
1 1 1 1 0.81 0.818181818181818 0.8 0.798383838383838 5 2 69 2 51.288
1 1 1 1 0.82 0.818181818181818 0.822222222222222 0.816161616161616 8 2 69 2 51.288
1 1 1 1 0.8 0.818181818181818 0.777777777777778 0.805252525252525 10 2 69 2 51.288
0.85 0.9 0.8 0.93 0.75 0.818181818181818 0.666666666666667 0.864242424242424 1 3 69 2 51.288
0.925 1 0.85 0.975 0.78 0.818181818181818 0.733333333333333 0.882424242424242 2 3 69 2 51.288
0.85 0.85 0.85 0.93 0.76 0.781818181818182 0.733333333333333 0.80969696969697 NA 1 69 3 86.745
1 1 1 1 0.75 0.727272727272727 0.777777777777778 0.775959595959596 5 2 69 3 86.745
1 1 1 1 0.73 0.745454545454545 0.711111111111111 0.761414141414141 8 2 69 3 86.745
1 1 1 1 0.69 0.690909090909091 0.688888888888889 0.730505050505051 10 2 69 3 86.745
0.825 0.85 0.8 0.9175 0.75 0.8 0.688888888888889 0.858989898989899 1 3 69 3 86.745
0.925 1 0.85 0.9725 0.76 0.8 0.711111111111111 0.875151515151515 2 3 69 3 86.745
