0.92 0.894117647058824 0.939130434782609 0.961329923273657 0.83 0.814814814814815 0.847826086956522 0.911030595813205 NA 1 14 1 250.24
0.97 0.976470588235294 0.965217391304348 0.993759590792839 0.87 0.851851851851852 0.891304347826087 0.947665056360709 5 2 14 1 250.24
0.97 0.976470588235294 0.965217391304348 0.994271099744246 0.88 0.87037037037037 0.891304347826087 0.948872785829308 8 2 14 1 250.24
0.97 0.976470588235294 0.965217391304348 0.99457800511509 0.88 0.87037037037037 0.891304347826087 0.948470209339775 10 2 14 1 250.24
0.91 0.882352941176471 0.930434782608696 0.961636828644501 0.83 0.814814814814815 0.847826086956522 0.90780998389694 1 3 14 1 250.24
0.95 0.941176470588235 0.956521739130435 0.992838874680307 0.87 0.833333333333333 0.91304347826087 0.936795491143317 2 3 14 1 250.24
0.925 0.894117647058824 0.947826086956522 0.963580562659847 0.83 0.814814814814815 0.847826086956522 0.907407407407407 NA 1 14 2 279.111
0.97 0.976470588235294 0.965217391304348 0.99386189258312 0.87 0.851851851851852 0.891304347826087 0.946859903381642 5 2 14 2 279.111
0.97 0.976470588235294 0.965217391304348 0.994373401534527 0.88 0.87037037037037 0.891304347826087 0.947262479871176 8 2 14 2 279.111
0.97 0.976470588235294 0.965217391304348 0.994475703324808 0.88 0.87037037037037 0.891304347826087 0.947262479871176 10 2 14 2 279.111
0.915 0.870588235294118 0.947826086956522 0.963375959079284 0.83 0.814814814814815 0.847826086956522 0.905394524959742 1 3 14 2 279.111
0.96 0.952941176470588 0.965217391304348 0.992838874680307 0.87 0.833333333333333 0.91304347826087 0.934782608695652 2 3 14 2 279.111
0.91 0.870588235294118 0.939130434782609 0.959590792838875 0.83 0.814814814814815 0.847826086956522 0.904186795491143 NA 1 14 3 460.607
0.97 0.976470588235294 0.965217391304348 0.993657289002558 0.87 0.851851851851852 0.891304347826087 0.948470209339775 5 2 14 3 460.607
0.97 0.976470588235294 0.965217391304348 0.993964194373402 0.87 0.851851851851852 0.891304347826087 0.948067632850242 8 2 14 3 460.607
0.97 0.976470588235294 0.965217391304348 0.994271099744246 0.88 0.87037037037037 0.891304347826087 0.947665056360709 10 2 14 3 460.607
0.905 0.858823529411765 0.939130434782609 0.958670076726343 0.83 0.796296296296296 0.869565217391304 0.902979066022544 1 3 14 3 460.607
0.96 0.952941176470588 0.965217391304348 0.992941176470588 0.87 0.833333333333333 0.91304347826087 0.935587761674718 2 3 14 3 460.607
