0.883333333333333 0.885245901639344 0.88135593220339 0.959988885801612 0.88 0.882352941176471 0.877551020408163 0.971188475390156 NA 1 97 1 127.255
0.95 0.967213114754098 0.932203389830508 0.98916365657127 0.92 0.901960784313726 0.938775510204082 0.981192476990796 5 2 97 1 127.255
0.966666666666667 0.967213114754098 0.966101694915254 0.996387885523757 0.95 0.941176470588235 0.959183673469388 0.977591036414566 8 2 97 1 127.255
0.966666666666667 0.967213114754098 0.966101694915254 0.99472075576549 0.93 0.92156862745098 0.938775510204082 0.975590236094438 10 2 97 1 127.255
0.891666666666667 0.934426229508197 0.847457627118644 0.957488191164212 0.86 0.882352941176471 0.836734693877551 0.962384953981593 1 3 97 1 127.255
0.925 0.934426229508197 0.915254237288136 0.974437343706585 0.9 0.882352941176471 0.918367346938776 0.952380952380952 2 3 97 1 127.255
0.875 0.885245901639344 0.864406779661017 0.958877465962767 0.88 0.882352941176471 0.877551020408163 0.971588635454182 NA 1 97 2 164.645
0.95 0.967213114754098 0.932203389830508 0.98916365657127 0.93 0.92156862745098 0.938775510204082 0.980392156862745 5 2 97 2 164.645
0.966666666666667 0.967213114754098 0.966101694915254 0.994998610725201 0.95 0.941176470588235 0.959183673469388 0.975590236094438 8 2 97 2 164.645
0.958333333333333 0.967213114754098 0.949152542372881 0.991386496248958 0.93 0.92156862745098 0.938775510204082 0.968387354941977 10 2 97 2 164.645
0.9 0.950819672131147 0.847457627118644 0.95693248124479 0.85 0.882352941176471 0.816326530612245 0.961584633853541 1 3 97 2 164.645
0.925 0.934426229508197 0.915254237288136 0.974437343706585 0.9 0.882352941176471 0.918367346938776 0.955182072829132 2 3 97 2 164.645
0.883333333333333 0.885245901639344 0.88135593220339 0.9597110308419 0.88 0.882352941176471 0.877551020408163 0.971588635454182 NA 1 97 3 237.552
0.95 0.967213114754098 0.932203389830508 0.988885801611559 0.93 0.92156862745098 0.938775510204082 0.977591036414566 5 2 97 3 237.552
0.966666666666667 0.967213114754098 0.966101694915254 0.997499305362601 0.95 0.941176470588235 0.959183673469388 0.976390556222489 8 2 97 3 237.552
0.966666666666667 0.967213114754098 0.966101694915254 0.998055015282023 0.95 0.941176470588235 0.959183673469388 0.974389755902361 10 2 97 3 237.552
0.883333333333333 0.901639344262295 0.864406779661017 0.955543206446235 0.87 0.882352941176471 0.857142857142857 0.963185274109644 1 3 97 3 237.552
0.941666666666667 0.950819672131147 0.932203389830508 0.980828007779939 0.9 0.882352941176471 0.918367346938776 0.958783513405362 2 3 97 3 237.552
