0.93 0.904761904761905 0.948275862068966 0.97803776683087 0.87 0.872340425531915 0.867924528301887 0.934965877157768 NA 1 9 1 281.091
0.96 0.952380952380952 0.96551724137931 0.992918719211823 0.92 0.957446808510638 0.886792452830189 0.969088719389803 5 2 9 1 281.091
0.955 0.94047619047619 0.96551724137931 0.993226600985222 0.9 0.914893617021277 0.886792452830189 0.966278602970695 8 2 9 1 281.091
0.955 0.94047619047619 0.96551724137931 0.993226600985222 0.9 0.914893617021277 0.886792452830189 0.966278602970695 10 2 9 1 281.091
0.93 0.916666666666667 0.939655172413793 0.976806239737274 0.86 0.872340425531915 0.849056603773585 0.935768767563228 1 3 9 1 281.091
0.945 0.928571428571429 0.956896551724138 0.99066091954023 0.86 0.914893617021277 0.811320754716981 0.942593336009635 2 3 9 1 281.091
0.93 0.904761904761905 0.948275862068966 0.97824302134647 0.86 0.872340425531915 0.849056603773585 0.936170212765957 NA 1 9 2 250.727
0.96 0.952380952380952 0.96551724137931 0.992713464696223 0.92 0.957446808510638 0.886792452830189 0.969088719389803 5 2 9 2 250.727
0.955 0.94047619047619 0.96551724137931 0.993021346469622 0.9 0.914893617021277 0.886792452830189 0.966278602970695 8 2 9 2 250.727
0.955 0.94047619047619 0.96551724137931 0.993123973727422 0.89 0.893617021276596 0.886792452830189 0.966278602970695 10 2 9 2 250.727
0.945 0.94047619047619 0.948275862068966 0.976600985221675 0.86 0.872340425531915 0.849056603773585 0.936571657968687 1 3 9 2 250.727
0.945 0.928571428571429 0.956896551724138 0.990455665024631 0.88 0.914893617021277 0.849056603773585 0.940987555198715 2 3 9 2 250.727
0.925 0.892857142857143 0.948275862068966 0.977216748768473 0.87 0.872340425531915 0.867924528301887 0.932557205941389 NA 1 9 3 490.382
0.96 0.952380952380952 0.96551724137931 0.993329228243021 0.91 0.957446808510638 0.867924528301887 0.965475712565235 5 2 9 3 490.382
0.96 0.952380952380952 0.96551724137931 0.993944991789819 0.9 0.914893617021277 0.886792452830189 0.961059815335207 8 2 9 3 490.382
0.96 0.952380952380952 0.96551724137931 0.994047619047619 0.89 0.893617021276596 0.886792452830189 0.962665596146126 10 2 9 3 490.382
0.93 0.928571428571429 0.931034482758621 0.975882594417077 0.87 0.872340425531915 0.867924528301887 0.934965877157768 1 3 9 3 490.382
0.955 0.952380952380952 0.956896551724138 0.99055829228243 0.88 0.914893617021277 0.849056603773585 0.942994781212365 2 3 9 3 490.382
