1 1 1 1 0.76 0.576923076923077 0.958333333333333 0.823116987179487 NA 1 29 1 48.966
1 1 1 1 0.77 0.596153846153846 0.958333333333333 0.814903846153846 5 2 29 1 48.966
1 1 1 1 0.76 0.576923076923077 0.958333333333333 0.817508012820513 8 2 29 1 48.966
1 1 1 1 0.76 0.576923076923077 0.958333333333333 0.818309294871795 10 2 29 1 48.966
0.96875 0.923076923076923 1 0.979757085020243 0.79 0.653846153846154 0.9375 0.888621794871795 1 3 29 1 48.966
0.9375 0.923076923076923 0.947368421052632 0.995951417004049 0.75 0.576923076923077 0.9375 0.910657051282051 2 3 29 1 48.966
1 1 1 1 0.78 0.615384615384615 0.958333333333333 0.833333333333333 NA 1 29 2 46.604
1 1 1 1 0.78 0.615384615384615 0.958333333333333 0.815705128205128 5 2 29 2 46.604
1 1 1 1 0.78 0.615384615384615 0.958333333333333 0.815705128205128 8 2 29 2 46.604
1 1 1 1 0.78 0.615384615384615 0.958333333333333 0.815705128205128 10 2 29 2 46.604
0.96875 0.923076923076923 1 0.975708502024291 0.79 0.653846153846154 0.9375 0.886217948717949 1 3 29 2 46.604
0.9375 0.923076923076923 0.947368421052632 0.995951417004049 0.74 0.576923076923077 0.916666666666667 0.913461538461538 2 3 29 2 46.604
1 1 1 1 0.76 0.557692307692308 0.979166666666667 0.845753205128205 NA 1 29 3 76.441
1 1 1 1 0.78 0.596153846153846 0.979166666666667 0.823717948717949 5 2 29 3 76.441
1 1 1 1 0.78 0.596153846153846 0.979166666666667 0.823517628205128 8 2 29 3 76.441
1 1 1 1 0.77 0.596153846153846 0.958333333333333 0.814503205128205 10 2 29 3 76.441
0.96875 0.923076923076923 1 0.995951417004049 0.8 0.692307692307692 0.916666666666667 0.893830128205128 1 3 29 3 76.441
0.9375 0.923076923076923 0.947368421052632 0.995951417004049 0.76 0.596153846153846 0.9375 0.914663461538461 2 3 29 3 76.441
