1 1 1 1 0.78 0.803571428571429 0.75 0.776785714285714 NA 1 97 1 38.802
1 1 1 1 0.78 0.803571428571429 0.75 0.776785714285714 5 2 97 1 38.802
1 1 1 1 0.76 0.75 0.772727272727273 0.761363636363636 8 2 97 1 38.802
1 1 1 1 0.78 0.803571428571429 0.75 0.776785714285714 10 2 97 1 38.802
0.96875 0.923076923076923 1 0.975708502024291 0.81 0.732142857142857 0.909090909090909 0.894074675324675 1 3 97 1 38.802
0.96875 0.923076923076923 1 0.995951417004049 0.79 0.696428571428571 0.909090909090909 0.898944805194805 2 3 97 1 38.802
1 1 1 1 0.82 0.803571428571429 0.840909090909091 0.827313311688312 NA 1 97 2 45.179
1 1 1 1 0.82 0.803571428571429 0.840909090909091 0.827313311688312 5 2 97 2 45.179
1 1 1 1 0.83 0.803571428571429 0.863636363636364 0.832386363636364 8 2 97 2 45.179
1 1 1 1 0.83 0.803571428571429 0.863636363636364 0.833603896103896 10 2 97 2 45.179
0.96875 0.923076923076923 1 0.979757085020243 0.8 0.696428571428571 0.931818181818182 0.912743506493506 1 3 97 2 45.179
0.96875 0.923076923076923 1 0.995951417004049 0.78 0.696428571428571 0.886363636363636 0.888798701298701 2 3 97 2 45.179
0.96875 0.923076923076923 1 0.991902834008097 0.84 0.803571428571429 0.886363636363636 0.917816558441558 NA 1 97 3 70.775
1 1 1 1 0.83 0.875 0.772727272727273 0.830762987012987 5 2 97 3 70.775
1 1 1 1 0.82 0.857142857142857 0.772727272727273 0.819805194805195 8 2 97 3 70.775
1 1 1 1 0.83 0.839285714285714 0.818181818181818 0.820413961038961 10 2 97 3 70.775
0.96875 0.923076923076923 1 0.979757085020243 0.83 0.75 0.931818181818182 0.910714285714286 1 3 97 3 70.775
0.96875 0.923076923076923 1 0.995951417004049 0.79 0.732142857142857 0.863636363636364 0.890422077922078 2 3 97 3 70.775
