1 1 1 1 0.84 0.807692307692308 0.875 0.873998397435897 NA 1 83 1 27.241
1 1 1 1 0.84 0.807692307692308 0.875 0.875400641025641 5 2 83 1 27.241
1 1 1 1 0.84 0.807692307692308 0.875 0.873798076923077 8 2 83 1 27.241
1 1 1 1 0.84 0.807692307692308 0.875 0.875 10 2 83 1 27.241
0.958333333333333 1 0.857142857142857 1 0.81 0.826923076923077 0.791666666666667 0.907852564102564 1 3 83 1 27.241
1 1 1 1 0.82 0.903846153846154 0.729166666666667 0.901041666666667 2 3 83 1 27.241
1 1 1 1 0.84 0.826923076923077 0.854166666666667 0.887019230769231 NA 1 83 2 35.233
1 1 1 1 0.84 0.826923076923077 0.854166666666667 0.874599358974359 5 2 83 2 35.233
1 1 1 1 0.84 0.826923076923077 0.854166666666667 0.875 8 2 83 2 35.233
1 1 1 1 0.84 0.826923076923077 0.854166666666667 0.875 10 2 83 2 35.233
0.958333333333333 1 0.857142857142857 1 0.84 0.865384615384615 0.8125 0.911858974358974 1 3 83 2 35.233
1 1 1 1 0.83 0.923076923076923 0.729166666666667 0.900641025641026 2 3 83 2 35.233
1 1 1 1 0.84 0.807692307692308 0.875 0.862980769230769 NA 1 83 3 40.828
1 1 1 1 0.84 0.807692307692308 0.875 0.848357371794872 5 2 83 3 40.828
1 1 1 1 0.84 0.807692307692308 0.875 0.840544871794872 8 2 83 3 40.828
1 1 1 1 0.84 0.807692307692308 0.875 0.840544871794872 10 2 83 3 40.828
0.791666666666667 1 0.285714285714286 1 0.8 0.826923076923077 0.770833333333333 0.911458333333333 1 3 83 3 40.828
1 1 1 1 0.78 0.923076923076923 0.625 0.888621794871795 2 3 83 3 40.828
