0.8 0.826086956521739 0.764705882352941 0.938618925831202 0.79 0.767857142857143 0.818181818181818 0.860795454545455 NA 1 30 1 43.964
1 1 1 1 0.78 0.732142857142857 0.840909090909091 0.800121753246753 5 2 30 1 43.964
1 1 1 1 0.79 0.75 0.840909090909091 0.819196428571429 8 2 30 1 43.964
1 1 1 1 0.78 0.732142857142857 0.840909090909091 0.814529220779221 10 2 30 1 43.964
0.85 0.91304347826087 0.764705882352941 0.925831202046036 0.8 0.803571428571429 0.795454545454545 0.872564935064935 1 3 30 1 43.964
0.95 0.956521739130435 0.941176470588235 0.997442455242967 0.79 0.875 0.681818181818182 0.85349025974026 2 3 30 1 43.964
0.825 0.869565217391304 0.764705882352941 0.943734015345269 0.79 0.767857142857143 0.818181818181818 0.859983766233766 NA 1 30 2 63.303
1 1 1 1 0.79 0.821428571428571 0.75 0.788149350649351 5 2 30 2 63.303
1 1 1 1 0.73 0.803571428571429 0.636363636363636 0.758522727272727 8 2 30 2 63.303
0.975 1 0.941176470588235 0.962915601023018 0.76 0.767857142857143 0.75 0.767857142857143 10 2 30 2 63.303
0.85 0.91304347826087 0.764705882352941 0.928388746803069 0.8 0.803571428571429 0.795454545454545 0.868506493506493 1 3 30 2 63.303
0.95 0.956521739130435 0.941176470588235 0.997442455242967 0.8 0.875 0.704545454545455 0.856737012987013 2 3 30 2 63.303
0.8 0.826086956521739 0.764705882352941 0.930946291560102 0.81 0.785714285714286 0.840909090909091 0.861607142857143 NA 1 30 3 83.585
1 1 1 1 0.84 0.839285714285714 0.840909090909091 0.852678571428572 5 2 30 3 83.585
1 1 1 1 0.8 0.75 0.863636363636364 0.826907467532468 8 2 30 3 83.585
1 1 1 1 0.78 0.696428571428571 0.886363636363636 0.834212662337662 10 2 30 3 83.585
0.8 0.91304347826087 0.647058823529412 0.920716112531969 0.76 0.803571428571429 0.704545454545455 0.874594155844156 1 3 30 3 83.585
0.95 0.956521739130435 0.941176470588235 0.997442455242967 0.79 0.892857142857143 0.659090909090909 0.852272727272727 2 3 30 3 83.585
