0.855 0.85929648241206 0.850746268656716 0.938298457461437 0.83 0.775510204081633 0.882352941176471 0.91796718687475 NA 1 94 1 814.708
0.93 0.92964824120603 0.930348258706468 0.976274406860172 0.95 0.897959183673469 1 0.985594237695078 5 2 94 1 814.708
0.935 0.92964824120603 0.940298507462687 0.97719942998575 0.94 0.897959183673469 0.980392156862745 0.984393757503001 8 2 94 1 814.708
0.935 0.92964824120603 0.940298507462687 0.977074426860672 0.93 0.877551020408163 0.980392156862745 0.985594237695078 10 2 94 1 814.708
0.865 0.869346733668342 0.860696517412935 0.938523463086577 0.81 0.755102040816326 0.862745098039216 0.921968787515006 1 3 94 1 814.708
0.93 0.924623115577889 0.935323383084577 0.978724468111703 0.9 0.836734693877551 0.96078431372549 0.970388155262105 2 3 94 1 814.708
0.855 0.85929648241206 0.850746268656716 0.938323458086452 0.83 0.775510204081633 0.882352941176471 0.918367346938776 NA 1 94 2 423.544
0.93 0.92964824120603 0.930348258706468 0.976124403110078 0.95 0.897959183673469 1 0.985194077631052 5 2 94 2 423.544
0.935 0.92964824120603 0.940298507462687 0.977249431235781 0.94 0.897959183673469 0.980392156862745 0.984393757503001 8 2 94 2 423.544
0.935 0.92964824120603 0.940298507462687 0.976924423110578 0.93 0.877551020408163 0.980392156862745 0.985594237695078 10 2 94 2 423.544
0.8675 0.874371859296482 0.860696517412935 0.938273456836421 0.82 0.755102040816326 0.882352941176471 0.923569427771108 1 3 94 2 423.544
0.93 0.924623115577889 0.935323383084577 0.978674466861672 0.9 0.836734693877551 0.96078431372549 0.970388155262105 2 3 94 2 423.544
0.865 0.874371859296482 0.855721393034826 0.939373484337108 0.83 0.775510204081633 0.882352941176471 0.913165266106443 NA 1 94 3 1235.833
0.93 0.92964824120603 0.930348258706468 0.976549413735343 0.95 0.897959183673469 1 0.984793917567027 5 2 94 3 1235.833
0.935 0.934673366834171 0.935323383084577 0.977849446236156 0.94 0.897959183673469 0.980392156862745 0.985194077631052 8 2 94 3 1235.833
0.93 0.92964824120603 0.930348258706468 0.977574439360984 0.94 0.897959183673469 0.980392156862745 0.983193277310924 10 2 94 3 1235.833
0.87 0.874371859296482 0.865671641791045 0.939473486837171 0.82 0.775510204081633 0.862745098039216 0.919167667066827 1 3 94 3 1235.833
0.935 0.92964824120603 0.940298507462687 0.978499462486562 0.89 0.816326530612245 0.96078431372549 0.971188475390156 2 3 94 3 1235.833
