0.9125 0.891891891891892 0.930232558139535 0.972344437460717 0.88 0.846153846153846 0.916666666666667 0.938701923076923 NA 1 17 1 60.929
1 1 1 1 0.84 0.865384615384615 0.8125 0.84375 5 2 17 1 60.929
1 1 1 1 0.82 0.807692307692308 0.833333333333333 0.857972756410256 8 2 17 1 60.929
1 1 1 1 0.85 0.826923076923077 0.875 0.870592948717949 10 2 17 1 60.929
0.9125 0.918918918918919 0.906976744186046 0.968573224387178 0.86 0.903846153846154 0.8125 0.938701923076923 1 3 17 1 60.929
0.95 0.945945945945946 0.953488372093023 0.991829038340666 0.87 0.846153846153846 0.895833333333333 0.934294871794872 2 3 17 1 60.929
0.9 0.891891891891892 0.906976744186046 0.972972972972973 0.88 0.846153846153846 0.916666666666667 0.943108974358974 NA 1 17 2 89.162
1 1 1 1 0.83 0.865384615384615 0.791666666666667 0.85556891025641 5 2 17 2 89.162
1 1 1 1 0.83 0.846153846153846 0.8125 0.854767628205128 8 2 17 2 89.162
1 1 1 1 0.83 0.846153846153846 0.8125 0.854767628205128 10 2 17 2 89.162
0.9125 0.918918918918919 0.906976744186046 0.966687617850409 0.84 0.884615384615385 0.791666666666667 0.934695512820513 1 3 17 2 89.162
0.95 0.945945945945946 0.953488372093023 0.99120050282841 0.87 0.846153846153846 0.895833333333333 0.935897435897436 2 3 17 2 89.162
0.9 0.891891891891892 0.906976744186046 0.974858579509742 0.88 0.846153846153846 0.916666666666667 0.935496794871795 NA 1 17 3 135.046
1 1 1 1 0.83 0.826923076923077 0.833333333333333 0.830128205128205 5 2 17 3 135.046
1 1 1 1 0.87 0.846153846153846 0.895833333333333 0.867387820512821 8 2 17 3 135.046
1 1 1 1 0.85 0.846153846153846 0.854166666666667 0.865384615384615 10 2 17 3 135.046
0.9 0.918918918918919 0.883720930232558 0.97171590194846 0.87 0.903846153846154 0.833333333333333 0.940705128205128 1 3 17 3 135.046
0.9625 0.972972972972973 0.953488372093023 0.991829038340666 0.87 0.846153846153846 0.895833333333333 0.930689102564103 2 3 17 3 135.046
