1 1 1 1 0.85 0.807692307692308 0.895833333333333 0.851762820512821 NA 1 89 1 25.904
1 1 1 1 0.85 0.807692307692308 0.895833333333333 0.851762820512821 5 2 89 1 25.904
1 1 1 1 0.85 0.807692307692308 0.895833333333333 0.851762820512821 8 2 89 1 25.904
1 1 1 1 0.85 0.807692307692308 0.895833333333333 0.851762820512821 10 2 89 1 25.904
0.9375 0.909090909090909 0.952380952380952 0.987012987012987 0.78 0.634615384615385 0.9375 0.91386217948718 1 3 89 1 25.904
0.96875 1 0.952380952380952 1 0.86 0.826923076923077 0.895833333333333 0.917467948717949 2 3 89 1 25.904
1 1 1 1 0.84 0.826923076923077 0.854166666666667 0.863982371794872 NA 1 89 2 31.319
1 1 1 1 0.84 0.826923076923077 0.854166666666667 0.863982371794872 5 2 89 2 31.319
1 1 1 1 0.84 0.826923076923077 0.854166666666667 0.847155448717949 8 2 89 2 31.319
1 1 1 1 0.84 0.826923076923077 0.854166666666667 0.847155448717949 10 2 89 2 31.319
0.9375 0.909090909090909 0.952380952380952 0.987012987012987 0.82 0.711538461538462 0.9375 0.911858974358974 1 3 89 2 31.319
0.96875 1 0.952380952380952 1 0.86 0.826923076923077 0.895833333333333 0.923477564102564 2 3 89 2 31.319
0.96875 1 0.952380952380952 0.982683982683983 0.75 0.615384615384615 0.895833333333333 0.90244391025641 NA 1 89 3 53.54
1 1 1 1 0.77 0.692307692307692 0.854166666666667 0.779847756410256 5 2 89 3 53.54
1 1 1 1 0.83 0.846153846153846 0.8125 0.914663461538462 8 2 89 3 53.54
1 1 1 1 0.65 0.634615384615385 0.666666666666667 0.704727564102564 10 2 89 3 53.54
0.90625 0.818181818181818 0.952380952380952 0.987012987012987 0.77 0.615384615384615 0.9375 0.899839743589744 1 3 89 3 53.54
0.96875 1 0.952380952380952 0.995670995670996 0.83 0.769230769230769 0.895833333333333 0.91426282051282 2 3 89 3 53.54
