0.883333333333333 0.879310344827586 0.887096774193548 0.96551724137931 0.94 0.914893617021277 0.962264150943396 0.972701726214372 NA 1 87 1 126.988
1 1 1 1 0.94 0.978723404255319 0.905660377358491 0.94118827780008 5 2 87 1 126.988
1 1 1 1 0.94 0.957446808510638 0.924528301886792 0.959253311922923 8 2 87 1 126.988
1 1 1 1 0.95 0.957446808510638 0.943396226415094 0.959052589321558 10 2 87 1 126.988
0.9 0.913793103448276 0.887096774193548 0.962180200222469 0.89 0.914893617021277 0.867924528301887 0.970293054997993 1 3 87 1 126.988
0.941666666666667 0.931034482758621 0.951612903225806 0.991101223581758 0.87 0.914893617021277 0.830188679245283 0.961862705740666 2 3 87 1 126.988
0.883333333333333 0.879310344827586 0.887096774193548 0.966629588431591 0.92 0.872340425531915 0.962264150943396 0.971497390606182 NA 1 87 2 107.764
1 1 1 1 0.94 0.978723404255319 0.905660377358491 0.94118827780008 5 2 87 2 107.764
1 1 1 1 0.94 0.957446808510638 0.924528301886792 0.949819349658772 8 2 87 2 107.764
1 1 1 1 0.94 0.914893617021277 0.962264150943396 0.9656764351666 10 2 87 2 107.764
0.908333333333333 0.931034482758621 0.887096774193548 0.96357063403782 0.92 0.914893617021277 0.924528301886792 0.971497390606182 1 3 87 2 107.764
0.941666666666667 0.931034482758621 0.951612903225806 0.991101223581758 0.87 0.893617021276596 0.849056603773585 0.962264150943396 2 3 87 2 107.764
0.883333333333333 0.879310344827586 0.887096774193548 0.961902113459399 0.93 0.893617021276596 0.962264150943396 0.971095945403452 NA 1 87 3 250.393
1 1 1 1 0.94 0.978723404255319 0.905660377358491 0.942191890806905 5 2 87 3 250.393
1 1 1 1 0.95 0.978723404255319 0.924528301886792 0.949819349658772 8 2 87 3 250.393
1 1 1 1 0.96 0.957446808510638 0.962264150943396 0.969088719389803 10 2 87 3 250.393
0.9 0.896551724137931 0.903225806451613 0.955228031145718 0.9 0.914893617021277 0.886792452830189 0.966278602970695 1 3 87 3 250.393
0.941666666666667 0.931034482758621 0.951612903225806 0.991101223581757 0.86 0.914893617021277 0.811320754716981 0.961059815335207 2 3 87 3 250.393
