0.883333333333333 0.843137254901961 0.91304347826087 0.939755612389883 0.86 0.851851851851852 0.869565217391304 0.901771336553945 NA 1 63 1 154.805
0.933333333333333 0.941176470588235 0.927536231884058 0.988633134413186 0.88 0.907407407407407 0.847826086956522 0.944444444444444 5 2 63 1 154.805
0.95 0.941176470588235 0.956521739130435 0.991759022449559 0.88 0.907407407407407 0.847826086956522 0.952495974235105 8 2 63 1 154.805
0.95 0.941176470588235 0.956521739130435 0.9923273657289 0.87 0.907407407407407 0.826086956521739 0.950080515297907 10 2 63 1 154.805
0.883333333333333 0.843137254901961 0.91304347826087 0.93691389599318 0.85 0.833333333333333 0.869565217391304 0.907407407407407 1 3 63 1 154.805
0.925 0.901960784313726 0.942028985507246 0.984938903097471 0.84 0.814814814814815 0.869565217391304 0.925925925925926 2 3 63 1 154.805
0.875 0.843137254901961 0.898550724637681 0.940039784029554 0.85 0.833333333333333 0.869565217391304 0.898550724637681 NA 1 63 2 184.467
0.941666666666667 0.941176470588235 0.942028985507246 0.988633134413186 0.88 0.907407407407407 0.847826086956522 0.94524959742351 5 2 63 2 184.467
0.941666666666667 0.92156862745098 0.956521739130435 0.9923273657289 0.88 0.907407407407407 0.847826086956522 0.950885668276973 8 2 63 2 184.467
1 1 1 1 0.85 0.87037037037037 0.826086956521739 0.867149758454106 10 2 63 2 184.467
0.875 0.823529411764706 0.91304347826087 0.93662972435351 0.87 0.87037037037037 0.869565217391304 0.907407407407407 1 3 63 2 184.467
0.925 0.901960784313726 0.942028985507246 0.985223074737141 0.87 0.87037037037037 0.869565217391304 0.935587761674718 2 3 63 2 184.467
0.875 0.843137254901961 0.898550724637681 0.935777209434498 0.85 0.851851851851852 0.847826086956522 0.906602254428341 NA 1 63 3 300.035
0.925 0.92156862745098 0.927536231884058 0.988917306052856 0.87 0.888888888888889 0.847826086956522 0.938003220611916 5 2 63 3 300.035
0.95 0.941176470588235 0.956521739130435 0.993464052287582 0.88 0.907407407407407 0.847826086956522 0.935587761674718 8 2 63 3 300.035
1 1 1 1 0.85 0.888888888888889 0.804347826086957 0.88768115942029 10 2 63 3 300.035
0.875 0.823529411764706 0.91304347826087 0.935777209434498 0.86 0.87037037037037 0.847826086956522 0.910225442834139 1 3 63 3 300.035
0.916666666666667 0.882352941176471 0.942028985507246 0.98437055981813 0.86 0.851851851851852 0.869565217391304 0.935990338164251 2 3 63 3 300.035
