0.883333333333333 0.888888888888889 0.878787878787879 0.950056116722783 0.82 0.773584905660377 0.872340425531915 0.910477719791248 NA 1 81 1 155.026
0.95 0.944444444444444 0.954545454545455 0.995791245791246 0.87 0.811320754716981 0.936170212765957 0.95262946607788 5 2 81 1 155.026
0.95 0.944444444444444 0.954545454545455 0.995791245791246 0.87 0.811320754716981 0.936170212765957 0.95383380168607 8 2 81 1 155.026
0.958333333333333 0.944444444444444 0.96969696969697 0.996071829405163 0.86 0.792452830188679 0.936170212765957 0.95262946607788 10 2 81 1 155.026
0.883333333333333 0.87037037037037 0.893939393939394 0.948092031425365 0.81 0.773584905660377 0.851063829787234 0.912484945804898 1 3 81 1 155.026
0.958333333333333 0.962962962962963 0.954545454545455 0.989337822671156 0.81 0.754716981132076 0.872340425531915 0.913689281413087 2 3 81 1 155.026
0.883333333333333 0.87037037037037 0.893939393939394 0.952020202020202 0.82 0.792452830188679 0.851063829787234 0.90726615816941 NA 1 81 2 166.259
0.941666666666667 0.944444444444444 0.939393939393939 0.995510662177329 0.85 0.811320754716981 0.893617021276596 0.947009233239663 5 2 81 2 166.259
1 1 1 1 0.84 0.811320754716981 0.872340425531915 0.864110798875953 8 2 81 2 166.259
0.991666666666667 0.981481481481482 1 0.999158249158249 0.75 0.773584905660377 0.723404255319149 0.791850662384585 10 2 81 2 166.259
0.891666666666667 0.888888888888889 0.893939393939394 0.947530864197531 0.83 0.792452830188679 0.872340425531915 0.914893617021277 1 3 81 2 166.259
0.966666666666667 0.962962962962963 0.96969696969697 0.991301907968575 0.83 0.792452830188679 0.872340425531915 0.922922521075873 2 3 81 2 166.259
0.891666666666667 0.87037037037037 0.909090909090909 0.949775533108866 0.82 0.792452830188679 0.851063829787234 0.910076274588519 NA 1 81 3 304.738
0.958333333333333 0.944444444444444 0.96969696969697 0.996913580246914 0.86 0.811320754716981 0.914893617021277 0.937775993576877 5 2 81 3 304.738
1 1 1 1 0.85 0.830188679245283 0.872340425531915 0.855479727017262 8 2 81 3 304.738
1 1 1 1 0.84 0.773584905660377 0.914893617021277 0.867523083099157 10 2 81 3 304.738
0.891666666666667 0.87037037037037 0.909090909090909 0.944163860830528 0.82 0.792452830188679 0.851063829787234 0.914090726615817 1 3 81 3 304.738
0.958333333333333 0.962962962962963 0.954545454545455 0.990460157126824 0.83 0.792452830188679 0.872340425531915 0.914893617021277 2 3 81 3 304.738
