0.891666666666667 0.867924528301887 0.91044776119403 0.948465221064489 0.91 0.810810810810811 0.968253968253968 0.904761904761905 NA 1 51 1 206.432
0.975 0.981132075471698 0.970149253731343 0.994367783722895 0.9 0.837837837837838 0.936507936507937 0.917202917202917 5 2 51 1 206.432
1 1 1 1 0.85 0.783783783783784 0.888888888888889 0.849420849420849 8 2 51 1 206.432
1 1 1 1 0.83 0.783783783783784 0.857142857142857 0.857142857142857 10 2 51 1 206.432
0.883333333333333 0.867924528301887 0.895522388059702 0.945930723739792 0.9 0.810810810810811 0.952380952380952 0.914628914628915 1 3 51 1 206.432
0.925 0.905660377358491 0.940298507462687 0.970430864545199 0.9 0.810810810810811 0.952380952380952 0.957528957528958 2 3 51 1 206.432
0.891666666666667 0.867924528301887 0.91044776119403 0.949028442692199 0.91 0.810810810810811 0.968253968253968 0.905190905190905 NA 1 51 2 177.37
0.983333333333333 0.981132075471698 0.985074626865672 0.990988453956632 0.9 0.864864864864865 0.920634920634921 0.921492921492922 5 2 51 2 177.37
1 1 1 1 0.83 0.72972972972973 0.888888888888889 0.856713856713857 8 2 51 2 177.37
1 1 1 1 0.85 0.837837837837838 0.857142857142857 0.871514371514372 10 2 51 2 177.37
0.891666666666667 0.886792452830189 0.895522388059702 0.947057166995213 0.91 0.837837837837838 0.952380952380952 0.908193908193908 1 3 51 2 177.37
0.908333333333333 0.905660377358491 0.91044776119403 0.970430864545199 0.9 0.810810810810811 0.952380952380952 0.957099957099957 2 3 51 2 177.37
0.891666666666667 0.867924528301887 0.91044776119403 0.949028442692199 0.89 0.810810810810811 0.936507936507937 0.908193908193908 NA 1 51 3 379.89
0.983333333333333 0.981132075471698 0.985074626865672 0.995212616164461 0.91 0.864864864864865 0.936507936507937 0.921492921492922 5 2 51 3 379.89
1 1 1 1 0.86 0.810810810810811 0.888888888888889 0.86036036036036 8 2 51 3 379.89
0.983333333333333 1 0.970149253731343 1 0.84 0.810810810810811 0.857142857142857 0.895967395967396 10 2 51 3 379.89
0.883333333333333 0.867924528301887 0.895522388059702 0.947057166995213 0.9 0.810810810810811 0.952380952380952 0.911625911625912 1 3 51 3 379.89
0.925 0.905660377358491 0.940298507462687 0.969022810475922 0.91 0.837837837837838 0.952380952380952 0.962676962676963 2 3 51 3 379.89
