0.9375 0.947368421052632 0.923076923076923 0.983805668016194 0.85 0.792452830188679 0.914893617021277 0.922922521075873 NA 1 28 1 27.463
1 1 1 1 0.83 0.773584905660377 0.893617021276596 0.881573665194701 5 2 28 1 27.463
1 1 1 1 0.72 0.811320754716981 0.617021276595745 0.777197912484946 8 2 28 1 27.463
1 1 1 1 0.72 0.811320754716981 0.617021276595745 0.782215977519069 10 2 28 1 27.463
0.84375 1 0.615384615384615 0.983805668016194 0.83 0.943396226415094 0.702127659574468 0.928542753914091 1 3 28 1 27.463
0.96875 1 0.923076923076923 0.995951417004049 0.81 0.905660377358491 0.702127659574468 0.902850260939382 2 3 28 1 27.463
0.9375 0.947368421052632 0.923076923076923 0.987854251012146 0.87 0.830188679245283 0.914893617021277 0.924126856684063 NA 1 28 2 35.484
1 1 1 1 0.9 0.943396226415094 0.851063829787234 0.932757928542754 5 2 28 2 35.484
1 1 1 1 0.9 0.943396226415094 0.851063829787234 0.944600562023284 8 2 28 2 35.484
1 1 1 1 0.87 0.867924528301887 0.872340425531915 0.921718185467684 10 2 28 2 35.484
0.84375 1 0.615384615384615 0.983805668016194 0.82 0.943396226415094 0.680851063829787 0.93014853472501 1 3 28 2 35.484
0.96875 1 0.923076923076923 0.995951417004049 0.82 0.924528301886792 0.702127659574468 0.901645925331192 2 3 28 2 35.484
1 1 1 1 0.81 0.69811320754717 0.936170212765957 0.817141710156564 NA 1 28 3 59.259
1 1 1 1 0.81 0.69811320754717 0.936170212765957 0.817141710156564 5 2 28 3 59.259
1 1 1 1 0.81 0.69811320754717 0.936170212765957 0.817141710156564 8 2 28 3 59.259
1 1 1 1 0.81 0.69811320754717 0.936170212765957 0.817141710156564 10 2 28 3 59.259
0.84375 1 0.615384615384615 0.987854251012146 0.81 0.943396226415094 0.659574468085106 0.926936973103171 1 3 28 3 59.259
0.96875 1 0.923076923076923 0.995951417004049 0.81 0.886792452830189 0.723404255319149 0.905258932155761 2 3 28 3 59.259
