1 1 1 1 0.73 0.673469387755102 0.784313725490196 0.759503801520608 NA 1 67 1 17.504
1 1 1 1 0.73 0.673469387755102 0.784313725490196 0.752901160464186 5 2 67 1 17.504
1 1 1 1 0.73 0.673469387755102 0.784313725490196 0.759503801520608 8 2 67 1 17.504
1 1 1 1 0.73 0.673469387755102 0.784313725490196 0.759503801520608 10 2 67 1 17.504
0.9375 0.866666666666667 1 0.980392156862745 0.76 0.653061224489796 0.862745098039216 0.793917567026811 1 3 67 1 17.504
0.9375 0.866666666666667 1 0.988235294117647 0.71 0.571428571428571 0.843137254901961 0.776710684273709 2 3 67 1 17.504
1 1 1 1 0.73 0.693877551020408 0.764705882352941 0.733093237294918 NA 1 67 2 45.701
1 1 1 1 0.73 0.693877551020408 0.764705882352941 0.733093237294918 5 2 67 2 45.701
1 1 1 1 0.73 0.693877551020408 0.764705882352941 0.733093237294918 8 2 67 2 45.701
1 1 1 1 0.73 0.693877551020408 0.764705882352941 0.733093237294918 10 2 67 2 45.701
0.9375 0.866666666666667 1 0.984313725490196 0.77 0.673469387755102 0.862745098039216 0.788715486194478 1 3 67 2 45.701
0.9375 0.866666666666667 1 0.984313725490196 0.75 0.653061224489796 0.843137254901961 0.800320128051221 2 3 67 2 45.701
0.90625 0.866666666666667 0.941176470588235 0.980392156862745 0.76 0.673469387755102 0.843137254901961 0.809123649459784 NA 1 67 3 47.887
1 1 1 1 0.65 0.591836734693878 0.705882352941177 0.645858343337335 5 2 67 3 47.887
1 1 1 1 0.69 0.653061224489796 0.725490196078431 0.699879951980792 8 2 67 3 47.887
1 1 1 1 0.56 0.551020408163265 0.568627450980392 0.593037214885954 10 2 67 3 47.887
0.9375 0.866666666666667 1 0.984313725490196 0.75 0.63265306122449 0.862745098039216 0.788715486194478 1 3 67 3 47.887
0.9375 0.866666666666667 1 0.96078431372549 0.75 0.673469387755102 0.823529411764706 0.798319327731092 2 3 67 3 47.887
