0.866666666666667 0.898305084745763 0.836065573770492 0.962767435398722 0.87 0.810810810810811 0.904761904761905 0.951093951093951 NA 1 29 1 185.497
0.991666666666667 0.983050847457627 1 0.998055015282023 0.9 0.810810810810811 0.952380952380952 0.976833976833977 5 2 29 1 185.497
1 1 1 1 0.92 0.837837837837838 0.968253968253968 0.9004719004719 8 2 29 1 185.497
1 1 1 1 0.89 0.837837837837838 0.920634920634921 0.921707421707422 10 2 29 1 185.497
0.866666666666667 0.915254237288136 0.819672131147541 0.961378160600167 0.89 0.837837837837838 0.920634920634921 0.949377949377949 1 3 29 1 185.497
0.95 0.949152542372881 0.950819672131147 0.989719366490692 0.92 0.864864864864865 0.952380952380952 0.968682968682969 2 3 29 1 185.497
0.866666666666667 0.898305084745763 0.836065573770492 0.9622117254793 0.88 0.810810810810811 0.920634920634921 0.952809952809953 NA 1 29 2 195.743
0.983333333333333 0.983050847457627 0.983606557377049 0.998055015282023 0.9 0.810810810810811 0.952380952380952 0.978120978120978 5 2 29 2 195.743
1 1 1 1 0.9 0.810810810810811 0.952380952380952 0.888030888030888 8 2 29 2 195.743
1 1 1 1 0.91 0.810810810810811 0.968253968253968 0.900900900900901 10 2 29 2 195.743
0.875 0.932203389830508 0.819672131147541 0.962767435398722 0.88 0.810810810810811 0.920634920634921 0.950664950664951 1 3 29 2 195.743
0.95 0.949152542372881 0.950819672131147 0.98916365657127 0.92 0.864864864864865 0.952380952380952 0.967395967395967 2 3 29 2 195.743
0.858333333333333 0.88135593220339 0.836065573770492 0.961378160600167 0.88 0.837837837837838 0.904761904761905 0.952809952809953 NA 1 29 3 368.501
0.991666666666667 0.983050847457627 1 0.997499305362601 0.91 0.837837837837838 0.952380952380952 0.981552981552982 5 2 29 3 368.501
1 1 1 1 0.93 0.864864864864865 0.968253968253968 0.923208923208923 8 2 29 3 368.501
1 1 1 1 0.94 0.864864864864865 0.984126984126984 0.942513942513942 10 2 29 3 368.501
0.875 0.932203389830508 0.819672131147541 0.958321756043345 0.88 0.837837837837838 0.904761904761905 0.948090948090948 1 3 29 3 368.501
0.966666666666667 0.966101694915254 0.967213114754098 0.991108641289247 0.93 0.891891891891892 0.952380952380952 0.972114972114972 2 3 29 3 368.501
