1 1 1 1 0.81 0.842105263157895 0.767441860465116 0.804773561811506 NA 1 36 1 24.295
1 1 1 1 0.81 0.842105263157895 0.767441860465116 0.804773561811506 5 2 36 1 24.295
1 1 1 1 0.81 0.842105263157895 0.767441860465116 0.804773561811506 8 2 36 1 24.295
1 1 1 1 0.81 0.842105263157895 0.767441860465116 0.804773561811506 10 2 36 1 24.295
0.958333333333333 1 0.928571428571429 0.985714285714286 0.85 0.859649122807018 0.837209302325581 0.961240310077519 1 3 36 1 24.295
0.958333333333333 1 0.928571428571429 0.992857142857143 0.81 0.736842105263158 0.906976744186046 0.926152590779274 2 3 36 1 24.295
1 1 1 1 0.79 0.824561403508772 0.744186046511628 0.795797633618931 NA 1 36 2 29.619
1 1 1 1 0.79 0.824561403508772 0.744186046511628 0.797429620563036 5 2 36 2 29.619
1 1 1 1 0.79 0.824561403508772 0.744186046511628 0.797429620563036 8 2 36 2 29.619
1 1 1 1 0.79 0.824561403508772 0.744186046511628 0.797429620563036 10 2 36 2 29.619
0.958333333333333 1 0.928571428571429 0.992857142857143 0.85 0.859649122807018 0.837209302325581 0.960832313341493 1 3 36 2 29.619
0.958333333333333 1 0.928571428571429 0.992857142857143 0.81 0.736842105263158 0.906976744186046 0.9265605875153 2 3 36 2 29.619
0.958333333333333 1 0.928571428571429 0.985714285714286 0.86 0.87719298245614 0.837209302325581 0.958384332925337 NA 1 36 3 40.212
1 1 1 1 0.85 0.912280701754386 0.767441860465116 0.868217054263566 5 2 36 3 40.212
1 1 1 1 0.85 0.947368421052632 0.720930232558139 0.860261117911057 8 2 36 3 40.212
1 1 1 1 0.89 0.912280701754386 0.86046511627907 0.900448796409629 10 2 36 3 40.212
0.916666666666667 0.9 0.928571428571429 0.985714285714286 0.86 0.859649122807018 0.86046511627907 0.959200326397389 1 3 36 3 40.212
0.958333333333333 1 0.928571428571429 1 0.81 0.736842105263158 0.906976744186046 0.927376580987352 2 3 36 3 40.212
