0.835 0.831683168316832 0.838383838383838 0.926792679267927 0.86 0.87037037037037 0.847826086956522 0.911030595813205 NA 1 6 1 267.481
0.92 0.920792079207921 0.919191919191919 0.978297829782978 0.91 0.925925925925926 0.891304347826087 0.958132045088567 5 2 6 1 267.481
0.935 0.930693069306931 0.939393939393939 0.98039803980398 0.9 0.907407407407407 0.891304347826087 0.95450885668277 8 2 6 1 267.481
0.93 0.930693069306931 0.929292929292929 0.980698069806981 0.9 0.907407407407407 0.891304347826087 0.954106280193237 10 2 6 1 267.481
0.85 0.861386138613861 0.838383838383838 0.927592759275928 0.86 0.888888888888889 0.826086956521739 0.91304347826087 1 3 6 1 267.481
0.91 0.900990099009901 0.919191919191919 0.973697369736974 0.86 0.833333333333333 0.891304347826087 0.924718196457327 2 3 6 1 267.481
0.83 0.821782178217822 0.838383838383838 0.926392639263926 0.86 0.87037037037037 0.847826086956522 0.913848631239936 NA 1 6 2 247.647
0.92 0.920792079207921 0.919191919191919 0.977797779777978 0.91 0.925925925925926 0.891304347826087 0.958132045088567 5 2 6 2 247.647
0.92 0.920792079207921 0.919191919191919 0.97959795979598 0.91 0.925925925925926 0.891304347826087 0.955314009661836 8 2 6 2 247.647
0.92 0.920792079207921 0.919191919191919 0.97979797979798 0.91 0.925925925925926 0.891304347826087 0.953703703703704 10 2 6 2 247.647
0.85 0.851485148514851 0.848484848484849 0.926292629262926 0.86 0.888888888888889 0.826086956521739 0.913446054750403 1 3 6 2 247.647
0.905 0.900990099009901 0.909090909090909 0.974297429742974 0.85 0.814814814814815 0.891304347826087 0.927536231884058 2 3 6 2 247.647
0.84 0.841584158415842 0.838383838383838 0.928692869286929 0.86 0.87037037037037 0.847826086956522 0.91304347826087 NA 1 6 3 479.935
0.92 0.920792079207921 0.919191919191919 0.978097809780978 0.9 0.907407407407407 0.891304347826087 0.957326892109501 5 2 6 3 479.935
0.935 0.940594059405941 0.929292929292929 0.981798179817982 0.9 0.907407407407407 0.891304347826087 0.952495974235105 8 2 6 3 479.935
0.935 0.940594059405941 0.929292929292929 0.981898189818982 0.91 0.907407407407407 0.91304347826087 0.952495974235105 10 2 6 3 479.935
0.85 0.861386138613861 0.838383838383838 0.928092809280928 0.85 0.888888888888889 0.804347826086957 0.910225442834139 1 3 6 3 479.935
0.915 0.920792079207921 0.909090909090909 0.974497449744975 0.86 0.833333333333333 0.891304347826087 0.920692431561997 2 3 6 3 479.935
