1 1 1 1 0.73 0.48936170212766 0.943396226415094 0.711360899237254 NA 1 49 1 21.92
1 1 1 1 0.73 0.48936170212766 0.943396226415094 0.711360899237254 5 2 49 1 21.92
1 1 1 1 0.73 0.48936170212766 0.943396226415094 0.711360899237254 8 2 49 1 21.92
1 1 1 1 0.73 0.48936170212766 0.943396226415094 0.711360899237254 10 2 49 1 21.92
0.916666666666667 0.875 0.9375 0.984375 0.78 0.617021276595745 0.924528301886792 0.899638699317543 1 3 49 1 21.92
0.958333333333333 1 0.9375 0.9609375 0.82 0.617021276595745 1 0.901244480128462 2 3 49 1 21.92
0.958333333333333 1 0.9375 0.9921875 0.79 0.617021276595745 0.943396226415094 0.828382175832999 NA 1 49 2 35.722
1 1 1 1 0.77 0.829787234042553 0.716981132075472 0.784624648735448 5 2 49 2 35.722
1 1 1 1 0.84 0.702127659574468 0.962264150943396 0.857486953030911 8 2 49 2 35.722
1 1 1 1 0.84 0.702127659574468 0.962264150943396 0.858691288639101 10 2 49 2 35.722
0.916666666666667 0.875 0.9375 0.9765625 0.8 0.638297872340426 0.943396226415094 0.908871938980329 1 3 49 2 35.722
0.916666666666667 0.875 0.9375 0.96875 0.8 0.574468085106383 1 0.903653151344841 2 3 49 2 35.722
0.958333333333333 1 0.9375 0.9765625 0.77 0.595744680851064 0.924528301886792 0.857286230429546 NA 1 49 3 40.895
1 1 1 1 0.78 0.574468085106383 0.962264150943396 0.818948213568848 5 2 49 3 40.895
1 1 1 1 0.9 0.829787234042553 0.962264150943396 0.947812123645122 8 2 49 3 40.895
1 1 1 1 0.74 0.702127659574468 0.773584905660377 0.729024488157367 10 2 49 3 40.895
0.916666666666667 0.875 0.9375 0.984375 0.79 0.617021276595745 0.943396226415094 0.899237254114813 1 3 49 3 40.895
0.916666666666667 0.875 0.9375 0.96875 0.79 0.553191489361702 1 0.903251706142112 2 3 49 3 40.895
