1 1 1 1 0.74 0.723404255319149 0.754716981132076 0.783621035728623 NA 1 46 1 35.194
1 1 1 1 0.74 0.723404255319149 0.754716981132076 0.762344439983942 5 2 46 1 35.194
1 1 1 1 0.74 0.723404255319149 0.754716981132076 0.768566840626255 8 2 46 1 35.194
1 1 1 1 0.75 0.723404255319149 0.773584905660377 0.768566840626255 10 2 46 1 35.194
0.975 1 0.952380952380952 1 0.8 0.659574468085106 0.924528301886792 0.846647932557206 1 3 46 1 35.194
0.975 1 0.952380952380952 1 0.8 0.702127659574468 0.886792452830189 0.865917302288238 2 3 46 1 35.194
1 1 1 1 0.79 0.74468085106383 0.830188679245283 0.819349658771578 NA 1 46 2 56.752
1 1 1 1 0.81 0.765957446808511 0.849056603773585 0.810517864311521 5 2 46 2 56.752
1 1 1 1 0.81 0.765957446808511 0.849056603773585 0.810517864311521 8 2 46 2 56.752
1 1 1 1 0.8 0.74468085106383 0.849056603773585 0.807707747892413 10 2 46 2 56.752
1 1 1 1 0.79 0.659574468085106 0.905660377358491 0.849056603773585 1 3 46 2 56.752
0.975 1 0.952380952380952 1 0.79 0.680851063829787 0.886792452830189 0.877157767964673 2 3 46 2 56.752
1 1 1 1 0.8 0.74468085106383 0.849056603773585 0.821758329987957 NA 1 46 3 67.991
1 1 1 1 0.81 0.74468085106383 0.867924528301887 0.821758329987957 5 2 46 3 67.991
1 1 1 1 0.8 0.74468085106383 0.849056603773585 0.828382175832999 8 2 46 3 67.991
1 1 1 1 0.8 0.74468085106383 0.849056603773585 0.829385788839823 10 2 46 3 67.991
0.975 1 0.952380952380952 1 0.77 0.595744680851064 0.924528301886792 0.86069851465275 1 3 46 3 67.991
0.975 1 0.952380952380952 1 0.81 0.702127659574468 0.905660377358491 0.876756322761943 2 3 46 3 67.991
