1 1 1 1 0.81 0.7 0.92 0.8376 NA 1 43 1 22.192
1 1 1 1 0.81 0.7 0.92 0.842 5 2 43 1 22.192
1 1 1 1 0.82 0.72 0.92 0.842 8 2 43 1 22.192
1 1 1 1 0.82 0.72 0.92 0.842 10 2 43 1 22.192
0.916666666666667 1 0.857142857142857 1 0.82 0.76 0.88 0.8908 1 3 43 1 22.192
0.916666666666667 0.9 0.928571428571429 0.992857142857143 0.79 0.68 0.9 0.9084 2 3 43 1 22.192
1 1 1 1 0.79 0.68 0.9 0.7948 NA 1 43 2 28.39
1 1 1 1 0.79 0.68 0.9 0.7978 5 2 43 2 28.39
1 1 1 1 0.79 0.68 0.9 0.7978 8 2 43 2 28.39
1 1 1 1 0.79 0.68 0.9 0.7978 10 2 43 2 28.39
0.875 1 0.785714285714286 0.992857142857143 0.81 0.78 0.84 0.8864 1 3 43 2 28.39
0.916666666666667 0.9 0.928571428571429 0.985714285714286 0.79 0.68 0.9 0.9112 2 3 43 2 28.39
1 1 1 1 0.78 0.68 0.88 0.8118 NA 1 43 3 35.761
1 1 1 1 0.78 0.68 0.88 0.8152 5 2 43 3 35.761
1 1 1 1 0.78 0.68 0.88 0.8152 8 2 43 3 35.761
1 1 1 1 0.78 0.68 0.88 0.8152 10 2 43 3 35.761
0.875 1 0.785714285714286 1 0.79 0.7 0.88 0.8544 1 3 43 3 35.761
0.875 0.9 0.857142857142857 0.978571428571429 0.75 0.64 0.86 0.906 2 3 43 3 35.761
