0.875 0.833333333333333 0.909090909090909 0.931818181818182 0.83 0.767441860465116 0.87719298245614 0.896368829049368 NA 1 38 1 35.978
1 1 1 1 0.87 0.790697674418605 0.929824561403509 0.898000815993472 5 2 38 1 35.978
0.975 1 0.954545454545455 0.965909090909091 0.84 0.883720930232558 0.807017543859649 0.881884944920441 8 2 38 1 35.978
1 1 1 1 0.92 0.883720930232558 0.947368421052632 0.937372501019992 10 2 38 1 35.978
0.8 0.833333333333333 0.772727272727273 0.929292929292929 0.84 0.813953488372093 0.859649122807018 0.91391268869849 1 3 38 1 35.978
0.95 0.944444444444444 0.954545454545455 0.987373737373737 0.86 0.790697674418605 0.912280701754386 0.930640554875561 2 3 38 1 35.978
0.875 0.833333333333333 0.909090909090909 0.921717171717172 0.84 0.790697674418605 0.87719298245614 0.89718482252142 NA 1 38 2 38.2
1 1 1 1 0.84 0.813953488372093 0.859649122807018 0.919624643002856 5 2 38 2 38.2
1 1 1 1 0.79 0.813953488372093 0.771929824561403 0.842717258261934 8 2 38 2 38.2
1 1 1 1 0.91 0.883720930232558 0.929824561403509 0.915136678906569 10 2 38 2 38.2
0.8 0.833333333333333 0.772727272727273 0.931818181818182 0.82 0.813953488372093 0.824561403508772 0.91391268869849 1 3 38 2 38.2
0.95 0.944444444444444 0.954545454545455 0.98989898989899 0.85 0.767441860465116 0.912280701754386 0.929008567931457 2 3 38 2 38.2
0.875 0.833333333333333 0.909090909090909 0.936868686868687 0.82 0.767441860465116 0.859649122807018 0.893104855161159 NA 1 38 3 59.292
1 1 1 1 0.81 0.790697674418605 0.824561403508772 0.902284781721746 5 2 38 3 59.292
1 1 1 1 0.9 0.86046511627907 0.929824561403509 0.930028559771522 8 2 38 3 59.292
1 1 1 1 0.73 0.744186046511628 0.719298245614035 0.800285597715218 10 2 38 3 59.292
0.825 0.888888888888889 0.772727272727273 0.926767676767677 0.82 0.813953488372093 0.824561403508772 0.899632802937576 1 3 38 3 59.292
0.95 0.944444444444444 0.954545454545455 0.98989898989899 0.86 0.790697674418605 0.912280701754386 0.923296613627091 2 3 38 3 59.292
