0.8125 0.880952380952381 0.736842105263158 0.895989974937343 0.82 0.92156862745098 0.714285714285714 0.910364145658263 NA 1 72 1 105.547
0.9375 0.952380952380952 0.921052631578947 0.983082706766917 0.91 0.96078431372549 0.857142857142857 0.947979191676671 5 2 72 1 105.547
1 1 1 1 0.88 0.92156862745098 0.836734693877551 0.895558223289316 8 2 72 1 105.547
1 1 1 1 0.85 0.882352941176471 0.816326530612245 0.873949579831933 10 2 72 1 105.547
0.8375 0.928571428571429 0.736842105263158 0.897869674185464 0.79 0.92156862745098 0.653061224489796 0.906362545018007 1 3 72 1 105.547
0.9125 0.976190476190476 0.842105263157895 0.972431077694236 0.81 0.92156862745098 0.693877551020408 0.929171668667467 2 3 72 1 105.547
0.825 0.904761904761905 0.736842105263158 0.898496240601504 0.81 0.901960784313726 0.714285714285714 0.913165266106443 NA 1 72 2 73.563
0.9375 0.952380952380952 0.921052631578947 0.983082706766917 0.93 0.980392156862745 0.877551020408163 0.949579831932773 5 2 72 2 73.563
0.95 0.976190476190476 0.921052631578947 0.990601503759398 0.91 0.96078431372549 0.857142857142857 0.945578231292517 8 2 72 2 73.563
0.95 0.976190476190476 0.921052631578947 0.991854636591479 0.91 0.96078431372549 0.857142857142857 0.95438175270108 10 2 72 2 73.563
0.825 0.928571428571429 0.710526315789474 0.895989974937343 0.78 0.92156862745098 0.63265306122449 0.910364145658263 1 3 72 2 73.563
0.9125 0.976190476190476 0.842105263157895 0.973057644110276 0.82 0.92156862745098 0.714285714285714 0.936374549819928 2 3 72 2 73.563
0.8125 0.880952380952381 0.736842105263158 0.897243107769424 0.82 0.92156862745098 0.714285714285714 0.908363345338135 NA 1 72 3 169.304
0.9375 0.928571428571429 0.947368421052632 0.983709273182957 0.91 0.96078431372549 0.857142857142857 0.945578231292517 5 2 72 3 169.304
1 1 1 1 0.87 0.901960784313726 0.836734693877551 0.884753901560624 8 2 72 3 169.304
1 1 1 1 0.88 0.96078431372549 0.795918367346939 0.901760704281713 10 2 72 3 169.304
0.825 0.928571428571429 0.710526315789474 0.898496240601504 0.78 0.92156862745098 0.63265306122449 0.907162865146058 1 3 72 3 169.304
0.9125 0.976190476190476 0.842105263157895 0.973057644110276 0.8 0.92156862745098 0.673469387755102 0.915966386554622 2 3 72 3 169.304
