0.85 0.870967741935484 0.827586206896552 0.931034482758621 0.84 0.866666666666667 0.818181818181818 0.931717171717172 NA 1 55 1 214.129
0.908333333333333 0.919354838709677 0.896551724137931 0.982202447163515 0.95 0.933333333333333 0.963636363636364 0.988282828282828 5 2 55 1 214.129
1 1 1 1 0.91 0.866666666666667 0.945454545454545 0.936969696969697 8 2 55 1 214.129
1 1 1 1 0.94 0.933333333333333 0.945454545454545 0.948282828282828 10 2 55 1 214.129
0.85 0.887096774193548 0.810344827586207 0.932424916573971 0.85 0.866666666666667 0.836363636363636 0.928888888888889 1 3 55 1 214.129
0.908333333333333 0.919354838709677 0.896551724137931 0.972747497219132 0.89 0.888888888888889 0.890909090909091 0.968080808080808 2 3 55 1 214.129
0.866666666666667 0.887096774193548 0.844827586206897 0.92908787541713 0.84 0.866666666666667 0.818181818181818 0.933737373737374 NA 1 55 2 240.588
0.908333333333333 0.919354838709677 0.896551724137931 0.982202447163515 0.95 0.933333333333333 0.963636363636364 0.989090909090909 5 2 55 2 240.588
1 1 1 1 0.91 0.888888888888889 0.927272727272727 0.932121212121212 8 2 55 2 240.588
1 1 1 1 0.91 0.888888888888889 0.927272727272727 0.926262626262626 10 2 55 2 240.588
0.866666666666667 0.903225806451613 0.827586206896552 0.92714126807564 0.84 0.866666666666667 0.818181818181818 0.933333333333333 1 3 55 2 240.588
0.916666666666667 0.919354838709677 0.913793103448276 0.973581757508343 0.9 0.888888888888889 0.909090909090909 0.969292929292929 2 3 55 2 240.588
0.858333333333333 0.887096774193548 0.827586206896552 0.930756395995551 0.84 0.866666666666667 0.818181818181818 0.932929292929293 NA 1 55 3 390.263
0.908333333333333 0.919354838709677 0.896551724137931 0.979977753058954 0.95 0.933333333333333 0.963636363636364 0.98949494949495 5 2 55 3 390.263
0.958333333333333 0.967741935483871 0.948275862068966 0.991657397107898 0.93 0.911111111111111 0.945454545454545 0.979393939393939 8 2 55 3 390.263
1 1 1 1 0.93 0.933333333333333 0.927272727272727 0.927272727272727 10 2 55 3 390.263
0.85 0.887096774193548 0.810344827586207 0.93020022246941 0.83 0.866666666666667 0.8 0.929292929292929 1 3 55 3 390.263
0.908333333333333 0.919354838709677 0.896551724137931 0.970522803114572 0.9 0.888888888888889 0.909090909090909 0.966868686868687 2 3 55 3 390.263
