0.916666666666667 0.909090909090909 0.921052631578947 0.974581339712919 0.9 0.893617021276596 0.905660377358491 0.961862705740666 NA 1 30 1 131.187
1 1 1 1 0.92 0.893617021276596 0.943396226415094 0.925732637494982 5 2 30 1 131.187
0.991666666666667 1 0.986842105263158 1 0.91 0.851063829787234 0.962264150943396 0.933360096346849 8 2 30 1 131.187
1 1 1 1 0.91 0.829787234042553 0.981132075471698 0.912284223203533 10 2 30 1 131.187
0.9 0.863636363636364 0.921052631578947 0.973983253588517 0.9 0.893617021276596 0.905660377358491 0.960658370132477 1 3 30 1 131.187
0.958333333333333 0.977272727272727 0.947368421052632 0.991028708133971 0.92 0.893617021276596 0.943396226415094 0.97792051384986 2 3 30 1 131.187
0.908333333333333 0.886363636363636 0.921052631578947 0.972488038277512 0.91 0.893617021276596 0.924528301886792 0.959052589321558 NA 1 30 2 130.98
1 1 1 1 0.9 0.851063829787234 0.943396226415094 0.902248093135287 5 2 30 2 130.98
1 1 1 1 0.93 0.872340425531915 0.981132075471698 0.925130469690887 8 2 30 2 130.98
1 1 1 1 0.92 0.851063829787234 0.981132075471698 0.938779606583701 10 2 30 2 130.98
0.9 0.863636363636364 0.921052631578947 0.973086124401914 0.91 0.893617021276596 0.924528301886792 0.964672822159775 1 3 30 2 130.98
0.95 0.977272727272727 0.934210526315789 0.991327751196172 0.94 0.936170212765957 0.943396226415094 0.979124849458049 2 3 30 2 130.98
0.908333333333333 0.886363636363636 0.921052631578947 0.972488038277512 0.92 0.893617021276596 0.943396226415094 0.963067041348856 NA 1 30 3 234.437
1 1 1 1 0.89 0.829787234042553 0.943396226415094 0.908470493777599 5 2 30 3 234.437
1 1 1 1 0.91 0.872340425531915 0.943396226415094 0.914090726615817 8 2 30 3 234.437
0.991666666666667 1 0.986842105263158 0.992224880382775 0.91 0.851063829787234 0.962264150943396 0.941389000401445 10 2 30 3 234.437
0.908333333333333 0.886363636363636 0.921052631578947 0.972787081339713 0.92 0.893617021276596 0.943396226415094 0.962665596146126 1 3 30 3 234.437
0.941666666666667 0.954545454545455 0.934210526315789 0.990430622009569 0.92 0.893617021276596 0.943396226415094 0.981533520674428 2 3 30 3 234.437
