0.85 0.764705882352941 0.91304347826087 0.942455242966752 0.86 0.784313725490196 0.938775510204082 0.91796718687475 NA 1 91 1 109.642
1 1 1 1 0.86 0.745098039215686 0.979591836734694 0.878351340536215 5 2 91 1 109.642
1 1 1 1 0.87 0.843137254901961 0.897959183673469 0.910764305722289 8 2 91 1 109.642
1 1 1 1 0.84 0.843137254901961 0.836734693877551 0.899359743897559 10 2 91 1 109.642
0.875 0.823529411764706 0.91304347826087 0.944373401534527 0.83 0.764705882352941 0.897959183673469 0.913165266106443 1 3 91 1 109.642
0.9875 0.970588235294118 1 0.999360613810742 0.86 0.784313725490196 0.938775510204082 0.936774709883954 2 3 91 1 109.642
0.875 0.823529411764706 0.91304347826087 0.929028132992327 0.81 0.745098039215686 0.877551020408163 0.871148459383754 NA 1 91 2 111.357
1 1 1 1 0.88 0.803921568627451 0.959183673469388 0.892757102841137 5 2 91 2 111.357
1 1 1 1 0.79 0.686274509803922 0.897959183673469 0.820528211284514 8 2 91 2 111.357
1 1 1 1 0.87 0.784313725490196 0.959183673469388 0.881952781112445 10 2 91 2 111.357
0.9 0.882352941176471 0.91304347826087 0.930306905370844 0.8 0.764705882352941 0.836734693877551 0.87875150060024 1 3 91 2 111.357
0.95 0.941176470588235 0.956521739130435 0.994884910485934 0.77 0.725490196078431 0.816326530612245 0.894757903161265 2 3 91 2 111.357
0.85 0.764705882352941 0.91304347826087 0.929028132992327 0.85 0.784313725490196 0.918367346938776 0.912364945978391 NA 1 91 3 197.309
1 1 1 1 0.86 0.784313725490196 0.938775510204082 0.888555422168868 5 2 91 3 197.309
1 1 1 1 0.89 0.803921568627451 0.979591836734694 0.898159263705482 8 2 91 3 197.309
1 1 1 1 0.81 0.823529411764706 0.795918367346939 0.850340136054422 10 2 91 3 197.309
0.8625 0.823529411764706 0.891304347826087 0.931585677749361 0.85 0.784313725490196 0.918367346938776 0.903561424569828 1 3 91 3 197.309
0.975 0.941176470588235 1 0.998721227621483 0.87 0.823529411764706 0.918367346938776 0.930772308923569 2 3 91 3 197.309
