1 1 1 1 0.84 0.75 0.890625 0.883680555555556 NA 1 54 1 20.395
1 1 1 1 0.84 0.75 0.890625 0.874782986111111 5 2 54 1 20.395
1 1 1 1 0.84 0.75 0.890625 0.874782986111111 8 2 54 1 20.395
1 1 1 1 0.84 0.75 0.890625 0.874782986111111 10 2 54 1 20.395
1 1 1 1 0.84 0.805555555555556 0.859375 0.921875 1 3 54 1 20.395
1 1 1 1 0.83 0.833333333333333 0.828125 0.904947916666667 2 3 54 1 20.395
1 1 1 1 0.83 0.75 0.875 0.865668402777778 NA 1 54 2 27.41
1 1 1 1 0.84 0.75 0.890625 0.87109375 5 2 54 2 27.41
1 1 1 1 0.84 0.75 0.890625 0.871527777777778 8 2 54 2 27.41
1 1 1 1 0.84 0.75 0.890625 0.871527777777778 10 2 54 2 27.41
1 1 1 1 0.84 0.805555555555556 0.859375 0.908854166666667 1 3 54 2 27.41
1 1 1 1 0.79 0.833333333333333 0.765625 0.903211805555556 2 3 54 2 27.41
1 1 1 1 0.86 0.75 0.921875 0.883897569444445 NA 1 54 3 33.821
1 1 1 1 0.86 0.75 0.921875 0.880859375 5 2 54 3 33.821
1 1 1 1 0.86 0.75 0.921875 0.880425347222222 8 2 54 3 33.821
1 1 1 1 0.86 0.75 0.921875 0.880425347222222 10 2 54 3 33.821
1 1 1 1 0.82 0.805555555555556 0.828125 0.920572916666667 1 3 54 3 33.821
1 1 1 1 0.81 0.833333333333333 0.796875 0.900173611111111 2 3 54 3 33.821
