0.825 0.789473684210526 0.857142857142857 0.93922305764411 0.82 0.813953488372093 0.824561403508772 0.894736842105263 NA 1 28 1 115.898
0.9375 0.947368421052632 0.928571428571429 0.983082706766917 0.87 0.86046511627907 0.87719298245614 0.94328845369237 5 2 28 1 115.898
1 1 1 1 0.92 0.883720930232558 0.947368421052632 0.925336597307221 8 2 28 1 115.898
1 1 1 1 0.9 0.837209302325581 0.947368421052632 0.911464708282334 10 2 28 1 115.898
0.8625 0.815789473684211 0.904761904761905 0.93609022556391 0.8 0.744186046511628 0.842105263157895 0.880456956344349 1 3 28 1 115.898
0.925 0.921052631578947 0.928571428571429 0.983709273182957 0.88 0.813953488372093 0.929824561403509 0.912688698490412 2 3 28 1 115.898
0.85 0.842105263157895 0.857142857142857 0.93546365914787 0.81 0.790697674418605 0.824561403508772 0.892696858425133 NA 1 28 2 123.52
0.95 0.973684210526316 0.928571428571429 0.984962406015038 0.87 0.86046511627907 0.87719298245614 0.941656466748266 5 2 28 2 123.52
1 1 1 1 0.88 0.883720930232558 0.87719298245614 0.894940840473276 8 2 28 2 123.52
1 1 1 1 0.9 0.86046511627907 0.929824561403509 0.892696858425133 10 2 28 2 123.52
0.8625 0.815789473684211 0.904761904761905 0.93546365914787 0.79 0.744186046511628 0.824561403508772 0.881680946552428 1 3 28 2 123.52
0.925 0.921052631578947 0.928571428571429 0.981829573934837 0.88 0.813953488372093 0.929824561403509 0.91391268869849 2 3 28 2 123.52
0.8375 0.815789473684211 0.857142857142857 0.93984962406015 0.82 0.813953488372093 0.824561403508772 0.890248878008976 NA 1 28 3 211.167
0.9125 0.894736842105263 0.928571428571429 0.981829573934837 0.89 0.883720930232558 0.894736842105263 0.950224398204814 5 2 28 3 211.167
1 1 1 1 0.9 0.86046511627907 0.929824561403509 0.901468788249694 8 2 28 3 211.167
1 1 1 1 0.79 0.697674418604651 0.859649122807018 0.846389228886169 10 2 28 3 211.167
0.85 0.815789473684211 0.880952380952381 0.94047619047619 0.8 0.767441860465116 0.824561403508772 0.880456956344349 1 3 28 3 211.167
0.9375 0.921052631578947 0.952380952380952 0.984335839598998 0.86 0.790697674418605 0.912280701754386 0.908608731130151 2 3 28 3 211.167
