0.8875 0.918918918918919 0.86046511627907 0.968573224387178 0.82 0.733333333333333 0.890909090909091 0.867070707070707 NA 1 7 1 102.362
1 1 1 1 0.85 0.822222222222222 0.872727272727273 0.855959595959596 5 2 7 1 102.362
1 1 1 1 0.85 0.844444444444444 0.854545454545454 0.863434343434343 8 2 7 1 102.362
1 1 1 1 0.82 0.8 0.836363636363636 0.835757575757576 10 2 7 1 102.362
0.8625 0.918918918918919 0.813953488372093 0.963544940289126 0.74 0.733333333333333 0.745454545454545 0.864646464646465 1 3 7 1 102.362
0.975 0.972972972972973 0.976744186046512 0.995600251414205 0.81 0.755555555555556 0.854545454545454 0.908686868686869 2 3 7 1 102.362
0.9 0.918918918918919 0.883720930232558 0.968573224387178 0.82 0.733333333333333 0.890909090909091 0.867070707070707 NA 1 7 2 101.168
1 1 1 1 0.82 0.8 0.836363636363636 0.825050505050505 5 2 7 2 101.168
1 1 1 1 0.84 0.844444444444444 0.836363636363636 0.863434343434343 8 2 7 2 101.168
1 1 1 1 0.83 0.8 0.854545454545454 0.833131313131313 10 2 7 2 101.168
0.8875 0.918918918918919 0.86046511627907 0.966687617850409 0.79 0.733333333333333 0.836363636363636 0.85979797979798 1 3 7 2 101.168
0.975 0.972972972972973 0.976744186046512 0.995600251414205 0.81 0.755555555555556 0.854545454545454 0.906666666666667 2 3 7 2 101.168
0.8875 0.918918918918919 0.86046511627907 0.966687617850409 0.81 0.733333333333333 0.872727272727273 0.865454545454545 NA 1 7 3 178.509
1 1 1 1 0.87 0.844444444444444 0.890909090909091 0.871515151515151 5 2 7 3 178.509
1 1 1 1 0.81 0.822222222222222 0.8 0.85030303030303 8 2 7 3 178.509
1 1 1 1 0.83 0.8 0.854545454545454 0.858585858585859 10 2 7 3 178.509
0.8875 0.918918918918919 0.86046511627907 0.961030798240101 0.77 0.755555555555556 0.781818181818182 0.872323232323232 1 3 7 3 178.509
0.975 0.972972972972973 0.976744186046512 0.996228786926461 0.82 0.755555555555556 0.872727272727273 0.913939393939394 2 3 7 3 178.509
