0.9025 0.915422885572139 0.889447236180904 0.955048876221905 0.82 0.878048780487805 0.779661016949153 0.914840843323687 NA 1 58 1 700.653
0.94 0.945273631840796 0.934673366834171 0.98519962999075 0.86 0.951219512195122 0.796610169491525 0.975609756097561 5 2 58 1 700.653
0.9425 0.950248756218905 0.934673366834171 0.987199679992 0.87 0.926829268292683 0.830508474576271 0.968582058701943 8 2 58 1 700.653
0.945 0.955223880597015 0.934673366834171 0.987349683742094 0.87 0.926829268292683 0.830508474576271 0.969408846630839 10 2 58 1 700.653
0.9 0.915422885572139 0.884422110552764 0.95444886122153 0.82 0.878048780487805 0.779661016949153 0.917321207110376 1 3 58 1 700.653
0.935 0.925373134328358 0.944723618090452 0.984874621865547 0.84 0.926829268292683 0.779661016949153 0.966515088879702 2 3 58 1 700.653
0.9025 0.90547263681592 0.899497487437186 0.957223930598265 0.81 0.878048780487805 0.76271186440678 0.912360479536999 NA 1 58 2 685.537
0.94 0.945273631840796 0.934673366834171 0.985224630615765 0.86 0.951219512195122 0.796610169491525 0.976023150062009 5 2 58 2 685.537
0.94 0.945273631840796 0.934673366834171 0.986674666866672 0.87 0.926829268292683 0.830508474576271 0.970649028524184 8 2 58 2 685.537
0.94 0.945273631840796 0.934673366834171 0.986149653741344 0.86 0.926829268292683 0.813559322033898 0.970649028524184 10 2 58 2 685.537
0.895 0.900497512437811 0.889447236180904 0.956023900597515 0.83 0.878048780487805 0.796610169491525 0.911947085572551 1 3 58 2 685.537
0.9375 0.925373134328358 0.949748743718593 0.984724618115453 0.85 0.951219512195122 0.779661016949153 0.963621331128566 2 3 58 2 685.537
0.905 0.920398009950249 0.889447236180904 0.955848896222406 0.81 0.902439024390244 0.745762711864407 0.905332782141381 NA 1 58 3 1261.253
0.94 0.945273631840796 0.934673366834171 0.985049626240656 0.87 0.951219512195122 0.813559322033898 0.978503513848698 5 2 58 3 1261.253
0.9425 0.950248756218905 0.934673366834171 0.986874671866797 0.89 0.951219512195122 0.847457627118644 0.973956180239768 8 2 58 3 1261.253
0.94 0.945273631840796 0.934673366834171 0.986749668741719 0.87 0.926829268292683 0.830508474576271 0.974782968168665 10 2 58 3 1261.253
0.895 0.90547263681592 0.884422110552764 0.954723868096702 0.83 0.878048780487805 0.796610169491525 0.907399751963621 1 3 58 3 1261.253
0.9375 0.930348258706468 0.944723618090452 0.98502462561564 0.85 0.926829268292683 0.796610169491525 0.963621331128566 2 3 58 3 1261.253
