1 1 1 1 0.8 0.719298245614035 0.906976744186046 0.854549163606691 NA 1 91 1 46.75
1 1 1 1 0.81 0.736842105263158 0.906976744186046 0.84577723378213 5 2 91 1 46.75
1 1 1 1 0.81 0.736842105263158 0.906976744186046 0.845165238678091 8 2 91 1 46.75
1 1 1 1 0.8 0.719298245614035 0.906976744186046 0.843533251733986 10 2 91 1 46.75
0.9375 0.928571428571429 0.944444444444444 0.988095238095238 0.81 0.789473684210526 0.837209302325581 0.887392900856793 1 3 91 1 46.75
1 1 1 1 0.86 0.789473684210526 0.953488372093023 0.930232558139535 2 3 91 1 46.75
1 1 1 1 0.78 0.684210526315789 0.906976744186046 0.838229294165647 NA 1 91 2 51.93
1 1 1 1 0.79 0.701754385964912 0.906976744186046 0.824765401876785 5 2 91 2 51.93
1 1 1 1 0.79 0.701754385964912 0.906976744186046 0.832109343125255 8 2 91 2 51.93
1 1 1 1 0.78 0.684210526315789 0.906976744186046 0.824765401876785 10 2 91 2 51.93
0.9375 0.928571428571429 0.944444444444444 0.988095238095238 0.81 0.807017543859649 0.813953488372093 0.879640962872297 1 3 91 2 51.93
1 1 1 1 0.85 0.771929824561403 0.953488372093023 0.930640554875561 2 3 91 2 51.93
1 1 1 1 0.84 0.789473684210526 0.906976744186046 0.859649122807017 NA 1 91 3 79.408
1 1 1 1 0.84 0.789473684210526 0.906976744186046 0.846797225622195 5 2 91 3 79.408
1 1 1 1 0.84 0.789473684210526 0.906976744186046 0.850061199510404 8 2 91 3 79.408
1 1 1 1 0.81 0.736842105263158 0.906976744186046 0.848837209302325 10 2 91 3 79.408
0.96875 0.928571428571429 1 0.988095238095238 0.81 0.789473684210526 0.837209302325581 0.882904936760506 1 3 91 3 79.408
1 1 1 1 0.84 0.789473684210526 0.906976744186046 0.917992656058751 2 3 91 3 79.408
