0.85 0.840909090909091 0.861111111111111 0.956439393939394 0.85 0.8125 0.884615384615385 0.928685897435897 NA 1 59 1 93.883
1 1 1 1 0.86 0.833333333333333 0.884615384615385 0.873798076923077 5 2 59 1 93.883
1 1 1 1 0.88 0.833333333333333 0.923076923076923 0.911458333333333 8 2 59 1 93.883
1 1 1 1 0.89 0.833333333333333 0.942307692307692 0.891025641025641 10 2 59 1 93.883
0.85 0.840909090909091 0.861111111111111 0.953282828282828 0.84 0.791666666666667 0.884615384615385 0.922275641025641 1 3 59 1 93.883
0.95 0.977272727272727 0.916666666666667 0.986742424242424 0.84 0.791666666666667 0.884615384615385 0.944310897435897 2 3 59 1 93.883
0.85 0.840909090909091 0.861111111111111 0.957070707070707 0.85 0.8125 0.884615384615385 0.927884615384615 NA 1 59 2 77.98
1 1 1 1 0.86 0.833333333333333 0.884615384615385 0.873798076923077 5 2 59 2 77.98
0.975 1 0.944444444444444 1 0.9 0.895833333333333 0.903846153846154 0.933092948717949 8 2 59 2 77.98
1 1 1 1 0.88 0.833333333333333 0.923076923076923 0.893028846153846 10 2 59 2 77.98
0.85 0.840909090909091 0.861111111111111 0.953914141414141 0.83 0.791666666666667 0.865384615384615 0.923076923076923 1 3 59 2 77.98
0.95 0.977272727272727 0.916666666666667 0.987373737373737 0.84 0.791666666666667 0.884615384615385 0.944310897435897 2 3 59 2 77.98
0.8625 0.840909090909091 0.888888888888889 0.953914141414141 0.83 0.770833333333333 0.884615384615385 0.923878205128205 NA 1 59 3 163.718
1 1 1 1 0.88 0.833333333333333 0.923076923076923 0.874198717948718 5 2 59 3 163.718
1 1 1 1 0.85 0.833333333333333 0.865384615384615 0.915464743589744 8 2 59 3 163.718
1 1 1 1 0.87 0.916666666666667 0.826923076923077 0.895432692307692 10 2 59 3 163.718
0.875 0.863636363636364 0.888888888888889 0.950757575757576 0.83 0.791666666666667 0.865384615384615 0.926682692307692 1 3 59 3 163.718
0.95 0.977272727272727 0.916666666666667 0.987373737373737 0.83 0.770833333333333 0.884615384615385 0.940304487179487 2 3 59 3 163.718
