0.86 0.854166666666667 0.865384615384615 0.938401442307692 0.86 0.833333333333333 0.884615384615385 0.923878205128205 NA 1 99 1 269.168
0.905 0.90625 0.903846153846154 0.974459134615385 0.89 0.854166666666667 0.923076923076923 0.965544871794872 5 2 99 1 269.168
0.905 0.90625 0.903846153846154 0.977163461538462 0.88 0.854166666666667 0.903846153846154 0.963541666666667 8 2 99 1 269.168
0.915 0.916666666666667 0.913461538461538 0.977263621794872 0.88 0.854166666666667 0.903846153846154 0.962740384615385 10 2 99 1 269.168
0.87 0.864583333333333 0.875 0.936798878205128 0.86 0.854166666666667 0.865384615384615 0.918269230769231 1 3 99 1 269.168
0.905 0.895833333333333 0.913461538461538 0.973357371794872 0.87 0.8125 0.923076923076923 0.9375 2 3 99 1 269.168
0.85 0.84375 0.855769230769231 0.93770032051282 0.86 0.833333333333333 0.884615384615385 0.925480769230769 NA 1 99 2 260.988
0.905 0.90625 0.903846153846154 0.974559294871795 0.89 0.854166666666667 0.923076923076923 0.966346153846154 5 2 99 2 260.988
0.91 0.916666666666667 0.903846153846154 0.977063301282051 0.88 0.854166666666667 0.903846153846154 0.963942307692308 8 2 99 2 260.988
0.91 0.916666666666667 0.903846153846154 0.977463942307692 0.88 0.854166666666667 0.903846153846154 0.964342948717949 10 2 99 2 260.988
0.865 0.854166666666667 0.875 0.935697115384615 0.86 0.854166666666667 0.865384615384615 0.919070512820513 1 3 99 2 260.988
0.91 0.895833333333333 0.923076923076923 0.974459134615385 0.85 0.8125 0.884615384615385 0.937099358974359 2 3 99 2 260.988
0.87 0.864583333333333 0.875 0.938100961538462 0.88 0.854166666666667 0.903846153846154 0.925080128205128 NA 1 99 3 474.656
0.905 0.90625 0.903846153846154 0.974859775641026 0.89 0.854166666666667 0.923076923076923 0.964342948717949 5 2 99 3 474.656
0.92 0.916666666666667 0.923076923076923 0.975761217948718 0.88 0.854166666666667 0.903846153846154 0.96474358974359 8 2 99 3 474.656
0.905 0.895833333333333 0.913461538461538 0.977163461538462 0.88 0.854166666666667 0.903846153846154 0.964342948717949 10 2 99 3 474.656
0.855 0.854166666666667 0.855769230769231 0.935997596153846 0.86 0.854166666666667 0.865384615384615 0.923477564102564 1 3 99 3 474.656
0.91 0.90625 0.913461538461538 0.973758012820513 0.87 0.8125 0.923076923076923 0.938301282051282 2 3 99 3 474.656
