0.9 0.897435897435897 0.902439024390244 0.946216385240775 0.88 0.96 0.8 0.9504 NA 1 100 1 110.876
0.9875 0.974358974358974 1 0.99624765478424 0.85 0.9 0.8 0.9224 5 2 100 1 110.876
0.975 0.974358974358974 0.975609756097561 0.99812382739212 0.85 0.9 0.8 0.938 8 2 100 1 110.876
1 1 1 1 0.83 0.88 0.78 0.864 10 2 100 1 110.876
0.8875 0.897435897435897 0.878048780487805 0.941838649155722 0.87 0.94 0.8 0.9492 1 3 100 1 110.876
0.9375 0.923076923076923 0.951219512195122 0.984365228267667 0.89 0.88 0.9 0.9416 2 3 100 1 110.876
0.9 0.897435897435897 0.902439024390244 0.949343339587242 0.88 0.96 0.8 0.9516 NA 1 100 2 111.023
0.9875 0.974358974358974 1 0.99624765478424 0.87 0.9 0.84 0.928 5 2 100 2 111.023
0.975 0.974358974358974 0.975609756097561 0.99624765478424 0.87 0.92 0.82 0.9436 8 2 100 2 111.023
0.9875 0.974358974358974 1 0.985303314571607 0.83 0.86 0.8 0.8448 10 2 100 2 111.023
0.8875 0.897435897435897 0.878048780487805 0.943714821763602 0.87 0.94 0.8 0.9512 1 3 100 2 111.023
0.9375 0.923076923076923 0.951219512195122 0.984990619136961 0.9 0.9 0.9 0.9384 2 3 100 2 111.023
0.8875 0.871794871794872 0.902439024390244 0.946216385240775 0.86 0.96 0.76 0.9488 NA 1 100 3 242.393
1 1 1 1 0.79 0.84 0.74 0.7916 5 2 100 3 242.393
1 1 1 1 0.78 0.82 0.74 0.8076 8 2 100 3 242.393
1 1 1 1 0.81 0.8 0.82 0.8472 10 2 100 3 242.393
0.9 0.897435897435897 0.902439024390244 0.938711694809256 0.9 0.94 0.86 0.95 1 3 100 3 242.393
0.9375 0.923076923076923 0.951219512195122 0.98686679174484 0.9 0.92 0.88 0.9448 2 3 100 3 242.393
