1 1 1 1 0.67 0.595744680851064 0.735849056603774 0.669409875551987 NA 1 87 1 25.814
1 1 1 1 0.67 0.595744680851064 0.735849056603774 0.672219991971096 5 2 87 1 25.814
1 1 1 1 0.67 0.595744680851064 0.735849056603774 0.672621437173826 8 2 87 1 25.814
1 1 1 1 0.67 0.595744680851064 0.735849056603774 0.668807707747892 10 2 87 1 25.814
0.875 1 0.727272727272727 0.979020979020979 0.78 0.765957446808511 0.792452830188679 0.855881172219992 1 3 87 1 25.814
1 1 1 1 0.69 0.936170212765957 0.471698113207547 0.830590124448013 2 3 87 1 25.814
1 1 1 1 0.67 0.595744680851064 0.735849056603774 0.678442392613408 NA 1 87 2 34.996
1 1 1 1 0.68 0.595744680851064 0.754716981132076 0.678843837816138 5 2 87 2 34.996
1 1 1 1 0.67 0.595744680851064 0.735849056603774 0.678442392613408 8 2 87 2 34.996
1 1 1 1 0.67 0.595744680851064 0.735849056603774 0.678843837816138 10 2 87 2 34.996
0.875 1 0.727272727272727 0.986013986013986 0.79 0.787234042553192 0.792452830188679 0.856684062625452 1 3 87 2 34.996
1 1 1 1 0.68 0.914893617021277 0.471698113207547 0.834604576475311 2 3 87 2 34.996
1 1 1 1 0.69 0.574468085106383 0.792452830188679 0.691087916499398 NA 1 87 3 45.378
1 1 1 1 0.69 0.574468085106383 0.792452830188679 0.694901645925331 5 2 87 3 45.378
1 1 1 1 0.68 0.595744680851064 0.754716981132076 0.694500200722601 8 2 87 3 45.378
1 1 1 1 0.68 0.595744680851064 0.754716981132076 0.683259735046166 10 2 87 3 45.378
0.875 1 0.727272727272727 0.986013986013986 0.77 0.702127659574468 0.830188679245283 0.853472501003613 1 3 87 3 45.378
1 1 1 1 0.67 0.914893617021277 0.452830188679245 0.806101967081493 2 3 87 3 45.378
