0.8675 0.892156862745098 0.841836734693878 0.949754901960784 0.85 0.777777777777778 0.934782608695652 0.925523349436393 NA 1 29 1 747.315
0.9475 0.955882352941177 0.938775510204082 0.982568027210884 0.9 0.851851851851852 0.956521739130435 0.972624798711755 5 2 29 1 747.315
0.9475 0.950980392156863 0.943877551020408 0.985769307723089 0.9 0.851851851851852 0.956521739130435 0.964975845410628 8 2 29 1 747.315
0.9475 0.950980392156863 0.943877551020408 0.985869347739096 0.9 0.851851851851852 0.956521739130435 0.966183574879227 10 2 29 1 747.315
0.8775 0.911764705882353 0.841836734693878 0.948854541816727 0.84 0.777777777777778 0.91304347826087 0.927938808373591 1 3 29 1 747.315
0.94 0.946078431372549 0.933673469387755 0.982993197278912 0.89 0.814814814814815 0.978260869565217 0.96658615136876 2 3 29 1 747.315
0.8675 0.892156862745098 0.841836734693878 0.949479791916767 0.85 0.777777777777778 0.934782608695652 0.925925925925926 NA 1 29 2 740.801
0.9475 0.955882352941177 0.938775510204082 0.982618047218888 0.9 0.851851851851852 0.956521739130435 0.973027375201288 5 2 29 2 740.801
0.9475 0.950980392156863 0.943877551020408 0.985644257703081 0.9 0.851851851851852 0.956521739130435 0.965378421900161 8 2 29 2 740.801
0.9475 0.950980392156863 0.943877551020408 0.985744297719088 0.9 0.851851851851852 0.956521739130435 0.96658615136876 10 2 29 2 740.801
0.875 0.911764705882353 0.836734693877551 0.948704481792717 0.85 0.777777777777778 0.934782608695652 0.926328502415459 1 3 29 2 740.801
0.94 0.950980392156863 0.928571428571429 0.983193277310924 0.87 0.796296296296296 0.956521739130435 0.963768115942029 2 3 29 2 740.801
0.8725 0.897058823529412 0.846938775510204 0.949604841936775 0.86 0.796296296296296 0.934782608695652 0.923107890499195 NA 1 29 3 1386.919
0.9475 0.955882352941177 0.938775510204082 0.982543017206883 0.89 0.833333333333333 0.956521739130435 0.969806763285024 5 2 29 3 1386.919
0.9425 0.946078431372549 0.938775510204082 0.986169467787115 0.89 0.833333333333333 0.956521739130435 0.962962962962963 8 2 29 3 1386.919
0.95 0.955882352941177 0.943877551020408 0.986619647859144 0.9 0.851851851851852 0.956521739130435 0.963365539452496 10 2 29 3 1386.919
0.8775 0.906862745098039 0.846938775510204 0.949604841936775 0.85 0.777777777777778 0.934782608695652 0.925925925925926 1 3 29 3 1386.919
0.9425 0.950980392156863 0.933673469387755 0.983643457382953 0.9 0.833333333333333 0.978260869565217 0.965780998389694 2 3 29 3 1386.919
