0.88 0.875675675675676 0.883720930232558 0.940691389063482 0.84 0.818181818181818 0.857142857142857 0.951298701298701 NA 1 12 1 669.901
0.9425 0.92972972972973 0.953488372093023 0.983004399748586 0.91 0.909090909090909 0.910714285714286 0.983766233766234 5 2 12 1 669.901
0.945 0.92972972972973 0.958139534883721 0.983658076681333 0.91 0.909090909090909 0.910714285714286 0.983766233766234 8 2 12 1 669.901
0.9425 0.92972972972973 0.953488372093023 0.983859208045255 0.91 0.909090909090909 0.910714285714286 0.982954545454545 10 2 12 1 669.901
0.88 0.881081081081081 0.87906976744186 0.940163419233187 0.86 0.863636363636364 0.857142857142857 0.948457792207792 1 3 12 1 669.901
0.9325 0.924324324324324 0.93953488372093 0.97855436832181 0.91 0.863636363636364 0.946428571428571 0.979707792207792 2 3 12 1 669.901
0.88 0.875675675675676 0.883720930232558 0.941948460087995 0.85 0.840909090909091 0.857142857142857 0.950487012987013 NA 1 12 2 810.742
0.9425 0.92972972972973 0.953488372093023 0.983079824010057 0.91 0.909090909090909 0.910714285714286 0.983766233766234 5 2 12 2 810.742
0.9425 0.92972972972973 0.953488372093023 0.983532369578881 0.91 0.909090909090909 0.910714285714286 0.984172077922078 8 2 12 2 810.742
0.945 0.92972972972973 0.958139534883721 0.983783783783784 0.91 0.909090909090909 0.910714285714286 0.982954545454545 10 2 12 2 810.742
0.88 0.87027027027027 0.888372093023256 0.941244500314268 0.85 0.840909090909091 0.857142857142857 0.946428571428571 1 3 12 2 810.742
0.93 0.918918918918919 0.93953488372093 0.978202388434947 0.92 0.886363636363636 0.946428571428571 0.980113636363636 2 3 12 2 810.742
0.8775 0.87027027027027 0.883720930232558 0.939082338152106 0.85 0.840909090909091 0.857142857142857 0.951704545454545 NA 1 12 3 1206.254
0.9425 0.92972972972973 0.953488372093023 0.983079824010057 0.9 0.909090909090909 0.892857142857143 0.981737012987013 5 2 12 3 1206.254
0.945 0.92972972972973 0.958139534883721 0.983733500942803 0.91 0.909090909090909 0.910714285714286 0.983766233766234 8 2 12 3 1206.254
0.9475 0.935135135135135 0.958139534883721 0.984160905091138 0.91 0.909090909090909 0.910714285714286 0.981331168831169 10 2 12 3 1206.254
0.8775 0.87027027027027 0.883720930232558 0.938277812696417 0.85 0.840909090909091 0.857142857142857 0.950081168831169 1 3 12 3 1206.254
0.935 0.924324324324324 0.944186046511628 0.979308610936518 0.93 0.909090909090909 0.946428571428571 0.976866883116883 2 3 12 3 1206.254
