1 1 1 1 0.82 0.816326530612245 0.823529411764706 0.863145258103241 NA 1 69 1 29.636
1 1 1 1 0.83 0.816326530612245 0.843137254901961 0.854941976790716 5 2 69 1 29.636
1 1 1 1 0.83 0.816326530612245 0.843137254901961 0.854541816726691 8 2 69 1 29.636
1 1 1 1 0.83 0.816326530612245 0.843137254901961 0.854541816726691 10 2 69 1 29.636
1 1 1 1 0.8 0.795918367346939 0.803921568627451 0.888355342136855 1 3 69 1 29.636
1 1 1 1 0.84 0.897959183673469 0.784313725490196 0.904761904761905 2 3 69 1 29.636
1 1 1 1 0.8 0.816326530612245 0.784313725490196 0.847539015606242 NA 1 69 2 37.923
1 1 1 1 0.8 0.836734693877551 0.764705882352941 0.855342136854742 5 2 69 2 37.923
1 1 1 1 0.8 0.836734693877551 0.764705882352941 0.855342136854742 8 2 69 2 37.923
1 1 1 1 0.8 0.836734693877551 0.764705882352941 0.855342136854742 10 2 69 2 37.923
1 1 1 1 0.81 0.816326530612245 0.803921568627451 0.891156462585034 1 3 69 2 37.923
1 1 1 1 0.84 0.897959183673469 0.784313725490196 0.907563025210084 2 3 69 2 37.923
1 1 1 1 0.83 0.836734693877551 0.823529411764706 0.879151660664266 NA 1 69 3 50.81
1 1 1 1 0.82 0.816326530612245 0.823529411764706 0.871948779511805 5 2 69 3 50.81
1 1 1 1 0.82 0.816326530612245 0.823529411764706 0.870748299319728 8 2 69 3 50.81
1 1 1 1 0.82 0.816326530612245 0.823529411764706 0.869947979191677 10 2 69 3 50.81
1 1 1 1 0.79 0.795918367346939 0.784313725490196 0.889555822328932 1 3 69 3 50.81
1 1 1 1 0.83 0.877551020408163 0.784313725490196 0.912364945978391 2 3 69 3 50.81
