0.925 0.95 0.9 0.97625 0.91 0.837209302325581 0.964912280701754 0.941656466748266 NA 1 32 1 131.19
1 1 1 1 0.89 0.837209302325581 0.929824561403509 0.883516931864545 5 2 32 1 131.19
1 1 1 1 0.83 0.86046511627907 0.807017543859649 0.878620971032232 8 2 32 1 131.19
1 1 1 1 0.84 0.813953488372093 0.859649122807018 0.851489188086495 10 2 32 1 131.19
0.875 0.9 0.85 0.961875 0.93 0.883720930232558 0.964912280701754 0.951040391676867 1 3 32 1 131.19
0.9625 1 0.925 0.989375 0.92 0.837209302325581 0.982456140350877 0.968992248062015 2 3 32 1 131.19
0.925 0.95 0.9 0.976875 0.9 0.813953488372093 0.964912280701754 0.942064463484292 NA 1 32 2 135.816
1 1 1 1 0.87 0.813953488372093 0.912280701754386 0.872705018359853 5 2 32 2 135.816
1 1 1 1 0.87 0.837209302325581 0.894736842105263 0.898204814361485 8 2 32 2 135.816
1 1 1 1 0.87 0.813953488372093 0.912280701754386 0.891472868217054 10 2 32 2 135.816
0.8875 0.975 0.8 0.960625 0.92 0.883720930232558 0.947368421052632 0.95593635250918 1 3 32 2 135.816
0.95 0.975 0.925 0.99 0.92 0.837209302325581 0.982456140350877 0.968584251325989 2 3 32 2 135.816
0.9 0.925 0.875 0.97375 0.92 0.837209302325581 0.982456140350877 0.940840473276214 NA 1 32 3 245.599
1 1 1 1 0.89 0.813953488372093 0.947368421052632 0.877396980824153 5 2 32 3 245.599
1 1 1 1 0.9 0.813953488372093 0.964912280701754 0.887392900856793 8 2 32 3 245.599
1 1 1 1 0.87 0.86046511627907 0.87719298245614 0.893920848633211 10 2 32 3 245.599
0.9125 0.95 0.875 0.966875 0.93 0.883720930232558 0.964912280701754 0.949000407996736 1 3 32 3 245.599
0.9625 1 0.925 0.98875 0.92 0.837209302325581 0.982456140350877 0.968176254589963 2 3 32 3 245.599
