0.791666666666667 0.769230769230769 0.818181818181818 0.916083916083916 0.73 0.738095238095238 0.724137931034483 0.820197044334975 NA 1 57 1 23.782
1 1 1 1 0.69 0.642857142857143 0.724137931034483 0.736658456486043 5 2 57 1 23.782
1 1 1 1 0.68 0.642857142857143 0.706896551724138 0.680623973727422 8 2 57 1 23.782
1 1 1 1 0.65 0.666666666666667 0.637931034482759 0.658251231527094 10 2 57 1 23.782
0.875 0.923076923076923 0.818181818181818 0.916083916083916 0.74 0.785714285714286 0.706896551724138 0.815270935960591 1 3 57 1 23.782
0.916666666666667 0.923076923076923 0.909090909090909 0.979020979020979 0.73 0.69047619047619 0.758620689655172 0.821018062397373 2 3 57 1 23.782
0.833333333333333 0.846153846153846 0.818181818181818 0.923076923076923 0.65 0.619047619047619 0.672413793103448 0.76888341543514 NA 1 57 2 36.477
1 1 1 1 0.58 0.714285714285714 0.482758620689655 0.675492610837438 5 2 57 2 36.477
1 1 1 1 0.69 0.666666666666667 0.706896551724138 0.68431855500821 8 2 57 2 36.477
1 1 1 1 0.51 0.476190476190476 0.53448275862069 0.515188834154351 10 2 57 2 36.477
0.875 0.923076923076923 0.818181818181818 0.902097902097902 0.75 0.80952380952381 0.706896551724138 0.813628899835796 1 3 57 2 36.477
0.958333333333333 0.923076923076923 1 1 0.68 0.571428571428571 0.758620689655172 0.795155993431856 2 3 57 2 36.477
0.833333333333333 0.846153846153846 0.818181818181818 0.923076923076923 0.67 0.523809523809524 0.775862068965517 0.742200328407225 NA 1 57 3 38.319
1 1 1 1 0.73 0.595238095238095 0.827586206896552 0.743431855500821 5 2 57 3 38.319
0.958333333333333 1 0.909090909090909 1 0.66 0.5 0.775862068965517 0.651067323481117 8 2 57 3 38.319
1 1 1 1 0.66 0.595238095238095 0.706896551724138 0.690270935960591 10 2 57 3 38.319
0.875 0.923076923076923 0.818181818181818 0.909090909090909 0.69 0.666666666666667 0.706896551724138 0.779967159277504 1 3 57 3 38.319
0.958333333333333 0.923076923076923 1 0.993006993006993 0.69 0.5 0.827586206896552 0.798029556650246 2 3 57 3 38.319
