0.725 0.818181818181818 0.611111111111111 0.868686868686869 0.7 0.588235294117647 0.816326530612245 0.75390156062425 NA 1 10 1 41.41
1 1 1 1 0.76 0.647058823529412 0.877551020408163 0.761904761904762 5 2 10 1 41.41
1 1 1 1 0.89 0.941176470588235 0.836734693877551 0.922368947579032 8 2 10 1 41.41
1 1 1 1 0.75 0.882352941176471 0.612244897959184 0.787715086034414 10 2 10 1 41.41
0.825 0.954545454545455 0.666666666666667 0.914141414141414 0.75 0.705882352941177 0.795918367346939 0.794717887154862 1 3 10 1 41.41
0.975 0.954545454545455 1 0.997474747474748 0.79 0.803921568627451 0.775510204081633 0.885554221688675 2 3 10 1 41.41
0.8 0.909090909090909 0.666666666666667 0.891414141414141 0.85 0.823529411764706 0.877551020408163 0.926770708283313 NA 1 10 2 42.644
1 1 1 1 0.83 0.803921568627451 0.857142857142857 0.880552220888355 5 2 10 2 42.644
1 1 1 1 0.7 0.843137254901961 0.551020408163265 0.759703881552621 8 2 10 2 42.644
1 1 1 1 0.76 0.823529411764706 0.693877551020408 0.810724289715886 10 2 10 2 42.644
0.8 0.954545454545455 0.611111111111111 0.941919191919192 0.82 0.96078431372549 0.673469387755102 0.943977591036415 1 3 10 2 42.644
0.975 0.954545454545455 1 1 0.88 0.862745098039216 0.897959183673469 0.937174869947979 2 3 10 2 42.644
0.8 0.909090909090909 0.666666666666667 0.893939393939394 0.82 0.764705882352941 0.877551020408163 0.900760304121649 NA 1 10 3 72.173
1 1 1 1 0.85 0.843137254901961 0.857142857142857 0.848539415766307 5 2 10 3 72.173
1 1 1 1 0.84 0.843137254901961 0.836734693877551 0.860744297719088 8 2 10 3 72.173
1 1 1 1 0.8 0.745098039215686 0.857142857142857 0.840336134453782 10 2 10 3 72.173
0.775 0.954545454545455 0.555555555555556 0.929292929292929 0.76 0.901960784313726 0.612244897959184 0.914765906362545 1 3 10 3 72.173
0.975 0.954545454545455 1 1 0.85 0.803921568627451 0.897959183673469 0.929571828731493 2 3 10 3 72.173
