1 1 1 1 0.76 0.673913043478261 0.833333333333333 0.77536231884058 NA 1 72 1 23.471
1 1 1 1 0.76 0.673913043478261 0.833333333333333 0.769122383252818 5 2 72 1 23.471
1 1 1 1 0.76 0.673913043478261 0.833333333333333 0.777979066022544 8 2 72 1 23.471
1 1 1 1 0.76 0.673913043478261 0.833333333333333 0.771739130434783 10 2 72 1 23.471
0.916666666666667 1 0.833333333333333 0.972222222222222 0.8 0.847826086956522 0.759259259259259 0.881239935587762 1 3 72 1 23.471
0.916666666666667 1 0.833333333333333 0.993055555555556 0.8 0.782608695652174 0.814814814814815 0.878019323671498 2 3 72 1 23.471
1 1 1 1 0.77 0.695652173913043 0.833333333333333 0.764492753623188 NA 1 72 2 38.208
1 1 1 1 0.77 0.695652173913043 0.833333333333333 0.764492753623188 5 2 72 2 38.208
1 1 1 1 0.77 0.695652173913043 0.833333333333333 0.764492753623188 8 2 72 2 38.208
1 1 1 1 0.77 0.695652173913043 0.833333333333333 0.764492753623188 10 2 72 2 38.208
0.875 0.916666666666667 0.833333333333333 0.972222222222222 0.81 0.847826086956522 0.777777777777778 0.897745571658615 1 3 72 2 38.208
0.916666666666667 1 0.833333333333333 0.993055555555556 0.84 0.869565217391304 0.814814814814815 0.89573268921095 2 3 72 2 38.208
0.916666666666667 0.916666666666667 0.916666666666667 0.979166666666667 0.73 0.652173913043478 0.796296296296296 0.843397745571659 NA 1 72 3 44.91
1 1 1 1 0.77 0.521739130434783 0.981481481481482 0.802938808373591 5 2 72 3 44.91
1 1 1 1 0.79 0.58695652173913 0.962962962962963 0.807971014492754 8 2 72 3 44.91
1 1 1 1 0.62 0.565217391304348 0.666666666666667 0.64573268921095 10 2 72 3 44.91
0.875 0.916666666666667 0.833333333333333 0.972222222222222 0.75 0.760869565217391 0.740740740740741 0.853462157809984 1 3 72 3 44.91
0.916666666666667 1 0.833333333333333 0.972222222222222 0.83 0.804347826086957 0.851851851851852 0.873188405797101 2 3 72 3 44.91
