1 1 1 1 0.84 0.884615384615385 0.791666666666667 0.877003205128205 NA 1 94 1 30.156
1 1 1 1 0.84 0.884615384615385 0.791666666666667 0.868189102564103 5 2 94 1 30.156
1 1 1 1 0.84 0.884615384615385 0.791666666666667 0.868589743589744 8 2 94 1 30.156
1 1 1 1 0.84 0.884615384615385 0.791666666666667 0.868589743589744 10 2 94 1 30.156
0.916666666666667 0.916666666666667 0.916666666666667 0.986111111111111 0.8 0.788461538461538 0.8125 0.900641025641026 1 3 94 1 30.156
1 1 1 1 0.82 0.769230769230769 0.875 0.89863782051282 2 3 94 1 30.156
1 1 1 1 0.84 0.884615384615385 0.791666666666667 0.874399038461538 NA 1 94 2 41.292
1 1 1 1 0.84 0.884615384615385 0.791666666666667 0.86738782051282 5 2 94 2 41.292
1 1 1 1 0.84 0.884615384615385 0.791666666666667 0.867788461538462 8 2 94 2 41.292
1 1 1 1 0.84 0.884615384615385 0.791666666666667 0.86738782051282 10 2 94 2 41.292
0.916666666666667 0.916666666666667 0.916666666666667 0.986111111111111 0.79 0.788461538461538 0.791666666666667 0.897836538461538 1 3 94 2 41.292
1 1 1 1 0.83 0.788461538461538 0.875 0.899839743589744 2 3 94 2 41.292
1 1 1 1 0.84 0.884615384615385 0.791666666666667 0.873597756410256 NA 1 94 3 52.832
1 1 1 1 0.84 0.884615384615385 0.791666666666667 0.866586538461538 5 2 94 3 52.832
1 1 1 1 0.86 0.884615384615385 0.833333333333333 0.866987179487179 8 2 94 3 52.832
1 1 1 1 0.85 0.865384615384615 0.833333333333333 0.866987179487179 10 2 94 3 52.832
0.958333333333333 1 0.916666666666667 0.986111111111111 0.81 0.807692307692308 0.8125 0.904246794871795 1 3 94 3 52.832
1 1 1 1 0.85 0.826923076923077 0.875 0.895432692307692 2 3 94 3 52.832
