1 1 1 1 0.85 0.804347826086957 0.888888888888889 0.885265700483092 NA 1 38 1 32.67
1 1 1 1 0.85 0.804347826086957 0.888888888888889 0.891304347826087 5 2 38 1 32.67
1 1 1 1 0.85 0.804347826086957 0.888888888888889 0.890297906602254 8 2 38 1 32.67
1 1 1 1 0.85 0.804347826086957 0.888888888888889 0.890901771336554 10 2 38 1 32.67
0.96875 1 0.933333333333333 1 0.83 0.847826086956522 0.814814814814815 0.892512077294686 1 3 38 1 32.67
0.9375 1 0.866666666666667 1 0.86 0.804347826086957 0.907407407407407 0.907004830917874 2 3 38 1 32.67
1 1 1 1 0.85 0.804347826086957 0.888888888888889 0.888486312399356 NA 1 38 2 45.986
1 1 1 1 0.85 0.804347826086957 0.888888888888889 0.881239935587762 5 2 38 2 45.986
1 1 1 1 0.85 0.804347826086957 0.888888888888889 0.881239935587762 8 2 38 2 45.986
1 1 1 1 0.85 0.804347826086957 0.888888888888889 0.881239935587762 10 2 38 2 45.986
0.96875 1 0.933333333333333 1 0.84 0.869565217391304 0.814814814814815 0.892914653784219 1 3 38 2 45.986
0.9375 1 0.866666666666667 1 0.84 0.782608695652174 0.888888888888889 0.905797101449275 2 3 38 2 45.986
1 1 1 1 0.86 0.804347826086957 0.907407407407407 0.887479871175523 NA 1 38 3 58.468
1 1 1 1 0.85 0.804347826086957 0.888888888888889 0.880837359098229 5 2 38 3 58.468
1 1 1 1 0.85 0.804347826086957 0.888888888888889 0.881239935587762 8 2 38 3 58.468
1 1 1 1 0.85 0.804347826086957 0.888888888888889 0.881239935587762 10 2 38 3 58.468
0.96875 1 0.933333333333333 1 0.84 0.826086956521739 0.851851851851852 0.888888888888889 1 3 38 3 58.468
0.96875 1 0.933333333333333 1 0.84 0.782608695652174 0.888888888888889 0.893719806763285 2 3 38 3 58.468
