0.866666666666667 0.862068965517241 0.870967741935484 0.945773081201335 0.83 0.895833333333333 0.769230769230769 0.94551282051282 NA 1 35 1 167.321
1 1 1 1 0.92 0.958333333333333 0.884615384615385 0.938100961538461 5 2 35 1 167.321
1 1 1 1 0.93 0.958333333333333 0.903846153846154 0.956530448717949 8 2 35 1 167.321
1 1 1 1 0.91 0.979166666666667 0.846153846153846 0.938501602564103 10 2 35 1 167.321
0.883333333333333 0.896551724137931 0.870967741935484 0.943826473859844 0.81 0.895833333333333 0.730769230769231 0.943108974358974 1 3 35 1 167.321
0.941666666666667 0.913793103448276 0.967741935483871 0.985817575083426 0.86 0.9375 0.788461538461538 0.971955128205128 2 3 35 1 167.321
0.875 0.896551724137931 0.854838709677419 0.942714126807564 0.81 0.916666666666667 0.711538461538462 0.950721153846154 NA 1 35 2 212.79
0.975 0.96551724137931 0.983870967741935 0.997219132369299 0.93 0.979166666666667 0.884615384615385 0.987179487179487 5 2 35 2 212.79
1 1 1 1 0.87 0.958333333333333 0.788461538461538 0.898838141025641 8 2 35 2 212.79
1 1 1 1 0.93 0.979166666666667 0.884615384615385 0.939302884615385 10 2 35 2 212.79
0.866666666666667 0.879310344827586 0.854838709677419 0.944660734149054 0.8 0.916666666666667 0.692307692307692 0.948317307692308 1 3 35 2 212.79
0.941666666666667 0.931034482758621 0.951612903225806 0.984149054505006 0.87 0.979166666666667 0.769230769230769 0.975961538461538 2 3 35 2 212.79
0.858333333333333 0.862068965517241 0.854838709677419 0.943548387096774 0.82 0.916666666666667 0.730769230769231 0.951522435897436 NA 1 35 3 325.076
0.966666666666667 0.96551724137931 0.967741935483871 0.998053392658509 0.92 0.979166666666667 0.865384615384615 0.987179487179487 5 2 35 3 325.076
1 1 1 1 0.89 0.9375 0.846153846153846 0.900240384615385 8 2 35 3 325.076
1 1 1 1 0.88 0.958333333333333 0.807692307692308 0.944110576923077 10 2 35 3 325.076
0.866666666666667 0.879310344827586 0.854838709677419 0.941323692992214 0.82 0.9375 0.711538461538462 0.950721153846154 1 3 35 3 325.076
0.95 0.931034482758621 0.967741935483871 0.983592880978865 0.87 0.916666666666667 0.826923076923077 0.971554487179487 2 3 35 3 325.076
