0.858333333333333 0.88135593220339 0.836065573770492 0.934981939427619 0.86 0.772727272727273 0.928571428571429 0.913555194805195 NA 1 42 1 171.011
0.958333333333333 0.966101694915254 0.950819672131147 0.988052236732426 0.92 0.886363636363636 0.946428571428571 0.973214285714286 5 2 42 1 171.011
0.941666666666667 0.966101694915254 0.918032786885246 0.988052236732426 0.93 0.909090909090909 0.946428571428571 0.976461038961039 8 2 42 1 171.011
0.95 0.966101694915254 0.934426229508197 0.988052236732426 0.92 0.886363636363636 0.946428571428571 0.976055194805195 10 2 42 1 171.011
0.875 0.898305084745763 0.852459016393443 0.93525979438733 0.86 0.795454545454545 0.910714285714286 0.904626623376623 1 3 42 1 171.011
0.933333333333333 0.949152542372881 0.918032786885246 0.978605168102251 0.88 0.795454545454545 0.946428571428571 0.955762987012987 2 3 42 1 171.011
0.866666666666667 0.898305084745763 0.836065573770492 0.935537649347041 0.86 0.795454545454545 0.910714285714286 0.912743506493506 NA 1 42 2 168.333
0.958333333333333 0.966101694915254 0.950819672131147 0.988052236732426 0.92 0.886363636363636 0.946428571428571 0.973214285714286 5 2 42 2 168.333
0.958333333333333 0.966101694915254 0.950819672131147 0.988330091692137 0.93 0.909090909090909 0.946428571428571 0.976055194805195 8 2 42 2 168.333
0.95 0.966101694915254 0.934426229508197 0.987774381772715 0.91 0.863636363636364 0.946428571428571 0.974431818181818 10 2 42 2 168.333
0.875 0.915254237288136 0.836065573770492 0.936093359266463 0.86 0.795454545454545 0.910714285714286 0.904220779220779 1 3 42 2 168.333
0.925 0.949152542372881 0.901639344262295 0.978605168102251 0.88 0.795454545454545 0.946428571428571 0.954545454545455 2 3 42 2 168.333
0.858333333333333 0.88135593220339 0.836065573770492 0.933592664629064 0.88 0.795454545454545 0.946428571428571 0.921672077922078 NA 1 42 3 302.198
0.941666666666667 0.966101694915254 0.918032786885246 0.987218671853293 0.93 0.909090909090909 0.946428571428571 0.977272727272727 5 2 42 3 302.198
0.933333333333333 0.966101694915254 0.901639344262295 0.988052236732426 0.93 0.909090909090909 0.946428571428571 0.978084415584416 8 2 42 3 302.198
0.95 0.966101694915254 0.934426229508197 0.987496526813004 0.92 0.886363636363636 0.946428571428571 0.976866883116883 10 2 42 3 302.198
0.866666666666667 0.898305084745763 0.836065573770492 0.934704084467908 0.87 0.795454545454545 0.928571428571429 0.912743506493506 1 3 42 3 302.198
0.933333333333333 0.949152542372881 0.918032786885246 0.977771603223118 0.89 0.818181818181818 0.946428571428571 0.963474025974026 2 3 42 3 302.198
