0.875 0.898305084745763 0.852459016393443 0.955265351486524 0.88 0.85 0.9 0.925833333333333 NA 1 46 1 147.057
0.966666666666667 0.983050847457627 0.950819672131147 0.99472075576549 0.88 0.9 0.866666666666667 0.938333333333333 5 2 46 1 147.057
0.975 0.983050847457627 0.967213114754098 0.995276465684912 0.9 0.875 0.916666666666667 0.9625 8 2 46 1 147.057
0.975 0.983050847457627 0.967213114754098 0.995276465684912 0.9 0.875 0.916666666666667 0.964166666666667 10 2 46 1 147.057
0.883333333333333 0.915254237288136 0.852459016393443 0.95415393164768 0.91 0.875 0.933333333333333 0.926666666666667 1 3 46 1 147.057
0.916666666666667 0.932203389830508 0.901639344262295 0.982217282578494 0.9 0.875 0.916666666666667 0.964166666666667 2 3 46 1 147.057
0.891666666666667 0.915254237288136 0.868852459016393 0.9622117254793 0.88 0.85 0.9 0.934166666666667 NA 1 46 2 214.564
0.966666666666667 0.983050847457627 0.950819672131147 0.993887190886357 0.89 0.925 0.866666666666667 0.942083333333333 5 2 46 2 214.564
0.958333333333333 0.983050847457627 0.934426229508197 0.994165045846068 0.91 0.875 0.933333333333333 0.962916666666667 8 2 46 2 214.564
0.966666666666667 0.983050847457627 0.950819672131147 0.996387885523757 0.91 0.85 0.95 0.956666666666667 10 2 46 2 214.564
0.9 0.949152542372881 0.852459016393443 0.959155320922478 0.91 0.9 0.916666666666667 0.932916666666667 1 3 46 2 214.564
0.925 0.949152542372881 0.901639344262295 0.985551542095026 0.9 0.875 0.916666666666667 0.965833333333333 2 3 46 2 214.564
0.891666666666667 0.915254237288136 0.868852459016393 0.960266740761323 0.9 0.875 0.916666666666667 0.930833333333333 NA 1 46 3 283.678
0.941666666666667 0.949152542372881 0.934426229508197 0.992220061128091 0.9 0.9 0.9 0.953333333333333 5 2 46 3 283.678
0.95 0.966101694915254 0.934426229508197 0.992220061128091 0.9 0.9 0.9 0.964583333333333 8 2 46 3 283.678
0.958333333333333 0.983050847457627 0.934426229508197 0.992775771047513 0.9 0.9 0.9 0.965416666666667 10 2 46 3 283.678
0.883333333333333 0.915254237288136 0.852459016393443 0.959155320922478 0.92 0.9 0.933333333333333 0.932083333333333 1 3 46 3 283.678
0.925 0.949152542372881 0.901639344262295 0.984440122256182 0.91 0.9 0.916666666666667 0.964583333333333 2 3 46 3 283.678
