1 1 1 1 0.81 0.775862068965517 0.857142857142857 0.841748768472906 NA 1 33 1 22.057
1 1 1 1 0.82 0.775862068965517 0.880952380952381 0.849137931034483 5 2 33 1 22.057
1 1 1 1 0.82 0.775862068965517 0.880952380952381 0.849137931034483 8 2 33 1 22.057
1 1 1 1 0.82 0.775862068965517 0.880952380952381 0.848727422003284 10 2 33 1 22.057
1 1 1 1 0.81 0.741379310344828 0.904761904761905 0.894088669950739 1 3 33 1 22.057
0.916666666666667 0.666666666666667 1 1 0.78 0.672413793103448 0.928571428571429 0.923234811165846 2 3 33 1 22.057
1 1 1 1 0.82 0.775862068965517 0.880952380952381 0.841133004926108 NA 1 33 2 36.314
1 1 1 1 0.83 0.793103448275862 0.880952380952381 0.848727422003284 5 2 33 2 36.314
1 1 1 1 0.83 0.793103448275862 0.880952380952381 0.848727422003284 8 2 33 2 36.314
1 1 1 1 0.83 0.793103448275862 0.880952380952381 0.848727422003284 10 2 33 2 36.314
1 1 1 1 0.84 0.793103448275862 0.904761904761905 0.901477832512315 1 3 33 2 36.314
0.916666666666667 0.666666666666667 1 1 0.76 0.637931034482759 0.928571428571429 0.924055829228243 2 3 33 2 36.314
1 1 1 1 0.79 0.689655172413793 0.928571428571429 0.863711001642036 NA 1 33 3 40.997
1 1 1 1 0.79 0.689655172413793 0.928571428571429 0.860632183908046 5 2 33 3 40.997
1 1 1 1 0.79 0.689655172413793 0.928571428571429 0.861863711001642 8 2 33 3 40.997
1 1 1 1 0.79 0.689655172413793 0.928571428571429 0.861863711001642 10 2 33 3 40.997
1 1 1 1 0.74 0.603448275862069 0.928571428571429 0.83764367816092 1 3 33 3 40.997
1 1 1 1 0.77 0.637931034482759 0.952380952380952 0.90927750410509 2 3 33 3 40.997
