0.8875 0.923076923076923 0.853658536585366 0.928705440900563 0.84 0.76 0.92 0.8996 NA 1 10 1 106.232
1 1 1 1 0.79 0.76 0.82 0.8624 5 2 10 1 106.232
1 1 1 1 0.83 0.84 0.82 0.8654 8 2 10 1 106.232
1 1 1 1 0.87 0.78 0.96 0.902 10 2 10 1 106.232
0.825 0.923076923076923 0.731707317073171 0.935584740462789 0.84 0.82 0.86 0.8944 1 3 10 1 106.232
0.95 1 0.902439024390244 0.988117573483427 0.89 0.84 0.94 0.9436 2 3 10 1 106.232
0.875 0.923076923076923 0.829268292682927 0.933083176985616 0.83 0.74 0.92 0.8992 NA 1 10 2 108.602
1 1 1 1 0.79 0.78 0.8 0.8172 5 2 10 2 108.602
1 1 1 1 0.8 0.76 0.84 0.821 8 2 10 2 108.602
1 1 1 1 0.84 0.84 0.84 0.8778 10 2 10 2 108.602
0.825 0.923076923076923 0.731707317073171 0.936835522201376 0.83 0.8 0.86 0.8904 1 3 10 2 108.602
0.95 1 0.902439024390244 0.98874296435272 0.88 0.82 0.94 0.9456 2 3 10 2 108.602
0.8875 0.923076923076923 0.853658536585366 0.929330831769856 0.83 0.74 0.92 0.8968 NA 1 10 3 212.386
1 1 1 1 0.82 0.86 0.78 0.8336 5 2 10 3 212.386
1 1 1 1 0.86 0.76 0.96 0.8766 8 2 10 3 212.386
1 1 1 1 0.84 0.9 0.78 0.8644 10 2 10 3 212.386
0.85 0.923076923076923 0.780487804878049 0.933083176985616 0.83 0.78 0.88 0.8936 1 3 10 3 212.386
0.95 1 0.902439024390244 0.9906191369606 0.89 0.84 0.94 0.9416 2 3 10 3 212.386
