1 1 1 1 0.78 0.634146341463415 0.88135593220339 0.808185200496073 NA 1 39 1 16.676
1 1 1 1 0.77 0.634146341463415 0.864406779661017 0.806738321620504 5 2 39 1 16.676
1 1 1 1 0.77 0.634146341463415 0.864406779661017 0.807978503513849 8 2 39 1 16.676
1 1 1 1 0.77 0.634146341463415 0.864406779661017 0.807565109549401 10 2 39 1 16.676
0.958333333333333 0.888888888888889 1 1 0.8 0.609756097560976 0.932203389830508 0.834642414220752 1 3 39 1 16.676
1 1 1 1 0.76 0.585365853658537 0.88135593220339 0.810665564282761 2 3 39 1 16.676
1 1 1 1 0.78 0.658536585365854 0.864406779661017 0.808185200496073 NA 1 39 2 23.174
1 1 1 1 0.76 0.634146341463415 0.847457627118644 0.796610169491525 5 2 39 2 23.174
1 1 1 1 0.77 0.658536585365854 0.847457627118644 0.791649441918148 8 2 39 2 23.174
1 1 1 1 0.76 0.634146341463415 0.847457627118644 0.792062835882596 10 2 39 2 23.174
0.958333333333333 0.888888888888889 1 1 0.78 0.609756097560976 0.898305084745763 0.833815626291856 1 3 39 2 23.174
1 1 1 1 0.75 0.585365853658537 0.864406779661017 0.811492352211658 2 3 39 2 23.174
1 1 1 1 0.78 0.658536585365854 0.864406779661017 0.815212897891691 NA 1 39 3 27.07
1 1 1 1 0.78 0.658536585365854 0.864406779661017 0.797230260438198 5 2 39 3 27.07
1 1 1 1 0.78 0.658536585365854 0.864406779661017 0.788342290202563 8 2 39 3 27.07
1 1 1 1 0.78 0.658536585365854 0.864406779661017 0.788342290202563 10 2 39 3 27.07
0.958333333333333 0.888888888888889 1 1 0.79 0.634146341463415 0.898305084745763 0.833815626291856 1 3 39 3 27.07
1 1 1 1 0.77 0.585365853658537 0.898305084745763 0.81314592806945 2 3 39 3 27.07
