0.96875 1 0.944444444444444 0.98015873015873 0.85 0.73469387755102 0.96078431372549 0.945578231292517 NA 1 57 1 44.761
1 1 1 1 0.89 0.816326530612245 0.96078431372549 0.930372148859544 5 2 57 1 44.761
1 1 1 1 0.91 0.857142857142857 0.96078431372549 0.921368547418968 8 2 57 1 44.761
1 1 1 1 0.85 0.775510204081633 0.92156862745098 0.867146858743497 10 2 57 1 44.761
0.9375 0.928571428571429 0.944444444444444 0.984126984126984 0.84 0.693877551020408 0.980392156862745 0.949979991996799 1 3 57 1 44.761
0.96875 1 0.944444444444444 1 0.84 0.714285714285714 0.96078431372549 0.959183673469388 2 3 57 1 44.761
0.96875 1 0.944444444444444 0.98015873015873 0.83 0.693877551020408 0.96078431372549 0.946778711484594 NA 1 57 2 61.354
1 1 1 1 0.83 0.836734693877551 0.823529411764706 0.866346538615446 5 2 57 2 61.354
1 1 1 1 0.85 0.795918367346939 0.901960784313726 0.84093637454982 8 2 57 2 61.354
1 1 1 1 0.84 0.73469387755102 0.941176470588235 0.867547018807523 10 2 57 2 61.354
0.9375 0.928571428571429 0.944444444444444 0.988095238095238 0.84 0.673469387755102 1 0.951180472188875 1 3 57 2 61.354
0.96875 1 0.944444444444444 1 0.84 0.714285714285714 0.96078431372549 0.960384153661465 2 3 57 2 61.354
0.96875 1 0.944444444444444 0.98015873015873 0.82 0.673469387755102 0.96078431372549 0.94077631052421 NA 1 57 3 77.102
1 1 1 1 0.86 0.775510204081633 0.941176470588235 0.867146858743497 5 2 57 3 77.102
1 1 1 1 0.85 0.775510204081633 0.92156862745098 0.903961584633854 8 2 57 3 77.102
1 1 1 1 0.85 0.755102040816326 0.941176470588235 0.866946778711485 10 2 57 3 77.102
0.9375 0.928571428571429 0.944444444444444 0.964285714285714 0.87 0.775510204081633 0.96078431372549 0.948379351740696 1 3 57 3 77.102
1 1 1 1 0.83 0.693877551020408 0.96078431372549 0.961584633853541 2 3 57 3 77.102
