0.8125 0.692307692307692 0.894736842105263 0.898785425101215 0.86 0.833333333333333 0.884615384615385 0.956330128205128 NA 1 68 1 25.893
1 1 1 1 0.85 0.770833333333333 0.923076923076923 0.855769230769231 5 2 68 1 25.893
1 1 1 1 0.86 0.833333333333333 0.884615384615385 0.901842948717949 8 2 68 1 25.893
1 1 1 1 0.87 0.791666666666667 0.942307692307692 0.948317307692308 10 2 68 1 25.893
0.59375 0 1 0.874493927125506 0.54 0.0416666666666667 1 0.965945512820513 1 3 68 1 25.893
1 1 1 1 0.78 0.8125 0.75 0.878205128205128 2 3 68 1 25.893
0.84375 0.769230769230769 0.894736842105263 0.902834008097166 0.86 0.833333333333333 0.884615384615385 0.953525641025641 NA 1 68 2 38.724
1 1 1 1 0.87 0.833333333333333 0.903846153846154 0.912459935897436 5 2 68 2 38.724
1 1 1 1 0.74 0.6875 0.788461538461538 0.751602564102564 8 2 68 2 38.724
1 1 1 1 0.65 0.729166666666667 0.576923076923077 0.72676282051282 10 2 68 2 38.724
0.625 0.0769230769230769 1 0.890688259109312 0.57 0.104166666666667 1 0.966746794871795 1 3 68 2 38.724
1 1 1 1 0.78 0.8125 0.75 0.880608974358974 2 3 68 2 38.724
0.875 0.769230769230769 0.947368421052632 0.890688259109312 0.84 0.833333333333333 0.846153846153846 0.924679487179487 NA 1 68 3 48.772
1 1 1 1 0.89 0.833333333333333 0.942307692307692 0.92588141025641 5 2 68 3 48.772
1 1 1 1 0.92 0.854166666666667 0.980769230769231 0.974759615384615 8 2 68 3 48.772
1 1 1 1 0.69 0.833333333333333 0.557692307692308 0.719350961538462 10 2 68 3 48.772
0.59375 0 1 0.882591093117409 0.6 0.166666666666667 1 0.953926282051282 1 3 68 3 48.772
1 1 1 1 0.79 0.833333333333333 0.75 0.885817307692308 2 3 68 3 48.772
