1 1 1 1 0.82 0.846153846153846 0.791666666666667 0.820913461538462 NA 1 82 1 31.146
1 1 1 1 0.81 0.846153846153846 0.770833333333333 0.820913461538462 5 2 82 1 31.146
1 1 1 1 0.81 0.846153846153846 0.770833333333333 0.820913461538462 8 2 82 1 31.146
1 1 1 1 0.81 0.846153846153846 0.770833333333333 0.820913461538462 10 2 82 1 31.146
0.90625 0.941176470588235 0.866666666666667 0.992156862745098 0.83 0.884615384615385 0.770833333333333 0.935496794871795 1 3 82 1 31.146
0.96875 0.941176470588235 1 0.992156862745098 0.86 0.903846153846154 0.8125 0.92988782051282 2 3 82 1 31.146
1 1 1 1 0.88 0.923076923076923 0.833333333333333 0.901041666666667 NA 1 82 2 40.833
1 1 1 1 0.88 0.923076923076923 0.833333333333333 0.892628205128205 5 2 82 2 40.833
1 1 1 1 0.88 0.923076923076923 0.833333333333333 0.901041666666667 8 2 82 2 40.833
1 1 1 1 0.88 0.923076923076923 0.833333333333333 0.901041666666667 10 2 82 2 40.833
0.90625 0.941176470588235 0.866666666666667 0.992156862745098 0.84 0.865384615384615 0.8125 0.934294871794872 1 3 82 2 40.833
0.9375 0.941176470588235 0.933333333333333 0.992156862745098 0.84 0.846153846153846 0.833333333333333 0.926282051282051 2 3 82 2 40.833
1 1 1 1 0.85 0.865384615384615 0.833333333333333 0.89042467948718 NA 1 82 3 52.859
1 1 1 1 0.85 0.865384615384615 0.833333333333333 0.882411858974359 5 2 82 3 52.859
1 1 1 1 0.85 0.865384615384615 0.833333333333333 0.874399038461538 8 2 82 3 52.859
1 1 1 1 0.85 0.865384615384615 0.833333333333333 0.874399038461538 10 2 82 3 52.859
0.90625 1 0.8 0.992156862745098 0.8 0.865384615384615 0.729166666666667 0.926282051282051 1 3 82 3 52.859
0.9375 0.941176470588235 0.933333333333333 0.992156862745098 0.83 0.846153846153846 0.8125 0.913461538461538 2 3 82 3 52.859
