1 1 1 1 0.83 0.729166666666667 0.923076923076923 0.85536858974359 NA 1 16 1 19.559
1 1 1 1 0.82 0.729166666666667 0.903846153846154 0.860376602564103 5 2 16 1 19.559
1 1 1 1 0.83 0.729166666666667 0.923076923076923 0.860376602564103 8 2 16 1 19.559
1 1 1 1 0.83 0.729166666666667 0.923076923076923 0.860376602564103 10 2 16 1 19.559
0.916666666666667 0.928571428571429 0.9 0.992857142857143 0.82 0.75 0.884615384615385 0.912259615384615 1 3 16 1 19.559
0.958333333333333 1 0.9 1 0.89 0.9375 0.846153846153846 0.934695512820513 2 3 16 1 19.559
1 1 1 1 0.82 0.75 0.884615384615385 0.854166666666667 NA 1 16 2 27.244
1 1 1 1 0.82 0.75 0.884615384615385 0.859174679487179 5 2 16 2 27.244
1 1 1 1 0.82 0.75 0.884615384615385 0.858774038461538 8 2 16 2 27.244
1 1 1 1 0.82 0.75 0.884615384615385 0.859174679487179 10 2 16 2 27.244
0.916666666666667 0.928571428571429 0.9 0.992857142857143 0.83 0.770833333333333 0.884615384615385 0.909054487179487 1 3 16 2 27.244
0.958333333333333 1 0.9 1 0.89 0.9375 0.846153846153846 0.938301282051282 2 3 16 2 27.244
1 1 1 1 0.74 0.520833333333333 0.942307692307692 0.789663461538462 NA 1 16 3 31.902
1 1 1 1 0.73 0.5 0.942307692307692 0.781450320512821 5 2 16 3 31.902
1 1 1 1 0.74 0.520833333333333 0.942307692307692 0.771233974358974 8 2 16 3 31.902
1 1 1 1 0.74 0.520833333333333 0.942307692307692 0.780649038461539 10 2 16 3 31.902
0.958333333333333 1 0.9 0.992857142857143 0.78 0.6875 0.865384615384615 0.915464743589744 1 3 16 3 31.902
0.958333333333333 1 0.9 1 0.82 0.916666666666667 0.730769230769231 0.916266025641026 2 3 16 3 31.902
