0.816666666666667 0.8 0.830769230769231 0.876643356643357 0.84 0.785714285714286 0.909090909090909 0.925324675324675 NA 1 3 1 156.313
0.933333333333333 0.909090909090909 0.953846153846154 0.983216783216783 0.9 0.946428571428571 0.840909090909091 0.971185064935065 5 2 3 1 156.313
0.95 0.927272727272727 0.969230769230769 0.987972027972028 0.91 0.946428571428571 0.863636363636364 0.982548701298701 8 2 3 1 156.313
0.95 0.927272727272727 0.969230769230769 0.988811188811189 0.9 0.946428571428571 0.840909090909091 0.980925324675325 10 2 3 1 156.313
0.833333333333333 0.8 0.861538461538462 0.873846153846154 0.84 0.803571428571429 0.886363636363636 0.926136363636364 1 3 3 1 156.313
0.958333333333333 0.963636363636364 0.953846153846154 0.988531468531469 0.87 0.892857142857143 0.840909090909091 0.966314935064935 2 3 3 1 156.313
0.816666666666667 0.8 0.830769230769231 0.878321678321678 0.83 0.785714285714286 0.886363636363636 0.92288961038961 NA 1 3 2 158.152
0.908333333333333 0.890909090909091 0.923076923076923 0.982377622377622 0.9 0.946428571428571 0.840909090909091 0.978084415584416 5 2 3 2 158.152
0.95 0.927272727272727 0.969230769230769 0.98965034965035 0.91 0.946428571428571 0.863636363636364 0.984577922077922 8 2 3 2 158.152
0.95 0.927272727272727 0.969230769230769 0.99020979020979 0.9 0.946428571428571 0.840909090909091 0.983766233766234 10 2 3 2 158.152
0.816666666666667 0.8 0.830769230769231 0.876083916083916 0.84 0.803571428571429 0.886363636363636 0.929788961038961 1 3 3 2 158.152
0.95 0.963636363636364 0.938461538461538 0.988531468531469 0.88 0.910714285714286 0.840909090909091 0.967126623376623 2 3 3 2 158.152
0.825 0.8 0.846153846153846 0.878321678321678 0.85 0.803571428571429 0.909090909090909 0.923701298701299 NA 1 3 3 294.533
0.941666666666667 0.909090909090909 0.969230769230769 0.986853146853147 0.89 0.946428571428571 0.818181818181818 0.969155844155844 5 2 3 3 294.533
0.95 0.927272727272727 0.969230769230769 0.989090909090909 0.89 0.946428571428571 0.818181818181818 0.974431818181818 8 2 3 3 294.533
0.95 0.927272727272727 0.969230769230769 0.989090909090909 0.89 0.946428571428571 0.818181818181818 0.974025974025974 10 2 3 3 294.533
0.833333333333333 0.8 0.861538461538462 0.872447552447552 0.85 0.821428571428571 0.886363636363636 0.920048701298701 1 3 3 3 294.533
0.958333333333333 0.963636363636364 0.953846153846154 0.988251748251748 0.87 0.875 0.863636363636364 0.969155844155844 2 3 3 3 294.533
