0.916666666666667 0.909090909090909 0.923076923076923 0.979020979020979 0.84 0.822222222222222 0.854545454545454 0.917979797979798 NA 1 60 1 26.788
1 1 1 1 0.86 0.755555555555556 0.945454545454545 0.887474747474748 5 2 60 1 26.788
1 1 1 1 0.84 0.755555555555556 0.909090909090909 0.868282828282828 8 2 60 1 26.788
1 1 1 1 0.74 0.733333333333333 0.745454545454545 0.776767676767677 10 2 60 1 26.788
0.916666666666667 0.818181818181818 1 0.944055944055944 0.82 0.733333333333333 0.890909090909091 0.896161616161616 1 3 60 1 26.788
0.916666666666667 0.818181818181818 1 0.986013986013986 0.78 0.622222222222222 0.909090909090909 0.894545454545455 2 3 60 1 26.788
0.916666666666667 0.909090909090909 0.923076923076923 0.986013986013986 0.84 0.866666666666667 0.818181818181818 0.932525252525253 NA 1 60 2 37.604
1 1 1 1 0.77 0.8 0.745454545454545 0.833535353535354 5 2 60 2 37.604
1 1 1 1 0.86 0.822222222222222 0.890909090909091 0.928080808080808 8 2 60 2 37.604
1 1 1 1 0.9 0.844444444444444 0.945454545454545 0.932323232323232 10 2 60 2 37.604
0.958333333333333 0.909090909090909 1 0.965034965034965 0.88 0.866666666666667 0.890909090909091 0.932121212121212 1 3 60 2 37.604
0.958333333333333 0.909090909090909 1 0.993006993006993 0.84 0.733333333333333 0.927272727272727 0.934545454545455 2 3 60 2 37.604
0.916666666666667 0.909090909090909 0.923076923076923 0.986013986013986 0.81 0.822222222222222 0.8 0.904242424242424 NA 1 60 3 49.807
1 1 1 1 0.78 0.8 0.763636363636364 0.793939393939394 5 2 60 3 49.807
1 1 1 1 0.76 0.8 0.727272727272727 0.778787878787879 8 2 60 3 49.807
1 1 1 1 0.7 0.8 0.618181818181818 0.728484848484848 10 2 60 3 49.807
0.958333333333333 0.909090909090909 1 0.951048951048951 0.81 0.755555555555556 0.854545454545454 0.894545454545455 1 3 60 3 49.807
0.958333333333333 0.909090909090909 1 0.986013986013986 0.82 0.666666666666667 0.945454545454545 0.913535353535354 2 3 60 3 49.807
