1 1 1 1 0.84 0.775 0.883333333333333 0.883125 NA 1 56 1 43.598
1 1 1 1 0.84 0.775 0.883333333333333 0.871666666666667 5 2 56 1 43.598
1 1 1 1 0.84 0.775 0.883333333333333 0.86625 8 2 56 1 43.598
1 1 1 1 0.84 0.775 0.883333333333333 0.86625 10 2 56 1 43.598
1 1 1 1 0.86 0.825 0.883333333333333 0.909166666666667 1 3 56 1 43.598
1 1 1 1 0.85 0.725 0.933333333333333 0.894583333333333 2 3 56 1 43.598
1 1 1 1 0.85 0.8 0.883333333333333 0.884166666666667 NA 1 56 2 53.459
1 1 1 1 0.84 0.775 0.883333333333333 0.869166666666667 5 2 56 2 53.459
1 1 1 1 0.85 0.8 0.883333333333333 0.869166666666667 8 2 56 2 53.459
1 1 1 1 0.84 0.775 0.883333333333333 0.863541666666667 10 2 56 2 53.459
1 1 1 1 0.85 0.825 0.866666666666667 0.909583333333333 1 3 56 2 53.459
1 1 1 1 0.85 0.725 0.933333333333333 0.894166666666667 2 3 56 2 53.459
1 1 1 1 0.84 0.775 0.883333333333333 0.884166666666667 NA 1 56 3 78.648
1 1 1 1 0.84 0.775 0.883333333333333 0.872083333333333 5 2 56 3 78.648
1 1 1 1 0.84 0.775 0.883333333333333 0.862291666666667 8 2 56 3 78.648
1 1 1 1 0.84 0.775 0.883333333333333 0.862291666666667 10 2 56 3 78.648
1 1 1 1 0.83 0.8 0.85 0.906666666666667 1 3 56 3 78.648
1 1 1 1 0.83 0.7 0.916666666666667 0.893333333333333 2 3 56 3 78.648
