0.96875 1 0.944444444444444 0.976190476190476 0.86 0.759259259259259 0.978260869565217 0.928341384863124 NA 1 84 1 47.431
1 1 1 1 0.83 0.703703703703704 0.978260869565217 0.861111111111111 5 2 84 1 47.431
1 1 1 1 0.79 0.62962962962963 0.978260869565217 0.849838969404187 8 2 84 1 47.431
1 1 1 1 0.81 0.666666666666667 0.978260869565217 0.857085346215781 10 2 84 1 47.431
0.90625 0.928571428571429 0.888888888888889 0.96031746031746 0.84 0.722222222222222 0.978260869565217 0.940418679549114 1 3 84 1 47.431
0.90625 1 0.833333333333333 0.964285714285714 0.82 0.703703703703704 0.956521739130435 0.940821256038647 2 3 84 1 47.431
0.9375 0.928571428571429 0.944444444444444 0.976190476190476 0.86 0.759259259259259 0.978260869565217 0.93317230273752 NA 1 84 2 55.981
1 1 1 1 0.82 0.703703703703704 0.956521739130435 0.87037037037037 5 2 84 2 55.981
1 1 1 1 0.8 0.648148148148148 0.978260869565217 0.861513687600644 8 2 84 2 55.981
1 1 1 1 0.8 0.648148148148148 0.978260869565217 0.861513687600644 10 2 84 2 55.981
0.90625 0.928571428571429 0.888888888888889 0.96031746031746 0.83 0.703703703703704 0.978260869565217 0.940821256038647 1 3 84 2 55.981
0.90625 1 0.833333333333333 0.956349206349206 0.82 0.703703703703704 0.956521739130435 0.941626409017713 2 3 84 2 55.981
0.96875 1 0.944444444444444 0.976190476190476 0.86 0.759259259259259 0.978260869565217 0.928743961352657 NA 1 84 3 80.919
1 1 1 1 0.82 0.685185185185185 0.978260869565217 0.852053140096618 5 2 84 3 80.919
1 1 1 1 0.78 0.611111111111111 0.978260869565217 0.839774557165861 8 2 84 3 80.919
1 1 1 1 0.8 0.648148148148148 0.978260869565217 0.852254428341385 10 2 84 3 80.919
0.9375 1 0.888888888888889 0.96031746031746 0.83 0.703703703703704 0.978260869565217 0.935990338164251 1 3 84 3 80.919
0.875 0.857142857142857 0.888888888888889 0.964285714285714 0.81 0.685185185185185 0.956521739130435 0.937600644122383 2 3 84 3 80.919
