0.866666666666667 0.914285714285714 0.8 0.943714285714286 0.81 0.866666666666667 0.763636363636364 0.918383838383838 NA 1 21 1 185.659
0.941666666666667 0.957142857142857 0.92 0.988 0.87 0.866666666666667 0.872727272727273 0.965656565656566 5 2 21 1 185.659
0.941666666666667 0.957142857142857 0.92 0.989714285714286 0.88 0.911111111111111 0.854545454545454 0.976161616161616 8 2 21 1 185.659
0.941666666666667 0.957142857142857 0.92 0.989714285714286 0.89 0.933333333333333 0.854545454545454 0.976161616161616 10 2 21 1 185.659
0.858333333333333 0.914285714285714 0.78 0.942857142857143 0.78 0.866666666666667 0.709090909090909 0.918383838383838 1 3 21 1 185.659
0.95 0.971428571428571 0.92 0.978571428571429 0.89 0.933333333333333 0.854545454545454 0.949090909090909 2 3 21 1 185.659
0.866666666666667 0.914285714285714 0.8 0.944 0.81 0.866666666666667 0.763636363636364 0.917171717171717 NA 1 21 2 179.873
0.941666666666667 0.957142857142857 0.92 0.988285714285714 0.87 0.866666666666667 0.872727272727273 0.964848484848485 5 2 21 2 179.873
0.95 0.971428571428571 0.92 0.989428571428571 0.89 0.933333333333333 0.854545454545454 0.976565656565657 8 2 21 2 179.873
0.941666666666667 0.957142857142857 0.92 0.989714285714286 0.9 0.955555555555556 0.854545454545454 0.976161616161616 10 2 21 2 179.873
0.858333333333333 0.914285714285714 0.78 0.943428571428571 0.78 0.866666666666667 0.709090909090909 0.91959595959596 1 3 21 2 179.873
0.95 0.971428571428571 0.92 0.977714285714286 0.89 0.933333333333333 0.854545454545454 0.950707070707071 2 3 21 2 179.873
0.85 0.885714285714286 0.8 0.937714285714286 0.8 0.866666666666667 0.745454545454545 0.917575757575758 NA 1 21 3 332.503
0.958333333333333 0.971428571428571 0.94 0.988285714285714 0.9 0.888888888888889 0.909090909090909 0.97010101010101 5 2 21 3 332.503
0.958333333333333 0.971428571428571 0.94 0.990571428571429 0.87 0.888888888888889 0.854545454545454 0.972929292929293 8 2 21 3 332.503
0.958333333333333 0.971428571428571 0.94 0.990571428571429 0.88 0.888888888888889 0.872727272727273 0.974949494949495 10 2 21 3 332.503
0.866666666666667 0.928571428571429 0.78 0.938285714285714 0.76 0.866666666666667 0.672727272727273 0.916363636363636 1 3 21 3 332.503
0.95 0.971428571428571 0.92 0.980285714285714 0.86 0.911111111111111 0.818181818181818 0.949090909090909 2 3 21 3 332.503
