1 1 1 1 0.79 0.795454545454545 0.785714285714286 0.814529220779221 NA 1 64 1 50.343
1 1 1 1 0.77 0.75 0.785714285714286 0.790178571428571 5 2 64 1 50.343
1 1 1 1 0.77 0.75 0.785714285714286 0.808035714285714 8 2 64 1 50.343
1 1 1 1 0.77 0.75 0.785714285714286 0.808035714285714 10 2 64 1 50.343
0.975 1 0.956521739130435 0.994884910485934 0.81 0.772727272727273 0.839285714285714 0.867694805194805 1 3 64 1 50.343
1 1 1 1 0.78 0.795454545454545 0.767857142857143 0.882305194805195 2 3 64 1 50.343
1 1 1 1 0.77 0.727272727272727 0.803571428571429 0.776582792207792 NA 1 64 2 58.226
1 1 1 1 0.77 0.727272727272727 0.803571428571429 0.776582792207792 5 2 64 2 58.226
1 1 1 1 0.77 0.727272727272727 0.803571428571429 0.778612012987013 8 2 64 2 58.226
1 1 1 1 0.77 0.727272727272727 0.803571428571429 0.778612012987013 10 2 64 2 58.226
0.95 0.941176470588235 0.956521739130435 0.997442455242967 0.79 0.727272727272727 0.839285714285714 0.863636363636364 1 3 64 2 58.226
0.975 0.941176470588235 1 1 0.79 0.75 0.821428571428571 0.883116883116883 2 3 64 2 58.226
1 1 1 1 0.77 0.727272727272727 0.803571428571429 0.762581168831169 NA 1 64 3 93.605
1 1 1 1 0.77 0.727272727272727 0.803571428571429 0.764813311688312 5 2 64 3 93.605
1 1 1 1 0.77 0.727272727272727 0.803571428571429 0.764813311688312 8 2 64 3 93.605
1 1 1 1 0.77 0.727272727272727 0.803571428571429 0.765219155844156 10 2 64 3 93.605
0.975 1 0.956521739130435 0.997442455242967 0.76 0.659090909090909 0.839285714285714 0.857954545454545 1 3 64 3 93.605
1 1 1 1 0.81 0.75 0.857142857142857 0.882711038961039 2 3 64 3 93.605
