0.875 0.833333333333333 0.902777777777778 0.950520833333333 0.86 0.784313725490196 0.938775510204082 0.930772308923569 NA 1 44 1 190.811
1 1 1 1 0.92 0.901960784313726 0.938775510204082 0.918767507002801 5 2 44 1 190.811
1 1 1 1 0.93 0.901960784313726 0.959183673469388 0.929171668667467 8 2 44 1 190.811
1 1 1 1 0.93 0.901960784313726 0.959183673469388 0.929771908763505 10 2 44 1 190.811
0.916666666666667 0.875 0.944444444444444 0.946469907407407 0.84 0.745098039215686 0.938775510204082 0.9343737494998 1 3 44 1 190.811
0.958333333333333 0.916666666666667 0.986111111111111 0.993344907407407 0.9 0.882352941176471 0.918367346938776 0.969187675070028 2 3 44 1 190.811
0.875 0.833333333333333 0.902777777777778 0.951388888888889 0.86 0.784313725490196 0.938775510204082 0.929971988795518 NA 1 44 2 198.274
1 1 1 1 0.92 0.901960784313726 0.938775510204082 0.920368147258903 5 2 44 2 198.274
1 1 1 1 0.93 0.901960784313726 0.959183673469388 0.928771508603441 8 2 44 2 198.274
1 1 1 1 0.93 0.901960784313726 0.959183673469388 0.930172068827531 10 2 44 2 198.274
0.908333333333333 0.833333333333333 0.958333333333333 0.946180555555556 0.85 0.764705882352941 0.938775510204082 0.939975990396159 1 3 44 2 198.274
0.958333333333333 0.916666666666667 0.986111111111111 0.992766203703704 0.91 0.882352941176471 0.938775510204082 0.971188475390156 2 3 44 2 198.274
0.883333333333333 0.854166666666667 0.902777777777778 0.951099537037037 0.88 0.823529411764706 0.938775510204082 0.932773109243697 NA 1 44 3 323.645
1 1 1 1 0.92 0.882352941176471 0.959183673469388 0.939175670268107 5 2 44 3 323.645
1 1 1 1 0.92 0.882352941176471 0.959183673469388 0.930172068827531 8 2 44 3 323.645
1 1 1 1 0.93 0.901960784313726 0.959183673469388 0.930172068827531 10 2 44 3 323.645
0.908333333333333 0.875 0.930555555555556 0.945023148148148 0.84 0.745098039215686 0.938775510204082 0.929971988795518 1 3 44 3 323.645
0.966666666666667 0.916666666666667 1 0.993634259259259 0.88 0.823529411764706 0.938775510204082 0.968387354941977 2 3 44 3 323.645
