0.90625 1 0.8125 0.96484375 0.82 0.6875 0.942307692307692 0.871794871794872 NA 1 30 1 40.458
1 1 1 1 0.83 0.75 0.903846153846154 0.834735576923077 5 2 30 1 40.458
1 1 1 1 0.83 0.6875 0.961538461538462 0.839142628205128 8 2 30 1 40.458
1 1 1 1 0.81 0.791666666666667 0.826923076923077 0.843349358974359 10 2 30 1 40.458
0.875 0.9375 0.8125 0.9609375 0.81 0.708333333333333 0.903846153846154 0.879807692307692 1 3 30 1 40.458
0.875 0.9375 0.8125 0.9765625 0.81 0.729166666666667 0.884615384615385 0.889022435897436 2 3 30 1 40.458
0.9375 1 0.875 0.96484375 0.81 0.666666666666667 0.942307692307692 0.872195512820513 NA 1 30 2 46.881
1 1 1 1 0.78 0.625 0.923076923076923 0.78525641025641 5 2 30 2 46.881
1 1 1 1 0.76 0.666666666666667 0.846153846153846 0.83974358974359 8 2 30 2 46.881
1 1 1 1 0.71 0.708333333333333 0.711538461538462 0.794270833333333 10 2 30 2 46.881
0.875 0.9375 0.8125 0.96484375 0.81 0.708333333333333 0.903846153846154 0.87900641025641 1 3 30 2 46.881
0.875 0.9375 0.8125 0.9765625 0.82 0.729166666666667 0.903846153846154 0.891426282051282 2 3 30 2 46.881
0.875 0.9375 0.8125 0.9609375 0.79 0.625 0.942307692307692 0.858974358974359 NA 1 30 3 66.642
1 1 1 1 0.82 0.666666666666667 0.961538461538462 0.822516025641026 5 2 30 3 66.642
1 1 1 1 0.83 0.666666666666667 0.980769230769231 0.829927884615385 8 2 30 3 66.642
1 1 1 1 0.8 0.625 0.961538461538462 0.818709935897436 10 2 30 3 66.642
0.875 0.9375 0.8125 0.9609375 0.82 0.708333333333333 0.923076923076923 0.881009615384615 1 3 30 3 66.642
0.90625 1 0.8125 0.9765625 0.8 0.6875 0.903846153846154 0.884615384615385 2 3 30 3 66.642
