0.86 0.822222222222222 0.890909090909091 0.913939393939394 0.79 0.734375 0.888888888888889 0.887152777777778 NA 1 27 1 267.847
0.935 0.922222222222222 0.945454545454545 0.981616161616162 0.87 0.828125 0.944444444444444 0.940538194444444 5 2 27 1 267.847
0.94 0.922222222222222 0.954545454545455 0.982727272727273 0.85 0.796875 0.944444444444444 0.9375 8 2 27 1 267.847
0.94 0.922222222222222 0.954545454545455 0.984343434343434 0.85 0.796875 0.944444444444444 0.937065972222222 10 2 27 1 267.847
0.865 0.833333333333333 0.890909090909091 0.911818181818182 0.78 0.75 0.833333333333333 0.884982638888889 1 3 27 1 267.847
0.93 0.944444444444444 0.918181818181818 0.983838383838384 0.8 0.765625 0.861111111111111 0.910590277777778 2 3 27 1 267.847
0.865 0.833333333333333 0.890909090909091 0.915959595959596 0.79 0.75 0.861111111111111 0.888454861111111 NA 1 27 2 273.618
0.935 0.922222222222222 0.945454545454545 0.981818181818182 0.87 0.828125 0.944444444444444 0.938368055555556 5 2 27 2 273.618
0.94 0.922222222222222 0.954545454545455 0.982727272727273 0.86 0.8125 0.944444444444444 0.936631944444444 8 2 27 2 273.618
0.94 0.922222222222222 0.954545454545455 0.984141414141414 0.85 0.796875 0.944444444444444 0.936631944444444 10 2 27 2 273.618
0.865 0.833333333333333 0.890909090909091 0.914242424242424 0.78 0.75 0.833333333333333 0.886284722222222 1 3 27 2 273.618
0.93 0.944444444444444 0.918181818181818 0.985050505050505 0.82 0.78125 0.888888888888889 0.912760416666667 2 3 27 2 273.618
0.86 0.811111111111111 0.9 0.912020202020202 0.78 0.71875 0.888888888888889 0.885416666666667 NA 1 27 3 454.969
0.94 0.922222222222222 0.954545454545455 0.982323232323232 0.86 0.8125 0.944444444444444 0.940104166666667 5 2 27 3 454.969
0.945 0.933333333333333 0.954545454545455 0.982828282828283 0.85 0.796875 0.944444444444444 0.939670138888889 8 2 27 3 454.969
0.945 0.933333333333333 0.954545454545455 0.984040404040404 0.84 0.78125 0.944444444444444 0.938802083333333 10 2 27 3 454.969
0.85 0.811111111111111 0.881818181818182 0.908787878787879 0.77 0.734375 0.833333333333333 0.877604166666667 1 3 27 3 454.969
0.94 0.944444444444444 0.936363636363636 0.985252525252525 0.81 0.765625 0.888888888888889 0.912760416666667 2 3 27 3 454.969
