0.925 0.95 0.9 0.965 0.89 0.87037037037037 0.91304347826087 0.947262479871176 NA 1 32 1 48.05
1 1 1 1 0.74 0.833333333333333 0.630434782608696 0.751207729468599 5 2 32 1 48.05
1 1 1 1 0.78 0.685185185185185 0.891304347826087 0.863929146537842 8 2 32 1 48.05
1 1 1 1 0.76 0.685185185185185 0.847826086956522 0.847020933977456 10 2 32 1 48.05
0.9 0.95 0.85 0.9625 0.89 0.907407407407407 0.869565217391304 0.95048309178744 1 3 32 1 48.05
0.95 0.95 0.95 0.9925 0.88 0.87037037037037 0.891304347826087 0.92914653784219 2 3 32 1 48.05
0.925 0.95 0.9 0.965 0.9 0.888888888888889 0.91304347826087 0.946859903381642 NA 1 32 2 53.488
0.95 0.95 0.95 0.96375 0.73 0.796296296296296 0.652173913043478 0.769524959742351 5 2 32 2 53.488
1 1 1 1 0.79 0.62962962962963 0.978260869565217 0.812600644122383 8 2 32 2 53.488
1 1 1 1 0.8 0.722222222222222 0.891304347826087 0.896537842190016 10 2 32 2 53.488
0.9 0.95 0.85 0.96 0.91 0.925925925925926 0.891304347826087 0.946054750402576 1 3 32 2 53.488
0.95 0.95 0.95 0.9925 0.87 0.851851851851852 0.891304347826087 0.929951690821256 2 3 32 2 53.488
0.925 0.95 0.9 0.97 0.89 0.888888888888889 0.891304347826087 0.949677938808374 NA 1 32 3 88.935
1 1 1 1 0.72 0.666666666666667 0.782608695652174 0.744363929146538 5 2 32 3 88.935
1 1 1 1 0.79 0.796296296296296 0.782608695652174 0.865136876006441 8 2 32 3 88.935
1 1 1 1 0.83 0.814814814814815 0.847826086956522 0.905797101449275 10 2 32 3 88.935
0.9 0.95 0.85 0.9575 0.9 0.925925925925926 0.869565217391304 0.953301127214171 1 3 32 3 88.935
0.95 0.95 0.95 0.9925 0.88 0.87037037037037 0.891304347826087 0.928743961352657 2 3 32 3 88.935
