0.858333333333333 0.847457627118644 0.868852459016393 0.938316198944151 0.83 0.804347826086957 0.851851851851852 0.908212560386473 NA 1 68 1 218.797
0.958333333333333 0.983050847457627 0.934426229508197 0.995832175604335 0.88 0.782608695652174 0.962962962962963 0.946859903381642 5 2 68 1 218.797
1 1 1 1 0.83 0.804347826086957 0.851851851851852 0.865539452495974 8 2 68 1 218.797
1 1 1 1 0.83 0.804347826086957 0.851851851851852 0.840378421900161 10 2 68 1 218.797
0.858333333333333 0.847457627118644 0.868852459016393 0.931369824951375 0.84 0.826086956521739 0.851851851851852 0.922705314009662 1 3 68 1 218.797
0.941666666666667 0.949152542372881 0.934426229508197 0.982495137538205 0.86 0.804347826086957 0.907407407407407 0.938405797101449 2 3 68 1 218.797
0.866666666666667 0.864406779661017 0.868852459016393 0.936371214226174 0.82 0.804347826086957 0.833333333333333 0.914251207729469 NA 1 68 2 159.047
0.958333333333333 0.983050847457627 0.934426229508197 0.995554320644623 0.88 0.782608695652174 0.962962962962963 0.946457326892109 5 2 68 2 159.047
1 1 1 1 0.87 0.847826086956522 0.888888888888889 0.887278582930757 8 2 68 2 159.047
1 1 1 1 0.85 0.804347826086957 0.888888888888889 0.8756038647343 10 2 68 2 159.047
0.85 0.847457627118644 0.852459016393443 0.92998055015282 0.82 0.804347826086957 0.833333333333333 0.924315619967794 1 3 68 2 159.047
0.941666666666667 0.949152542372881 0.934426229508197 0.983328702417338 0.88 0.804347826086957 0.944444444444444 0.938405797101449 2 3 68 2 159.047
0.841666666666667 0.830508474576271 0.852459016393443 0.936371214226174 0.82 0.804347826086957 0.833333333333333 0.910225442834139 NA 1 68 3 348.834
0.958333333333333 0.983050847457627 0.934426229508197 0.995832175604335 0.88 0.804347826086957 0.944444444444444 0.942834138486312 5 2 68 3 348.834
1 1 1 1 0.85 0.804347826086957 0.888888888888889 0.873792270531401 8 2 68 3 348.834
0.975 0.983050847457627 0.967213114754098 0.998332870241734 0.87 0.804347826086957 0.925925925925926 0.931964573268921 10 2 68 3 348.834
0.841666666666667 0.847457627118644 0.836065573770492 0.933036954709642 0.82 0.804347826086957 0.833333333333333 0.918679549114332 1 3 68 3 348.834
0.933333333333333 0.932203389830508 0.934426229508197 0.982495137538205 0.89 0.826086956521739 0.944444444444444 0.946457326892109 2 3 68 3 348.834
