0.8375 0.888888888888889 0.771428571428571 0.906031746031746 0.84 0.882352941176471 0.795918367346939 0.912364945978391 NA 1 19 1 92.567
0.9625 0.977777777777778 0.942857142857143 0.993650793650794 0.82 0.803921568627451 0.836734693877551 0.904761904761905 5 2 19 1 92.567
1 1 1 1 0.71 0.745098039215686 0.673469387755102 0.75390156062425 8 2 19 1 92.567
1 1 1 1 0.75 0.764705882352941 0.73469387755102 0.766906762705082 10 2 19 1 92.567
0.8125 0.888888888888889 0.714285714285714 0.90031746031746 0.84 0.92156862745098 0.755102040816326 0.915166066426571 1 3 19 1 92.567
0.925 0.933333333333333 0.914285714285714 0.986666666666667 0.83 0.843137254901961 0.816326530612245 0.909163665466186 2 3 19 1 92.567
0.825 0.866666666666667 0.771428571428571 0.908571428571429 0.84 0.882352941176471 0.795918367346939 0.913165266106443 NA 1 19 2 85.762
0.975 0.977777777777778 0.971428571428571 0.994920634920635 0.78 0.823529411764706 0.73469387755102 0.89155662264906 5 2 19 2 85.762
1 1 1 1 0.74 0.745098039215686 0.73469387755102 0.769107643057223 8 2 19 2 85.762
0.9875 1 0.971428571428571 0.98031746031746 0.75 0.784313725490196 0.714285714285714 0.74749899959984 10 2 19 2 85.762
0.8125 0.888888888888889 0.714285714285714 0.901587301587302 0.82 0.901960784313726 0.73469387755102 0.920768307322929 1 3 19 2 85.762
0.9375 0.933333333333333 0.942857142857143 0.987936507936508 0.83 0.843137254901961 0.816326530612245 0.911964785914366 2 3 19 2 85.762
0.8125 0.866666666666667 0.742857142857143 0.907301587301587 0.83 0.862745098039216 0.795918367346939 0.911164465786314 NA 1 19 3 153.469
0.9625 0.977777777777778 0.942857142857143 0.987936507936508 0.86 0.862745098039216 0.857142857142857 0.928371348539416 5 2 19 3 153.469
1 1 1 1 0.75 0.823529411764706 0.673469387755102 0.753101240496199 8 2 19 3 153.469
1 1 1 1 0.67 0.725490196078431 0.612244897959184 0.679871948779512 10 2 19 3 153.469
0.825 0.911111111111111 0.714285714285714 0.906666666666667 0.81 0.901960784313726 0.714285714285714 0.913565426170468 1 3 19 3 153.469
0.9375 0.933333333333333 0.942857142857143 0.984126984126984 0.84 0.823529411764706 0.857142857142857 0.905962384953982 2 3 19 3 153.469
