0.875 0.9 0.833333333333333 0.9375 0.82 0.852941176470588 0.803030303030303 0.93048128342246 NA 1 52 1 28.786
1 1 1 1 0.65 0.852941176470588 0.545454545454545 0.719251336898396 5 2 52 1 28.786
1 1 1 1 0.8 0.823529411764706 0.787878787878788 0.843582887700535 8 2 52 1 28.786
1 1 1 1 0.63 0.705882352941177 0.590909090909091 0.724598930481283 10 2 52 1 28.786
0.84375 0.95 0.666666666666667 0.908333333333333 0.8 0.941176470588235 0.727272727272727 0.922459893048128 1 3 52 1 28.786
0.9375 1 0.833333333333333 1 0.6 0.970588235294118 0.409090909090909 0.896613190730838 2 3 52 1 28.786
0.875 0.9 0.833333333333333 0.929166666666667 0.83 0.852941176470588 0.818181818181818 0.931372549019608 NA 1 52 2 42.437
1 1 1 1 0.69 0.911764705882353 0.575757575757576 0.756238859180036 5 2 52 2 42.437
1 1 1 1 0.69 0.882352941176471 0.590909090909091 0.738636363636364 8 2 52 2 42.437
1 1 1 1 0.36 0.5 0.287878787878788 0.640151515151515 10 2 52 2 42.437
0.875 0.95 0.75 0.9375 0.82 0.941176470588235 0.757575757575758 0.933155080213904 1 3 52 2 42.437
0.9375 1 0.833333333333333 1 0.59 0.970588235294118 0.393939393939394 0.911319073083779 2 3 52 2 42.437
0.90625 0.95 0.833333333333333 0.9125 0.82 0.794117647058823 0.833333333333333 0.907308377896613 NA 1 52 3 53.213
1 1 1 1 0.69 0.823529411764706 0.621212121212121 0.725490196078431 5 2 52 3 53.213
1 1 1 1 0.69 0.882352941176471 0.590909090909091 0.745766488413547 8 2 52 3 53.213
1 1 1 1 0.73 0.823529411764706 0.681818181818182 0.800133689839572 10 2 52 3 53.213
0.875 0.95 0.75 0.9125 0.81 0.852941176470588 0.787878787878788 0.908199643493761 1 3 52 3 53.213
0.875 1 0.666666666666667 1 0.62 1 0.424242424242424 0.911319073083779 2 3 52 3 53.213
