0.958333333333333 1 0.923076923076923 0.972027972027972 0.85 0.9 0.8 0.9376 NA 1 10 1 27.602
1 1 1 1 0.87 0.86 0.88 0.897 5 2 10 1 27.602
1 1 1 1 0.87 0.86 0.88 0.9132 8 2 10 1 27.602
1 1 1 1 0.91 0.86 0.96 0.9714 10 2 10 1 27.602
0.916666666666667 0.909090909090909 0.923076923076923 0.958041958041958 0.89 0.9 0.88 0.9344 1 3 10 1 27.602
0.875 0.909090909090909 0.846153846153846 0.972027972027972 0.78 0.76 0.8 0.8756 2 3 10 1 27.602
0.958333333333333 1 0.923076923076923 0.979020979020979 0.83 0.86 0.8 0.8964 NA 1 10 2 33.611
1 1 1 1 0.89 0.86 0.92 0.9144 5 2 10 2 33.611
1 1 1 1 0.71 0.76 0.66 0.7502 8 2 10 2 33.611
1 1 1 1 0.85 0.74 0.96 0.9038 10 2 10 2 33.611
0.916666666666667 0.909090909090909 0.923076923076923 0.958041958041958 0.88 0.9 0.86 0.9356 1 3 10 2 33.611
0.875 0.909090909090909 0.846153846153846 0.972027972027972 0.78 0.76 0.8 0.8776 2 3 10 2 33.611
0.958333333333333 1 0.923076923076923 0.965034965034965 0.85 0.84 0.86 0.912 NA 1 10 3 44.363
1 1 1 1 0.9 0.84 0.96 0.9412 5 2 10 3 44.363
1 1 1 1 0.85 0.82 0.88 0.8896 8 2 10 3 44.363
1 1 1 1 0.74 0.8 0.68 0.8044 10 2 10 3 44.363
0.916666666666667 0.909090909090909 0.923076923076923 0.979020979020979 0.87 0.86 0.88 0.9344 1 3 10 3 44.363
0.875 0.909090909090909 0.846153846153846 0.972027972027972 0.75 0.7 0.8 0.8692 2 3 10 3 44.363
