0.8875 0.878048780487805 0.897435897435897 0.954346466541589 0.86 0.879310344827586 0.833333333333333 0.928571428571429 NA 1 64 1 113.285
1 1 1 1 0.94 0.96551724137931 0.904761904761905 0.93431855500821 5 2 64 1 113.285
1 1 1 1 0.93 0.948275862068966 0.904761904761905 0.938628899835796 8 2 64 1 113.285
1 1 1 1 0.94 0.96551724137931 0.904761904761905 0.937192118226601 10 2 64 1 113.285
0.9 0.902439024390244 0.897435897435897 0.953095684803002 0.86 0.913793103448276 0.785714285714286 0.928571428571429 1 3 64 1 113.285
0.9625 0.975609756097561 0.948717948717949 0.991244527829894 0.87 0.948275862068966 0.761904761904762 0.939244663382594 2 3 64 1 113.285
0.9 0.902439024390244 0.897435897435897 0.953721075672295 0.85 0.879310344827586 0.80952380952381 0.925697865353038 NA 1 64 2 122.879
1 1 1 1 0.93 0.948275862068966 0.904761904761905 0.931855500821018 5 2 64 2 122.879
1 1 1 1 0.93 0.948275862068966 0.904761904761905 0.932266009852217 8 2 64 2 122.879
1 1 1 1 0.93 0.948275862068966 0.904761904761905 0.941091954022989 10 2 64 2 122.879
0.9 0.902439024390244 0.897435897435897 0.948717948717949 0.86 0.913793103448276 0.785714285714286 0.92816091954023 1 3 64 2 122.879
0.975 1 0.948717948717949 0.991244527829894 0.85 0.948275862068966 0.714285714285714 0.941297208538588 2 3 64 2 122.879
0.9125 0.902439024390244 0.923076923076923 0.958098811757348 0.87 0.896551724137931 0.833333333333333 0.930213464696223 NA 1 64 3 236.164
1 1 1 1 0.92 0.948275862068966 0.880952380952381 0.948891625615764 5 2 64 3 236.164
1 1 1 1 0.92 0.931034482758621 0.904761904761905 0.929802955665025 8 2 64 3 236.164
1 1 1 1 0.93 0.948275862068966 0.904761904761905 0.947044334975369 10 2 64 3 236.164
0.9 0.902439024390244 0.897435897435897 0.953721075672295 0.85 0.913793103448276 0.761904761904762 0.925697865353038 1 3 64 3 236.164
0.9625 0.975609756097561 0.948717948717949 0.98686679174484 0.88 0.948275862068966 0.785714285714286 0.93431855500821 2 3 64 3 236.164
