1 1 1 1 0.84 0.839285714285714 0.840909090909091 0.905032467532468 NA 1 5 1 15.798
1 1 1 1 0.85 0.857142857142857 0.840909090909091 0.903409090909091 5 2 5 1 15.798
1 1 1 1 0.83 0.821428571428571 0.840909090909091 0.909496753246753 8 2 5 1 15.798
1 1 1 1 0.83 0.821428571428571 0.840909090909091 0.909496753246753 10 2 5 1 15.798
1 1 1 1 0.83 0.821428571428571 0.840909090909091 0.920454545454545 1 3 5 1 15.798
1 1 1 1 0.83 0.767857142857143 0.909090909090909 0.918019480519481 2 3 5 1 15.798
1 1 1 1 0.84 0.839285714285714 0.840909090909091 0.904017857142857 NA 1 5 2 25.872
1 1 1 1 0.84 0.839285714285714 0.840909090909091 0.897118506493506 5 2 5 2 25.872
1 1 1 1 0.84 0.839285714285714 0.840909090909091 0.897118506493506 8 2 5 2 25.872
1 1 1 1 0.85 0.857142857142857 0.840909090909091 0.889204545454545 10 2 5 2 25.872
1 1 1 1 0.86 0.857142857142857 0.863636363636364 0.922077922077922 1 3 5 2 25.872
1 1 1 1 0.83 0.767857142857143 0.909090909090909 0.921672077922078 2 3 5 2 25.872
1 1 1 1 0.82 0.821428571428571 0.818181818181818 0.90625 NA 1 5 3 30.259
1 1 1 1 0.82 0.821428571428571 0.818181818181818 0.907670454545455 5 2 5 3 30.259
1 1 1 1 0.82 0.821428571428571 0.818181818181818 0.907467532467532 8 2 5 3 30.259
1 1 1 1 0.82 0.821428571428571 0.818181818181818 0.907467532467532 10 2 5 3 30.259
1 1 1 1 0.81 0.803571428571429 0.818181818181818 0.922483766233766 1 3 5 3 30.259
1 1 1 1 0.82 0.75 0.909090909090909 0.915584415584416 2 3 5 3 30.259
