0.845 0.843434343434343 0.846534653465347 0.921542154215422 0.88 0.913793103448276 0.833333333333333 0.939244663382594 NA 1 98 1 406.14
0.935 0.934343434343434 0.935643564356436 0.98002300230023 0.92 0.913793103448276 0.928571428571429 0.987274220032841 5 2 98 1 406.14
0.955 0.95959595959596 0.95049504950495 0.985523552355235 0.94 0.948275862068966 0.928571428571429 0.989326765188834 8 2 98 1 406.14
0.95 0.94949494949495 0.95049504950495 0.985023502350235 0.94 0.948275862068966 0.928571428571429 0.989326765188834 10 2 98 1 406.14
0.855 0.858585858585859 0.851485148514851 0.920692069206921 0.89 0.913793103448276 0.857142857142857 0.938423645320197 1 3 98 1 406.14
0.925 0.924242424242424 0.925742574257426 0.98002300230023 0.91 0.931034482758621 0.880952380952381 0.971674876847291 2 3 98 1 406.14
0.85 0.848484848484849 0.851485148514851 0.922342234223422 0.88 0.913793103448276 0.833333333333333 0.938834154351396 NA 1 98 2 344.447
0.935 0.934343434343434 0.935643564356436 0.97992299229923 0.92 0.913793103448276 0.928571428571429 0.987274220032841 5 2 98 2 344.447
0.955 0.95959595959596 0.95049504950495 0.985273527352735 0.94 0.948275862068966 0.928571428571429 0.989326765188834 8 2 98 2 344.447
0.9475 0.944444444444444 0.95049504950495 0.985023502350235 0.94 0.948275862068966 0.928571428571429 0.988916256157635 10 2 98 2 344.447
0.8475 0.843434343434343 0.851485148514851 0.921217121712171 0.89 0.913793103448276 0.857142857142857 0.939244663382594 1 3 98 2 344.447
0.925 0.924242424242424 0.925742574257426 0.980573057305731 0.91 0.931034482758621 0.880952380952381 0.972906403940887 2 3 98 2 344.447
0.85 0.848484848484849 0.851485148514851 0.91969196919692 0.89 0.913793103448276 0.857142857142857 0.9376026272578 NA 1 98 3 673.486
0.935 0.934343434343434 0.935643564356436 0.97969796979698 0.93 0.913793103448276 0.952380952380952 0.987684729064039 5 2 98 3 673.486
0.95 0.94949494949495 0.95049504950495 0.983773377337734 0.94 0.948275862068966 0.928571428571429 0.989326765188834 8 2 98 3 673.486
0.9525 0.954545454545455 0.95049504950495 0.984448444844484 0.94 0.948275862068966 0.928571428571429 0.989326765188834 10 2 98 3 673.486
0.855 0.863636363636364 0.846534653465347 0.917616761676168 0.88 0.913793103448276 0.833333333333333 0.936371100164204 1 3 98 3 673.486
0.9275 0.924242424242424 0.930693069306931 0.978522852285229 0.91 0.931034482758621 0.880952380952381 0.973727422003284 2 3 98 3 673.486
