1 1 1 1 0.79 0.8 0.78 0.858 NA 1 59 1 25.561
1 1 1 1 0.79 0.8 0.78 0.8348 5 2 59 1 25.561
1 1 1 1 0.79 0.8 0.78 0.835 8 2 59 1 25.561
1 1 1 1 0.79 0.8 0.78 0.835 10 2 59 1 25.561
0.958333333333333 0.888888888888889 1 0.962962962962963 0.81 0.7 0.92 0.8884 1 3 59 1 25.561
1 1 1 1 0.81 0.72 0.9 0.8788 2 3 59 1 25.561
1 1 1 1 0.8 0.78 0.82 0.8462 NA 1 59 2 38.547
1 1 1 1 0.8 0.78 0.82 0.8336 5 2 59 2 38.547
1 1 1 1 0.8 0.78 0.82 0.834 8 2 59 2 38.547
1 1 1 1 0.8 0.78 0.82 0.834 10 2 59 2 38.547
0.958333333333333 0.888888888888889 1 0.955555555555555 0.78 0.66 0.9 0.8824 1 3 59 2 38.547
1 1 1 1 0.74 0.64 0.84 0.8612 2 3 59 2 38.547
1 1 1 1 0.74 0.78 0.7 0.7994 NA 1 59 3 47.165
1 1 1 1 0.77 0.78 0.76 0.7894 5 2 59 3 47.165
1 1 1 1 0.77 0.78 0.76 0.7914 8 2 59 3 47.165
1 1 1 1 0.77 0.78 0.76 0.7862 10 2 59 3 47.165
0.958333333333333 0.888888888888889 1 0.948148148148148 0.79 0.62 0.96 0.8604 1 3 59 3 47.165
0.958333333333333 0.888888888888889 1 1 0.73 0.58 0.88 0.8604 2 3 59 3 47.165
