1 1 1 1 0.86 0.75 0.933333333333333 0.940833333333333 NA 1 47 1 22.484
1 1 1 1 0.86 0.75 0.933333333333333 0.939166666666667 5 2 47 1 22.484
1 1 1 1 0.86 0.75 0.933333333333333 0.9375 8 2 47 1 22.484
1 1 1 1 0.85 0.725 0.933333333333333 0.9375 10 2 47 1 22.484
1 1 1 1 0.88 0.8 0.933333333333333 0.950416666666667 1 3 47 1 22.484
1 1 1 1 0.82 0.7 0.9 0.897083333333333 2 3 47 1 22.484
1 1 1 1 0.89 0.775 0.966666666666667 0.903958333333333 NA 1 47 2 34.146
1 1 1 1 0.89 0.775 0.966666666666667 0.8975 5 2 47 2 34.146
1 1 1 1 0.89 0.775 0.966666666666667 0.8975 8 2 47 2 34.146
1 1 1 1 0.89 0.775 0.966666666666667 0.8975 10 2 47 2 34.146
0.958333333333333 1 0.928571428571429 1 0.88 0.8 0.933333333333333 0.939583333333333 1 3 47 2 34.146
1 1 1 1 0.84 0.675 0.95 0.905 2 3 47 2 34.146
1 1 1 1 0.9 0.8 0.966666666666667 0.909583333333333 NA 1 47 3 40.649
1 1 1 1 0.9 0.8 0.966666666666667 0.8975 5 2 47 3 40.649
1 1 1 1 0.9 0.8 0.966666666666667 0.8975 8 2 47 3 40.649
1 1 1 1 0.9 0.8 0.966666666666667 0.897916666666667 10 2 47 3 40.649
0.958333333333333 1 0.928571428571429 1 0.87 0.775 0.933333333333333 0.947083333333333 1 3 47 3 40.649
1 1 1 1 0.83 0.65 0.95 0.910833333333333 2 3 47 3 40.649
