0.75 0.75 0.75 0.87890625 0.88 0.836734693877551 0.92156862745098 0.941576630652261 NA 1 53 1 42.974
1 1 1 1 0.8 0.795918367346939 0.803921568627451 0.845138055222089 5 2 53 1 42.974
1 1 1 1 0.85 0.755102040816326 0.941176470588235 0.886354541816727 8 2 53 1 42.974
1 1 1 1 0.63 0.673469387755102 0.588235294117647 0.691276510604242 10 2 53 1 42.974
0.75 0.75 0.75 0.87890625 0.83 0.816326530612245 0.843137254901961 0.921168467386955 1 3 53 1 42.974
0.9375 0.875 1 0.984375 0.82 0.673469387755102 0.96078431372549 0.903961584633854 2 3 53 1 42.974
0.78125 0.75 0.8125 0.8828125 0.86 0.816326530612245 0.901960784313726 0.933573429371749 NA 1 53 2 51.317
1 1 1 1 0.7 0.714285714285714 0.686274509803922 0.71468587434974 5 2 53 2 51.317
1 1 1 1 0.84 0.816326530612245 0.862745098039216 0.865746298519408 8 2 53 2 51.317
1 1 1 1 0.77 0.693877551020408 0.843137254901961 0.824329731892757 10 2 53 2 51.317
0.75 0.75 0.75 0.87890625 0.83 0.816326530612245 0.843137254901961 0.915166066426571 1 3 53 2 51.317
0.9375 0.875 1 0.98046875 0.8 0.653061224489796 0.941176470588235 0.896358543417367 2 3 53 2 51.317
0.78125 0.75 0.8125 0.890625 0.88 0.836734693877551 0.92156862745098 0.936374549819928 NA 1 53 3 76.162
1 1 1 1 0.85 0.816326530612245 0.882352941176471 0.878351340536214 5 2 53 3 76.162
1 1 1 1 0.84 0.836734693877551 0.843137254901961 0.88875550220088 8 2 53 3 76.162
1 1 1 1 0.86 0.918367346938776 0.803921568627451 0.928971588635454 10 2 53 3 76.162
0.71875 0.8125 0.625 0.875 0.82 0.836734693877551 0.803921568627451 0.916766706682673 1 3 53 3 76.162
0.9375 0.875 1 0.98046875 0.83 0.693877551020408 0.96078431372549 0.90796318527411 2 3 53 3 76.162
