0.895 0.895238095238095 0.894736842105263 0.956591478696742 0.85 0.884615384615385 0.8125 0.953125 NA 1 1 1 241.805
0.935 0.942857142857143 0.926315789473684 0.992280701754386 0.93 0.961538461538462 0.895833333333333 0.977964743589744 5 2 1 1 241.805
0.94 0.952380952380952 0.926315789473684 0.992080200501253 0.92 0.961538461538462 0.875 0.977564102564103 8 2 1 1 241.805
0.94 0.952380952380952 0.926315789473684 0.992380952380952 0.92 0.961538461538462 0.875 0.977564102564103 10 2 1 1 241.805
0.905 0.923809523809524 0.884210526315789 0.956591478696742 0.84 0.884615384615385 0.791666666666667 0.953125 1 3 1 1 241.805
0.96 0.952380952380952 0.968421052631579 0.992882205513784 0.88 0.865384615384615 0.895833333333333 0.926682692307692 2 3 1 1 241.805
0.89 0.885714285714286 0.894736842105263 0.95468671679198 0.87 0.884615384615385 0.854166666666667 0.958333333333333 NA 1 1 2 260.46
0.935 0.942857142857143 0.926315789473684 0.992180451127819 0.93 0.961538461538462 0.895833333333333 0.979967948717949 5 2 1 2 260.46
0.935 0.942857142857143 0.926315789473684 0.992581453634085 0.92 0.942307692307692 0.895833333333333 0.979166666666667 8 2 1 2 260.46
0.94 0.952380952380952 0.926315789473684 0.992581453634085 0.91 0.923076923076923 0.895833333333333 0.978766025641026 10 2 1 2 260.46
0.88 0.885714285714286 0.873684210526316 0.955087719298246 0.86 0.865384615384615 0.854166666666667 0.956730769230769 1 3 1 2 260.46
0.975 0.980952380952381 0.968421052631579 0.993082706766917 0.88 0.865384615384615 0.895833333333333 0.934294871794872 2 3 1 2 260.46
0.895 0.895238095238095 0.894736842105263 0.954987468671679 0.87 0.884615384615385 0.854166666666667 0.95713141025641 NA 1 1 3 445.98
0.935 0.942857142857143 0.926315789473684 0.992581453634085 0.92 0.961538461538462 0.875 0.978766025641026 5 2 1 3 445.98
0.94 0.952380952380952 0.926315789473684 0.992781954887218 0.91 0.942307692307692 0.875 0.978365384615385 8 2 1 3 445.98
0.945 0.952380952380952 0.936842105263158 0.993082706766917 0.91 0.942307692307692 0.875 0.977964743589744 10 2 1 3 445.98
0.89 0.895238095238095 0.884210526315789 0.95609022556391 0.84 0.865384615384615 0.8125 0.953926282051282 1 3 1 3 445.98
0.975 0.980952380952381 0.968421052631579 0.993483709273183 0.89 0.884615384615385 0.895833333333333 0.935096153846154 2 3 1 3 445.98
