0.8825 0.883495145631068 0.881443298969072 0.952532279051146 0.85 0.897959183673469 0.803921568627451 0.944777911164466 NA 1 35 1 862.824
0.9225 0.927184466019418 0.917525773195876 0.978155339805825 0.93 0.959183673469388 0.901960784313726 0.990396158463385 5 2 35 1 862.824
0.9275 0.927184466019418 0.927835051546392 0.980382344109699 0.93 0.959183673469388 0.901960784313726 0.989195678271308 8 2 35 1 862.824
0.9275 0.927184466019418 0.927835051546392 0.980457411670503 0.93 0.959183673469388 0.901960784313726 0.988395358143257 10 2 35 1 862.824
0.885 0.893203883495146 0.876288659793814 0.951981783605245 0.83 0.897959183673469 0.764705882352941 0.942376950780312 1 3 35 1 862.824
0.925 0.941747572815534 0.907216494845361 0.979556600940847 0.9 0.918367346938776 0.882352941176471 0.9671868747499 2 3 35 1 862.824
0.8825 0.883495145631068 0.881443298969072 0.952632369132219 0.85 0.897959183673469 0.803921568627451 0.945978391356543 NA 1 35 2 777.06
0.9225 0.927184466019418 0.917525773195876 0.978030227204484 0.93 0.959183673469388 0.901960784313726 0.990396158463385 5 2 35 2 777.06
0.9275 0.927184466019418 0.927835051546392 0.980207186467821 0.93 0.959183673469388 0.901960784313726 0.989595838335334 8 2 35 2 777.06
0.9275 0.927184466019418 0.927835051546392 0.980307276548894 0.93 0.959183673469388 0.901960784313726 0.989595838335334 10 2 35 2 777.06
0.885 0.893203883495146 0.876288659793814 0.952257031328195 0.83 0.897959183673469 0.764705882352941 0.942777110844338 1 3 35 2 777.06
0.925 0.941747572815534 0.907216494845361 0.979456510859774 0.9 0.918367346938776 0.882352941176471 0.969187675070028 2 3 35 2 777.06
0.885 0.883495145631068 0.88659793814433 0.952882594334901 0.84 0.877551020408163 0.803921568627451 0.94077631052421 NA 1 35 3 1555.963
0.9225 0.927184466019418 0.917525773195876 0.977930137123411 0.93 0.959183673469388 0.901960784313726 0.991196478591437 5 2 35 3 1555.963
0.93 0.932038834951456 0.927835051546392 0.979531578420579 0.93 0.959183673469388 0.901960784313726 0.988395358143257 8 2 35 3 1555.963
0.93 0.932038834951456 0.927835051546392 0.97993193874487 0.93 0.959183673469388 0.901960784313726 0.987595038015206 10 2 35 3 1555.963
0.8875 0.898058252427185 0.876288659793814 0.949854869382444 0.83 0.877551020408163 0.784313725490196 0.937174869947979 1 3 35 3 1555.963
0.925 0.946601941747573 0.902061855670103 0.978355519967971 0.89 0.918367346938776 0.862745098039216 0.965586234493798 2 3 35 3 1555.963
