0.883333333333333 0.91304347826087 0.843137254901961 0.956521739130435 0.84 0.863636363636364 0.821428571428571 0.921266233766234 NA 1 76 1 111.901
1 1 1 1 0.86 0.863636363636364 0.857142857142857 0.858766233766234 5 2 76 1 111.901
0.983333333333333 1 0.96078431372549 0.97612958226769 0.77 0.772727272727273 0.767857142857143 0.795048701298701 8 2 76 1 111.901
1 1 1 1 0.85 0.886363636363636 0.821428571428571 0.863027597402597 10 2 76 1 111.901
0.866666666666667 0.927536231884058 0.784313725490196 0.953964194373402 0.82 0.886363636363636 0.767857142857143 0.908685064935065 1 3 76 1 111.901
0.941666666666667 0.971014492753623 0.901960784313726 0.993748223927252 0.87 0.886363636363636 0.857142857142857 0.932224025974026 2 3 76 1 111.901
0.883333333333333 0.91304347826087 0.843137254901961 0.956521739130435 0.83 0.863636363636364 0.803571428571429 0.921266233766234 NA 1 76 2 100.443
1 1 1 1 0.83 0.818181818181818 0.839285714285714 0.872564935064935 5 2 76 2 100.443
1 1 1 1 0.87 0.886363636363636 0.857142857142857 0.871753246753247 8 2 76 2 100.443
1 1 1 1 0.8 0.863636363636364 0.75 0.857345779220779 10 2 76 2 100.443
0.883333333333333 0.927536231884058 0.823529411764706 0.954816709292413 0.83 0.886363636363636 0.785714285714286 0.913149350649351 1 3 76 2 100.443
0.941666666666667 0.971014492753623 0.901960784313726 0.994032395566922 0.87 0.886363636363636 0.857142857142857 0.934659090909091 2 3 76 2 100.443
0.875 0.91304347826087 0.823529411764706 0.95311167945439 0.84 0.863636363636364 0.821428571428571 0.920048701298701 NA 1 76 3 179.038
0.983333333333333 0.985507246376812 0.980392156862745 0.998863313441319 0.85 0.863636363636364 0.839285714285714 0.937094155844156 5 2 76 3 179.038
1 1 1 1 0.82 0.863636363636364 0.785714285714286 0.855722402597403 8 2 76 3 179.038
1 1 1 1 0.85 0.863636363636364 0.839285714285714 0.872564935064935 10 2 76 3 179.038
0.891666666666667 0.942028985507246 0.823529411764706 0.955669224211424 0.84 0.909090909090909 0.785714285714286 0.905844155844156 1 3 76 3 179.038
0.941666666666667 0.971014492753623 0.901960784313726 0.993179880647911 0.85 0.863636363636364 0.839285714285714 0.930600649350649 2 3 76 3 179.038
