1 1 1 1 0.83 0.76 0.9 0.8992 NA 1 15 1 29.518
1 1 1 1 0.83 0.76 0.9 0.897 5 2 15 1 29.518
1 1 1 1 0.85 0.78 0.92 0.8988 8 2 15 1 29.518
1 1 1 1 0.85 0.78 0.92 0.8976 10 2 15 1 29.518
1 1 1 1 0.82 0.74 0.9 0.9112 1 3 15 1 29.518
1 1 1 1 0.83 0.78 0.88 0.9244 2 3 15 1 29.518
1 1 1 1 0.84 0.76 0.92 0.8944 NA 1 15 2 38.516
1 1 1 1 0.84 0.76 0.92 0.8956 5 2 15 2 38.516
1 1 1 1 0.84 0.76 0.92 0.8958 8 2 15 2 38.516
1 1 1 1 0.84 0.76 0.92 0.8922 10 2 15 2 38.516
1 1 1 1 0.83 0.74 0.92 0.9096 1 3 15 2 38.516
1 1 1 1 0.82 0.76 0.88 0.9256 2 3 15 2 38.516
1 1 1 1 0.81 0.76 0.86 0.8704 NA 1 15 3 48.743
1 1 1 1 0.82 0.78 0.86 0.872 5 2 15 3 48.743
1 1 1 1 0.81 0.76 0.86 0.8716 8 2 15 3 48.743
1 1 1 1 0.82 0.78 0.86 0.872 10 2 15 3 48.743
1 1 1 1 0.83 0.74 0.92 0.9004 1 3 15 3 48.743
1 1 1 1 0.83 0.78 0.88 0.9272 2 3 15 3 48.743
