0.85 0.814814814814815 0.878787878787879 0.926767676767677 0.81 0.836734693877551 0.784313725490196 0.916366546618647 NA 1 88 1 240.324
0.941666666666667 0.907407407407407 0.96969696969697 0.982884399551066 0.86 0.897959183673469 0.823529411764706 0.947979191676671 5 2 88 1 240.324
0.933333333333333 0.907407407407407 0.954545454545455 0.987934904601571 0.87 0.918367346938776 0.823529411764706 0.956382553021208 8 2 88 1 240.324
1 1 1 1 0.85 0.857142857142857 0.843137254901961 0.861544617847139 10 2 88 1 240.324
0.833333333333333 0.833333333333333 0.833333333333333 0.926206509539843 0.82 0.816326530612245 0.823529411764706 0.906362545018007 1 3 88 1 240.324
0.933333333333333 0.87037037037037 0.984848484848485 0.981762065095398 0.85 0.857142857142857 0.843137254901961 0.944777911164466 2 3 88 1 240.324
0.85 0.814814814814815 0.878787878787879 0.927890011223345 0.82 0.857142857142857 0.784313725490196 0.920368147258904 NA 1 88 2 193.974
0.941666666666667 0.907407407407407 0.96969696969697 0.983164983164983 0.86 0.877551020408163 0.843137254901961 0.947178871548619 5 2 88 2 193.974
0.933333333333333 0.907407407407407 0.954545454545455 0.986531986531987 0.87 0.897959183673469 0.843137254901961 0.953581432573029 8 2 88 2 193.974
1 1 1 1 0.79 0.816326530612245 0.764705882352941 0.824929971988795 10 2 88 2 193.974
0.85 0.833333333333333 0.863636363636364 0.929012345679012 0.83 0.836734693877551 0.823529411764706 0.91156462585034 1 3 88 2 193.974
0.941666666666667 0.888888888888889 0.984848484848485 0.9834455667789 0.86 0.877551020408163 0.843137254901961 0.945178071228491 2 3 88 2 193.974
0.85 0.814814814814815 0.878787878787879 0.928451178451178 0.81 0.836734693877551 0.784313725490196 0.906362545018007 NA 1 88 3 396.96
0.941666666666667 0.907407407407407 0.96969696969697 0.984287317620651 0.83 0.877551020408163 0.784313725490196 0.944777911164466 5 2 88 3 396.96
0.941666666666667 0.925925925925926 0.954545454545455 0.992424242424242 0.86 0.918367346938776 0.803921568627451 0.954781912765106 8 2 88 3 396.96
1 1 1 1 0.78 0.836734693877551 0.725490196078431 0.816326530612245 10 2 88 3 396.96
0.841666666666667 0.814814814814815 0.863636363636364 0.925925925925926 0.81 0.816326530612245 0.803921568627451 0.910764305722289 1 3 88 3 396.96
0.925 0.851851851851852 0.984848484848485 0.974747474747475 0.86 0.857142857142857 0.862745098039216 0.942376950780312 2 3 88 3 396.96
