0.916666666666667 0.928571428571429 0.9 0.964285714285714 0.76 0.849056603773585 0.659574468085106 0.85949417904456 NA 1 2 1 15.989
1 1 1 1 0.75 0.830188679245283 0.659574468085106 0.755118426334805 5 2 2 1 15.989
1 1 1 1 0.8 0.792452830188679 0.808510638297872 0.879365716579687 8 2 2 1 15.989
1 1 1 1 0.8 0.811320754716981 0.787234042553192 0.900642312324368 10 2 2 1 15.989
0.875 0.928571428571429 0.8 0.971428571428571 0.75 0.886792452830189 0.595744680851064 0.885186672019269 1 3 2 1 15.989
0.958333333333333 1 0.9 0.992857142857143 0.71 0.886792452830189 0.51063829787234 0.86109995985548 2 3 2 1 15.989
0.916666666666667 0.928571428571429 0.9 0.964285714285714 0.75 0.867924528301887 0.617021276595745 0.85989562424729 NA 1 2 2 24.407
1 1 1 1 0.74 0.830188679245283 0.638297872340426 0.761742272179847 5 2 2 2 24.407
1 1 1 1 0.71 0.811320754716981 0.595744680851064 0.806904857486953 8 2 2 2 24.407
1 1 1 1 0.78 0.849056603773585 0.702127659574468 0.798474508229627 10 2 2 2 24.407
0.833333333333333 0.928571428571429 0.7 0.971428571428571 0.76 0.905660377358491 0.595744680851064 0.891609795262947 1 3 2 2 24.407
0.958333333333333 1 0.9 0.992857142857143 0.72 0.905660377358491 0.51063829787234 0.862705740666399 2 3 2 2 24.407
0.916666666666667 0.928571428571429 0.9 0.978571428571429 0.74 0.849056603773585 0.617021276595745 0.843837816138097 NA 1 2 3 28.689
1 1 1 1 0.77 0.754716981132076 0.787234042553192 0.798675230830992 5 2 2 3 28.689
1 1 1 1 0.74 0.830188679245283 0.638297872340426 0.743075070252911 8 2 2 3 28.689
1 1 1 1 0.75 0.679245283018868 0.829787234042553 0.791047771979125 10 2 2 3 28.689
0.875 0.928571428571429 0.8 0.971428571428571 0.76 0.886792452830189 0.617021276595745 0.88277800080289 1 3 2 3 28.689
0.958333333333333 1 0.9 0.992857142857143 0.71 0.886792452830189 0.51063829787234 0.855881172219992 2 3 2 3 28.689
