1 1 1 1 0.85 0.934782608695652 0.777777777777778 0.927133655394525 NA 1 85 1 51.574
1 1 1 1 0.85 0.934782608695652 0.777777777777778 0.930354267310789 5 2 85 1 51.574
1 1 1 1 0.85 0.934782608695652 0.777777777777778 0.930354267310789 8 2 85 1 51.574
1 1 1 1 0.85 0.934782608695652 0.777777777777778 0.929951690821256 10 2 85 1 51.574
1 1 1 1 0.85 0.934782608695652 0.777777777777778 0.928743961352657 1 3 85 1 51.574
1 1 1 1 0.87 0.891304347826087 0.851851851851852 0.933574879227053 2 3 85 1 51.574
1 1 1 1 0.86 0.934782608695652 0.796296296296296 0.932367149758454 NA 1 85 2 46.194
1 1 1 1 0.86 0.934782608695652 0.796296296296296 0.933977455716586 5 2 85 2 46.194
1 1 1 1 0.86 0.934782608695652 0.796296296296296 0.934782608695652 8 2 85 2 46.194
1 1 1 1 0.86 0.934782608695652 0.796296296296296 0.934380032206119 10 2 85 2 46.194
1 1 1 1 0.85 0.934782608695652 0.777777777777778 0.931964573268921 1 3 85 2 46.194
1 1 1 1 0.88 0.91304347826087 0.851851851851852 0.936392914653784 2 3 85 2 46.194
1 1 1 1 0.86 0.956521739130435 0.777777777777778 0.935990338164251 NA 1 85 3 80.836
1 1 1 1 0.86 0.956521739130435 0.777777777777778 0.916062801932367 5 2 85 3 80.836
1 1 1 1 0.86 0.956521739130435 0.777777777777778 0.916062801932367 8 2 85 3 80.836
1 1 1 1 0.86 0.956521739130435 0.777777777777778 0.916062801932367 10 2 85 3 80.836
1 1 1 1 0.88 0.956521739130435 0.814814814814815 0.92914653784219 1 3 85 3 80.836
1 1 1 1 0.86 0.891304347826087 0.833333333333333 0.942834138486312 2 3 85 3 80.836
