0.86 0.868932038834951 0.850515463917526 0.927759983985587 0.85 0.863636363636364 0.839285714285714 0.944399350649351 NA 1 37 1 784.665
0.93 0.941747572815534 0.917525773195876 0.975452907616855 0.92 0.931818181818182 0.910714285714286 0.975649350649351 5 2 37 1 784.665
0.935 0.946601941747573 0.922680412371134 0.977429686718046 0.93 0.954545454545455 0.910714285714286 0.980113636363636 8 2 37 1 784.665
0.9325 0.941747572815534 0.922680412371134 0.977855069562606 0.94 0.954545454545455 0.928571428571429 0.980925324675325 10 2 37 1 784.665
0.85 0.854368932038835 0.845360824742268 0.927609848863978 0.85 0.863636363636364 0.839285714285714 0.94724025974026 1 3 37 1 784.665
0.9325 0.927184466019418 0.938144329896907 0.973050745671104 0.89 0.909090909090909 0.875 0.965097402597403 2 3 37 1 784.665
0.86 0.868932038834951 0.850515463917526 0.927759983985587 0.85 0.863636363636364 0.839285714285714 0.945211038961039 NA 1 37 2 775.525
0.93 0.941747572815534 0.917525773195876 0.975427885096587 0.92 0.931818181818182 0.910714285714286 0.976055194805195 5 2 37 2 775.525
0.9325 0.941747572815534 0.922680412371134 0.977404664197778 0.94 0.954545454545455 0.928571428571429 0.980519480519481 8 2 37 2 775.525
0.9325 0.941747572815534 0.922680412371134 0.977704934440997 0.94 0.954545454545455 0.928571428571429 0.980925324675325 10 2 37 2 775.525
0.855 0.864077669902913 0.845360824742268 0.92886097487739 0.85 0.863636363636364 0.839285714285714 0.946022727272727 1 3 37 2 775.525
0.9375 0.936893203883495 0.938144329896907 0.973025723150836 0.9 0.909090909090909 0.892857142857143 0.965909090909091 2 3 37 2 775.525
0.86 0.868932038834951 0.850515463917526 0.926458812931638 0.84 0.840909090909091 0.839285714285714 0.943993506493507 NA 1 37 3 1600.864
0.9275 0.941747572815534 0.912371134020619 0.975578020218196 0.92 0.931818181818182 0.910714285714286 0.975649350649351 5 2 37 3 1600.864
0.9275 0.936893203883495 0.917525773195876 0.977329596636973 0.94 0.954545454545455 0.928571428571429 0.979301948051948 8 2 37 3 1600.864
0.93 0.936893203883495 0.922680412371134 0.977679911920729 0.93 0.931818181818182 0.928571428571429 0.980113636363636 10 2 37 3 1600.864
0.86 0.864077669902913 0.855670103092783 0.926734060654589 0.84 0.863636363636364 0.821428571428571 0.946428571428571 1 3 37 3 1600.864
0.935 0.936893203883495 0.93298969072165 0.973150835752177 0.88 0.886363636363636 0.875 0.963474025974026 2 3 37 3 1600.864
