1 1 1 1 0.8 0.714285714285714 0.909090909090909 0.892857142857143 NA 1 23 1 31.042
1 1 1 1 0.81 0.732142857142857 0.909090909090909 0.864853896103896 5 2 23 1 31.042
1 1 1 1 0.82 0.75 0.909090909090909 0.864853896103896 8 2 23 1 31.042
1 1 1 1 0.82 0.75 0.909090909090909 0.864853896103896 10 2 23 1 31.042
1 1 1 1 0.83 0.767857142857143 0.909090909090909 0.90137987012987 1 3 23 1 31.042
1 1 1 1 0.83 0.75 0.931818181818182 0.855925324675325 2 3 23 1 31.042
1 1 1 1 0.84 0.785714285714286 0.909090909090909 0.880478896103896 NA 1 23 2 44.007
1 1 1 1 0.84 0.785714285714286 0.909090909090909 0.875 5 2 23 2 44.007
1 1 1 1 0.84 0.785714285714286 0.909090909090909 0.882305194805195 8 2 23 2 44.007
1 1 1 1 0.84 0.785714285714286 0.909090909090909 0.882305194805195 10 2 23 2 44.007
1 1 1 1 0.84 0.803571428571429 0.886363636363636 0.91599025974026 1 3 23 2 44.007
1 1 1 1 0.82 0.75 0.909090909090909 0.860795454545455 2 3 23 2 44.007
1 1 1 1 0.81 0.732142857142857 0.909090909090909 0.859172077922078 NA 1 23 3 55.195
1 1 1 1 0.81 0.732142857142857 0.909090909090909 0.844155844155844 5 2 23 3 55.195
1 1 1 1 0.82 0.75 0.909090909090909 0.84476461038961 8 2 23 3 55.195
1 1 1 1 0.81 0.732142857142857 0.909090909090909 0.84476461038961 10 2 23 3 55.195
0.958333333333333 1 0.909090909090909 1 0.83 0.803571428571429 0.863636363636364 0.899756493506494 1 3 23 3 55.195
1 1 1 1 0.8 0.714285714285714 0.909090909090909 0.859172077922078 2 3 23 3 55.195
