1 1 1 1 0.81 0.673469387755102 0.941176470588235 0.825730292116847 NA 1 47 1 35.337
1 1 1 1 0.81 0.673469387755102 0.941176470588235 0.81452581032413 5 2 47 1 35.337
1 1 1 1 0.81 0.673469387755102 0.941176470588235 0.814925970388155 8 2 47 1 35.337
1 1 1 1 0.81 0.673469387755102 0.941176470588235 0.814125650260104 10 2 47 1 35.337
0.96875 1 0.95 0.991666666666667 0.79 0.653061224489796 0.92156862745098 0.860344137655062 1 3 47 1 35.337
1 1 1 1 0.72 0.510204081632653 0.92156862745098 0.855142056822729 2 3 47 1 35.337
1 1 1 1 0.79 0.693877551020408 0.882352941176471 0.816926770708283 NA 1 47 2 45.773
1 1 1 1 0.79 0.693877551020408 0.882352941176471 0.79671868747499 5 2 47 2 45.773
1 1 1 1 0.79 0.693877551020408 0.882352941176471 0.807523009203681 8 2 47 2 45.773
1 1 1 1 0.79 0.693877551020408 0.882352941176471 0.804521808723489 10 2 47 2 45.773
0.96875 1 0.95 0.995833333333333 0.78 0.673469387755102 0.882352941176471 0.850740296118447 1 3 47 2 45.773
1 1 1 1 0.72 0.510204081632653 0.92156862745098 0.846338535414166 2 3 47 2 45.773
1 1 1 1 0.81 0.693877551020408 0.92156862745098 0.810324129651861 NA 1 47 3 64.953
1 1 1 1 0.8 0.693877551020408 0.901960784313726 0.814925970388155 5 2 47 3 64.953
1 1 1 1 0.8 0.693877551020408 0.901960784313726 0.815726290516206 8 2 47 3 64.953
1 1 1 1 0.8 0.693877551020408 0.901960784313726 0.815526210484194 10 2 47 3 64.953
0.96875 1 0.95 0.991666666666667 0.75 0.612244897959184 0.882352941176471 0.844737895158063 1 3 47 3 64.953
1 1 1 1 0.73 0.530612244897959 0.92156862745098 0.839935974389756 2 3 47 3 64.953
