0.8625 0.885714285714286 0.836842105263158 0.932907268170426 0.75 0.782608695652174 0.722222222222222 0.867552334943639 NA 1 56 1 525.128
0.9375 0.938095238095238 0.936842105263158 0.989197994987469 0.87 0.934782608695652 0.814814814814815 0.933574879227053 5 2 56 1 525.128
0.9425 0.947619047619048 0.936842105263158 0.989348370927318 0.86 0.91304347826087 0.814814814814815 0.932769726247987 8 2 56 1 525.128
0.9475 0.952380952380952 0.942105263157895 0.990375939849624 0.86 0.91304347826087 0.814814814814815 0.92914653784219 10 2 56 1 525.128
0.87 0.89047619047619 0.847368421052632 0.933082706766917 0.73 0.760869565217391 0.703703703703704 0.861916264090177 1 3 56 1 525.128
0.9425 0.952380952380952 0.931578947368421 0.989248120300752 0.81 0.804347826086957 0.814814814814815 0.904991948470209 2 3 56 1 525.128
0.865 0.885714285714286 0.842105263157895 0.933659147869674 0.74 0.760869565217391 0.722222222222222 0.867552334943639 NA 1 56 2 441.138
0.9375 0.938095238095238 0.936842105263158 0.98922305764411 0.87 0.934782608695652 0.814814814814815 0.932769726247987 5 2 56 2 441.138
0.9375 0.942857142857143 0.931578947368421 0.98937343358396 0.87 0.91304347826087 0.833333333333333 0.934380032206119 8 2 56 2 441.138
0.9425 0.947619047619048 0.936842105263158 0.99015037593985 0.85 0.91304347826087 0.796296296296296 0.929549114331723 10 2 56 2 441.138
0.87 0.89047619047619 0.847368421052632 0.933734335839599 0.73 0.760869565217391 0.703703703703704 0.861513687600644 1 3 56 2 441.138
0.9425 0.952380952380952 0.931578947368421 0.989172932330827 0.81 0.804347826086957 0.814814814814815 0.90378421900161 2 3 56 2 441.138
0.86 0.885714285714286 0.831578947368421 0.929598997493734 0.75 0.782608695652174 0.722222222222222 0.867954911433172 NA 1 56 3 840.379
0.9425 0.947619047619048 0.936842105263158 0.989423558897243 0.87 0.934782608695652 0.814814814814815 0.947262479871176 5 2 56 3 840.379
0.94 0.947619047619048 0.931578947368421 0.989448621553885 0.86 0.91304347826087 0.814814814814815 0.945652173913043 8 2 56 3 840.379
0.9425 0.947619047619048 0.936842105263158 0.990275689223058 0.86 0.91304347826087 0.814814814814815 0.940821256038647 10 2 56 3 840.379
0.865 0.89047619047619 0.836842105263158 0.929172932330827 0.74 0.782608695652174 0.703703703703704 0.868760064412238 1 3 56 3 840.379
0.94 0.957142857142857 0.921052631578947 0.989047619047619 0.83 0.847826086956522 0.814814814814815 0.90780998389694 2 3 56 3 840.379
