0.95 0.947368421052632 0.952380952380952 0.984962406015038 0.8 0.818181818181818 0.785714285714286 0.848214285714286 NA 1 52 1 57.343
1 1 1 1 0.88 0.863636363636364 0.892857142857143 0.912743506493506 5 2 52 1 57.343
1 1 1 1 0.79 0.704545454545455 0.857142857142857 0.83400974025974 8 2 52 1 57.343
1 1 1 1 0.85 0.840909090909091 0.857142857142857 0.885349025974026 10 2 52 1 57.343
0.925 0.894736842105263 0.952380952380952 0.989974937343358 0.79 0.795454545454545 0.785714285714286 0.840909090909091 1 3 52 1 57.343
0.95 0.894736842105263 1 0.994987468671679 0.77 0.636363636363636 0.875 0.866477272727273 2 3 52 1 57.343
0.95 0.947368421052632 0.952380952380952 0.984962406015038 0.79 0.818181818181818 0.767857142857143 0.857142857142857 NA 1 52 2 51.871
1 1 1 1 0.75 0.727272727272727 0.767857142857143 0.815746753246753 5 2 52 2 51.871
1 1 1 1 0.81 0.818181818181818 0.803571428571429 0.867897727272727 8 2 52 2 51.871
1 1 1 1 0.87 0.840909090909091 0.892857142857143 0.872564935064935 10 2 52 2 51.871
0.925 0.894736842105263 0.952380952380952 0.987468671679198 0.8 0.818181818181818 0.785714285714286 0.844561688311688 1 3 52 2 51.871
0.95 0.894736842105263 1 0.994987468671679 0.79 0.681818181818182 0.875 0.873376623376623 2 3 52 2 51.871
0.95 0.947368421052632 0.952380952380952 0.984962406015038 0.81 0.818181818181818 0.803571428571429 0.839691558441558 NA 1 52 3 104.485
1 1 1 1 0.82 0.772727272727273 0.857142857142857 0.83887987012987 5 2 52 3 104.485
1 1 1 1 0.79 0.659090909090909 0.892857142857143 0.851461038961039 8 2 52 3 104.485
1 1 1 1 0.85 0.818181818181818 0.875 0.880073051948052 10 2 52 3 104.485
0.925 0.894736842105263 0.952380952380952 0.984962406015038 0.79 0.772727272727273 0.803571428571429 0.836444805194805 1 3 52 3 104.485
0.925 0.894736842105263 0.952380952380952 0.994987468671679 0.78 0.659090909090909 0.875 0.856331168831169 2 3 52 3 104.485
