0.875 0.861878453038674 0.885844748858447 0.950225787734302 0.88 0.823529411764706 0.938775510204082 0.926370548219288 NA 1 27 1 868.701
0.945 0.939226519337017 0.949771689497717 0.986503191301496 0.93 0.92156862745098 0.938775510204082 0.96078431372549 5 2 27 1 868.701
0.9475 0.94475138121547 0.949771689497717 0.986503191301496 0.92 0.901960784313726 0.938775510204082 0.960384153661465 8 2 27 1 868.701
0.945 0.939226519337017 0.949771689497717 0.986932061858271 0.91 0.882352941176471 0.938775510204082 0.959583833533413 10 2 27 1 868.701
0.8825 0.883977900552486 0.881278538812785 0.949721234138096 0.88 0.843137254901961 0.918367346938776 0.923569427771108 1 3 27 1 868.701
0.9525 0.955801104972376 0.949771689497717 0.98862231640556 0.92 0.882352941176471 0.959183673469388 0.967987194877951 2 3 27 1 868.701
0.8725 0.861878453038674 0.881278538812785 0.950730341330508 0.89 0.843137254901961 0.938775510204082 0.927170868347339 NA 1 27 2 958.191
0.9425 0.933701657458563 0.949771689497717 0.986452735941875 0.93 0.92156862745098 0.938775510204082 0.96078431372549 5 2 27 2 958.191
0.945 0.939226519337017 0.949771689497717 0.986528418981306 0.92 0.901960784313726 0.938775510204082 0.960384153661465 8 2 27 2 958.191
0.945 0.939226519337017 0.949771689497717 0.986780695779409 0.92 0.901960784313726 0.938775510204082 0.959583833533413 10 2 27 2 958.191
0.885 0.883977900552486 0.885844748858447 0.950124877015061 0.88 0.843137254901961 0.918367346938776 0.923169267707083 1 3 27 2 958.191
0.955 0.955801104972376 0.954337899543379 0.98857186104594 0.92 0.882352941176471 0.959183673469388 0.969587835134054 2 3 27 2 958.191
0.875 0.861878453038674 0.885844748858447 0.950679885970887 0.88 0.823529411764706 0.938775510204082 0.923569427771108 NA 1 27 3 1571.686
0.945 0.939226519337017 0.949771689497717 0.986452735941875 0.92 0.901960784313726 0.938775510204082 0.960384153661465 5 2 27 3 1571.686
0.9475 0.939226519337017 0.954337899543379 0.98685637881884 0.92 0.901960784313726 0.938775510204082 0.961184473789516 8 2 27 3 1571.686
0.9475 0.939226519337017 0.954337899543379 0.987436615454477 0.9 0.862745098039216 0.938775510204082 0.960384153661465 10 2 27 3 1571.686
0.88 0.878453038674033 0.881278538812785 0.949746461817907 0.87 0.823529411764706 0.918367346938776 0.920368147258903 1 3 27 3 1571.686
0.95 0.955801104972376 0.945205479452055 0.988672771765181 0.9 0.843137254901961 0.959183673469388 0.964385754301721 2 3 27 3 1571.686
