0.83 0.83 0.83 0.9337 0.85 0.826086956521739 0.87037037037037 0.906602254428341 NA 1 40 1 246.01
0.94 0.95 0.93 0.9826 0.87 0.826086956521739 0.907407407407407 0.948067632850242 5 2 40 1 246.01
0.945 0.96 0.93 0.9829 0.88 0.847826086956522 0.907407407407407 0.951288244766506 8 2 40 1 246.01
0.945 0.96 0.93 0.9837 0.88 0.847826086956522 0.907407407407407 0.951690821256039 10 2 40 1 246.01
0.85 0.86 0.84 0.9327 0.84 0.826086956521739 0.851851851851852 0.905797101449275 1 3 40 1 246.01
0.94 0.96 0.92 0.9844 0.83 0.847826086956522 0.814814814814815 0.93317230273752 2 3 40 1 246.01
0.83 0.84 0.82 0.9334 0.85 0.804347826086957 0.888888888888889 0.904991948470209 NA 1 40 2 247.106
0.94 0.95 0.93 0.9822 0.87 0.826086956521739 0.907407407407407 0.948470209339775 5 2 40 2 247.106
0.94 0.95 0.93 0.9828 0.88 0.847826086956522 0.907407407407407 0.952093397745572 8 2 40 2 247.106
0.945 0.96 0.93 0.9837 0.88 0.847826086956522 0.907407407407407 0.952898550724638 10 2 40 2 247.106
0.845 0.85 0.84 0.9339 0.83 0.826086956521739 0.833333333333333 0.904186795491143 1 3 40 2 247.106
0.945 0.96 0.93 0.9846 0.83 0.847826086956522 0.814814814814815 0.932769726247987 2 3 40 2 247.106
0.83 0.86 0.8 0.9345 0.86 0.847826086956522 0.87037037037037 0.907004830917874 NA 1 40 3 383.478
0.935 0.94 0.93 0.9828 0.87 0.826086956521739 0.907407407407407 0.949677938808374 5 2 40 3 383.478
0.945 0.96 0.93 0.9832 0.87 0.826086956521739 0.907407407407407 0.952093397745572 8 2 40 3 383.478
0.94 0.95 0.93 0.9837 0.88 0.826086956521739 0.925925925925926 0.953703703703704 10 2 40 3 383.478
0.84 0.86 0.82 0.9327 0.84 0.826086956521739 0.851851851851852 0.907407407407407 1 3 40 3 383.478
0.935 0.95 0.92 0.9827 0.84 0.869565217391304 0.814814814814815 0.935587761674718 2 3 40 3 383.478
