0.8 0.846153846153846 0.714285714285714 0.928571428571429 0.8 0.758620689655172 0.857142857142857 0.899835796387521 NA 1 57 1 51.838
1 1 1 1 0.67 0.793103448275862 0.5 0.654556650246305 5 2 57 1 51.838
0.975 1 0.928571428571429 0.946428571428571 0.67 0.775862068965517 0.523809523809524 0.665024630541872 8 2 57 1 51.838
1 1 1 1 0.59 0.637931034482759 0.523809523809524 0.587233169129721 10 2 57 1 51.838
0.75 1 0.285714285714286 0.928571428571429 0.77 0.931034482758621 0.547619047619048 0.912972085385878 1 3 57 1 51.838
0.9 0.961538461538462 0.785714285714286 0.980769230769231 0.75 0.844827586206897 0.619047619047619 0.871510673234811 2 3 57 1 51.838
0.8 0.846153846153846 0.714285714285714 0.928571428571429 0.81 0.758620689655172 0.880952380952381 0.908045977011494 NA 1 57 2 34.931
1 1 1 1 0.75 0.862068965517241 0.595238095238095 0.730295566502463 5 2 57 2 34.931
0.975 0.961538461538462 1 0.972527472527473 0.77 0.879310344827586 0.619047619047619 0.741379310344828 8 2 57 2 34.931
1 1 1 1 0.8 0.913793103448276 0.642857142857143 0.798645320197044 10 2 57 2 34.931
0.75 0.961538461538462 0.357142857142857 0.925824175824176 0.78 0.948275862068966 0.547619047619048 0.919950738916256 1 3 57 2 34.931
0.9 0.961538461538462 0.785714285714286 0.983516483516484 0.75 0.862068965517241 0.595238095238095 0.874794745484401 2 3 57 2 34.931
0.8 0.846153846153846 0.714285714285714 0.925824175824176 0.79 0.741379310344828 0.857142857142857 0.896551724137931 NA 1 57 3 73.354
0.85 0.884615384615385 0.785714285714286 0.956043956043956 0.78 0.862068965517241 0.666666666666667 0.852627257799672 5 2 57 3 73.354
1 1 1 1 0.77 0.96551724137931 0.5 0.732758620689655 8 2 57 3 73.354
1 1 1 1 0.78 0.879310344827586 0.642857142857143 0.75923645320197 10 2 57 3 73.354
0.75 1 0.285714285714286 0.928571428571429 0.78 0.931034482758621 0.571428571428571 0.899425287356322 1 3 57 3 73.354
0.875 0.961538461538462 0.714285714285714 0.978021978021978 0.75 0.844827586206897 0.619047619047619 0.862068965517241 2 3 57 3 73.354
