0.85 0.857142857142857 0.842105263157895 0.949874686716792 0.79 0.792452830188679 0.787234042553192 0.90726615816941 NA 1 9 1 37.543
1 1 1 1 0.82 0.773584905660377 0.872340425531915 0.874749096748294 5 2 9 1 37.543
1 1 1 1 0.82 0.735849056603774 0.914893617021277 0.904656764351666 8 2 9 1 37.543
1 1 1 1 0.77 0.716981132075472 0.829787234042553 0.815736651947009 10 2 9 1 37.543
0.9 0.904761904761905 0.894736842105263 0.932330827067669 0.84 0.830188679245283 0.851063829787234 0.937374548374147 1 3 9 1 37.543
0.975 1 0.947368421052632 0.994987468671679 0.86 0.830188679245283 0.893617021276596 0.941790445604175 2 3 9 1 37.543
0.85 0.857142857142857 0.842105263157895 0.949874686716792 0.78 0.773584905660377 0.787234042553192 0.909273384183059 NA 1 9 2 47.536
1 1 1 1 0.78 0.754716981132076 0.808510638297872 0.87294259333601 5 2 9 2 47.536
1 1 1 1 0.82 0.754716981132076 0.893617021276596 0.823966278602971 8 2 9 2 47.536
1 1 1 1 0.78 0.735849056603774 0.829787234042553 0.848655158570855 10 2 9 2 47.536
0.9 0.904761904761905 0.894736842105263 0.932330827067669 0.82 0.811320754716981 0.829787234042553 0.938980329185066 1 3 9 2 47.536
0.975 1 0.947368421052632 0.994987468671679 0.85 0.830188679245283 0.872340425531915 0.938578883982336 2 3 9 2 47.536
0.85 0.857142857142857 0.842105263157895 0.952380952380952 0.8 0.773584905660377 0.829787234042553 0.905660377358491 NA 1 9 3 61.47
1 1 1 1 0.73 0.622641509433962 0.851063829787234 0.828984343637094 5 2 9 3 61.47
1 1 1 1 0.73 0.547169811320755 0.936170212765957 0.763950220794862 8 2 9 3 61.47
1 1 1 1 0.71 0.547169811320755 0.893617021276596 0.769169008430349 10 2 9 3 61.47
0.9 0.904761904761905 0.894736842105263 0.93734335839599 0.82 0.792452830188679 0.851063829787234 0.93095142513047 1 3 9 3 61.47
0.975 1 0.947368421052632 0.994987468671679 0.85 0.773584905660377 0.936170212765957 0.943797671617824 2 3 9 3 61.47
