0.925 0.90625 0.9375 0.983723958333333 0.84 0.735849056603774 0.957446808510638 0.881172219991971 NA 1 98 1 132.633
1 1 1 1 0.76 0.660377358490566 0.872340425531915 0.786631874749097 5 2 98 1 132.633
1 1 1 1 0.77 0.679245283018868 0.872340425531915 0.801284624648736 8 2 98 1 132.633
1 1 1 1 0.78 0.716981132075472 0.851063829787234 0.835608189482136 10 2 98 1 132.633
0.925 0.875 0.958333333333333 0.98046875 0.83 0.754716981132076 0.914893617021277 0.882376555600161 1 3 98 1 132.633
0.975 1 0.958333333333333 0.992838541666667 0.81 0.754716981132076 0.872340425531915 0.934965877157768 2 3 98 1 132.633
0.925 0.90625 0.9375 0.983072916666667 0.84 0.735849056603774 0.957446808510638 0.88277800080289 NA 1 98 2 129.076
1 1 1 1 0.78 0.679245283018868 0.893617021276596 0.785427539140907 5 2 98 2 129.076
1 1 1 1 0.8 0.754716981132076 0.851063829787234 0.838819751103974 8 2 98 2 129.076
1 1 1 1 0.82 0.792452830188679 0.851063829787234 0.84885588117222 10 2 98 2 129.076
0.9125 0.875 0.9375 0.98046875 0.83 0.754716981132076 0.914893617021277 0.88358089120835 1 3 98 2 129.076
0.975 1 0.958333333333333 0.993489583333333 0.81 0.754716981132076 0.872340425531915 0.936571657968687 2 3 98 2 129.076
0.925 0.90625 0.9375 0.983072916666667 0.85 0.735849056603774 0.978723404255319 0.877559213167403 NA 1 98 3 221.56
1 1 1 1 0.8 0.716981132075472 0.893617021276596 0.80228823765556 5 2 98 3 221.56
1 1 1 1 0.76 0.679245283018868 0.851063829787234 0.799678843837816 8 2 98 3 221.56
1 1 1 1 0.82 0.773584905660377 0.872340425531915 0.858691288639101 10 2 98 3 221.56
0.925 0.875 0.958333333333333 0.979817708333333 0.83 0.735849056603774 0.936170212765957 0.885588117221999 1 3 98 3 221.56
0.9625 0.96875 0.958333333333333 0.9921875 0.82 0.773584905660377 0.872340425531915 0.931754315535929 2 3 98 3 221.56
