0.866666666666667 0.898550724637681 0.823529411764706 0.942313157146917 0.81 0.872340425531915 0.754716981132076 0.938578883982336 NA 1 10 1 135.116
0.95 0.956521739130435 0.941176470588235 0.982665529980108 0.86 0.936170212765957 0.792452830188679 0.959454034524287 5 2 10 1 135.116
0.95 0.956521739130435 0.941176470588235 0.985223074737141 0.84 0.914893617021277 0.773584905660377 0.95463669209153 8 2 10 1 135.116
0.958333333333333 0.971014492753623 0.941176470588235 0.991759022449559 0.82 0.893617021276596 0.754716981132076 0.952228020875151 10 2 10 1 135.116
0.858333333333333 0.942028985507246 0.745098039215686 0.941176470588235 0.8 0.914893617021277 0.69811320754717 0.936973103171417 1 3 10 1 135.116
0.941666666666667 0.971014492753623 0.901960784313726 0.977550440466041 0.87 0.957446808510638 0.792452830188679 0.967081493376154 2 3 10 1 135.116
0.858333333333333 0.898550724637681 0.803921568627451 0.939471440750213 0.81 0.872340425531915 0.754716981132076 0.939381774387796 NA 1 10 2 139.633
0.95 0.956521739130435 0.941176470588235 0.981528843421427 0.85 0.914893617021277 0.792452830188679 0.963468486551586 5 2 10 2 139.633
0.95 0.956521739130435 0.941176470588235 0.985223074737141 0.85 0.914893617021277 0.792452830188679 0.957446808510638 8 2 10 2 139.633
0.966666666666667 0.971014492753623 0.96078431372549 0.991474850809889 0.83 0.893617021276596 0.773584905660377 0.956643918105179 10 2 10 2 139.633
0.841666666666667 0.898550724637681 0.764705882352941 0.93719806763285 0.8 0.893617021276596 0.716981132075472 0.940987555198715 1 3 10 2 139.633
0.941666666666667 0.971014492753623 0.901960784313726 0.972435350951975 0.87 0.957446808510638 0.792452830188679 0.969088719389803 2 3 10 2 139.633
0.875 0.927536231884058 0.803921568627451 0.938903097470872 0.81 0.893617021276596 0.735849056603774 0.934965877157768 NA 1 10 3 205.585
0.95 0.956521739130435 0.941176470588235 0.983518044899119 0.85 0.914893617021277 0.792452830188679 0.955038137294259 5 2 10 3 205.585
0.95 0.956521739130435 0.941176470588235 0.986359761295823 0.84 0.914893617021277 0.773584905660377 0.946206342834203 8 2 10 3 205.585
0.941666666666667 0.956521739130435 0.92156862745098 0.987496447854504 0.83 0.893617021276596 0.773584905660377 0.947812123645122 10 2 10 3 205.585
0.85 0.927536231884058 0.745098039215686 0.938334754191532 0.8 0.893617021276596 0.716981132075472 0.936170212765957 1 3 10 3 205.585
0.95 0.971014492753623 0.92156862745098 0.973003694231316 0.89 0.978723404255319 0.811320754716981 0.960658370132477 2 3 10 3 205.585
