0.775 0.763157894736842 0.785714285714286 0.901002506265664 0.81 0.729166666666667 0.884615384615385 0.887419871794872 NA 1 21 1 107.103
0.9625 0.947368421052632 0.976190476190476 0.99812030075188 0.84 0.8125 0.865384615384615 0.917067307692308 5 2 21 1 107.103
1 1 1 1 0.87 0.8125 0.923076923076923 0.873397435897436 8 2 21 1 107.103
0.9875 0.973684210526316 1 1 0.65 0.729166666666667 0.576923076923077 0.653245192307692 10 2 21 1 107.103
0.8125 0.789473684210526 0.833333333333333 0.896616541353383 0.8 0.666666666666667 0.923076923076923 0.890625 1 3 21 1 107.103
0.925 0.921052631578947 0.928571428571429 0.984962406015038 0.75 0.8125 0.692307692307692 0.856169871794872 2 3 21 1 107.103
0.775 0.763157894736842 0.785714285714286 0.900375939849624 0.8 0.708333333333333 0.884615384615385 0.887820512820513 NA 1 21 2 112.308
1 1 1 1 0.87 0.8125 0.923076923076923 0.874599358974359 5 2 21 2 112.308
1 1 1 1 0.85 0.770833333333333 0.923076923076923 0.870592948717949 8 2 21 2 112.308
1 1 1 1 0.83 0.791666666666667 0.865384615384615 0.840144230769231 10 2 21 2 112.308
0.8 0.763157894736842 0.833333333333333 0.897869674185464 0.78 0.645833333333333 0.903846153846154 0.889823717948718 1 3 21 2 112.308
0.925 0.921052631578947 0.928571428571429 0.984962406015038 0.75 0.8125 0.692307692307692 0.857371794871795 2 3 21 2 112.308
0.775 0.763157894736842 0.785714285714286 0.904135338345865 0.82 0.729166666666667 0.903846153846154 0.88301282051282 NA 1 21 3 189.588
0.95 0.947368421052632 0.952380952380952 0.994360902255639 0.87 0.833333333333333 0.903846153846154 0.930288461538462 5 2 21 3 189.588
1 1 1 1 0.84 0.75 0.923076923076923 0.878605769230769 8 2 21 3 189.588
1 1 1 1 0.87 0.8125 0.923076923076923 0.884214743589744 10 2 21 3 189.588
0.825 0.789473684210526 0.857142857142857 0.890977443609023 0.79 0.645833333333333 0.923076923076923 0.888621794871795 1 3 21 3 189.588
0.9125 0.894736842105263 0.928571428571429 0.982456140350877 0.73 0.770833333333333 0.692307692307692 0.846955128205128 2 3 21 3 189.588
