0.95 0.944444444444444 0.954545454545455 0.984848484848485 0.84 0.711538461538462 0.979166666666667 0.864983974358974 NA 1 6 1 45.026
1 1 1 1 0.81 0.673076923076923 0.958333333333333 0.846354166666667 5 2 6 1 45.026
1 1 1 1 0.83 0.692307692307692 0.979166666666667 0.868189102564103 8 2 6 1 45.026
1 1 1 1 0.83 0.711538461538462 0.958333333333333 0.909054487179487 10 2 6 1 45.026
0.925 0.944444444444444 0.909090909090909 0.97979797979798 0.77 0.596153846153846 0.958333333333333 0.860977564102564 1 3 6 1 45.026
0.925 0.944444444444444 0.909090909090909 0.987373737373737 0.83 0.730769230769231 0.9375 0.934294871794872 2 3 6 1 45.026
0.95 0.944444444444444 0.954545454545455 0.984848484848485 0.84 0.711538461538462 0.979166666666667 0.870592948717949 NA 1 6 2 55.641
1 1 1 1 0.82 0.692307692307692 0.958333333333333 0.876201923076923 5 2 6 2 55.641
1 1 1 1 0.83 0.692307692307692 0.979166666666667 0.873197115384615 8 2 6 2 55.641
1 1 1 1 0.77 0.653846153846154 0.895833333333333 0.848557692307692 10 2 6 2 55.641
0.925 0.944444444444444 0.909090909090909 0.97979797979798 0.78 0.615384615384615 0.958333333333333 0.869791666666667 1 3 6 2 55.641
0.925 0.944444444444444 0.909090909090909 0.984848484848485 0.84 0.730769230769231 0.958333333333333 0.936698717948718 2 3 6 2 55.641
0.95 0.944444444444444 0.954545454545455 0.984848484848485 0.82 0.692307692307692 0.958333333333333 0.862980769230769 NA 1 6 3 81.198
1 1 1 1 0.87 0.788461538461538 0.958333333333333 0.905448717948718 5 2 6 3 81.198
1 1 1 1 0.82 0.673076923076923 0.979166666666667 0.881410256410256 8 2 6 3 81.198
1 1 1 1 0.83 0.692307692307692 0.979166666666667 0.856770833333333 10 2 6 3 81.198
0.925 0.944444444444444 0.909090909090909 0.984848484848485 0.79 0.653846153846154 0.9375 0.871794871794872 1 3 6 3 81.198
0.925 0.944444444444444 0.909090909090909 0.992424242424242 0.87 0.769230769230769 0.979166666666667 0.932291666666667 2 3 6 3 81.198
