1 1 1 1 0.85 0.795918367346939 0.901960784313726 0.860344137655062 NA 1 94 1 30.963
1 1 1 1 0.85 0.795918367346939 0.901960784313726 0.849339735894358 5 2 94 1 30.963
1 1 1 1 0.85 0.795918367346939 0.901960784313726 0.849339735894358 8 2 94 1 30.963
1 1 1 1 0.85 0.795918367346939 0.901960784313726 0.848939575830332 10 2 94 1 30.963
0.96875 1 0.928571428571429 1 0.78 0.816326530612245 0.745098039215686 0.890756302521008 1 3 94 1 30.963
0.96875 0.944444444444444 1 1 0.79 0.73469387755102 0.843137254901961 0.88875550220088 2 3 94 1 30.963
1 1 1 1 0.85 0.795918367346939 0.901960784313726 0.858943577430972 NA 1 94 2 39.455
1 1 1 1 0.85 0.795918367346939 0.901960784313726 0.849339735894358 5 2 94 2 39.455
1 1 1 1 0.85 0.795918367346939 0.901960784313726 0.848939575830332 8 2 94 2 39.455
1 1 1 1 0.85 0.795918367346939 0.901960784313726 0.848939575830332 10 2 94 2 39.455
0.96875 1 0.928571428571429 1 0.79 0.816326530612245 0.764705882352941 0.893157262905162 1 3 94 2 39.455
0.96875 0.944444444444444 1 1 0.8 0.755102040816326 0.843137254901961 0.88515406162465 2 3 94 2 39.455
1 1 1 1 0.85 0.795918367346939 0.901960784313726 0.854341736694678 NA 1 94 3 54.294
1 1 1 1 0.84 0.775510204081633 0.901960784313726 0.857943177270908 5 2 94 3 54.294
1 1 1 1 0.84 0.775510204081633 0.901960784313726 0.856742697078832 8 2 94 3 54.294
1 1 1 1 0.84 0.775510204081633 0.901960784313726 0.856742697078832 10 2 94 3 54.294
0.96875 1 0.928571428571429 1 0.76 0.795918367346939 0.725490196078431 0.889555822328932 1 3 94 3 54.294
0.96875 0.944444444444444 1 1 0.8 0.73469387755102 0.862745098039216 0.890356142456983 2 3 94 3 54.294
