0.905 0.905660377358491 0.904255319148936 0.964070654355681 0.77 0.733333333333333 0.8 0.905858585858586 NA 1 86 1 252.015
0.96 0.962264150943396 0.957446808510638 0.991469289441991 0.86 0.8 0.909090909090909 0.953131313131313 5 2 86 1 252.015
0.965 0.981132075471698 0.946808510638298 0.993576876756323 0.88 0.822222222222222 0.927272727272727 0.94949494949495 8 2 86 1 252.015
1 1 1 1 0.83 0.822222222222222 0.836363636363636 0.839393939393939 10 2 86 1 252.015
0.93 0.915094339622642 0.946808510638298 0.962966680048173 0.79 0.777777777777778 0.8 0.908686868686869 1 3 86 1 252.015
0.96 0.962264150943396 0.957446808510638 0.984745082296267 0.85 0.8 0.890909090909091 0.915959595959596 2 3 86 1 252.015
0.895 0.886792452830189 0.904255319148936 0.962264150943396 0.78 0.755555555555556 0.8 0.907474747474747 NA 1 86 2 248.244
0.965 0.962264150943396 0.968085106382979 0.991569650742674 0.87 0.8 0.927272727272727 0.96 5 2 86 2 248.244
0.965 0.971698113207547 0.957446808510638 0.992874347651546 0.87 0.8 0.927272727272727 0.952727272727273 8 2 86 2 248.244
0.965 0.971698113207547 0.957446808510638 0.992974708952228 0.88 0.822222222222222 0.927272727272727 0.953535353535354 10 2 86 2 248.244
0.925 0.915094339622642 0.936170212765957 0.961661983139302 0.81 0.8 0.818181818181818 0.908282828282828 1 3 86 2 248.244
0.96 0.971698113207547 0.946808510638298 0.98775592131674 0.83 0.8 0.854545454545454 0.912727272727273 2 3 86 2 248.244
0.925 0.905660377358491 0.946808510638298 0.962364512244079 0.79 0.755555555555556 0.818181818181818 0.911111111111111 NA 1 86 3 449.986
0.96 0.962264150943396 0.957446808510638 0.991268566840626 0.87 0.8 0.927272727272727 0.961212121212121 5 2 86 3 449.986
0.975 0.981132075471698 0.968085106382979 0.992573263749498 0.89 0.844444444444444 0.927272727272727 0.953131313131313 8 2 86 3 449.986
0.975 0.981132075471698 0.968085106382979 0.992874347651546 0.88 0.844444444444444 0.909090909090909 0.953535353535354 10 2 86 3 449.986
0.94 0.924528301886792 0.957446808510638 0.9599558410277 0.8 0.8 0.8 0.915959595959596 1 3 86 3 449.986
0.955 0.962264150943396 0.946808510638298 0.987454837414693 0.84 0.822222222222222 0.854545454545454 0.907878787878788 2 3 86 3 449.986
