0.8875 0.9 0.875 0.964375 0.86 0.760869565217391 0.944444444444444 0.97061191626409 NA 1 42 1 81.375
0.9625 0.95 0.975 0.990625 0.97 0.956521739130435 0.981481481481482 0.986714975845411 5 2 42 1 81.375
1 1 1 1 0.9 0.91304347826087 0.888888888888889 0.911231884057971 8 2 42 1 81.375
1 1 1 1 0.9 0.891304347826087 0.907407407407407 0.91304347826087 10 2 42 1 81.375
0.8875 0.9 0.875 0.9575 0.88 0.826086956521739 0.925925925925926 0.971014492753623 1 3 42 1 81.375
0.925 0.925 0.925 0.981875 0.92 0.869565217391304 0.962962962962963 0.981078904991948 2 3 42 1 81.375
0.9 0.9 0.9 0.96625 0.86 0.760869565217391 0.944444444444444 0.971417069243156 NA 1 42 2 137.28
0.9625 0.95 0.975 0.990625 0.96 0.956521739130435 0.962962962962963 0.98792270531401 5 2 42 2 137.28
1 1 1 1 0.89 0.826086956521739 0.944444444444444 0.902777777777778 8 2 42 2 137.28
1 1 1 1 0.9 0.869565217391304 0.925925925925926 0.922101449275362 10 2 42 2 137.28
0.8875 0.9 0.875 0.961875 0.86 0.826086956521739 0.888888888888889 0.97061191626409 1 3 42 2 137.28
0.9125 0.9 0.925 0.980625 0.92 0.869565217391304 0.962962962962963 0.979066022544283 2 3 42 2 137.28
0.8875 0.9 0.875 0.965 0.86 0.782608695652174 0.925925925925926 0.968599033816425 NA 1 42 3 153.991
0.975 0.975 0.975 0.99125 0.95 0.934782608695652 0.962962962962963 0.986714975845411 5 2 42 3 153.991
1 1 1 1 0.87 0.826086956521739 0.907407407407407 0.902979066022544 8 2 42 3 153.991
0.9875 1 0.975 1 0.78 0.804347826086957 0.759259259259259 0.859903381642512 10 2 42 3 153.991
0.875 0.9 0.85 0.9625 0.86 0.782608695652174 0.925925925925926 0.969404186795491 1 3 42 3 153.991
0.9125 0.9 0.925 0.98375 0.93 0.869565217391304 0.981481481481482 0.978260869565217 2 3 42 3 153.991
