0.85 0.8 0.88 0.96 0.76 0.620689655172414 0.952380952380952 0.855090311986864 NA 1 77 1 46.988
1 1 1 1 0.83 0.758620689655172 0.928571428571429 0.897167487684729 5 2 77 1 46.988
1 1 1 1 0.8 0.689655172413793 0.952380952380952 0.896551724137931 8 2 77 1 46.988
1 1 1 1 0.82 0.724137931034483 0.952380952380952 0.885057471264368 10 2 77 1 46.988
0.9 0.8 0.96 0.957333333333333 0.78 0.637931034482759 0.976190476190476 0.86863711001642 1 3 77 1 46.988
1 1 1 1 0.83 0.741379310344828 0.952380952380952 0.94991789819376 2 3 77 1 46.988
0.85 0.8 0.88 0.96 0.76 0.620689655172414 0.952380952380952 0.855090311986864 NA 1 77 2 58.617
1 1 1 1 0.84 0.775862068965517 0.928571428571429 0.889367816091954 5 2 77 2 58.617
1 1 1 1 0.83 0.741379310344828 0.952380952380952 0.884646962233169 8 2 77 2 58.617
1 1 1 1 0.83 0.793103448275862 0.880952380952381 0.925287356321839 10 2 77 2 58.617
0.875 0.8 0.92 0.957333333333333 0.78 0.637931034482759 0.976190476190476 0.864121510673235 1 3 77 2 58.617
0.975 1 0.96 1 0.82 0.741379310344828 0.928571428571429 0.948686371100164 2 3 77 2 58.617
0.9 0.866666666666667 0.92 0.962666666666667 0.76 0.620689655172414 0.952380952380952 0.854679802955665 NA 1 77 3 85.163
1 1 1 1 0.7 0.5 0.976190476190476 0.804187192118227 5 2 77 3 85.163
0.975 0.933333333333333 1 1 0.84 0.758620689655172 0.952380952380952 0.913587848932677 8 2 77 3 85.163
1 1 1 1 0.83 0.741379310344828 0.952380952380952 0.877668308702791 10 2 77 3 85.163
0.9 0.8 0.96 0.941333333333333 0.73 0.551724137931034 0.976190476190476 0.878489326765189 1 3 77 3 85.163
0.95 0.866666666666667 1 0.992 0.83 0.724137931034483 0.976190476190476 0.949507389162562 2 3 77 3 85.163
