0.833333333333333 0.836065573770492 0.830508474576271 0.917199222006113 0.85 0.88 0.82 0.9584 NA 1 60 1 170.068
0.95 0.950819672131147 0.949152542372881 0.985829397054737 0.93 0.92 0.94 0.9676 5 2 60 1 170.068
0.958333333333333 0.950819672131147 0.966101694915254 0.993331480966935 0.94 0.96 0.92 0.9708 8 2 60 1 170.068
0.966666666666667 0.967213114754098 0.966101694915254 0.993609335926646 0.93 0.94 0.92 0.9692 10 2 60 1 170.068
0.833333333333333 0.868852459016393 0.796610169491525 0.920255626562934 0.87 0.92 0.82 0.9556 1 3 60 1 170.068
0.916666666666667 0.934426229508197 0.898305084745763 0.979716587941095 0.93 0.96 0.9 0.9728 2 3 60 1 170.068
0.833333333333333 0.836065573770492 0.830508474576271 0.91914420672409 0.85 0.88 0.82 0.9588 NA 1 60 2 159.709
0.95 0.950819672131147 0.949152542372881 0.984440122256182 0.96 0.96 0.96 0.9724 5 2 60 2 159.709
0.958333333333333 0.950819672131147 0.966101694915254 0.993331480966935 0.94 0.96 0.92 0.9712 8 2 60 2 159.709
0.958333333333333 0.950819672131147 0.966101694915254 0.993609335926646 0.93 0.94 0.92 0.9712 10 2 60 2 159.709
0.833333333333333 0.868852459016393 0.796610169491525 0.923034176160044 0.87 0.92 0.82 0.9568 1 3 60 2 159.709
0.916666666666667 0.934426229508197 0.898305084745763 0.980550152820228 0.93 0.96 0.9 0.9736 2 3 60 2 159.709
0.825 0.836065573770492 0.813559322033898 0.910808557932759 0.87 0.92 0.82 0.9548 NA 1 60 3 315.712
0.933333333333333 0.934426229508197 0.932203389830508 0.985273687135315 0.92 0.9 0.94 0.9656 5 2 60 3 315.712
0.95 0.950819672131147 0.949152542372881 0.98916365657127 0.96 0.96 0.96 0.976 8 2 60 3 315.712
0.958333333333333 0.950819672131147 0.966101694915254 0.990275076410114 0.95 0.94 0.96 0.9756 10 2 60 3 315.712
0.825 0.852459016393443 0.796610169491525 0.914698527368713 0.86 0.92 0.8 0.9504 1 3 60 3 315.712
0.916666666666667 0.934426229508197 0.898305084745763 0.979438732981384 0.94 0.96 0.92 0.968 2 3 60 3 315.712
