0.875 0.880597014925373 0.867924528301887 0.939172064207266 0.86 0.888888888888889 0.836363636363636 0.943030303030303 NA 1 74 1 90.744
1 1 1 1 0.89 0.844444444444444 0.927272727272727 0.902828282828283 5 2 74 1 90.744
1 1 1 1 0.88 0.822222222222222 0.927272727272727 0.892525252525253 8 2 74 1 90.744
1 1 1 1 0.88 0.844444444444444 0.909090909090909 0.902626262626263 10 2 74 1 90.744
0.866666666666667 0.925373134328358 0.792452830188679 0.937482399324134 0.84 0.888888888888889 0.8 0.941010101010101 1 3 74 1 90.744
0.95 0.955223880597015 0.943396226415094 0.995494226978316 0.83 0.777777777777778 0.872727272727273 0.925252525252525 2 3 74 1 90.744
0.85 0.850746268656716 0.849056603773585 0.931286961419318 0.83 0.866666666666667 0.8 0.94020202020202 NA 1 74 2 106.49
1 1 1 1 0.89 0.822222222222222 0.945454545454545 0.892525252525253 5 2 74 2 106.49
1 1 1 1 0.83 0.755555555555556 0.890909090909091 0.834949494949495 8 2 74 2 106.49
1 1 1 1 0.74 0.688888888888889 0.781818181818182 0.823838383838384 10 2 74 2 106.49
0.866666666666667 0.91044776119403 0.811320754716981 0.928752464094621 0.82 0.866666666666667 0.781818181818182 0.938585858585859 1 3 74 2 106.49
0.958333333333333 0.955223880597015 0.962264150943396 0.995494226978316 0.83 0.777777777777778 0.872727272727273 0.921616161616162 2 3 74 2 106.49
0.833333333333333 0.850746268656716 0.811320754716981 0.930723739791608 0.85 0.911111111111111 0.8 0.939393939393939 NA 1 74 3 171.283
1 1 1 1 0.89 0.844444444444444 0.927272727272727 0.894545454545455 5 2 74 3 171.283
1 1 1 1 0.89 0.844444444444444 0.927272727272727 0.891515151515152 8 2 74 3 171.283
1 1 1 1 0.84 0.8 0.872727272727273 0.885454545454545 10 2 74 3 171.283
0.866666666666667 0.880597014925373 0.849056603773585 0.931286961419318 0.84 0.888888888888889 0.8 0.938181818181818 1 3 74 3 171.283
0.958333333333333 0.955223880597015 0.962264150943396 0.995775837792171 0.83 0.777777777777778 0.872727272727273 0.922828282828283 2 3 74 3 171.283
