0.8675 0.878048780487805 0.856410256410256 0.945315822388993 0.84 0.807692307692308 0.875 0.88301282051282 NA 1 92 1 1061.042
0.935 0.936585365853659 0.933333333333333 0.982138836772983 0.87 0.826923076923077 0.916666666666667 0.932291666666667 5 2 92 1 1061.042
0.935 0.941463414634146 0.928205128205128 0.982313946216385 0.87 0.826923076923077 0.916666666666667 0.934695512820513 8 2 92 1 1061.042
0.935 0.941463414634146 0.928205128205128 0.982489055659787 0.87 0.826923076923077 0.916666666666667 0.933894230769231 10 2 92 1 1061.042
0.875 0.882926829268293 0.866666666666667 0.94484052532833 0.84 0.807692307692308 0.875 0.884615384615385 1 3 92 1 1061.042
0.935 0.936585365853659 0.933333333333333 0.977936210131332 0.89 0.865384615384615 0.916666666666667 0.936698717948718 2 3 92 1 1061.042
0.87 0.878048780487805 0.861538461538462 0.946366479049406 0.84 0.807692307692308 0.875 0.88261217948718 NA 1 92 2 838.439
0.935 0.936585365853659 0.933333333333333 0.982213883677298 0.87 0.826923076923077 0.916666666666667 0.933092948717949 5 2 92 2 838.439
0.935 0.941463414634146 0.928205128205128 0.982363977485929 0.87 0.826923076923077 0.916666666666667 0.934695512820513 8 2 92 2 838.439
0.9375 0.941463414634146 0.933333333333333 0.982489055659787 0.87 0.826923076923077 0.916666666666667 0.933092948717949 10 2 92 2 838.439
0.88 0.892682926829268 0.866666666666667 0.945590994371482 0.84 0.807692307692308 0.875 0.885416666666667 1 3 92 2 838.439
0.935 0.936585365853659 0.933333333333333 0.978136335209506 0.89 0.865384615384615 0.916666666666667 0.937099358974359 2 3 92 2 838.439
0.8675 0.873170731707317 0.861538461538462 0.94411507191995 0.84 0.807692307692308 0.875 0.88261217948718 NA 1 92 3 1857.818
0.935 0.936585365853659 0.933333333333333 0.981563477173233 0.87 0.826923076923077 0.916666666666667 0.932291666666667 5 2 92 3 1857.818
0.935 0.941463414634146 0.928205128205128 0.982213883677298 0.87 0.826923076923077 0.916666666666667 0.932291666666667 8 2 92 3 1857.818
0.935 0.941463414634146 0.928205128205128 0.982439024390244 0.87 0.826923076923077 0.916666666666667 0.932291666666667 10 2 92 3 1857.818
0.875 0.878048780487805 0.871794871794872 0.94281425891182 0.81 0.769230769230769 0.854166666666667 0.880208333333333 1 3 92 3 1857.818
0.94 0.946341463414634 0.933333333333333 0.977711069418386 0.87 0.846153846153846 0.895833333333333 0.938301282051282 2 3 92 3 1857.818
