0.808333333333333 0.84375 0.767857142857143 0.900111607142857 0.79 0.793103448275862 0.785714285714286 0.86863711001642 NA 1 39 1 149.957
0.925 0.953125 0.892857142857143 0.977120535714286 0.82 0.827586206896552 0.80952380952381 0.89696223316913 5 2 39 1 149.957
0.941666666666667 0.953125 0.928571428571429 0.988002232142857 0.84 0.862068965517241 0.80952380952381 0.886288998357964 8 2 39 1 149.957
1 1 1 1 0.76 0.758620689655172 0.761904761904762 0.810755336617406 10 2 39 1 149.957
0.816666666666667 0.890625 0.732142857142857 0.898158482142857 0.83 0.879310344827586 0.761904761904762 0.880131362889984 1 3 39 1 149.957
0.891666666666667 0.921875 0.857142857142857 0.956194196428571 0.79 0.775862068965517 0.80952380952381 0.90927750410509 2 3 39 1 149.957
0.825 0.875 0.767857142857143 0.901227678571429 0.81 0.827586206896552 0.785714285714286 0.872742200328407 NA 1 39 2 197.457
0.925 0.953125 0.892857142857143 0.979352678571429 0.8 0.810344827586207 0.785714285714286 0.899425287356322 5 2 39 2 197.457
0.933333333333333 0.953125 0.910714285714286 0.989955357142857 0.83 0.844827586206897 0.80952380952381 0.888341543513957 8 2 39 2 197.457
1 1 1 1 0.8 0.724137931034483 0.904761904761905 0.841954022988506 10 2 39 2 197.457
0.808333333333333 0.890625 0.714285714285714 0.895926339285714 0.81 0.862068965517241 0.738095238095238 0.88136288998358 1 3 39 2 197.457
0.875 0.90625 0.839285714285714 0.955915178571429 0.81 0.793103448275862 0.833333333333333 0.906814449917898 2 3 39 2 197.457
0.808333333333333 0.875 0.732142857142857 0.897321428571429 0.79 0.793103448275862 0.785714285714286 0.870689655172414 NA 1 39 3 276.054
0.925 0.953125 0.892857142857143 0.976841517857143 0.82 0.844827586206897 0.785714285714286 0.899835796387521 5 2 39 3 276.054
0.933333333333333 0.953125 0.910714285714286 0.986886160714286 0.82 0.844827586206897 0.785714285714286 0.88423645320197 8 2 39 3 276.054
0.933333333333333 0.953125 0.910714285714286 0.987165178571429 0.82 0.827586206896552 0.80952380952381 0.885467980295567 10 2 39 3 276.054
0.825 0.890625 0.75 0.895368303571429 0.81 0.862068965517241 0.738095238095238 0.883825944170772 1 3 39 3 276.054
0.883333333333333 0.921875 0.839285714285714 0.960100446428571 0.82 0.810344827586207 0.833333333333333 0.913382594417077 2 3 39 3 276.054
