0.891666666666667 0.890625 0.892857142857143 0.943638392857143 0.86 0.91304347826087 0.814814814814815 0.957326892109501 NA 1 95 1 162.566
0.9 0.890625 0.910714285714286 0.977399553571429 0.89 0.956521739130435 0.833333333333333 0.979066022544283 5 2 95 1 162.566
0.908333333333333 0.90625 0.910714285714286 0.979910714285714 0.89 0.934782608695652 0.851851851851852 0.979468599033816 8 2 95 1 162.566
0.908333333333333 0.90625 0.910714285714286 0.979910714285714 0.89 0.934782608695652 0.851851851851852 0.979871175523349 10 2 95 1 162.566
0.891666666666667 0.90625 0.875 0.938058035714286 0.86 0.934782608695652 0.796296296296296 0.955314009661836 1 3 95 1 162.566
0.925 0.921875 0.928571428571429 0.983258928571429 0.91 0.891304347826087 0.925925925925926 0.965378421900161 2 3 95 1 162.566
0.883333333333333 0.875 0.892857142857143 0.945033482142857 0.86 0.91304347826087 0.814814814814815 0.945652173913043 NA 1 95 2 181.972
0.9 0.890625 0.910714285714286 0.976283482142857 0.9 0.934782608695652 0.87037037037037 0.97463768115942 5 2 95 2 181.972
0.9 0.90625 0.892857142857143 0.977399553571429 0.92 0.934782608695652 0.907407407407407 0.97463768115942 8 2 95 2 181.972
0.9 0.90625 0.892857142857143 0.977678571428571 0.92 0.934782608695652 0.907407407407407 0.974235104669887 10 2 95 2 181.972
0.866666666666667 0.859375 0.875 0.939174107142857 0.87 0.934782608695652 0.814814814814815 0.943236714975845 1 3 95 2 181.972
0.933333333333333 0.921875 0.946428571428571 0.977120535714286 0.9 0.891304347826087 0.907407407407407 0.960950080515298 2 3 95 2 181.972
0.883333333333333 0.890625 0.875 0.937220982142857 0.87 0.91304347826087 0.833333333333333 0.943639291465378 NA 1 95 3 298.121
0.908333333333333 0.890625 0.928571428571429 0.975725446428571 0.91 0.934782608695652 0.888888888888889 0.975442834138486 5 2 95 3 298.121
0.891666666666667 0.890625 0.892857142857143 0.978515625 0.91 0.91304347826087 0.907407407407407 0.973429951690821 8 2 95 3 298.121
0.891666666666667 0.890625 0.892857142857143 0.977957589285714 0.91 0.91304347826087 0.907407407407407 0.974235104669887 10 2 95 3 298.121
0.866666666666667 0.859375 0.875 0.936662946428572 0.85 0.91304347826087 0.796296296296296 0.944847020933977 1 3 95 3 298.121
0.941666666666667 0.9375 0.946428571428571 0.978794642857143 0.91 0.869565217391304 0.944444444444444 0.97061191626409 2 3 95 3 298.121
