0.908333333333333 0.904761904761905 0.912280701754386 0.962127541074909 0.81 0.8125 0.807692307692308 0.92988782051282 NA 1 70 1 218.8
0.95 0.936507936507937 0.964912280701754 0.984962406015038 0.87 0.895833333333333 0.846153846153846 0.977163461538462 5 2 70 1 218.8
0.958333333333333 0.952380952380952 0.964912280701754 0.986633249791145 0.88 0.895833333333333 0.865384615384615 0.977964743589744 8 2 70 1 218.8
0.958333333333333 0.952380952380952 0.964912280701754 0.994708994708995 0.87 0.875 0.865384615384615 0.949519230769231 10 2 70 1 218.8
0.908333333333333 0.904761904761905 0.912280701754386 0.955165692007797 0.85 0.875 0.826923076923077 0.92988782051282 1 3 70 1 218.8
0.95 0.952380952380952 0.947368421052632 0.98078529657477 0.85 0.854166666666667 0.846153846153846 0.947115384615385 2 3 70 1 218.8
0.908333333333333 0.904761904761905 0.912280701754386 0.961013645224172 0.81 0.8125 0.807692307692308 0.930288461538462 NA 1 70 2 179.289
0.95 0.936507936507937 0.964912280701754 0.985240879977722 0.88 0.895833333333333 0.865384615384615 0.97636217948718 5 2 70 2 179.289
0.958333333333333 0.952380952380952 0.964912280701754 0.993595098858257 0.87 0.875 0.865384615384615 0.945913461538461 8 2 70 2 179.289
0.958333333333333 0.952380952380952 0.964912280701754 0.994987468671679 0.87 0.875 0.865384615384615 0.948317307692308 10 2 70 2 179.289
0.916666666666667 0.920634920634921 0.912280701754386 0.958785853522696 0.85 0.875 0.826923076923077 0.93349358974359 1 3 70 2 179.289
0.95 0.952380952380952 0.947368421052632 0.979949874686717 0.86 0.854166666666667 0.865384615384615 0.951522435897436 2 3 70 2 179.289
0.916666666666667 0.920634920634921 0.912280701754386 0.960735171261487 0.82 0.8125 0.826923076923077 0.915865384615385 NA 1 70 3 363.983
0.95 0.936507936507937 0.964912280701754 0.984683932052353 0.88 0.895833333333333 0.865384615384615 0.97676282051282 5 2 70 3 363.983
0.958333333333333 0.952380952380952 0.964912280701754 0.985797827903091 0.89 0.895833333333333 0.884615384615385 0.97676282051282 8 2 70 3 363.983
0.958333333333333 0.952380952380952 0.964912280701754 0.991367307156781 0.88 0.895833333333333 0.865384615384615 0.954326923076923 10 2 70 3 363.983
0.908333333333333 0.904761904761905 0.912280701754386 0.956836535783904 0.85 0.854166666666667 0.846153846153846 0.916666666666667 1 3 70 3 363.983
0.95 0.952380952380952 0.947368421052632 0.980228348649401 0.86 0.854166666666667 0.865384615384615 0.939102564102564 2 3 70 3 363.983
