0.9 0.906976744186046 0.891891891891892 0.976744186046512 0.85 0.840909090909091 0.857142857142857 0.928977272727273 NA 1 3 1 97.862
0.9875 0.976744186046512 1 0.997485857950974 0.92 0.954545454545455 0.892857142857143 0.923295454545455 5 2 3 1 97.862
1 1 1 1 0.91 0.954545454545455 0.875 0.920454545454545 8 2 3 1 97.862
1 1 1 1 0.89 0.909090909090909 0.875 0.910105519480519 10 2 3 1 97.862
0.9125 0.953488372093023 0.864864864864865 0.972344437460717 0.79 0.863636363636364 0.732142857142857 0.924107142857143 1 3 3 1 97.862
0.9875 0.976744186046512 1 0.998114393463231 0.83 0.863636363636364 0.803571428571429 0.937905844155844 2 3 3 1 97.862
0.9 0.906976744186046 0.891891891891892 0.975487115021999 0.83 0.818181818181818 0.839285714285714 0.92288961038961 NA 1 3 2 117.721
1 1 1 1 0.92 0.977272727272727 0.875 0.925933441558442 5 2 3 2 117.721
1 1 1 1 0.93 0.909090909090909 0.946428571428571 0.931006493506493 8 2 3 2 117.721
1 1 1 1 0.89 0.886363636363636 0.892857142857143 0.928571428571429 10 2 3 2 117.721
0.925 0.953488372093023 0.891891891891892 0.971087366436204 0.84 0.840909090909091 0.839285714285714 0.923295454545455 1 3 3 2 117.721
0.9875 0.976744186046512 1 0.998114393463231 0.83 0.863636363636364 0.803571428571429 0.935876623376623 2 3 3 2 117.721
0.9 0.906976744186046 0.891891891891892 0.972344437460717 0.84 0.818181818181818 0.857142857142857 0.919642857142857 NA 1 3 3 183.393
1 1 1 1 0.89 0.977272727272727 0.821428571428571 0.947037337662338 5 2 3 3 183.393
1 1 1 1 0.92 0.954545454545455 0.892857142857143 0.929788961038961 8 2 3 3 183.393
1 1 1 1 0.91 0.931818181818182 0.892857142857143 0.917613636363636 10 2 3 3 183.393
0.9 0.953488372093023 0.837837837837838 0.974230043997486 0.83 0.863636363636364 0.803571428571429 0.921266233766234 1 3 3 3 183.393
0.9875 0.976744186046512 1 0.999371464487744 0.85 0.886363636363636 0.821428571428571 0.934253246753247 2 3 3 3 183.393
