0.845 0.817204301075269 0.869158878504673 0.934880916490805 0.91 0.88135593220339 0.951219512195122 0.975196362133113 NA 1 13 1 238.358
0.93 0.935483870967742 0.925233644859813 0.977690684353331 0.92 0.898305084745763 0.951219512195122 0.990078544853245 5 2 13 1 238.358
0.94 0.935483870967742 0.94392523364486 0.981810873279067 0.93 0.949152542372881 0.902439024390244 0.988011575031005 8 2 13 1 238.358
0.94 0.935483870967742 0.94392523364486 0.98261481258165 0.95 0.949152542372881 0.951219512195122 0.989251756924349 10 2 13 1 238.358
0.835 0.817204301075269 0.850467289719626 0.932067128931766 0.94 0.915254237288136 0.975609756097561 0.975609756097561 1 3 13 1 238.358
0.915 0.935483870967742 0.897196261682243 0.974876896794292 0.97 0.966101694915254 0.975609756097561 0.988838362959901 2 3 13 1 238.358
0.83 0.817204301075269 0.841121495327103 0.932871068234348 0.9 0.864406779661017 0.951219512195122 0.972715998346424 NA 1 13 2 278.036
0.93 0.935483870967742 0.925233644859813 0.977188222289217 0.92 0.898305084745763 0.951219512195122 0.991318726746589 5 2 13 2 278.036
0.94 0.935483870967742 0.94392523364486 0.982313335343182 0.93 0.949152542372881 0.902439024390244 0.986357999173212 8 2 13 2 278.036
0.94 0.935483870967742 0.94392523364486 0.983619736709878 0.95 0.949152542372881 0.951219512195122 0.989251756924349 10 2 13 2 278.036
0.84 0.838709677419355 0.841121495327103 0.93186614410612 0.92 0.898305084745763 0.951219512195122 0.975609756097561 1 3 13 2 278.036
0.915 0.935483870967742 0.897196261682243 0.974374434730178 0.95 0.949152542372881 0.951219512195122 0.988838362959901 2 3 13 2 278.036
0.835 0.827956989247312 0.841121495327103 0.929655311024018 0.92 0.88135593220339 0.975609756097561 0.974782968168665 NA 1 13 3 428.074
0.925 0.935483870967742 0.91588785046729 0.976886745050749 0.93 0.915254237288136 0.951219512195122 0.989665150888797 5 2 13 3 428.074
0.945 0.946236559139785 0.94392523364486 0.980705456738016 0.94 0.949152542372881 0.926829268292683 0.988838362959901 8 2 13 3 428.074
0.94 0.935483870967742 0.94392523364486 0.981509396040599 0.96 0.949152542372881 0.975609756097561 0.990078544853245 10 2 13 3 428.074
0.84 0.838709677419355 0.841121495327103 0.929554818611195 0.93 0.898305084745763 0.975609756097561 0.974369574204217 1 3 13 3 428.074
0.915 0.935483870967742 0.897196261682243 0.973068033363481 0.97 0.966101694915254 0.975609756097561 0.989251756924349 2 3 13 3 428.074
