0.841666666666667 0.85 0.833333333333333 0.9225 0.85 0.8 0.911111111111111 0.938181818181818 NA 1 92 1 202.094
0.941666666666667 0.933333333333333 0.95 0.986666666666667 0.9 0.836363636363636 0.977777777777778 0.972525252525252 5 2 92 1 202.094
0.941666666666667 0.933333333333333 0.95 0.988055555555556 0.89 0.854545454545454 0.933333333333333 0.971313131313131 8 2 92 1 202.094
0.95 0.95 0.95 0.989166666666667 0.9 0.854545454545454 0.955555555555556 0.970505050505051 10 2 92 1 202.094
0.833333333333333 0.85 0.816666666666667 0.914166666666667 0.86 0.818181818181818 0.911111111111111 0.928080808080808 1 3 92 1 202.094
0.95 0.95 0.95 0.980833333333333 0.87 0.836363636363636 0.911111111111111 0.953535353535354 2 3 92 1 202.094
0.85 0.866666666666667 0.833333333333333 0.925277777777778 0.85 0.8 0.911111111111111 0.93979797979798 NA 1 92 2 223.229
0.941666666666667 0.933333333333333 0.95 0.986944444444444 0.89 0.836363636363636 0.955555555555556 0.972525252525252 5 2 92 2 223.229
0.941666666666667 0.933333333333333 0.95 0.989166666666667 0.89 0.854545454545454 0.933333333333333 0.971313131313131 8 2 92 2 223.229
0.95 0.95 0.95 0.99 0.89 0.854545454545454 0.933333333333333 0.970909090909091 10 2 92 2 223.229
0.833333333333333 0.85 0.816666666666667 0.916388888888889 0.86 0.818181818181818 0.911111111111111 0.926464646464646 1 3 92 2 223.229
0.95 0.95 0.95 0.981666666666667 0.87 0.836363636363636 0.911111111111111 0.953939393939394 2 3 92 2 223.229
0.833333333333333 0.833333333333333 0.833333333333333 0.921111111111111 0.86 0.818181818181818 0.911111111111111 0.94020202020202 NA 1 92 3 354.157
0.95 0.933333333333333 0.966666666666667 0.9875 0.9 0.854545454545454 0.955555555555556 0.972525252525252 5 2 92 3 354.157
0.941666666666667 0.933333333333333 0.95 0.988055555555556 0.89 0.854545454545454 0.933333333333333 0.968888888888889 8 2 92 3 354.157
0.941666666666667 0.933333333333333 0.95 0.989166666666667 0.89 0.854545454545454 0.933333333333333 0.96969696969697 10 2 92 3 354.157
0.825 0.833333333333333 0.816666666666667 0.911944444444444 0.88 0.854545454545454 0.911111111111111 0.92969696969697 1 3 92 3 354.157
0.95 0.95 0.95 0.980277777777778 0.89 0.872727272727273 0.911111111111111 0.952323232323232 2 3 92 3 354.157
