0.8425 0.867647058823529 0.816326530612245 0.928396358543417 0.88 0.865384615384615 0.895833333333333 0.912660256410256 NA 1 75 1 562.867
0.94 0.941176470588235 0.938775510204082 0.981042416966787 0.86 0.826923076923077 0.895833333333333 0.927884615384615 5 2 75 1 562.867
0.9425 0.950980392156863 0.933673469387755 0.982668067226891 0.86 0.846153846153846 0.875 0.919070512820513 8 2 75 1 562.867
0.9375 0.946078431372549 0.928571428571429 0.982918167266907 0.86 0.846153846153846 0.875 0.918669871794872 10 2 75 1 562.867
0.85 0.882352941176471 0.816326530612245 0.928521408563425 0.87 0.865384615384615 0.875 0.915064102564103 1 3 75 1 562.867
0.93 0.941176470588235 0.918367346938776 0.981292517006803 0.84 0.788461538461538 0.895833333333333 0.931089743589744 2 3 75 1 562.867
0.84 0.862745098039216 0.816326530612245 0.925870348139256 0.87 0.865384615384615 0.875 0.911458333333333 NA 1 75 2 517.595
0.9425 0.941176470588235 0.943877551020408 0.981642657062825 0.86 0.846153846153846 0.875 0.926282051282051 5 2 75 2 517.595
0.9425 0.946078431372549 0.938775510204082 0.983343337334934 0.84 0.826923076923077 0.854166666666667 0.915064102564103 8 2 75 2 517.595
0.9425 0.946078431372549 0.938775510204082 0.983393357342937 0.84 0.826923076923077 0.854166666666667 0.915865384615385 10 2 75 2 517.595
0.8475 0.877450980392157 0.816326530612245 0.926070428171269 0.86 0.865384615384615 0.854166666666667 0.91426282051282 1 3 75 2 517.595
0.935 0.946078431372549 0.923469387755102 0.981917767106843 0.84 0.807692307692308 0.875 0.928285256410256 2 3 75 2 517.595
0.85 0.882352941176471 0.816326530612245 0.925220088035214 0.86 0.865384615384615 0.854166666666667 0.904246794871795 NA 1 75 3 982.592
0.9425 0.941176470588235 0.943877551020408 0.98094237695078 0.86 0.846153846153846 0.875 0.92588141025641 5 2 75 3 982.592
0.9425 0.946078431372549 0.938775510204082 0.982142857142857 0.85 0.846153846153846 0.854166666666667 0.922275641025641 8 2 75 3 982.592
0.9425 0.946078431372549 0.938775510204082 0.982643057222889 0.85 0.846153846153846 0.854166666666667 0.920673076923077 10 2 75 3 982.592
0.845 0.877450980392157 0.811224489795918 0.9249949979992 0.84 0.865384615384615 0.8125 0.908253205128205 1 3 75 3 982.592
0.9375 0.950980392156863 0.923469387755102 0.980267106842737 0.88 0.884615384615385 0.875 0.930689102564103 2 3 75 3 982.592
