0.875 0.9 0.85 0.953125 0.81 0.74 0.88 0.8968 NA 1 89 1 104.85
1 1 1 1 0.81 0.78 0.84 0.8246 5 2 89 1 104.85
1 1 1 1 0.82 0.8 0.84 0.8514 8 2 89 1 104.85
1 1 1 1 0.85 0.84 0.86 0.867 10 2 89 1 104.85
0.8875 0.925 0.85 0.953125 0.79 0.76 0.82 0.8972 1 3 89 1 104.85
0.95 0.95 0.95 0.9875 0.83 0.78 0.88 0.9068 2 3 89 1 104.85
0.875 0.9 0.85 0.955 0.81 0.74 0.88 0.8956 NA 1 89 2 122.335
1 1 1 1 0.84 0.88 0.8 0.8556 5 2 89 2 122.335
1 1 1 1 0.8 0.78 0.82 0.8224 8 2 89 2 122.335
1 1 1 1 0.85 0.86 0.84 0.8878 10 2 89 2 122.335
0.8875 0.925 0.85 0.950625 0.8 0.78 0.82 0.8984 1 3 89 2 122.335
0.95 0.95 0.95 0.9875 0.83 0.78 0.88 0.9028 2 3 89 2 122.335
0.875 0.9 0.85 0.950625 0.8 0.72 0.88 0.8992 NA 1 89 3 192.161
1 1 1 1 0.84 0.78 0.9 0.8688 5 2 89 3 192.161
1 1 1 1 0.85 0.82 0.88 0.8766 8 2 89 3 192.161
0.9625 0.925 1 0.96625 0.81 0.76 0.86 0.8424 10 2 89 3 192.161
0.8875 0.925 0.85 0.95 0.79 0.76 0.82 0.8988 1 3 89 3 192.161
0.95 0.95 0.95 0.9875 0.83 0.78 0.88 0.91 2 3 89 3 192.161
