0.86 0.885714285714286 0.831578947368421 0.924411027568922 0.8 0.78 0.82 0.9028 NA 1 21 1 304.718
0.965 0.971428571428571 0.957894736842105 0.993984962406015 0.95 0.96 0.94 0.9776 5 2 21 1 304.718
0.97 0.961904761904762 0.978947368421053 0.996691729323308 0.91 0.9 0.92 0.9736 8 2 21 1 304.718
0.98 0.971428571428571 0.989473684210526 0.996691729323308 0.92 0.92 0.92 0.9772 10 2 21 1 304.718
0.86 0.885714285714286 0.831578947368421 0.925012531328321 0.81 0.82 0.8 0.9092 1 3 21 1 304.718
0.94 0.952380952380952 0.926315789473684 0.992080200501253 0.89 0.86 0.92 0.9584 2 3 21 1 304.718
0.87 0.895238095238095 0.842105263157895 0.924711779448622 0.81 0.78 0.84 0.9024 NA 1 21 2 246.656
0.965 0.971428571428571 0.957894736842105 0.993583959899749 0.95 0.96 0.94 0.9784 5 2 21 2 246.656
0.97 0.961904761904762 0.978947368421053 0.996591478696742 0.91 0.9 0.92 0.9732 8 2 21 2 246.656
0.975 0.971428571428571 0.978947368421053 0.996591478696742 0.93 0.92 0.94 0.976 10 2 21 2 246.656
0.855 0.885714285714286 0.821052631578947 0.925213032581454 0.81 0.82 0.8 0.9096 1 3 21 2 246.656
0.955 0.961904761904762 0.947368421052632 0.992180451127819 0.89 0.86 0.92 0.9588 2 3 21 2 246.656
0.845 0.866666666666667 0.821052631578947 0.924812030075188 0.79 0.76 0.82 0.9012 NA 1 21 3 497.96
0.955 0.961904761904762 0.947368421052632 0.992581453634085 0.94 0.94 0.94 0.9768 5 2 21 3 497.96
0.97 0.971428571428571 0.968421052631579 0.99609022556391 0.9 0.9 0.9 0.9672 8 2 21 3 497.96
0.96 0.961904761904762 0.957894736842105 0.995588972431078 0.91 0.9 0.92 0.974 10 2 21 3 497.96
0.86 0.885714285714286 0.831578947368421 0.927619047619048 0.8 0.8 0.8 0.9064 1 3 21 3 497.96
0.945 0.952380952380952 0.936842105263158 0.991378446115288 0.9 0.88 0.92 0.9616 2 3 21 3 497.96
