0.86 0.900900900900901 0.808988764044944 0.929446300232817 0.82 0.843137254901961 0.795918367346939 0.904361744697879 NA 1 34 1 315.519
0.92 0.927927927927928 0.910112359550562 0.982184431622634 0.88 0.901960784313726 0.857142857142857 0.938775510204082 5 2 34 1 315.519
0.94 0.963963963963964 0.910112359550562 0.985322401052738 0.9 0.941176470588235 0.857142857142857 0.942777110844338 8 2 34 1 315.519
0.94 0.963963963963964 0.910112359550562 0.987448122279583 0.91 0.941176470588235 0.877551020408163 0.944777911164466 10 2 34 1 315.519
0.86 0.90990990990991 0.797752808988764 0.929648749873469 0.82 0.862745098039216 0.775510204081633 0.902360944377751 1 3 34 1 315.519
0.935 0.954954954954955 0.910112359550562 0.978742787731552 0.86 0.901960784313726 0.816326530612245 0.959583833533413 2 3 34 1 315.519
0.86 0.900900900900901 0.808988764044944 0.929547525053143 0.82 0.843137254901961 0.795918367346939 0.903961584633854 NA 1 34 2 311.696
0.915 0.927927927927928 0.898876404494382 0.982184431622634 0.88 0.901960784313726 0.857142857142857 0.938375350140056 5 2 34 2 311.696
0.94 0.963963963963964 0.910112359550562 0.98501872659176 0.91 0.941176470588235 0.877551020408163 0.941576630652261 8 2 34 2 311.696
0.94 0.963963963963964 0.910112359550562 0.987144447818605 0.91 0.941176470588235 0.877551020408163 0.945178071228491 10 2 34 2 311.696
0.86 0.918918918918919 0.786516853932584 0.929142625771839 0.82 0.862745098039216 0.775510204081633 0.9015606242497 1 3 34 2 311.696
0.935 0.963963963963964 0.898876404494382 0.979957485575463 0.87 0.901960784313726 0.836734693877551 0.961584633853541 2 3 34 2 311.696
0.86 0.900900900900901 0.808988764044944 0.926612005263691 0.82 0.862745098039216 0.775510204081633 0.897959183673469 NA 1 34 3 566.871
0.925 0.945945945945946 0.898876404494382 0.983095455005567 0.88 0.901960784313726 0.857142857142857 0.932773109243697 5 2 34 3 566.871
0.94 0.963963963963964 0.910112359550562 0.985626075513716 0.9 0.941176470588235 0.857142857142857 0.934773909563826 8 2 34 3 566.871
0.94 0.963963963963964 0.910112359550562 0.988156696021865 0.91 0.941176470588235 0.877551020408163 0.935174069627851 10 2 34 3 566.871
0.855 0.900900900900901 0.797752808988764 0.927320579005972 0.82 0.862745098039216 0.775510204081633 0.897158863545418 1 3 34 3 566.871
0.94 0.963963963963964 0.910112359550562 0.979350136653507 0.86 0.901960784313726 0.816326530612245 0.953181272509004 2 3 34 3 566.871
