0.875 0.86734693877551 0.882352941176471 0.94437775110044 0.82 0.826086956521739 0.814814814814815 0.932769726247987 NA 1 25 1 276.435
0.94 0.938775510204082 0.941176470588235 0.986894757903161 0.91 0.91304347826087 0.907407407407407 0.974235104669887 5 2 25 1 276.435
0.945 0.938775510204082 0.950980392156863 0.987695078031212 0.9 0.891304347826087 0.907407407407407 0.972624798711755 8 2 25 1 276.435
0.945 0.938775510204082 0.950980392156863 0.988295318127251 0.89 0.891304347826087 0.888888888888889 0.971417069243156 10 2 25 1 276.435
0.885 0.897959183673469 0.872549019607843 0.942877150860344 0.83 0.847826086956522 0.814814814814815 0.931964573268921 1 3 25 1 276.435
0.965 0.948979591836735 0.980392156862745 0.984293717486995 0.85 0.804347826086957 0.888888888888889 0.957326892109501 2 3 25 1 276.435
0.88 0.86734693877551 0.892156862745098 0.943577430972389 0.82 0.826086956521739 0.814814814814815 0.93317230273752 NA 1 25 2 325.648
0.94 0.938775510204082 0.941176470588235 0.986794717887155 0.91 0.91304347826087 0.907407407407407 0.973832528180354 5 2 25 2 325.648
0.95 0.948979591836735 0.950980392156863 0.987595038015206 0.9 0.891304347826087 0.907407407407407 0.971819645732689 8 2 25 2 325.648
0.945 0.938775510204082 0.950980392156863 0.987795118047219 0.89 0.891304347826087 0.888888888888889 0.97061191626409 10 2 25 2 325.648
0.875 0.887755102040816 0.862745098039216 0.942577030812325 0.84 0.847826086956522 0.833333333333333 0.93317230273752 1 3 25 2 325.648
0.965 0.948979591836735 0.980392156862745 0.983993597438976 0.86 0.804347826086957 0.907407407407407 0.957326892109501 2 3 25 2 325.648
0.86 0.857142857142857 0.862745098039216 0.940976390556223 0.82 0.826086956521739 0.814814814814815 0.935185185185185 NA 1 25 3 560.623
0.94 0.938775510204082 0.941176470588235 0.986694677871149 0.92 0.91304347826087 0.925925925925926 0.974235104669887 5 2 25 3 560.623
0.95 0.948979591836735 0.950980392156863 0.987394957983193 0.91 0.891304347826087 0.925925925925926 0.973832528180354 8 2 25 3 560.623
0.95 0.948979591836735 0.950980392156863 0.987895158063225 0.89 0.891304347826087 0.888888888888889 0.971819645732689 10 2 25 3 560.623
0.87 0.887755102040816 0.852941176470588 0.938875550220088 0.84 0.869565217391304 0.814814814814815 0.93317230273752 1 3 25 3 560.623
0.965 0.948979591836735 0.980392156862745 0.984193677470988 0.87 0.826086956521739 0.907407407407407 0.9585346215781 2 3 25 3 560.623
