0.87 0.891089108910891 0.848484848484849 0.946594659465947 0.9 0.847826086956522 0.944444444444444 0.952495974235105 NA 1 85 1 211.348
0.95 0.95049504950495 0.94949494949495 0.984798479847985 0.91 0.869565217391304 0.944444444444444 0.959339774557166 5 2 85 1 211.348
0.945 0.940594059405941 0.94949494949495 0.985898589858986 0.9 0.847826086956522 0.944444444444444 0.961352657004831 8 2 85 1 211.348
0.945 0.940594059405941 0.94949494949495 0.986498649864986 0.91 0.869565217391304 0.944444444444444 0.961755233494364 10 2 85 1 211.348
0.865 0.900990099009901 0.828282828282828 0.945694569456946 0.91 0.869565217391304 0.944444444444444 0.952495974235105 1 3 85 1 211.348
0.94 0.96039603960396 0.919191919191919 0.978597859785979 0.87 0.782608695652174 0.944444444444444 0.946859903381642 2 3 85 1 211.348
0.86 0.881188118811881 0.838383838383838 0.945994599459946 0.89 0.826086956521739 0.944444444444444 0.953703703703704 NA 1 85 2 227.001
0.965 0.96039603960396 0.96969696969697 0.988398839883988 0.87 0.869565217391304 0.87037037037037 0.954106280193237 5 2 85 2 227.001
0.96 0.95049504950495 0.96969696969697 0.989098909890989 0.89 0.891304347826087 0.888888888888889 0.95450885668277 8 2 85 2 227.001
0.965 0.96039603960396 0.96969696969697 0.98959895989599 0.88 0.891304347826087 0.87037037037037 0.955716586151369 10 2 85 2 227.001
0.875 0.920792079207921 0.828282828282828 0.943694369436944 0.89 0.847826086956522 0.925925925925926 0.954106280193237 1 3 85 2 227.001
0.94 0.96039603960396 0.919191919191919 0.977797779777978 0.9 0.847826086956522 0.944444444444444 0.942431561996779 2 3 85 2 227.001
0.855 0.871287128712871 0.838383838383838 0.942294229422942 0.89 0.847826086956522 0.925925925925926 0.952093397745572 NA 1 85 3 403.516
0.95 0.95049504950495 0.94949494949495 0.986198619861986 0.88 0.847826086956522 0.907407407407407 0.952093397745572 5 2 85 3 403.516
0.96 0.95049504950495 0.96969696969697 0.988498849884988 0.89 0.869565217391304 0.907407407407407 0.955314009661836 8 2 85 3 403.516
0.96 0.95049504950495 0.96969696969697 0.988898889888989 0.89 0.869565217391304 0.907407407407407 0.954911433172303 10 2 85 3 403.516
0.87 0.920792079207921 0.818181818181818 0.941894189418942 0.88 0.847826086956522 0.907407407407407 0.955314009661836 1 3 85 3 403.516
0.94 0.96039603960396 0.919191919191919 0.977597759775978 0.87 0.782608695652174 0.944444444444444 0.943639291465378 2 3 85 3 403.516
