0.855 0.865384615384615 0.84375 0.938777043269231 0.82 0.843137254901961 0.795918367346939 0.892757102841136 NA 1 9 1 585.471
0.9275 0.932692307692308 0.921875 0.985026041666667 0.89 0.941176470588235 0.836734693877551 0.941176470588235 5 2 9 1 585.471
0.9325 0.942307692307692 0.921875 0.986929086538462 0.91 0.941176470588235 0.877551020408163 0.942777110844338 8 2 9 1 585.471
0.9275 0.9375 0.916666666666667 0.987855568910256 0.9 0.941176470588235 0.857142857142857 0.943177270908363 10 2 9 1 585.471
0.865 0.875 0.854166666666667 0.938551682692308 0.81 0.843137254901961 0.775510204081633 0.891156462585034 1 3 9 1 585.471
0.935 0.9375 0.932291666666667 0.984525240384615 0.88 0.92156862745098 0.836734693877551 0.936774709883954 2 3 9 1 585.471
0.8575 0.870192307692308 0.84375 0.936949118589744 0.82 0.843137254901961 0.795918367346939 0.895958383353341 NA 1 9 2 669.29
0.9275 0.9375 0.916666666666667 0.985401642628205 0.89 0.941176470588235 0.836734693877551 0.941176470588235 5 2 9 2 669.29
0.9275 0.9375 0.916666666666667 0.987229567307692 0.91 0.941176470588235 0.877551020408163 0.941976790716286 8 2 9 2 669.29
0.93 0.932692307692308 0.927083333333333 0.988306290064103 0.91 0.941176470588235 0.877551020408163 0.941976790716286 10 2 9 2 669.29
0.8675 0.870192307692308 0.864583333333333 0.936298076923077 0.82 0.843137254901961 0.795918367346939 0.895958383353341 1 3 9 2 669.29
0.935 0.9375 0.932291666666667 0.984800681089744 0.87 0.92156862745098 0.816326530612245 0.933973589435774 2 3 9 2 669.29
0.855 0.865384615384615 0.84375 0.93534655448718 0.82 0.843137254901961 0.795918367346939 0.896758703481393 NA 1 9 3 1095.853
0.925 0.932692307692308 0.916666666666667 0.985777243589744 0.89 0.941176470588235 0.836734693877551 0.941576630652261 5 2 9 3 1095.853
0.93 0.9375 0.921875 0.986828926282051 0.91 0.941176470588235 0.877551020408163 0.94077631052421 8 2 9 3 1095.853
0.93 0.932692307692308 0.927083333333333 0.987880608974359 0.91 0.941176470588235 0.877551020408163 0.942376950780312 10 2 9 3 1095.853
0.8675 0.875 0.859375 0.933092948717949 0.82 0.843137254901961 0.795918367346939 0.896358543417367 1 3 9 3 1095.853
0.94 0.9375 0.942708333333333 0.983849158653846 0.87 0.92156862745098 0.816326530612245 0.935174069627851 2 3 9 3 1095.853
