0.9 0.9 0.9 0.9725 0.84 0.938775510204082 0.745098039215686 0.935174069627851 NA 1 56 1 33.001
1 1 1 1 0.82 0.816326530612245 0.823529411764706 0.859943977591036 5 2 56 1 33.001
1 1 1 1 0.86 0.938775510204082 0.784313725490196 0.896758703481393 8 2 56 1 33.001
1 1 1 1 0.85 0.897959183673469 0.803921568627451 0.887555022008804 10 2 56 1 33.001
0.9 0.95 0.85 0.9725 0.8 0.918367346938776 0.686274509803922 0.916366546618647 1 3 56 1 33.001
0.9 0.9 0.9 0.9875 0.86 0.877551020408163 0.843137254901961 0.936774709883954 2 3 56 1 33.001
0.9 0.9 0.9 0.9775 0.85 0.938775510204082 0.764705882352941 0.939175670268107 NA 1 56 2 35.28
1 1 1 1 0.8 0.816326530612245 0.784313725490196 0.817927170868347 5 2 56 2 35.28
1 1 1 1 0.82 0.816326530612245 0.823529411764706 0.8687474989996 8 2 56 2 35.28
1 1 1 1 0.84 0.938775510204082 0.745098039215686 0.863145258103241 10 2 56 2 35.28
0.9 0.95 0.85 0.9725 0.81 0.938775510204082 0.686274509803922 0.911964785914366 1 3 56 2 35.28
0.9 0.9 0.9 0.9875 0.86 0.877551020408163 0.843137254901961 0.935974389755902 2 3 56 2 35.28
0.9 0.9 0.9 0.9725 0.86 0.938775510204082 0.784313725490196 0.940376150460184 NA 1 56 3 58.51
1 1 1 1 0.85 0.897959183673469 0.803921568627451 0.89515806322529 5 2 56 3 58.51
1 1 1 1 0.73 0.795918367346939 0.666666666666667 0.830132052821128 8 2 56 3 58.51
1 1 1 1 0.81 0.836734693877551 0.784313725490196 0.862945178071229 10 2 56 3 58.51
0.9 0.95 0.85 0.97 0.82 0.918367346938776 0.725490196078431 0.906762705082033 1 3 56 3 58.51
0.925 0.9 0.95 0.99 0.84 0.877551020408163 0.803921568627451 0.9343737494998 2 3 56 3 58.51
