0.85 0.846153846153846 0.853658536585366 0.932457786116323 0.84 0.886792452830189 0.787234042553192 0.941389000401445 NA 1 68 1 74.778
0.9375 0.923076923076923 0.951219512195122 0.983114446529081 0.9 0.924528301886792 0.872340425531915 0.957045363307908 5 2 68 1 74.778
0.925 0.948717948717949 0.902439024390244 0.9906191369606 0.91 0.905660377358491 0.914893617021277 0.951023685266961 8 2 68 1 74.778
0.9375 0.948717948717949 0.926829268292683 0.991244527829894 0.91 0.924528301886792 0.893617021276596 0.948213568847852 10 2 68 1 74.778
0.85 0.871794871794872 0.829268292682927 0.918073796122577 0.86 0.886792452830189 0.829787234042553 0.951425130469691 1 3 68 1 74.778
0.9 0.897435897435897 0.902439024390244 0.956222639149468 0.84 0.849056603773585 0.829787234042553 0.93014853472501 2 3 68 1 74.778
0.85 0.846153846153846 0.853658536585366 0.931832395247029 0.83 0.886792452830189 0.765957446808511 0.943396226415094 NA 1 68 2 81.575
0.9375 0.923076923076923 0.951219512195122 0.983739837398374 0.9 0.924528301886792 0.872340425531915 0.957045363307908 5 2 68 2 81.575
0.925 0.948717948717949 0.902439024390244 0.989993746091307 0.91 0.905660377358491 0.914893617021277 0.95303091128061 8 2 68 2 81.575
0.9375 0.948717948717949 0.926829268292683 0.9906191369606 0.9 0.905660377358491 0.893617021276596 0.949417904456042 10 2 68 2 81.575
0.85 0.871794871794872 0.829268292682927 0.923702313946216 0.86 0.886792452830189 0.829787234042553 0.951425130469691 1 3 68 2 81.575
0.9 0.897435897435897 0.902439024390244 0.956222639149468 0.83 0.849056603773585 0.808510638297872 0.92934564431955 2 3 68 2 81.575
0.85 0.846153846153846 0.853658536585366 0.929956222639149 0.84 0.886792452830189 0.787234042553192 0.939381774387796 NA 1 68 3 135.672
0.9375 0.923076923076923 0.951219512195122 0.982489055659787 0.9 0.924528301886792 0.872340425531915 0.958249698916098 5 2 68 3 135.672
0.9375 0.923076923076923 0.951219512195122 0.991869918699187 0.9 0.886792452830189 0.914893617021277 0.948615014050582 8 2 68 3 135.672
0.95 0.948717948717949 0.951219512195122 0.993746091307067 0.92 0.924528301886792 0.914893617021277 0.947410678442393 10 2 68 3 135.672
0.85 0.871794871794872 0.829268292682927 0.915572232645403 0.86 0.886792452830189 0.829787234042553 0.942191890806905 1 3 68 3 135.672
0.9 0.897435897435897 0.902439024390244 0.956848030018762 0.84 0.849056603773585 0.829787234042553 0.928944199116821 2 3 68 3 135.672
