0.8825 0.888888888888889 0.876237623762376 0.953970397039704 0.85 0.791666666666667 0.903846153846154 0.921474358974359 NA 1 48 1 942.014
0.9325 0.939393939393939 0.925742574257426 0.983723372337234 0.94 0.895833333333333 0.980769230769231 0.989182692307692 5 2 48 1 942.014
0.93 0.939393939393939 0.920792079207921 0.984248424842484 0.94 0.895833333333333 0.980769230769231 0.989983974358974 8 2 48 1 942.014
0.9325 0.939393939393939 0.925742574257426 0.984548454845485 0.94 0.895833333333333 0.980769230769231 0.990785256410256 10 2 48 1 942.014
0.885 0.888888888888889 0.881188118811881 0.953170317031703 0.85 0.791666666666667 0.903846153846154 0.922676282051282 1 3 48 1 942.014
0.935 0.939393939393939 0.930693069306931 0.985348534853485 0.92 0.854166666666667 0.980769230769231 0.978766025641026 2 3 48 1 942.014
0.875 0.883838383838384 0.866336633663366 0.951670167016702 0.87 0.833333333333333 0.903846153846154 0.925080128205128 NA 1 48 2 924.61
0.9275 0.929292929292929 0.925742574257426 0.983473347334733 0.94 0.916666666666667 0.961538461538462 0.989583333333333 5 2 48 2 924.61
0.93 0.934343434343434 0.925742574257426 0.984473447344735 0.94 0.916666666666667 0.961538461538462 0.989583333333333 8 2 48 2 924.61
0.9275 0.934343434343434 0.920792079207921 0.984623462346235 0.94 0.916666666666667 0.961538461538462 0.990384615384615 10 2 48 2 924.61
0.88 0.893939393939394 0.866336633663366 0.951095109510951 0.88 0.833333333333333 0.923076923076923 0.928285256410256 1 3 48 2 924.61
0.935 0.939393939393939 0.930693069306931 0.986248624862486 0.92 0.854166666666667 0.980769230769231 0.981169871794872 2 3 48 2 924.61
0.8825 0.893939393939394 0.871287128712871 0.9498699869987 0.86 0.8125 0.903846153846154 0.923076923076923 NA 1 48 3 1566.942
0.93 0.934343434343434 0.925742574257426 0.983723372337234 0.94 0.916666666666667 0.961538461538462 0.989182692307692 5 2 48 3 1566.942
0.93 0.934343434343434 0.925742574257426 0.984873487348735 0.94 0.916666666666667 0.961538461538462 0.988782051282051 8 2 48 3 1566.942
0.93 0.934343434343434 0.925742574257426 0.985123512351235 0.94 0.916666666666667 0.961538461538462 0.988782051282051 10 2 48 3 1566.942
0.8875 0.893939393939394 0.881188118811881 0.94954495449545 0.88 0.833333333333333 0.923076923076923 0.926282051282051 1 3 48 3 1566.942
0.93 0.944444444444444 0.915841584158416 0.985898589858986 0.93 0.875 0.980769230769231 0.979567307692308 2 3 48 3 1566.942
