0.855 0.858585858585859 0.851485148514851 0.925017501750175 0.85 0.849056603773585 0.851063829787234 0.943797671617824 NA 1 85 1 893.931
0.9325 0.934343434343434 0.930693069306931 0.981473147314731 0.94 0.943396226415094 0.936170212765957 0.980730630268968 5 2 85 1 893.931
0.9325 0.929292929292929 0.935643564356436 0.983448344834483 0.93 0.943396226415094 0.914893617021277 0.979124849458049 8 2 85 1 893.931
0.9375 0.939393939393939 0.935643564356436 0.986173617361736 0.94 0.943396226415094 0.936170212765957 0.979927739863509 10 2 85 1 893.931
0.8525 0.848484848484849 0.856435643564356 0.925092509250925 0.85 0.849056603773585 0.851063829787234 0.934162986752308 1 3 85 1 893.931
0.9375 0.94949494949495 0.925742574257426 0.985648564856486 0.9 0.905660377358491 0.893617021276596 0.967081493376154 2 3 85 1 893.931
0.855 0.858585858585859 0.851485148514851 0.926442644264426 0.86 0.867924528301887 0.851063829787234 0.945002007226014 NA 1 85 2 660.038
0.93 0.934343434343434 0.925742574257426 0.981423142314231 0.94 0.943396226415094 0.936170212765957 0.979927739863509 5 2 85 2 660.038
0.9325 0.929292929292929 0.935643564356436 0.983448344834483 0.93 0.943396226415094 0.914893617021277 0.980329185066238 8 2 85 2 660.038
0.9375 0.939393939393939 0.935643564356436 0.986248624862486 0.94 0.943396226415094 0.936170212765957 0.979927739863509 10 2 85 2 660.038
0.855 0.848484848484849 0.861386138613861 0.926342634263426 0.86 0.867924528301887 0.851063829787234 0.938177438779607 1 3 85 2 660.038
0.935 0.94949494949495 0.920792079207921 0.985773577357736 0.91 0.924528301886792 0.893617021276596 0.965475712565235 2 3 85 2 660.038
0.85 0.858585858585859 0.841584158415842 0.921392139213921 0.83 0.849056603773585 0.808510638297872 0.935768767563228 NA 1 85 3 1567.499
0.9275 0.929292929292929 0.925742574257426 0.981398139813981 0.94 0.943396226415094 0.936170212765957 0.979927739863509 5 2 85 3 1567.499
0.945 0.944444444444444 0.945544554455445 0.985898589858986 0.95 0.962264150943396 0.936170212765957 0.981934965877158 8 2 85 3 1567.499
0.945 0.944444444444444 0.945544554455445 0.987623762376238 0.94 0.943396226415094 0.936170212765957 0.981132075471698 10 2 85 3 1567.499
0.8475 0.843434343434343 0.851485148514851 0.920792079207921 0.84 0.849056603773585 0.829787234042553 0.931754315535929 1 3 85 3 1567.499
0.9425 0.944444444444444 0.940594059405941 0.984823482348235 0.89 0.924528301886792 0.851063829787234 0.969891609795263 2 3 85 3 1567.499
