1 1 1 1 0.75 0.592592592592593 0.934782608695652 0.793075684380032 NA 1 11 1 36.458
1 1 1 1 0.75 0.592592592592593 0.934782608695652 0.793880837359098 5 2 11 1 36.458
1 1 1 1 0.75 0.592592592592593 0.934782608695652 0.793478260869565 8 2 11 1 36.458
1 1 1 1 0.75 0.592592592592593 0.934782608695652 0.793478260869565 10 2 11 1 36.458
0.96875 1 0.941176470588235 0.996078431372549 0.84 0.759259259259259 0.934782608695652 0.907407407407407 1 3 11 1 36.458
0.96875 1 0.941176470588235 1 0.82 0.814814814814815 0.826086956521739 0.88768115942029 2 3 11 1 36.458
1 1 1 1 0.75 0.592592592592593 0.934782608695652 0.786030595813204 NA 1 11 2 48.011
1 1 1 1 0.75 0.592592592592593 0.934782608695652 0.785628019323671 5 2 11 2 48.011
1 1 1 1 0.75 0.592592592592593 0.934782608695652 0.78683574879227 8 2 11 2 48.011
1 1 1 1 0.75 0.592592592592593 0.934782608695652 0.78683574879227 10 2 11 2 48.011
0.96875 1 0.941176470588235 0.996078431372549 0.84 0.759259259259259 0.934782608695652 0.908615136876006 1 3 11 2 48.011
0.9375 1 0.882352941176471 1 0.81 0.796296296296296 0.826086956521739 0.888083735909823 2 3 11 2 48.011
1 1 1 1 0.76 0.611111111111111 0.934782608695652 0.813607085346216 NA 1 11 3 61.047
1 1 1 1 0.76 0.611111111111111 0.934782608695652 0.81682769726248 5 2 11 3 61.047
1 1 1 1 0.76 0.611111111111111 0.934782608695652 0.816425120772947 8 2 11 3 61.047
1 1 1 1 0.77 0.62962962962963 0.934782608695652 0.816425120772947 10 2 11 3 61.047
0.96875 1 0.941176470588235 0.996078431372549 0.82 0.722222222222222 0.934782608695652 0.902979066022544 1 3 11 3 61.047
0.96875 1 0.941176470588235 1 0.79 0.777777777777778 0.804347826086957 0.880434782608696 2 3 11 3 61.047
