0.916666666666667 0.9375 0.875 0.984375 0.86 0.892857142857143 0.818181818181818 0.915381493506494 NA 1 8 1 26.069
1 1 1 1 0.88 0.857142857142857 0.909090909090909 0.942167207792208 5 2 8 1 26.069
1 1 1 1 0.84 0.803571428571429 0.886363636363636 0.873376623376623 8 2 8 1 26.069
1 1 1 1 0.69 0.660714285714286 0.727272727272727 0.788352272727273 10 2 8 1 26.069
0.75 1 0.25 0.984375 0.61 1 0.113636363636364 0.919237012987013 1 3 8 1 26.069
0.916666666666667 1 0.75 0.9921875 0.84 0.964285714285714 0.681818181818182 0.946834415584416 2 3 8 1 26.069
1 1 1 1 0.84 0.857142857142857 0.818181818181818 0.852272727272727 NA 1 8 2 32.968
1 1 1 1 0.84 0.857142857142857 0.818181818181818 0.852272727272727 5 2 8 2 32.968
1 1 1 1 0.84 0.857142857142857 0.818181818181818 0.852272727272727 8 2 8 2 32.968
1 1 1 1 0.84 0.857142857142857 0.818181818181818 0.852272727272727 10 2 8 2 32.968
0.75 1 0.25 0.9765625 0.65 1 0.204545454545455 0.918831168831169 1 3 8 2 32.968
0.916666666666667 1 0.75 0.9921875 0.83 0.964285714285714 0.659090909090909 0.94724025974026 2 3 8 2 32.968
0.875 0.9375 0.75 0.984375 0.85 0.875 0.818181818181818 0.913555194805195 NA 1 8 3 48.968
1 1 1 1 0.71 0.714285714285714 0.704545454545455 0.735998376623377 5 2 8 3 48.968
1 1 1 1 0.88 0.857142857142857 0.909090909090909 0.942167207792208 8 2 8 3 48.968
1 1 1 1 0.84 0.875 0.795454545454545 0.862824675324675 10 2 8 3 48.968
0.75 1 0.25 0.9765625 0.63 1 0.159090909090909 0.921672077922078 1 3 8 3 48.968
0.916666666666667 1 0.75 0.9921875 0.83 0.964285714285714 0.659090909090909 0.946428571428571 2 3 8 3 48.968
