0.875 0.875 0.875 0.954241071428571 0.83 0.764705882352941 0.897959183673469 0.9343737494998 NA 1 9 1 159.276
0.966666666666667 0.96875 0.964285714285714 0.996930803571429 0.87 0.862745098039216 0.877551020408163 0.952781112444978 5 2 9 1 159.276
1 1 1 1 0.78 0.784313725490196 0.775510204081633 0.791316526610644 8 2 9 1 159.276
1 1 1 1 0.78 0.764705882352941 0.795918367346939 0.808723489395758 10 2 9 1 159.276
0.883333333333333 0.90625 0.857142857142857 0.953962053571429 0.83 0.764705882352941 0.897959183673469 0.925570228091236 1 3 9 1 159.276
0.95 0.953125 0.946428571428571 0.9921875 0.88 0.784313725490196 0.979591836734694 0.955182072829132 2 3 9 1 159.276
0.866666666666667 0.875 0.857142857142857 0.955357142857143 0.83 0.764705882352941 0.897959183673469 0.928771508603441 NA 1 9 2 209.088
1 1 1 1 0.83 0.862745098039216 0.795918367346939 0.842937174869948 5 2 9 2 209.088
1 1 1 1 0.85 0.823529411764706 0.877551020408163 0.856342537014806 8 2 9 2 209.088
0.991666666666667 1 0.982142857142857 0.999162946428571 0.88 0.882352941176471 0.877551020408163 0.884353741496599 10 2 9 2 209.088
0.883333333333333 0.90625 0.857142857142857 0.951729910714286 0.83 0.764705882352941 0.897959183673469 0.918767507002801 1 3 9 2 209.088
0.95 0.953125 0.946428571428571 0.991629464285714 0.88 0.823529411764706 0.938775510204082 0.946378551420568 2 3 9 2 209.088
0.875 0.890625 0.857142857142857 0.953683035714286 0.84 0.784313725490196 0.897959183673469 0.922368947579032 NA 1 9 3 373.639
0.958333333333333 0.96875 0.946428571428571 0.995256696428571 0.87 0.862745098039216 0.877551020408163 0.959983993597439 5 2 9 3 373.639
0.958333333333333 0.96875 0.946428571428571 0.995814732142857 0.89 0.862745098039216 0.918367346938776 0.96078431372549 8 2 9 3 373.639
0.958333333333333 0.96875 0.946428571428571 0.997209821428571 0.88 0.862745098039216 0.897959183673469 0.957583033213285 10 2 9 3 373.639
0.866666666666667 0.890625 0.839285714285714 0.950892857142857 0.83 0.764705882352941 0.897959183673469 0.913165266106443 1 3 9 3 373.639
0.95 0.953125 0.946428571428571 0.989118303571429 0.9 0.823529411764706 0.979591836734694 0.949579831932773 2 3 9 3 373.639
