1 1 1 1 0.82 0.653061224489796 0.980392156862745 0.847539015606242 NA 1 51 1 29.118
1 1 1 1 0.82 0.653061224489796 0.980392156862745 0.843137254901961 5 2 51 1 29.118
1 1 1 1 0.8 0.63265306122449 0.96078431372549 0.84233693477391 8 2 51 1 29.118
1 1 1 1 0.81 0.653061224489796 0.96078431372549 0.843937575030012 10 2 51 1 29.118
0.916666666666667 1 0.777777777777778 1 0.78 0.836734693877551 0.725490196078431 0.898759503801521 1 3 51 1 29.118
0.958333333333333 1 0.888888888888889 1 0.84 0.816326530612245 0.862745098039216 0.900360144057623 2 3 51 1 29.118
1 1 1 1 0.81 0.653061224489796 0.96078431372549 0.85594237695078 NA 1 51 2 33.913
1 1 1 1 0.81 0.653061224489796 0.96078431372549 0.840336134453782 5 2 51 2 33.913
1 1 1 1 0.81 0.653061224489796 0.96078431372549 0.840336134453782 8 2 51 2 33.913
1 1 1 1 0.81 0.653061224489796 0.96078431372549 0.840336134453782 10 2 51 2 33.913
0.916666666666667 1 0.777777777777778 1 0.78 0.816326530612245 0.745098039215686 0.893957583033213 1 3 51 2 33.913
0.958333333333333 1 0.888888888888889 1 0.84 0.816326530612245 0.862745098039216 0.900760304121649 2 3 51 2 33.913
1 1 1 1 0.8 0.612244897959184 0.980392156862745 0.836734693877551 NA 1 51 3 51.196
1 1 1 1 0.8 0.612244897959184 0.980392156862745 0.83453381352541 5 2 51 3 51.196
1 1 1 1 0.8 0.612244897959184 0.980392156862745 0.834133653461385 8 2 51 3 51.196
1 1 1 1 0.8 0.612244897959184 0.980392156862745 0.83453381352541 10 2 51 3 51.196
0.916666666666667 1 0.777777777777778 1 0.8 0.897959183673469 0.705882352941177 0.893157262905162 1 3 51 3 51.196
0.958333333333333 1 0.888888888888889 1 0.83 0.775510204081633 0.882352941176471 0.885554221688675 2 3 51 3 51.196
