0.9 0.9 0.9 0.966944444444444 0.88 0.862745098039216 0.897959183673469 0.913965586234494 NA 1 8 1 167.429
1 1 1 1 0.89 0.862745098039216 0.918367346938776 0.922569027611044 5 2 8 1 167.429
1 1 1 1 0.92 0.901960784313726 0.938775510204082 0.92436974789916 8 2 8 1 167.429
1 1 1 1 0.88 0.843137254901961 0.918367346938776 0.916366546618647 10 2 8 1 167.429
0.9 0.933333333333333 0.866666666666667 0.963055555555556 0.87 0.862745098039216 0.877551020408163 0.918767507002801 1 3 8 1 167.429
0.941666666666667 0.966666666666667 0.916666666666667 0.99 0.86 0.823529411764706 0.897959183673469 0.95078031212485 2 3 8 1 167.429
0.9 0.9 0.9 0.965 0.88 0.843137254901961 0.918367346938776 0.921968787515006 NA 1 8 2 173.416
1 1 1 1 0.89 0.862745098039216 0.918367346938776 0.90656262505002 5 2 8 2 173.416
1 1 1 1 0.87 0.823529411764706 0.918367346938776 0.916766706682673 8 2 8 2 173.416
1 1 1 1 0.9 0.901960784313726 0.897959183673469 0.923969587835134 10 2 8 2 173.416
0.908333333333333 0.95 0.866666666666667 0.9625 0.88 0.882352941176471 0.877551020408163 0.922769107643057 1 3 8 2 173.416
0.95 0.983333333333333 0.916666666666667 0.989722222222222 0.88 0.882352941176471 0.877551020408163 0.946378551420568 2 3 8 2 173.416
0.891666666666667 0.883333333333333 0.9 0.962777777777778 0.9 0.882352941176471 0.918367346938776 0.919167667066827 NA 1 8 3 313.804
1 1 1 1 0.86 0.803921568627451 0.918367346938776 0.920768307322929 5 2 8 3 313.804
1 1 1 1 0.91 0.901960784313726 0.918367346938776 0.940176070428171 8 2 8 3 313.804
1 1 1 1 0.89 0.862745098039216 0.918367346938776 0.922769107643057 10 2 8 3 313.804
0.925 0.983333333333333 0.866666666666667 0.961111111111111 0.86 0.882352941176471 0.836734693877551 0.923969587835134 1 3 8 3 313.804
0.941666666666667 0.966666666666667 0.916666666666667 0.988888888888889 0.88 0.862745098039216 0.897959183673469 0.945978391356543 2 3 8 3 313.804
