1 1 1 1 0.84 0.846153846153846 0.833333333333333 0.876201923076923 NA 1 1 1 24.045
1 1 1 1 0.83 0.865384615384615 0.791666666666667 0.856370192307692 5 2 1 1 24.045
1 1 1 1 0.83 0.865384615384615 0.791666666666667 0.854767628205128 8 2 1 1 24.045
1 1 1 1 0.83 0.865384615384615 0.791666666666667 0.854767628205128 10 2 1 1 24.045
0.833333333333333 0.7 0.928571428571429 0.935714285714286 0.81 0.711538461538462 0.916666666666667 0.899439102564103 1 3 1 1 24.045
0.916666666666667 0.9 0.928571428571429 0.992857142857143 0.73 0.557692307692308 0.916666666666667 0.899038461538462 2 3 1 1 24.045
1 1 1 1 0.85 0.846153846153846 0.854166666666667 0.869391025641026 NA 1 1 2 36.66
1 1 1 1 0.86 0.865384615384615 0.854166666666667 0.869791666666667 5 2 1 2 36.66
1 1 1 1 0.85 0.846153846153846 0.854166666666667 0.870192307692308 8 2 1 2 36.66
1 1 1 1 0.86 0.865384615384615 0.854166666666667 0.870192307692308 10 2 1 2 36.66
0.875 0.8 0.928571428571429 0.942857142857143 0.82 0.75 0.895833333333333 0.889823717948718 1 3 1 2 36.66
0.916666666666667 0.9 0.928571428571429 0.992857142857143 0.76 0.615384615384615 0.916666666666667 0.911458333333333 2 3 1 2 36.66
1 1 1 1 0.8 0.846153846153846 0.75 0.836538461538462 NA 1 1 3 47.186
1 1 1 1 0.8 0.846153846153846 0.75 0.838942307692308 5 2 1 3 47.186
1 1 1 1 0.81 0.865384615384615 0.75 0.836538461538462 8 2 1 3 47.186
1 1 1 1 0.81 0.865384615384615 0.75 0.836538461538462 10 2 1 3 47.186
0.833333333333333 0.7 0.928571428571429 0.935714285714286 0.78 0.653846153846154 0.916666666666667 0.897836538461538 1 3 1 3 47.186
0.916666666666667 0.9 0.928571428571429 0.992857142857143 0.77 0.615384615384615 0.9375 0.903044871794872 2 3 1 3 47.186
