0.885 0.882978723404255 0.886792452830189 0.947159775190687 0.9 0.886792452830189 0.914893617021277 0.944600562023284 NA 1 23 1 754.107
0.92 0.909574468085106 0.929245283018868 0.9832647531112 0.93 0.905660377358491 0.957446808510638 0.984745082296267 5 2 23 1 754.107
0.925 0.914893617021277 0.933962264150943 0.98487053392212 0.93 0.905660377358491 0.957446808510638 0.983942191890807 8 2 23 1 754.107
0.9275 0.920212765957447 0.933962264150943 0.985096346848655 0.93 0.905660377358491 0.957446808510638 0.983942191890807 10 2 23 1 754.107
0.8825 0.888297872340426 0.877358490566038 0.947059413890004 0.88 0.867924528301887 0.893617021276596 0.942593336009635 1 3 23 1 754.107
0.93 0.930851063829787 0.929245283018868 0.984443998394219 0.91 0.886792452830189 0.936170212765957 0.963067041348856 2 3 23 1 754.107
0.885 0.882978723404255 0.886792452830189 0.948589923725412 0.88 0.867924528301887 0.893617021276596 0.943396226415094 NA 1 23 2 696.957
0.9225 0.909574468085106 0.933962264150943 0.982988759534324 0.94 0.905660377358491 0.978723404255319 0.984745082296267 5 2 23 2 696.957
0.9225 0.914893617021277 0.929245283018868 0.984820353271778 0.93 0.905660377358491 0.957446808510638 0.984745082296267 8 2 23 2 696.957
0.9225 0.914893617021277 0.929245283018868 0.985497792051385 0.93 0.905660377358491 0.957446808510638 0.984343637093537 10 2 23 2 696.957
0.885 0.888297872340426 0.882075471698113 0.947561220393416 0.88 0.886792452830189 0.872340425531915 0.945403452428743 1 3 23 2 696.957
0.925 0.930851063829787 0.919811320754717 0.984117824167001 0.9 0.867924528301887 0.936170212765957 0.963067041348856 2 3 23 2 696.957
0.8875 0.882978723404255 0.891509433962264 0.948288839823364 0.88 0.867924528301887 0.893617021276596 0.942191890806905 NA 1 23 3 1287.352
0.9225 0.909574468085106 0.933962264150943 0.982938578883982 0.94 0.905660377358491 0.978723404255319 0.984745082296267 5 2 23 3 1287.352
0.9275 0.925531914893617 0.929245283018868 0.984544359694902 0.93 0.905660377358491 0.957446808510638 0.985146527498996 8 2 23 3 1287.352
0.93 0.925531914893617 0.933962264150943 0.985221798474508 0.93 0.905660377358491 0.957446808510638 0.985949417904456 10 2 23 3 1287.352
0.875 0.877659574468085 0.872641509433962 0.946933962264151 0.91 0.905660377358491 0.914893617021277 0.947410678442393 1 3 23 3 1287.352
0.935 0.941489361702128 0.929245283018868 0.983139301485347 0.9 0.886792452830189 0.914893617021277 0.961461260537937 2 3 23 3 1287.352
