0.89 0.875 0.903846153846154 0.95703125 0.94 0.914893617021277 0.962264150943396 0.962665596146126 NA 1 63 1 380.75
1 1 1 1 0.93 0.872340425531915 0.981132075471698 0.925331192292252 5 2 63 1 380.75
1 1 1 1 0.92 0.872340425531915 0.962264150943396 0.937374548374147 8 2 63 1 380.75
1 1 1 1 0.9 0.829787234042553 0.962264150943396 0.925933360096347 10 2 63 1 380.75
0.885 0.864583333333333 0.903846153846154 0.954627403846154 0.96 0.936170212765957 0.981132075471698 0.963869931754316 1 3 63 1 380.75
0.975 0.979166666666667 0.971153846153846 0.997495993589744 0.95 0.893617021276596 1 0.9771176234444 2 3 63 1 380.75
0.895 0.885416666666667 0.903846153846154 0.95713141025641 0.94 0.914893617021277 0.962264150943396 0.962665596146126 NA 1 63 2 355.943
1 1 1 1 0.9 0.851063829787234 0.943396226415094 0.921316740264954 5 2 63 2 355.943
1 1 1 1 0.91 0.851063829787234 0.962264150943396 0.905861099959855 8 2 63 2 355.943
1 1 1 1 0.92 0.851063829787234 0.981132075471698 0.945804897631473 10 2 63 2 355.943
0.89 0.875 0.903846153846154 0.954927884615385 0.96 0.936170212765957 0.981132075471698 0.964271376957045 1 3 63 2 355.943
0.975 0.979166666666667 0.971153846153846 0.997596153846154 0.96 0.914893617021277 1 0.97792051384986 2 3 63 2 355.943
0.89 0.875 0.903846153846154 0.955128205128205 0.92 0.893617021276596 0.943396226415094 0.961059815335207 NA 1 63 3 628.733
0.98 0.989583333333333 0.971153846153846 0.999298878205128 0.92 0.851063829787234 0.981132075471698 0.983540746688077 5 2 63 3 628.733
1 1 1 1 0.93 0.893617021276596 0.962264150943396 0.944199116820554 8 2 63 3 628.733
1 1 1 1 0.9 0.829787234042553 0.962264150943396 0.936973103171417 10 2 63 3 628.733
0.87 0.875 0.865384615384615 0.952323717948718 0.96 0.936170212765957 0.981132075471698 0.962665596146126 1 3 63 3 628.733
0.98 0.989583333333333 0.971153846153846 0.996995192307692 0.95 0.893617021276596 1 0.97631473303894 2 3 63 3 628.733
