0.9 0.875 0.916666666666667 0.970052083333333 0.87 0.816326530612245 0.92156862745098 0.933573429371749 NA 1 60 1 132.172
0.975 0.96875 0.979166666666667 0.998697916666667 0.86 0.755102040816326 0.96078431372549 0.942376950780312 5 2 60 1 132.172
1 1 1 1 0.81 0.693877551020408 0.92156862745098 0.848539415766306 8 2 60 1 132.172
1 1 1 1 0.79 0.714285714285714 0.862745098039216 0.831132452981192 10 2 60 1 132.172
0.9 0.875 0.916666666666667 0.966145833333333 0.84 0.816326530612245 0.862745098039216 0.934773909563826 1 3 60 1 132.172
0.975 1 0.958333333333333 0.98828125 0.86 0.816326530612245 0.901960784313726 0.937174869947979 2 3 60 1 132.172
0.9 0.875 0.916666666666667 0.968098958333333 0.88 0.836734693877551 0.92156862745098 0.935174069627851 NA 1 60 2 142.248
0.9625 0.96875 0.958333333333333 0.998697916666667 0.89 0.816326530612245 0.96078431372549 0.947579031612645 5 2 60 2 142.248
1 1 1 1 0.79 0.693877551020408 0.882352941176471 0.845538215286114 8 2 60 2 142.248
1 1 1 1 0.74 0.653061224489796 0.823529411764706 0.782112845138055 10 2 60 2 142.248
0.8875 0.875 0.895833333333333 0.968098958333333 0.83 0.816326530612245 0.843137254901961 0.933973589435774 1 3 60 2 142.248
0.9625 0.96875 0.958333333333333 0.987630208333333 0.86 0.816326530612245 0.901960784313726 0.936774709883954 2 3 60 2 142.248
0.8875 0.875 0.895833333333333 0.969401041666667 0.87 0.816326530612245 0.92156862745098 0.931172468987595 NA 1 60 3 255.117
1 1 1 1 0.84 0.714285714285714 0.96078431372549 0.865346138455382 5 2 60 3 255.117
1 1 1 1 0.82 0.714285714285714 0.92156862745098 0.860744297719088 8 2 60 3 255.117
0.9875 1 0.979166666666667 0.996744791666667 0.82 0.795918367346939 0.843137254901961 0.873149259703882 10 2 60 3 255.117
0.9 0.84375 0.9375 0.967447916666667 0.87 0.816326530612245 0.92156862745098 0.928771508603441 1 3 60 3 255.117
0.975 1 0.958333333333333 0.98828125 0.87 0.816326530612245 0.92156862745098 0.936374549819928 2 3 60 3 255.117
