0.8475 0.87037037037037 0.820652173913043 0.937952898550725 0.88 0.910714285714286 0.840909090909091 0.94237012987013 NA 1 39 1 800.439
0.92 0.930555555555556 0.907608695652174 0.975946054750403 0.9 0.910714285714286 0.886363636363636 0.982142857142857 5 2 39 1 800.439
0.9225 0.935185185185185 0.907608695652174 0.976172504025765 0.9 0.910714285714286 0.886363636363636 0.980925324675325 8 2 39 1 800.439
0.9225 0.935185185185185 0.907608695652174 0.976726046698873 0.9 0.910714285714286 0.886363636363636 0.981331168831169 10 2 39 1 800.439
0.8525 0.87962962962963 0.820652173913043 0.937298711755233 0.89 0.928571428571429 0.840909090909091 0.940340909090909 1 3 39 1 800.439
0.9325 0.935185185185185 0.929347826086957 0.982462761674718 0.88 0.928571428571429 0.818181818181818 0.966720779220779 2 3 39 1 800.439
0.85 0.875 0.820652173913043 0.938179347826087 0.88 0.910714285714286 0.840909090909091 0.941964285714286 NA 1 39 2 870.043
0.92 0.930555555555556 0.907608695652174 0.975946054750403 0.9 0.910714285714286 0.886363636363636 0.982142857142857 5 2 39 2 870.043
0.9225 0.935185185185185 0.907608695652174 0.976122181964573 0.9 0.910714285714286 0.886363636363636 0.981331168831169 8 2 39 2 870.043
0.9225 0.935185185185185 0.907608695652174 0.976675724637681 0.9 0.910714285714286 0.886363636363636 0.980113636363636 10 2 39 2 870.043
0.8525 0.875 0.826086956521739 0.93780193236715 0.89 0.928571428571429 0.840909090909091 0.939529220779221 1 3 39 2 870.043
0.9325 0.935185185185185 0.929347826086957 0.982613727858293 0.88 0.928571428571429 0.818181818181818 0.965909090909091 2 3 39 2 870.043
0.845 0.865740740740741 0.820652173913043 0.936292270531401 0.88 0.910714285714286 0.840909090909091 0.939935064935065 NA 1 39 3 1565.881
0.9175 0.925925925925926 0.907608695652174 0.975694444444444 0.89 0.910714285714286 0.863636363636364 0.981331168831169 5 2 39 3 1565.881
0.9175 0.930555555555556 0.902173913043478 0.97632347020934 0.9 0.910714285714286 0.886363636363636 0.980113636363636 8 2 39 3 1565.881
0.92 0.930555555555556 0.907608695652174 0.976575080515298 0.9 0.910714285714286 0.886363636363636 0.980519480519481 10 2 39 3 1565.881
0.8475 0.865740740740741 0.826086956521739 0.935839371980676 0.88 0.928571428571429 0.818181818181818 0.940340909090909 1 3 39 3 1565.881
0.9375 0.939814814814815 0.934782608695652 0.982538244766506 0.88 0.910714285714286 0.840909090909091 0.969561688311688 2 3 39 3 1565.881
