1 1 1 1 0.8 0.695652173913043 0.888888888888889 0.830515297906602 NA 1 46 1 26.21
1 1 1 1 0.81 0.695652173913043 0.907407407407407 0.823671497584541 5 2 46 1 26.21
1 1 1 1 0.81 0.695652173913043 0.907407407407407 0.823268921095008 8 2 46 1 26.21
1 1 1 1 0.8 0.695652173913043 0.888888888888889 0.823268921095008 10 2 46 1 26.21
0.96875 1 0.916666666666667 0.995833333333333 0.79 0.760869565217391 0.814814814814815 0.894122383252818 1 3 46 1 26.21
0.9375 0.95 0.916666666666667 0.995833333333333 0.76 0.652173913043478 0.851851851851852 0.867149758454106 2 3 46 1 26.21
1 1 1 1 0.77 0.565217391304348 0.944444444444444 0.836352657004831 NA 1 46 2 49.744
1 1 1 1 0.77 0.565217391304348 0.944444444444444 0.830112721417069 5 2 46 2 49.744
1 1 1 1 0.77 0.565217391304348 0.944444444444444 0.82487922705314 8 2 46 2 49.744
1 1 1 1 0.77 0.565217391304348 0.944444444444444 0.834742351046699 10 2 46 2 49.744
0.96875 1 0.916666666666667 1 0.79 0.739130434782609 0.833333333333333 0.909822866344606 1 3 46 2 49.744
0.96875 1 0.916666666666667 1 0.76 0.673913043478261 0.833333333333333 0.877214170692432 2 3 46 2 49.744
1 1 1 1 0.78 0.58695652173913 0.944444444444444 0.802938808373591 NA 1 46 3 64.027
1 1 1 1 0.78 0.58695652173913 0.944444444444444 0.806964573268921 5 2 46 3 64.027
1 1 1 1 0.78 0.58695652173913 0.944444444444444 0.796698872785829 8 2 46 3 64.027
1 1 1 1 0.78 0.58695652173913 0.944444444444444 0.797101449275362 10 2 46 3 64.027
0.96875 1 0.916666666666667 0.995833333333333 0.79 0.782608695652174 0.796296296296296 0.904186795491143 1 3 46 3 64.027
0.96875 1 0.916666666666667 0.995833333333333 0.76 0.673913043478261 0.833333333333333 0.859903381642512 2 3 46 3 64.027
