0.825 0.775510204081633 0.859154929577465 0.918654785858005 0.84 0.792452830188679 0.893617021276596 0.90806904857487 NA 1 15 1 182.795
0.941666666666667 0.918367346938776 0.957746478873239 0.984190859442369 0.89 0.849056603773585 0.936170212765957 0.950220794861501 5 2 15 1 182.795
0.941666666666667 0.938775510204082 0.943661971830986 0.985915492957746 0.9 0.867924528301887 0.936170212765957 0.957848253713368 8 2 15 1 182.795
0.941666666666667 0.938775510204082 0.943661971830986 0.986777809715435 0.9 0.867924528301887 0.936170212765957 0.961862705740666 10 2 15 1 182.795
0.833333333333333 0.775510204081633 0.873239436619718 0.920379419373383 0.83 0.792452830188679 0.872340425531915 0.901645925331192 1 3 15 1 182.795
0.925 0.897959183673469 0.943661971830986 0.978154642138546 0.9 0.849056603773585 0.957446808510638 0.963869931754316 2 3 15 1 182.795
0.825 0.775510204081633 0.859154929577465 0.92267893072722 0.85 0.811320754716981 0.893617021276596 0.913689281413087 NA 1 15 2 214.107
0.958333333333333 0.938775510204082 0.971830985915493 0.985628054038517 0.89 0.849056603773585 0.936170212765957 0.949417904456042 5 2 15 2 214.107
0.941666666666667 0.938775510204082 0.943661971830986 0.986490370796206 0.9 0.867924528301887 0.936170212765957 0.955841027699719 8 2 15 2 214.107
0.941666666666667 0.938775510204082 0.943661971830986 0.987927565392354 0.9 0.867924528301887 0.936170212765957 0.959454034524287 10 2 15 2 214.107
0.825 0.775510204081633 0.859154929577465 0.921529175050302 0.83 0.811320754716981 0.851063829787234 0.90646326776395 1 3 15 2 214.107
0.933333333333333 0.897959183673469 0.957746478873239 0.977004886461627 0.9 0.849056603773585 0.957446808510638 0.965877157767965 2 3 15 2 214.107
0.841666666666667 0.775510204081633 0.887323943661972 0.914055763150331 0.82 0.792452830188679 0.851063829787234 0.905660377358491 NA 1 15 3 337.553
0.941666666666667 0.938775510204082 0.943661971830986 0.986490370796206 0.88 0.849056603773585 0.914893617021277 0.93095142513047 5 2 15 3 337.553
0.95 0.959183673469388 0.943661971830986 0.987065248634665 0.88 0.867924528301887 0.893617021276596 0.940586109995986 8 2 15 3 337.553
0.941666666666667 0.938775510204082 0.943661971830986 0.987640126473124 0.88 0.867924528301887 0.893617021276596 0.950622240064231 10 2 15 3 337.553
0.816666666666667 0.775510204081633 0.845070422535211 0.915205518827249 0.8 0.754716981132076 0.851063829787234 0.890405459654757 1 3 15 3 337.553
0.933333333333333 0.897959183673469 0.957746478873239 0.978442081057775 0.89 0.830188679245283 0.957446808510638 0.957848253713368 2 3 15 3 337.553
