0.875 0.916666666666667 0.833333333333333 0.979166666666667 0.7 0.673469387755102 0.725490196078431 0.782312925170068 NA 1 71 1 25.463
1 1 1 1 0.7 0.591836734693878 0.803921568627451 0.72468987595038 5 2 71 1 25.463
1 1 1 1 0.75 0.693877551020408 0.803921568627451 0.768307322929172 8 2 71 1 25.463
1 1 1 1 0.68 0.612244897959184 0.745098039215686 0.687274909963986 10 2 71 1 25.463
0.875 0.916666666666667 0.833333333333333 0.986111111111111 0.73 0.918367346938776 0.549019607843137 0.882352941176471 1 3 71 1 25.463
1 1 1 1 0.75 0.755102040816326 0.745098039215686 0.839135654261705 2 3 71 1 25.463
1 1 1 1 0.81 0.795918367346939 0.823529411764706 0.809723889555822 NA 1 71 2 36.439
1 1 1 1 0.81 0.795918367346939 0.823529411764706 0.809723889555822 5 2 71 2 36.439
1 1 1 1 0.81 0.795918367346939 0.823529411764706 0.809723889555822 8 2 71 2 36.439
1 1 1 1 0.81 0.795918367346939 0.823529411764706 0.809723889555822 10 2 71 2 36.439
0.875 0.916666666666667 0.833333333333333 0.986111111111111 0.75 0.938775510204082 0.568627450980392 0.909563825530212 1 3 71 2 36.439
0.958333333333333 0.916666666666667 1 0.986111111111111 0.76 0.755102040816326 0.764705882352941 0.862745098039216 2 3 71 2 36.439
1 1 1 1 0.78 0.775510204081633 0.784313725490196 0.779911964785914 NA 1 71 3 45.54
1 1 1 1 0.78 0.775510204081633 0.784313725490196 0.779911964785914 5 2 71 3 45.54
1 1 1 1 0.78 0.775510204081633 0.784313725490196 0.779911964785914 8 2 71 3 45.54
1 1 1 1 0.78 0.775510204081633 0.784313725490196 0.779911964785914 10 2 71 3 45.54
0.875 0.916666666666667 0.833333333333333 0.979166666666667 0.77 0.918367346938776 0.627450980392157 0.915166066426571 1 3 71 3 45.54
0.958333333333333 0.916666666666667 1 0.986111111111111 0.77 0.775510204081633 0.764705882352941 0.858343337334934 2 3 71 3 45.54
