1 1 1 1 0.84 0.823529411764706 0.857142857142857 0.838935574229692 NA 1 84 1 24.133
1 1 1 1 0.84 0.823529411764706 0.857142857142857 0.838335334133654 5 2 84 1 24.133
1 1 1 1 0.84 0.823529411764706 0.857142857142857 0.838335334133654 8 2 84 1 24.133
1 1 1 1 0.84 0.823529411764706 0.857142857142857 0.838335334133654 10 2 84 1 24.133
0.958333333333333 0.916666666666667 1 1 0.82 0.823529411764706 0.816326530612245 0.879951980792317 1 3 84 1 24.133
1 1 1 1 0.82 0.803921568627451 0.836734693877551 0.914765906362545 2 3 84 1 24.133
1 1 1 1 0.84 0.823529411764706 0.857142857142857 0.842537014805922 NA 1 84 2 35.279
1 1 1 1 0.83 0.803921568627451 0.857142857142857 0.84453781512605 5 2 84 2 35.279
1 1 1 1 0.83 0.803921568627451 0.857142857142857 0.851340536214486 8 2 84 2 35.279
1 1 1 1 0.84 0.823529411764706 0.857142857142857 0.846538615446178 10 2 84 2 35.279
1 1 1 1 0.81 0.843137254901961 0.775510204081633 0.871548619447779 1 3 84 2 35.279
1 1 1 1 0.83 0.823529411764706 0.836734693877551 0.90796318527411 2 3 84 2 35.279
1 1 1 1 0.8 0.764705882352941 0.836734693877551 0.848539415766307 NA 1 84 3 42.161
1 1 1 1 0.83 0.803921568627451 0.857142857142857 0.835734293717487 5 2 84 3 42.161
1 1 1 1 0.84 0.803921568627451 0.877551020408163 0.844137655062025 8 2 84 3 42.161
1 1 1 1 0.84 0.803921568627451 0.877551020408163 0.847138855542217 10 2 84 3 42.161
1 1 1 1 0.81 0.843137254901961 0.775510204081633 0.869947979191677 1 3 84 3 42.161
1 1 1 1 0.81 0.784313725490196 0.836734693877551 0.903561424569828 2 3 84 3 42.161
