0.84 0.816326530612245 0.862745098039216 0.921868747499 0.81 0.787234042553192 0.830188679245283 0.879967884383782 NA 1 75 1 191.546
0.91 0.897959183673469 0.92156862745098 0.976990796318527 0.86 0.851063829787234 0.867924528301887 0.938980329185066 5 2 75 1 191.546
0.915 0.897959183673469 0.931372549019608 0.976890756302521 0.87 0.851063829787234 0.886792452830189 0.940586109995986 8 2 75 1 191.546
0.915 0.897959183673469 0.931372549019608 0.976890756302521 0.85 0.851063829787234 0.849056603773585 0.940987555198715 10 2 75 1 191.546
0.86 0.836734693877551 0.882352941176471 0.922168867547019 0.82 0.787234042553192 0.849056603773585 0.896025692492975 1 3 75 1 191.546
0.925 0.918367346938776 0.931372549019608 0.985494197679072 0.89 0.893617021276596 0.886792452830189 0.955038137294259 2 3 75 1 191.546
0.84 0.816326530612245 0.862745098039216 0.922368947579032 0.81 0.787234042553192 0.830188679245283 0.881172219991971 NA 1 75 2 220.066
0.91 0.897959183673469 0.92156862745098 0.977090836334534 0.87 0.851063829787234 0.886792452830189 0.940184664793256 5 2 75 2 220.066
0.915 0.897959183673469 0.931372549019608 0.976790716286515 0.87 0.851063829787234 0.886792452830189 0.940586109995986 8 2 75 2 220.066
0.92 0.908163265306122 0.931372549019608 0.979891956782713 0.87 0.851063829787234 0.886792452830189 0.93014853472501 10 2 75 2 220.066
0.85 0.816326530612245 0.882352941176471 0.921968787515006 0.82 0.787234042553192 0.849056603773585 0.895624247290245 1 3 75 2 220.066
0.925 0.918367346938776 0.931372549019608 0.985794317727091 0.89 0.872340425531915 0.905660377358491 0.955038137294259 2 3 75 2 220.066
0.84 0.816326530612245 0.862745098039216 0.918967587034814 0.81 0.787234042553192 0.830188679245283 0.877960658370132 NA 1 75 3 384.18
0.915 0.908163265306122 0.92156862745098 0.976390556222489 0.86 0.851063829787234 0.867924528301887 0.935768767563228 5 2 75 3 384.18
0.915 0.908163265306122 0.92156862745098 0.976190476190476 0.88 0.851063829787234 0.905660377358491 0.941790445604175 8 2 75 3 384.18
0.915 0.908163265306122 0.92156862745098 0.976290516206483 0.88 0.851063829787234 0.905660377358491 0.941389000401445 10 2 75 3 384.18
0.855 0.836734693877551 0.872549019607843 0.91906762705082 0.82 0.787234042553192 0.849056603773585 0.897631473303894 1 3 75 3 384.18
0.935 0.938775510204082 0.931372549019608 0.982092837134854 0.87 0.851063829787234 0.886792452830189 0.949417904456042 2 3 75 3 384.18
