0.875 0.842105263157895 0.904761904761905 0.949874686716792 0.79 0.72 0.86 0.8644 NA 1 28 1 69.294
1 1 1 1 0.82 0.84 0.8 0.8218 5 2 28 1 69.294
1 1 1 1 0.78 0.8 0.76 0.7912 8 2 28 1 69.294
1 1 1 1 0.77 0.76 0.78 0.778 10 2 28 1 69.294
0.875 0.894736842105263 0.857142857142857 0.93734335839599 0.78 0.74 0.82 0.8656 1 3 28 1 69.294
0.85 0.789473684210526 0.904761904761905 0.972431077694236 0.83 0.76 0.9 0.8888 2 3 28 1 69.294
0.875 0.842105263157895 0.904761904761905 0.947368421052632 0.79 0.72 0.86 0.864 NA 1 28 2 62.57
1 1 1 1 0.77 0.74 0.8 0.7598 5 2 28 2 62.57
1 1 1 1 0.79 0.74 0.84 0.785 8 2 28 2 62.57
1 1 1 1 0.75 0.72 0.78 0.7708 10 2 28 2 62.57
0.875 0.894736842105263 0.857142857142857 0.93483709273183 0.8 0.76 0.84 0.8696 1 3 28 2 62.57
0.85 0.789473684210526 0.904761904761905 0.972431077694236 0.83 0.76 0.9 0.89 2 3 28 2 62.57
0.875 0.842105263157895 0.904761904761905 0.93984962406015 0.78 0.7 0.86 0.8672 NA 1 28 3 107.69
1 1 1 1 0.76 0.68 0.84 0.7672 5 2 28 3 107.69
1 1 1 1 0.79 0.84 0.74 0.7924 8 2 28 3 107.69
1 1 1 1 0.69 0.7 0.68 0.7508 10 2 28 3 107.69
0.875 0.842105263157895 0.904761904761905 0.93483709273183 0.78 0.68 0.88 0.8644 1 3 28 3 107.69
0.875 0.842105263157895 0.904761904761905 0.969924812030075 0.84 0.78 0.9 0.9 2 3 28 3 107.69
