0.783333333333333 0.759259259259259 0.803030303030303 0.895342312008979 0.86 0.760869565217391 0.944444444444444 0.931159420289855 NA 1 47 1 216.582
0.875 0.87037037037037 0.878787878787879 0.954545454545455 0.89 0.847826086956522 0.925925925925926 0.969001610305958 5 2 47 1 216.582
0.875 0.87037037037037 0.878787878787879 0.959315375982043 0.87 0.826086956521739 0.907407407407407 0.971014492753623 8 2 47 1 216.582
0.858333333333333 0.851851851851852 0.863636363636364 0.965768799102132 0.85 0.739130434782609 0.944444444444444 0.947262479871176 10 2 47 1 216.582
0.791666666666667 0.777777777777778 0.803030303030303 0.892255892255892 0.84 0.739130434782609 0.925925925925926 0.927938808373591 1 3 47 1 216.582
0.883333333333333 0.907407407407407 0.863636363636364 0.952300785634119 0.85 0.717391304347826 0.962962962962963 0.951690821256039 2 3 47 1 216.582
0.783333333333333 0.759259259259259 0.803030303030303 0.895622895622896 0.85 0.739130434782609 0.944444444444444 0.931561996779388 NA 1 47 2 207.961
0.875 0.87037037037037 0.878787878787879 0.954826038159372 0.88 0.847826086956522 0.907407407407407 0.971819645732689 5 2 47 2 207.961
0.875 0.87037037037037 0.878787878787879 0.959034792368126 0.87 0.826086956521739 0.907407407407407 0.97061191626409 8 2 47 2 207.961
0.85 0.833333333333333 0.863636363636364 0.966329966329966 0.87 0.782608695652174 0.944444444444444 0.956521739130435 10 2 47 2 207.961
0.791666666666667 0.777777777777778 0.803030303030303 0.893097643097643 0.83 0.739130434782609 0.907407407407407 0.927938808373591 1 3 47 2 207.961
0.883333333333333 0.907407407407407 0.863636363636364 0.951739618406285 0.85 0.739130434782609 0.944444444444444 0.951690821256039 2 3 47 2 207.961
0.808333333333333 0.796296296296296 0.818181818181818 0.894219977553311 0.86 0.760869565217391 0.944444444444444 0.931159420289855 NA 1 47 3 352.991
0.883333333333333 0.888888888888889 0.878787878787879 0.955387205387205 0.88 0.826086956521739 0.925925925925926 0.967391304347826 5 2 47 3 352.991
0.866666666666667 0.87037037037037 0.863636363636364 0.957631874298541 0.88 0.826086956521739 0.925925925925926 0.967793880837359 8 2 47 3 352.991
0.866666666666667 0.87037037037037 0.863636363636364 0.965768799102132 0.86 0.739130434782609 0.962962962962963 0.940016103059581 10 2 47 3 352.991
0.783333333333333 0.759259259259259 0.803030303030303 0.888888888888889 0.84 0.739130434782609 0.925925925925926 0.921900161030596 1 3 47 3 352.991
0.9 0.925925925925926 0.878787878787879 0.953423120089787 0.86 0.739130434782609 0.962962962962963 0.95048309178744 2 3 47 3 352.991
