0.8575 0.865384615384615 0.848958333333333 0.935872395833333 0.83 0.722222222222222 0.956521739130435 0.94122383252818 NA 1 88 1 1013.554
0.9225 0.942307692307692 0.901041666666667 0.981695713141026 0.92 0.888888888888889 0.956521739130435 0.976247987117552 5 2 88 1 1013.554
0.94 0.951923076923077 0.927083333333333 0.983949318910256 0.92 0.888888888888889 0.956521739130435 0.976247987117552 8 2 88 1 1013.554
0.94 0.951923076923077 0.927083333333333 0.984299879807692 0.92 0.888888888888889 0.956521739130435 0.975845410628019 10 2 88 1 1013.554
0.86 0.879807692307692 0.838541666666667 0.93642327724359 0.82 0.703703703703704 0.956521739130435 0.941626409017713 1 3 88 1 1013.554
0.9375 0.947115384615385 0.927083333333333 0.981320112179487 0.89 0.833333333333333 0.956521739130435 0.964573268921095 2 3 88 1 1013.554
0.8625 0.875 0.848958333333333 0.937525040064103 0.83 0.722222222222222 0.956521739130435 0.939613526570048 NA 1 88 2 838.033
0.92 0.9375 0.901041666666667 0.981745793269231 0.92 0.888888888888889 0.956521739130435 0.977053140096618 5 2 88 2 838.033
0.9425 0.947115384615385 0.9375 0.983999399038462 0.93 0.888888888888889 0.978260869565217 0.976247987117552 8 2 88 2 838.033
0.9425 0.951923076923077 0.932291666666667 0.984324919871795 0.92 0.888888888888889 0.956521739130435 0.976247987117552 10 2 88 2 838.033
0.865 0.889423076923077 0.838541666666667 0.937625200320513 0.82 0.703703703703704 0.956521739130435 0.941626409017713 1 3 88 2 838.033
0.9375 0.947115384615385 0.927083333333333 0.980919471153846 0.89 0.833333333333333 0.956521739130435 0.965780998389694 2 3 88 2 838.033
0.8525 0.860576923076923 0.84375 0.936172876602564 0.82 0.703703703703704 0.956521739130435 0.939210950080515 NA 1 88 3 1694.247
0.925 0.942307692307692 0.90625 0.981870993589744 0.93 0.888888888888889 0.978260869565217 0.976247987117552 5 2 88 3 1694.247
0.945 0.956730769230769 0.932291666666667 0.984525240384615 0.91 0.87037037037037 0.956521739130435 0.97463768115942 8 2 88 3 1694.247
0.9425 0.951923076923077 0.932291666666667 0.985126201923077 0.91 0.87037037037037 0.956521739130435 0.97463768115942 10 2 88 3 1694.247
0.845 0.870192307692308 0.817708333333333 0.936823918269231 0.83 0.722222222222222 0.956521739130435 0.942028985507246 1 3 88 3 1694.247
0.9375 0.951923076923077 0.921875 0.981169871794872 0.9 0.833333333333333 0.978260869565217 0.969404186795491 2 3 88 3 1694.247
