0.89 0.891891891891892 0.887640449438202 0.951715760704525 0.84 0.862745098039216 0.816326530612245 0.943577430972389 NA 1 19 1 334.599
0.955 0.963963963963964 0.943820224719101 0.991193440631643 0.92 0.96078431372549 0.877551020408163 0.981992797118848 5 2 19 1 334.599
0.955 0.963963963963964 0.943820224719101 0.99250936329588 0.89 0.92156862745098 0.857142857142857 0.977591036414566 8 2 19 1 334.599
0.955 0.963963963963964 0.943820224719101 0.992813037756858 0.9 0.92156862745098 0.877551020408163 0.978391356542617 10 2 19 1 334.599
0.885 0.90990990990991 0.853932584269663 0.951816985524851 0.84 0.882352941176471 0.795918367346939 0.942777110844338 1 3 19 1 334.599
0.96 0.963963963963964 0.955056179775281 0.991193440631643 0.85 0.941176470588235 0.755102040816326 0.963985594237695 2 3 19 1 334.599
0.9 0.900900900900901 0.898876404494382 0.954347606032999 0.83 0.862745098039216 0.795918367346939 0.943577430972389 NA 1 19 2 383.401
0.955 0.963963963963964 0.943820224719101 0.991395890272295 0.9 0.941176470588235 0.857142857142857 0.977991196478591 5 2 19 2 383.401
0.96 0.963963963963964 0.955056179775281 0.992914262577184 0.89 0.92156862745098 0.857142857142857 0.973189275710284 8 2 19 2 383.401
0.96 0.963963963963964 0.955056179775281 0.993217937038162 0.88 0.92156862745098 0.836734693877551 0.971988795518207 10 2 19 2 383.401
0.895 0.90990990990991 0.876404494382023 0.954145156392347 0.85 0.92156862745098 0.775510204081633 0.943977591036415 1 3 19 2 383.401
0.965 0.972972972972973 0.955056179775281 0.994230185241421 0.86 0.92156862745098 0.795918367346939 0.966386554621849 2 3 19 2 383.401
0.9 0.90990990990991 0.887640449438202 0.95384148193137 0.86 0.882352941176471 0.836734693877551 0.943977591036415 NA 1 19 3 766.386
0.955 0.963963963963964 0.943820224719101 0.991497115092621 0.91 0.96078431372549 0.857142857142857 0.978791516606643 5 2 19 3 766.386
0.955 0.963963963963964 0.943820224719101 0.992306913655228 0.9 0.92156862745098 0.877551020408163 0.976790716286515 8 2 19 3 766.386
0.95 0.963963963963964 0.932584269662921 0.993825285960117 0.88 0.92156862745098 0.836734693877551 0.974389755902361 10 2 19 3 766.386
0.89 0.900900900900901 0.876404494382023 0.954954954954955 0.85 0.901960784313726 0.795918367346939 0.941576630652261 1 3 19 3 766.386
0.965 0.981981981981982 0.943820224719101 0.994736309343051 0.84 0.92156862745098 0.755102040816326 0.963185274109644 2 3 19 3 766.386
