0.845 0.865384615384615 0.822916666666667 0.937650240384615 0.83 0.830188679245283 0.829787234042553 0.920513849859494 NA 1 81 1 957.858
0.94 0.947115384615385 0.932291666666667 0.985101161858974 0.9 0.943396226415094 0.851063829787234 0.95463669209153 5 2 81 1 957.858
0.94 0.951923076923077 0.927083333333333 0.985401642628205 0.92 0.943396226415094 0.893617021276596 0.955038137294259 8 2 81 1 957.858
0.94 0.951923076923077 0.927083333333333 0.985952524038462 0.92 0.943396226415094 0.893617021276596 0.955439582496989 10 2 81 1 957.858
0.8475 0.879807692307692 0.8125 0.93739983974359 0.85 0.849056603773585 0.851063829787234 0.918105178643115 1 3 81 1 957.858
0.94 0.947115384615385 0.932291666666667 0.987730368589744 0.89 0.867924528301887 0.914893617021277 0.941790445604175 2 3 81 1 957.858
0.85 0.875 0.822916666666667 0.937950721153846 0.84 0.830188679245283 0.851063829787234 0.922521075873143 NA 1 81 2 1001.125
0.94 0.947115384615385 0.932291666666667 0.985226362179487 0.91 0.943396226415094 0.872340425531915 0.95463669209153 5 2 81 2 1001.125
0.94 0.951923076923077 0.927083333333333 0.985401642628205 0.92 0.943396226415094 0.893617021276596 0.955439582496989 8 2 81 2 1001.125
0.9375 0.947115384615385 0.927083333333333 0.986102764423077 0.92 0.943396226415094 0.893617021276596 0.955841027699719 10 2 81 2 1001.125
0.8425 0.875 0.807291666666667 0.937975761217949 0.85 0.849056603773585 0.851063829787234 0.918908069048575 1 3 81 2 1001.125
0.94 0.947115384615385 0.932291666666667 0.987955729166667 0.9 0.886792452830189 0.914893617021277 0.941389000401445 2 3 81 2 1001.125
0.8525 0.875 0.828125 0.93770032051282 0.85 0.849056603773585 0.851063829787234 0.922119630670413 NA 1 81 3 1760.741
0.9375 0.942307692307692 0.932291666666667 0.985652043269231 0.92 0.943396226415094 0.893617021276596 0.95383380168607 5 2 81 3 1760.741
0.94 0.951923076923077 0.927083333333333 0.985777243589744 0.91 0.924528301886792 0.893617021276596 0.95343235648334 8 2 81 3 1760.741
0.94 0.951923076923077 0.927083333333333 0.986278044871795 0.92 0.943396226415094 0.893617021276596 0.9542352468888 10 2 81 3 1760.741
0.8525 0.879807692307692 0.822916666666667 0.937675280448718 0.84 0.849056603773585 0.829787234042553 0.918506623845845 1 3 81 3 1760.741
0.94 0.947115384615385 0.932291666666667 0.98740484775641 0.88 0.867924528301887 0.893617021276596 0.940987555198715 2 3 81 3 1760.741
