0.8725 0.868421052631579 0.876190476190476 0.946766917293233 0.84 0.795918367346939 0.882352941176471 0.89515806322529 NA 1 24 1 639.454
0.93 0.931578947368421 0.928571428571429 0.983208020050125 0.94 0.918367346938776 0.96078431372549 0.979191676670668 5 2 24 1 639.454
0.9275 0.931578947368421 0.923809523809524 0.984310776942356 0.92 0.877551020408163 0.96078431372549 0.973989595838335 8 2 24 1 639.454
0.93 0.931578947368421 0.928571428571429 0.984812030075188 0.91 0.877551020408163 0.941176470588235 0.970388155262105 10 2 24 1 639.454
0.8775 0.878947368421053 0.876190476190476 0.947142857142857 0.84 0.816326530612245 0.862745098039216 0.890756302521008 1 3 24 1 639.454
0.94 0.942105263157895 0.938095238095238 0.98734335839599 0.9 0.877551020408163 0.92156862745098 0.965986394557823 2 3 24 1 639.454
0.875 0.873684210526316 0.876190476190476 0.946290726817043 0.84 0.795918367346939 0.882352941176471 0.902761104441777 NA 1 24 2 802.042
0.9325 0.936842105263158 0.928571428571429 0.983233082706767 0.92 0.897959183673469 0.941176470588235 0.977991196478591 5 2 24 2 802.042
0.9275 0.926315789473684 0.928571428571429 0.984285714285714 0.92 0.877551020408163 0.96078431372549 0.974389755902361 8 2 24 2 802.042
0.93 0.926315789473684 0.933333333333333 0.984661654135338 0.91 0.877551020408163 0.941176470588235 0.971188475390156 10 2 24 2 802.042
0.875 0.873684210526316 0.876190476190476 0.945037593984962 0.86 0.816326530612245 0.901960784313726 0.897959183673469 1 3 24 2 802.042
0.945 0.947368421052632 0.942857142857143 0.987593984962406 0.9 0.877551020408163 0.92156862745098 0.959183673469388 2 3 24 2 802.042
0.87 0.868421052631579 0.871428571428571 0.945112781954887 0.84 0.816326530612245 0.862745098039216 0.9015606242497 NA 1 24 3 1351.271
0.9375 0.942105263157895 0.933333333333333 0.982406015037594 0.93 0.918367346938776 0.941176470588235 0.978391356542617 5 2 24 3 1351.271
0.935 0.936842105263158 0.933333333333333 0.983884711779449 0.92 0.877551020408163 0.96078431372549 0.975590236094438 8 2 24 3 1351.271
0.9325 0.936842105263158 0.928571428571429 0.984385964912281 0.9 0.857142857142857 0.941176470588235 0.971188475390156 10 2 24 3 1351.271
0.8725 0.868421052631579 0.876190476190476 0.944235588972431 0.85 0.816326530612245 0.882352941176471 0.897959183673469 1 3 24 3 1351.271
0.9375 0.936842105263158 0.938095238095238 0.98719298245614 0.9 0.857142857142857 0.941176470588235 0.964785914365746 2 3 24 3 1351.271
