0.86 0.847715736040609 0.87192118226601 0.926633492535821 0.87 0.830188679245283 0.914893617021277 0.925331192292252 NA 1 49 1 625.263
0.935 0.939086294416244 0.931034482758621 0.972868895501488 0.89 0.905660377358491 0.872340425531915 0.963468486551586 5 2 49 1 625.263
0.935 0.939086294416244 0.931034482758621 0.974594283713836 0.87 0.867924528301887 0.872340425531915 0.962264150943396 8 2 49 1 625.263
0.9325 0.934010152284264 0.931034482758621 0.974969368107824 0.89 0.905660377358491 0.872340425531915 0.963067041348856 10 2 49 1 625.263
0.855 0.862944162436548 0.847290640394089 0.9262083968893 0.85 0.792452830188679 0.914893617021277 0.918506623845845 1 3 49 1 625.263
0.925 0.939086294416244 0.911330049261084 0.972543822360031 0.89 0.849056603773585 0.936170212765957 0.941389000401445 2 3 49 1 625.263
0.8525 0.847715736040609 0.857142857142857 0.926683503788352 0.85 0.792452830188679 0.914893617021277 0.922521075873143 NA 1 49 2 630.805
0.935 0.939086294416244 0.931034482758621 0.973118951764147 0.9 0.924528301886792 0.872340425531915 0.959855479727017 5 2 49 2 630.805
0.9375 0.939086294416244 0.935960591133005 0.973919131804656 0.89 0.886792452830189 0.893617021276596 0.960256924929747 8 2 49 2 630.805
0.9375 0.939086294416244 0.935960591133005 0.97389412617839 0.89 0.886792452830189 0.893617021276596 0.961059815335207 10 2 49 2 630.805
0.85 0.852791878172589 0.847290640394089 0.926808531919682 0.84 0.773584905660377 0.914893617021277 0.918506623845845 1 3 49 2 630.805
0.93 0.934010152284264 0.926108374384236 0.972943912380286 0.91 0.886792452830189 0.936170212765957 0.937374548374147 2 3 49 2 630.805
0.8525 0.852791878172589 0.852216748768473 0.925733289990248 0.86 0.830188679245283 0.893617021276596 0.917703733440385 NA 1 49 3 1142.464
0.935 0.939086294416244 0.931034482758621 0.973068940511615 0.9 0.924528301886792 0.872340425531915 0.961461260537937 5 2 49 3 1142.464
0.935 0.939086294416244 0.931034482758621 0.97389412617839 0.89 0.886792452830189 0.893617021276596 0.962264150943396 8 2 49 3 1142.464
0.9375 0.939086294416244 0.935960591133005 0.974044159935986 0.9 0.905660377358491 0.893617021276596 0.963869931754316 10 2 49 3 1142.464
0.8525 0.862944162436548 0.842364532019704 0.925583256232652 0.85 0.811320754716981 0.893617021276596 0.913287836210357 1 3 49 3 1142.464
0.925 0.928934010152284 0.921182266009852 0.97156860293566 0.9 0.867924528301887 0.936170212765957 0.939381774387796 2 3 49 3 1142.464
