0.958333333333333 1 0.916666666666667 0.9375 0.85 0.80952380952381 0.879310344827586 0.92200328407225 NA 1 21 1 21.873
0.958333333333333 0.916666666666667 1 1 0.77 0.547619047619048 0.931034482758621 0.803366174055829 5 2 21 1 21.873
1 1 1 1 0.83 0.714285714285714 0.913793103448276 0.848522167487685 8 2 21 1 21.873
1 1 1 1 0.78 0.69047619047619 0.844827586206897 0.847701149425287 10 2 21 1 21.873
0.958333333333333 1 0.916666666666667 0.930555555555556 0.83 0.761904761904762 0.879310344827586 0.905172413793103 1 3 21 1 21.873
0.916666666666667 0.916666666666667 0.916666666666667 0.993055555555556 0.85 0.761904761904762 0.913793103448276 0.916256157635468 2 3 21 1 21.873
0.958333333333333 1 0.916666666666667 0.930555555555556 0.84 0.80952380952381 0.862068965517241 0.921182266009852 NA 1 21 2 32.438
1 1 1 1 0.83 0.857142857142857 0.810344827586207 0.905993431855501 5 2 21 2 32.438
1 1 1 1 0.77 0.785714285714286 0.758620689655172 0.838464696223317 8 2 21 2 32.438
1 1 1 1 0.78 0.666666666666667 0.862068965517241 0.832717569786535 10 2 21 2 32.438
0.958333333333333 1 0.916666666666667 0.930555555555556 0.82 0.738095238095238 0.879310344827586 0.914203612479475 1 3 21 2 32.438
0.958333333333333 1 0.916666666666667 0.993055555555556 0.84 0.857142857142857 0.827586206896552 0.921592775041051 2 3 21 2 32.438
0.958333333333333 1 0.916666666666667 0.944444444444444 0.85 0.761904761904762 0.913793103448276 0.915845648604269 NA 1 21 3 41.25
1 1 1 1 0.7 0.547619047619048 0.810344827586207 0.762725779967159 5 2 21 3 41.25
1 1 1 1 0.65 0.476190476190476 0.775862068965517 0.702380952380952 8 2 21 3 41.25
1 1 1 1 0.63 0.404761904761905 0.793103448275862 0.649835796387521 10 2 21 3 41.25
0.958333333333333 1 0.916666666666667 0.930555555555556 0.83 0.738095238095238 0.896551724137931 0.920361247947455 1 3 21 3 41.25
0.916666666666667 0.916666666666667 0.916666666666667 0.993055555555556 0.82 0.761904761904762 0.862068965517241 0.886288998357964 2 3 21 3 41.25
