0.975 1 0.954545454545455 0.982323232323232 0.89 0.886363636363636 0.892857142857143 0.918425324675325 NA 1 83 1 57.088
1 1 1 1 0.87 0.863636363636364 0.875 0.868100649350649 5 2 83 1 57.088
1 1 1 1 0.9 0.909090909090909 0.892857142857143 0.904829545454545 8 2 83 1 57.088
1 1 1 1 0.91 0.886363636363636 0.928571428571429 0.947037337662338 10 2 83 1 57.088
0.925 0.888888888888889 0.954545454545455 0.982323232323232 0.89 0.886363636363636 0.892857142857143 0.925324675324675 1 3 83 1 57.088
0.975 0.944444444444444 1 1 0.92 0.886363636363636 0.946428571428571 0.973214285714286 2 3 83 1 57.088
0.975 1 0.954545454545455 0.982323232323232 0.89 0.886363636363636 0.892857142857143 0.920454545454545 NA 1 83 2 92.06
1 1 1 1 0.87 0.863636363636364 0.875 0.877840909090909 5 2 83 2 92.06
1 1 1 1 0.9 0.909090909090909 0.892857142857143 0.911525974025974 8 2 83 2 92.06
1 1 1 1 0.9 0.909090909090909 0.892857142857143 0.941152597402597 10 2 83 2 92.06
0.925 0.888888888888889 0.954545454545455 0.982323232323232 0.89 0.886363636363636 0.892857142857143 0.924512987012987 1 3 83 2 92.06
0.975 0.944444444444444 1 1 0.92 0.886363636363636 0.946428571428571 0.97362012987013 2 3 83 2 92.06
0.975 1 0.954545454545455 0.982323232323232 0.89 0.886363636363636 0.892857142857143 0.922077922077922 NA 1 83 3 100.274
1 1 1 1 0.87 0.818181818181818 0.910714285714286 0.914366883116883 5 2 83 3 100.274
1 1 1 1 0.91 0.909090909090909 0.910714285714286 0.941355519480519 8 2 83 3 100.274
1 1 1 1 0.8 0.795454545454545 0.803571428571429 0.859983766233766 10 2 83 3 100.274
0.925 0.888888888888889 0.954545454545455 0.982323232323232 0.89 0.886363636363636 0.892857142857143 0.925324675324675 1 3 83 3 100.274
0.975 0.944444444444444 1 1 0.92 0.886363636363636 0.946428571428571 0.974025974025974 2 3 83 3 100.274
