1 1 1 1 0.88 0.877551020408163 0.882352941176471 0.944577831132453 NA 1 73 1 52.826
1 1 1 1 0.88 0.877551020408163 0.882352941176471 0.948579431772709 5 2 73 1 52.826
1 1 1 1 0.88 0.877551020408163 0.882352941176471 0.948179271708684 8 2 73 1 52.826
1 1 1 1 0.88 0.877551020408163 0.882352941176471 0.947779111644658 10 2 73 1 52.826
0.975 1 0.952380952380952 1 0.85 0.918367346938776 0.784313725490196 0.953981592637055 1 3 73 1 52.826
1 1 1 1 0.89 0.877551020408163 0.901960784313726 0.939175670268107 2 3 73 1 52.826
1 1 1 1 0.87 0.877551020408163 0.862745098039216 0.945378151260504 NA 1 73 2 58.417
1 1 1 1 0.87 0.877551020408163 0.862745098039216 0.948579431772709 5 2 73 2 58.417
1 1 1 1 0.87 0.877551020408163 0.862745098039216 0.948579431772709 8 2 73 2 58.417
1 1 1 1 0.87 0.877551020408163 0.862745098039216 0.948579431772709 10 2 73 2 58.417
0.975 1 0.952380952380952 1 0.85 0.918367346938776 0.784313725490196 0.951580632252901 1 3 73 2 58.417
1 1 1 1 0.88 0.877551020408163 0.882352941176471 0.935974389755902 2 3 73 2 58.417
1 1 1 1 0.87 0.836734693877551 0.901960784313726 0.910764305722289 NA 1 73 3 92.165
1 1 1 1 0.87 0.836734693877551 0.901960784313726 0.887555022008803 5 2 73 3 92.165
1 1 1 1 0.87 0.836734693877551 0.901960784313726 0.887955182072829 8 2 73 3 92.165
1 1 1 1 0.87 0.836734693877551 0.901960784313726 0.88875550220088 10 2 73 3 92.165
0.95 1 0.904761904761905 1 0.86 0.918367346938776 0.803921568627451 0.95438175270108 1 3 73 3 92.165
0.975 0.947368421052632 1 1 0.87 0.836734693877551 0.901960784313726 0.933573429371749 2 3 73 3 92.165
