0.855 0.877551020408163 0.833333333333333 0.929971988795518 0.85 0.87719298245614 0.813953488372093 0.94859241126071 NA 1 18 1 314.755
0.935 0.938775510204082 0.931372549019608 0.979191676670668 0.92 0.964912280701754 0.86046511627907 0.977152182782538 5 2 18 1 314.755
0.935 0.938775510204082 0.931372549019608 0.979791916766707 0.94 0.964912280701754 0.906976744186046 0.990208078335373 8 2 18 1 314.755
0.94 0.959183673469388 0.92156862745098 0.980492196878752 0.94 0.964912280701754 0.906976744186046 0.988984088127295 10 2 18 1 314.755
0.86 0.887755102040816 0.833333333333333 0.92797118847539 0.88 0.912280701754386 0.837209302325581 0.937984496124031 1 3 18 1 314.755
0.93 0.959183673469388 0.901960784313726 0.978891556622649 0.89 0.859649122807018 0.930232558139535 0.971848225214198 2 3 18 1 314.755
0.85 0.857142857142857 0.843137254901961 0.929871948779512 0.86 0.894736842105263 0.813953488372093 0.94328845369237 NA 1 18 2 403.061
0.94 0.948979591836735 0.931372549019608 0.979491796718687 0.91 0.947368421052632 0.86046511627907 0.972664218686251 5 2 18 2 403.061
0.935 0.938775510204082 0.931372549019608 0.980392156862745 0.93 0.964912280701754 0.883720930232558 0.990208078335373 8 2 18 2 403.061
0.94 0.948979591836735 0.931372549019608 0.981392557022809 0.94 0.964912280701754 0.906976744186046 0.989800081599347 10 2 18 2 403.061
0.85 0.86734693877551 0.833333333333333 0.927370948379352 0.87 0.912280701754386 0.813953488372093 0.935128518971848 1 3 18 2 403.061
0.94 0.959183673469388 0.92156862745098 0.979291716686675 0.91 0.894736842105263 0.930232558139535 0.970216238270094 2 3 18 2 403.061
0.835 0.846938775510204 0.823529411764706 0.930572228891557 0.86 0.894736842105263 0.813953488372093 0.945328437372501 NA 1 18 3 589.855
0.945 0.948979591836735 0.941176470588235 0.9796918767507 0.91 0.929824561403509 0.883720930232558 0.960832313341493 5 2 18 3 589.855
0.94 0.948979591836735 0.931372549019608 0.97999199679872 0.91 0.929824561403509 0.883720930232558 0.977560179518564 8 2 18 3 589.855
0.945 0.959183673469388 0.931372549019608 0.980492196878752 0.91 0.929824561403509 0.883720930232558 0.97796817625459 10 2 18 3 589.855
0.845 0.86734693877551 0.823529411764706 0.928571428571429 0.88 0.912280701754386 0.837209302325581 0.93390452876377 1 3 18 3 589.855
0.935 0.959183673469388 0.911764705882353 0.978191276510604 0.89 0.87719298245614 0.906976744186046 0.965728274173807 2 3 18 3 589.855
