1 1 1 1 0.86 0.842105263157895 0.883720930232558 0.88453692370461 NA 1 16 1 41.368
1 1 1 1 0.86 0.859649122807018 0.86046511627907 0.876580987352101 5 2 16 1 41.368
1 1 1 1 0.86 0.859649122807018 0.86046511627907 0.877600979192167 8 2 16 1 41.368
1 1 1 1 0.86 0.859649122807018 0.86046511627907 0.877600979192167 10 2 16 1 41.368
0.95 1 0.882352941176471 0.9923273657289 0.88 0.87719298245614 0.883720930232558 0.95593635250918 1 3 16 1 41.368
1 1 1 1 0.84 0.754385964912281 0.953488372093023 0.944512443900449 2 3 16 1 41.368
1 1 1 1 0.86 0.859649122807018 0.86046511627907 0.866993064055487 NA 1 16 2 61.13
1 1 1 1 0.86 0.859649122807018 0.86046511627907 0.868625050999592 5 2 16 2 61.13
1 1 1 1 0.86 0.859649122807018 0.86046511627907 0.868625050999592 8 2 16 2 61.13
1 1 1 1 0.86 0.859649122807018 0.86046511627907 0.868625050999592 10 2 16 2 61.13
0.975 0.956521739130435 1 0.994884910485934 0.89 0.894736842105263 0.883720930232558 0.954304365565075 1 3 16 2 61.13
0.975 0.956521739130435 1 1 0.86 0.789473684210526 0.953488372093023 0.946960424316605 2 3 16 2 61.13
1 1 1 1 0.85 0.842105263157895 0.86046511627907 0.894328845369237 NA 1 16 3 78.556
1 1 1 1 0.85 0.842105263157895 0.86046511627907 0.895756833945328 5 2 16 3 78.556
1 1 1 1 0.85 0.842105263157895 0.86046511627907 0.895756833945328 8 2 16 3 78.556
1 1 1 1 0.85 0.842105263157895 0.86046511627907 0.895756833945328 10 2 16 3 78.556
0.975 0.956521739130435 1 0.989769820971867 0.86 0.842105263157895 0.883720930232558 0.952672378620971 1 3 16 3 78.556
1 1 1 1 0.81 0.736842105263158 0.906976744186046 0.936352509179927 2 3 16 3 78.556
