0.865 0.867724867724868 0.862559241706161 0.936783770906994 0.9 0.914893617021277 0.886792452830189 0.95303091128061 NA 1 69 1 494.727
0.9225 0.920634920634921 0.924170616113744 0.977331427568394 0.92 0.914893617021277 0.924528301886792 0.979526294660779 5 2 69 1 494.727
0.9225 0.920634920634921 0.924170616113744 0.977807868803129 0.92 0.893617021276596 0.943396226415094 0.981132075471698 8 2 69 1 494.727
0.9225 0.920634920634921 0.924170616113744 0.978384613455703 0.92 0.893617021276596 0.943396226415094 0.979526294660779 10 2 69 1 494.727
0.865 0.862433862433862 0.867298578199052 0.936432708944557 0.9 0.893617021276596 0.905660377358491 0.9542352468888 1 3 69 1 494.727
0.925 0.925925925925926 0.924170616113744 0.97291807718348 0.94 0.914893617021277 0.962264150943396 0.978321959052589 2 3 69 1 494.727
0.8775 0.878306878306878 0.876777251184834 0.93515384036711 0.91 0.914893617021277 0.905660377358491 0.952228020875151 NA 1 69 2 519.222
0.9175 0.915343915343915 0.919431279620853 0.977532034404072 0.92 0.936170212765957 0.905660377358491 0.979526294660779 5 2 69 2 519.222
0.92 0.915343915343915 0.924170616113744 0.977908172220968 0.92 0.914893617021277 0.924528301886792 0.981533520674428 8 2 69 2 519.222
0.925 0.925925925925926 0.924170616113744 0.978610296145841 0.92 0.914893617021277 0.924528301886792 0.980730630268968 10 2 69 2 519.222
0.87 0.867724867724868 0.872037914691943 0.93520399207603 0.91 0.893617021276596 0.924528301886792 0.95303091128061 1 3 69 2 519.222
0.92 0.920634920634921 0.919431279620853 0.971413525915896 0.95 0.936170212765957 0.962264150943396 0.9771176234444 2 3 69 2 519.222
0.875 0.883597883597884 0.867298578199052 0.934025426916422 0.89 0.914893617021277 0.867924528301887 0.952228020875151 NA 1 69 3 914.716
0.915 0.91005291005291 0.919431279620853 0.977657413676371 0.92 0.914893617021277 0.924528301886792 0.981533520674428 5 2 69 3 914.716
0.9175 0.91005291005291 0.924170616113744 0.978033551493267 0.92 0.914893617021277 0.924528301886792 0.981934965877158 8 2 69 3 914.716
0.9225 0.920634920634921 0.924170616113744 0.979437799343013 0.91 0.893617021276596 0.924528301886792 0.979927739863509 10 2 69 3 914.716
0.865 0.857142857142857 0.872037914691943 0.933398530554929 0.91 0.893617021276596 0.924528301886792 0.95383380168607 1 3 69 3 914.716
0.92 0.920634920634921 0.919431279620853 0.972617166929963 0.95 0.957446808510638 0.943396226415094 0.983139301485347 2 3 69 3 914.716
