0.8625 0.85 0.875 0.944375 0.83 0.849056603773585 0.808510638297872 0.879164993978322 NA 1 70 1 59.07
0.95 0.95 0.95 0.978125 0.83 0.811320754716981 0.851063829787234 0.894821356884785 5 2 70 1 59.07
0.9625 0.95 0.975 0.981875 0.84 0.830188679245283 0.851063829787234 0.90726615816941 8 2 70 1 59.07
0.9625 0.95 0.975 0.981875 0.84 0.830188679245283 0.851063829787234 0.90806904857487 10 2 70 1 59.07
0.875 0.85 0.9 0.94125 0.81 0.830188679245283 0.787234042553192 0.875150541951024 1 3 70 1 59.07
0.9125 0.9 0.925 0.979375 0.81 0.754716981132076 0.872340425531915 0.909273384183059 2 3 70 1 59.07
0.85 0.825 0.875 0.94625 0.83 0.849056603773585 0.808510638297872 0.882376555600161 NA 1 70 2 62.79
0.95 0.95 0.95 0.97875 0.84 0.811320754716981 0.872340425531915 0.892011240465676 5 2 70 2 62.79
0.9625 0.95 0.975 0.98125 0.84 0.830188679245283 0.851063829787234 0.908871938980329 8 2 70 2 62.79
0.9625 0.95 0.975 0.98125 0.84 0.830188679245283 0.851063829787234 0.90606182256122 10 2 70 2 62.79
0.8625 0.825 0.9 0.941875 0.81 0.830188679245283 0.787234042553192 0.875150541951024 1 3 70 2 62.79
0.9125 0.9 0.925 0.98 0.8 0.754716981132076 0.851063829787234 0.910477719791248 2 3 70 2 62.79
0.8625 0.85 0.875 0.944375 0.83 0.849056603773585 0.808510638297872 0.879164993978322 NA 1 70 3 101.698
0.95 0.925 0.975 0.98 0.82 0.811320754716981 0.829787234042553 0.888799678843838 5 2 70 3 101.698
0.9625 0.95 0.975 0.985 0.84 0.849056603773585 0.829787234042553 0.898032918506624 8 2 70 3 101.698
0.9625 0.95 0.975 0.985625 0.84 0.849056603773585 0.829787234042553 0.898032918506624 10 2 70 3 101.698
0.85 0.85 0.85 0.943125 0.81 0.830188679245283 0.787234042553192 0.878362103572862 1 3 70 3 101.698
0.925 0.9 0.95 0.981875 0.81 0.735849056603774 0.893617021276596 0.90766760337214 2 3 70 3 101.698
