1 1 1 1 0.8 0.813559322033898 0.780487804878049 0.813559322033898 NA 1 25 1 24.966
1 1 1 1 0.8 0.813559322033898 0.780487804878049 0.813559322033898 5 2 25 1 24.966
1 1 1 1 0.8 0.813559322033898 0.780487804878049 0.813559322033898 8 2 25 1 24.966
1 1 1 1 0.8 0.813559322033898 0.780487804878049 0.813559322033898 10 2 25 1 24.966
0.916666666666667 0.846153846153846 1 0.993006993006993 0.86 0.864406779661017 0.853658536585366 0.897064902852418 1 3 25 1 24.966
0.916666666666667 0.923076923076923 0.909090909090909 0.979020979020979 0.79 0.813559322033898 0.75609756097561 0.875155022736668 2 3 25 1 24.966
0.916666666666667 0.923076923076923 0.909090909090909 0.979020979020979 0.86 0.864406779661017 0.853658536585366 0.912360479536999 NA 1 25 2 38.572
1 1 1 1 0.76 0.915254237288136 0.536585365853659 0.776353865233568 5 2 25 2 38.572
1 1 1 1 0.75 0.796610169491525 0.682926829268293 0.815212897891691 8 2 25 2 38.572
1 1 1 1 0.71 0.864406779661017 0.48780487804878 0.731293923108723 10 2 25 2 38.572
0.875 0.846153846153846 0.909090909090909 0.979020979020979 0.89 0.898305084745763 0.878048780487805 0.932616783794957 1 3 25 2 38.572
0.916666666666667 0.923076923076923 0.909090909090909 0.979020979020979 0.82 0.830508474576271 0.804878048780488 0.892104175279041 2 3 25 2 38.572
0.916666666666667 0.923076923076923 0.909090909090909 0.979020979020979 0.83 0.830508474576271 0.829268292682927 0.902852418354692 NA 1 25 3 48.121
1 1 1 1 0.73 0.745762711864407 0.707317073170732 0.741628772219926 5 2 25 3 48.121
1 1 1 1 0.76 0.847457627118644 0.634146341463415 0.75051674245556 8 2 25 3 48.121
1 1 1 1 0.74 0.728813559322034 0.75609756097561 0.780487804878049 10 2 25 3 48.121
0.875 0.846153846153846 0.909090909090909 0.979020979020979 0.86 0.830508474576271 0.902439024390244 0.926002480363787 1 3 25 3 48.121
0.916666666666667 0.923076923076923 0.909090909090909 0.972027972027972 0.82 0.796610169491525 0.853658536585366 0.889210417527904 2 3 25 3 48.121
