1 1 1 1 0.82 0.792452830188679 0.851063829787234 0.83621035728623 NA 1 64 1 16.11
1 1 1 1 0.83 0.811320754716981 0.851063829787234 0.83621035728623 5 2 64 1 16.11
1 1 1 1 0.83 0.811320754716981 0.851063829787234 0.83621035728623 8 2 64 1 16.11
1 1 1 1 0.83 0.811320754716981 0.851063829787234 0.83621035728623 10 2 64 1 16.11
0.916666666666667 0.923076923076923 0.909090909090909 0.965034965034965 0.76 0.867924528301887 0.638297872340426 0.881573665194701 1 3 64 1 16.11
1 1 1 1 0.7 0.905660377358491 0.468085106382979 0.853071055800883 2 3 64 1 16.11
1 1 1 1 0.82 0.811320754716981 0.829787234042553 0.835407466880771 NA 1 64 2 26.556
1 1 1 1 0.82 0.811320754716981 0.829787234042553 0.835407466880771 5 2 64 2 26.556
1 1 1 1 0.82 0.811320754716981 0.829787234042553 0.835407466880771 8 2 64 2 26.556
1 1 1 1 0.82 0.811320754716981 0.829787234042553 0.835407466880771 10 2 64 2 26.556
0.916666666666667 0.923076923076923 0.909090909090909 0.972027972027972 0.79 0.867924528301887 0.702127659574468 0.881573665194701 1 3 64 2 26.556
1 1 1 1 0.7 0.886792452830189 0.48936170212766 0.855479727017262 2 3 64 2 26.556
1 1 1 1 0.84 0.849056603773585 0.829787234042553 0.868727418707346 NA 1 64 3 31.79
1 1 1 1 0.84 0.849056603773585 0.829787234042553 0.861300682456845 5 2 64 3 31.79
1 1 1 1 0.84 0.849056603773585 0.829787234042553 0.861300682456845 8 2 64 3 31.79
1 1 1 1 0.84 0.849056603773585 0.829787234042553 0.861300682456845 10 2 64 3 31.79
0.916666666666667 0.923076923076923 0.909090909090909 0.972027972027972 0.76 0.867924528301887 0.638297872340426 0.862705740666399 1 3 64 3 31.79
1 1 1 1 0.75 0.924528301886792 0.553191489361702 0.856282617422722 2 3 64 3 31.79
