0.85 0.823529411764706 0.869565217391304 0.918158567774936 0.8 0.75 0.863636363636364 0.860795454545455 NA 1 95 1 46.011
1 1 1 1 0.76 0.732142857142857 0.795454545454545 0.773538961038961 5 2 95 1 46.011
1 1 1 1 0.77 0.732142857142857 0.818181818181818 0.811079545454546 8 2 95 1 46.011
0.975 0.941176470588235 1 0.962915601023018 0.81 0.785714285714286 0.840909090909091 0.849025974025974 10 2 95 1 46.011
0.9 0.823529411764706 0.956521739130435 0.925831202046036 0.78 0.660714285714286 0.931818181818182 0.862418831168831 1 3 95 1 46.011
0.975 0.941176470588235 1 0.943734015345269 0.8 0.696428571428571 0.931818181818182 0.946834415584416 2 3 95 1 46.011
0.825 0.823529411764706 0.826086956521739 0.923273657289003 0.79 0.732142857142857 0.863636363636364 0.868506493506493 NA 1 95 2 51.565
1 1 1 1 0.81 0.803571428571429 0.818181818181818 0.838474025974026 5 2 95 2 51.565
1 1 1 1 0.82 0.839285714285714 0.795454545454545 0.841517857142857 8 2 95 2 51.565
1 1 1 1 0.75 0.75 0.75 0.820211038961039 10 2 95 2 51.565
0.925 0.882352941176471 0.956521739130435 0.925831202046036 0.83 0.767857142857143 0.909090909090909 0.882305194805195 1 3 95 2 51.565
0.95 0.882352941176471 1 0.946291560102302 0.8 0.696428571428571 0.931818181818182 0.942775974025974 2 3 95 2 51.565
0.875 0.823529411764706 0.91304347826087 0.918158567774936 0.82 0.732142857142857 0.931818181818182 0.866071428571429 NA 1 95 3 76.786
1 1 1 1 0.74 0.75 0.727272727272727 0.747564935064935 5 2 95 3 76.786
1 1 1 1 0.78 0.767857142857143 0.795454545454545 0.799918831168831 8 2 95 3 76.786
0.975 0.941176470588235 1 1 0.77 0.732142857142857 0.818181818181818 0.802353896103896 10 2 95 3 76.786
0.925 0.882352941176471 0.956521739130435 0.923273657289003 0.8 0.696428571428571 0.931818181818182 0.87987012987013 1 3 95 3 76.786
0.975 0.941176470588235 1 0.943734015345269 0.8 0.678571428571429 0.954545454545455 0.945211038961039 2 3 95 3 76.786
