0.975 1 0.947368421052632 0.987468671679198 0.83 0.884615384615385 0.770833333333333 0.892628205128205 NA 1 92 1 62.772
1 1 1 1 0.84 0.903846153846154 0.770833333333333 0.841746794871795 5 2 92 1 62.772
0.975 1 0.947368421052632 0.979949874686717 0.8 0.826923076923077 0.770833333333333 0.857371794871795 8 2 92 1 62.772
1 1 1 1 0.81 0.884615384615385 0.729166666666667 0.813501602564103 10 2 92 1 62.772
0.925 1 0.842105263157895 0.989974937343358 0.8 0.865384615384615 0.729166666666667 0.897435897435897 1 3 92 1 62.772
0.925 0.952380952380952 0.894736842105263 0.992481203007519 0.8 0.730769230769231 0.875 0.89863782051282 2 3 92 1 62.772
0.975 1 0.947368421052632 0.987468671679198 0.82 0.865384615384615 0.770833333333333 0.892227564102564 NA 1 92 2 61.924
1 1 1 1 0.84 0.884615384615385 0.791666666666667 0.833733974358974 5 2 92 2 61.924
1 1 1 1 0.7 0.788461538461538 0.604166666666667 0.725761217948718 8 2 92 2 61.924
1 1 1 1 0.82 0.884615384615385 0.75 0.826522435897436 10 2 92 2 61.924
0.925 1 0.842105263157895 0.989974937343358 0.8 0.865384615384615 0.729166666666667 0.900641025641026 1 3 92 2 61.924
0.9 0.952380952380952 0.842105263157895 0.989974937343358 0.81 0.788461538461538 0.833333333333333 0.897836538461538 2 3 92 2 61.924
0.975 1 0.947368421052632 0.982456140350877 0.82 0.884615384615385 0.75 0.89823717948718 NA 1 92 3 106.399
1 1 1 1 0.83 0.903846153846154 0.75 0.843349358974359 5 2 92 3 106.399
1 1 1 1 0.85 0.903846153846154 0.791666666666667 0.863581730769231 8 2 92 3 106.399
1 1 1 1 0.84 0.903846153846154 0.770833333333333 0.855168269230769 10 2 92 3 106.399
0.925 1 0.842105263157895 0.977443609022556 0.81 0.903846153846154 0.708333333333333 0.901842948717949 1 3 92 3 106.399
0.925 0.952380952380952 0.894736842105263 0.992481203007519 0.79 0.730769230769231 0.854166666666667 0.900240384615385 2 3 92 3 106.399
