0.883333333333333 0.857142857142857 0.912280701754386 0.927039821776664 0.86 0.783783783783784 0.904761904761905 0.933933933933934 NA 1 71 1 112.635
0.933333333333333 0.936507936507937 0.929824561403509 0.978835978835979 0.88 0.864864864864865 0.888888888888889 0.905619905619906 5 2 71 1 112.635
0.933333333333333 0.936507936507937 0.929824561403509 0.979671400724032 0.88 0.864864864864865 0.888888888888889 0.906048906048906 8 2 71 1 112.635
0.933333333333333 0.936507936507937 0.929824561403509 0.979392926761348 0.89 0.864864864864865 0.904761904761905 0.906477906477906 10 2 71 1 112.635
0.875 0.857142857142857 0.894736842105263 0.926761347813979 0.85 0.783783783783784 0.888888888888889 0.935220935220935 1 3 71 1 112.635
0.925 0.936507936507937 0.912280701754386 0.982734614313562 0.88 0.864864864864865 0.888888888888889 0.930501930501931 2 3 71 1 112.635
0.883333333333333 0.857142857142857 0.912280701754386 0.929546087440824 0.87 0.783783783783784 0.920634920634921 0.934362934362934 NA 1 71 2 112.139
0.933333333333333 0.936507936507937 0.929824561403509 0.98078529657477 0.88 0.864864864864865 0.888888888888889 0.900471900471901 5 2 71 2 112.139
0.933333333333333 0.936507936507937 0.929824561403509 0.981620718462824 0.88 0.864864864864865 0.888888888888889 0.900900900900901 8 2 71 2 112.139
0.933333333333333 0.936507936507937 0.929824561403509 0.981620718462824 0.88 0.864864864864865 0.888888888888889 0.9000429000429 10 2 71 2 112.139
0.858333333333333 0.873015873015873 0.842105263157895 0.925090504037872 0.86 0.837837837837838 0.873015873015873 0.93007293007293 1 3 71 2 112.139
0.925 0.936507936507937 0.912280701754386 0.983013088276246 0.87 0.864864864864865 0.873015873015873 0.932217932217932 2 3 71 2 112.139
0.875 0.857142857142857 0.894736842105263 0.927039821776664 0.88 0.810810810810811 0.920634920634921 0.934362934362934 NA 1 71 3 188.83
0.925 0.936507936507937 0.912280701754386 0.979949874686717 0.88 0.864864864864865 0.888888888888889 0.915915915915916 5 2 71 3 188.83
0.925 0.936507936507937 0.912280701754386 0.981342244500139 0.89 0.864864864864865 0.904761904761905 0.915915915915916 8 2 71 3 188.83
0.933333333333333 0.936507936507937 0.929824561403509 0.981620718462824 0.89 0.864864864864865 0.904761904761905 0.913770913770914 10 2 71 3 188.83
0.858333333333333 0.841269841269841 0.87719298245614 0.923976608187134 0.88 0.864864864864865 0.888888888888889 0.931359931359931 1 3 71 3 188.83
0.925 0.936507936507937 0.912280701754386 0.984405458089669 0.88 0.864864864864865 0.888888888888889 0.934362934362934 2 3 71 3 188.83
