0.9 0.947368421052632 0.857142857142857 0.964912280701754 0.74 0.566037735849057 0.936170212765957 0.874347651545564 NA 1 93 1 55.184
1 1 1 1 0.73 0.509433962264151 0.978723404255319 0.771376957045363 5 2 93 1 55.184
1 1 1 1 0.68 0.566037735849057 0.808510638297872 0.735447611401044 8 2 93 1 55.184
1 1 1 1 0.71 0.547169811320755 0.893617021276596 0.738458450421517 10 2 93 1 55.184
0.925 1 0.857142857142857 0.947368421052632 0.83 0.792452830188679 0.872340425531915 0.908871938980329 1 3 93 1 55.184
0.975 1 0.952380952380952 0.99749373433584 0.73 0.641509433962264 0.829787234042553 0.850662384584504 2 3 93 1 55.184
0.9 0.947368421052632 0.857142857142857 0.972431077694236 0.74 0.566037735849057 0.936170212765957 0.874347651545564 NA 1 93 2 55.135
1 1 1 1 0.77 0.584905660377358 0.978723404255319 0.793255720594139 5 2 93 2 55.135
1 1 1 1 0.67 0.547169811320755 0.808510638297872 0.730630268968286 8 2 93 2 55.135
1 1 1 1 0.73 0.566037735849057 0.914893617021277 0.774789241268567 10 2 93 2 55.135
0.925 1 0.857142857142857 0.947368421052632 0.82 0.773584905660377 0.872340425531915 0.910076274588519 1 3 93 2 55.135
0.975 1 0.952380952380952 0.99749373433584 0.73 0.641509433962264 0.829787234042553 0.852669610598153 2 3 93 2 55.135
0.925 0.947368421052632 0.904761904761905 0.982456140350877 0.75 0.584905660377358 0.936170212765957 0.877960658370132 NA 1 93 3 93.442
1 1 1 1 0.79 0.773584905660377 0.808510638297872 0.868526696105981 5 2 93 3 93.442
1 1 1 1 0.73 0.528301886792453 0.957446808510638 0.786029706945002 8 2 93 3 93.442
1 1 1 1 0.71 0.547169811320755 0.893617021276596 0.761140104375753 10 2 93 3 93.442
0.875 0.894736842105263 0.857142857142857 0.964912280701754 0.81 0.716981132075472 0.914893617021277 0.90726615816941 1 3 93 3 93.442
0.975 1 0.952380952380952 1 0.72 0.660377358490566 0.787234042553192 0.846647932557206 2 3 93 3 93.442
