0.925 0.941176470588235 0.91304347826087 0.966751918158568 0.92 0.901960784313726 0.938775510204082 0.971988795518207 NA 1 53 1 59.146
0.975 1 0.956521739130435 0.974424552429668 0.89 0.980392156862745 0.795918367346939 0.895958383353341 5 2 53 1 59.146
1 1 1 1 0.9 0.823529411764706 0.979591836734694 0.944577831132453 8 2 53 1 59.146
1 1 1 1 0.91 0.901960784313726 0.918367346938776 0.925570228091236 10 2 53 1 59.146
0.875 0.882352941176471 0.869565217391304 0.959079283887468 0.92 0.92156862745098 0.918367346938776 0.969987995198079 1 3 53 1 59.146
0.875 0.823529411764706 0.91304347826087 0.946291560102302 0.89 0.862745098039216 0.918367346938776 0.939575830332133 2 3 53 1 59.146
0.925 0.941176470588235 0.91304347826087 0.969309462915601 0.91 0.882352941176471 0.938775510204082 0.975190076030412 NA 1 53 2 61.846
1 1 1 1 0.81 0.823529411764706 0.795918367346939 0.846338535414166 5 2 53 2 61.846
1 1 1 1 0.88 0.862745098039216 0.897959183673469 0.931172468987595 8 2 53 2 61.846
1 1 1 1 0.92 0.862745098039216 0.979591836734694 0.936374549819928 10 2 53 2 61.846
0.875 0.882352941176471 0.869565217391304 0.951406649616368 0.91 0.92156862745098 0.897959183673469 0.965586234493798 1 3 53 2 61.846
0.875 0.823529411764706 0.91304347826087 0.943734015345269 0.89 0.862745098039216 0.918367346938776 0.939175670268107 2 3 53 2 61.846
0.875 0.823529411764706 0.91304347826087 0.959079283887468 0.93 0.901960784313726 0.959183673469388 0.979191676670668 NA 1 53 3 100.392
1 1 1 1 0.82 0.745098039215686 0.897959183673469 0.829331732693077 5 2 53 3 100.392
1 1 1 1 0.87 0.843137254901961 0.897959183673469 0.878351340536214 8 2 53 3 100.392
1 1 1 1 0.81 0.725490196078431 0.897959183673469 0.838935574229692 10 2 53 3 100.392
0.875 0.882352941176471 0.869565217391304 0.951406649616368 0.89 0.882352941176471 0.897959183673469 0.961984793917567 1 3 53 3 100.392
0.8 0.705882352941177 0.869565217391304 0.938618925831202 0.85 0.803921568627451 0.897959183673469 0.925970388155262 2 3 53 3 100.392
