0.975 1 0.956521739130435 0.9846547314578 0.84 0.807692307692308 0.875 0.916266025641026 NA 1 29 1 67.155
1 1 1 1 0.83 0.769230769230769 0.895833333333333 0.838541666666667 5 2 29 1 67.155
1 1 1 1 0.85 0.826923076923077 0.875 0.889222756410256 8 2 29 1 67.155
1 1 1 1 0.81 0.730769230769231 0.895833333333333 0.836939102564103 10 2 29 1 67.155
0.975 1 0.956521739130435 0.9846547314578 0.88 0.865384615384615 0.895833333333333 0.924278846153846 1 3 29 1 67.155
0.975 1 0.956521739130435 0.994884910485934 0.85 0.807692307692308 0.895833333333333 0.90224358974359 2 3 29 1 67.155
0.975 1 0.956521739130435 0.987212276214834 0.84 0.807692307692308 0.875 0.916266025641026 NA 1 29 2 58.728
1 1 1 1 0.85 0.730769230769231 0.979166666666667 0.862179487179487 5 2 29 2 58.728
1 1 1 1 0.82 0.846153846153846 0.791666666666667 0.856570512820513 8 2 29 2 58.728
1 1 1 1 0.84 0.75 0.9375 0.884615384615385 10 2 29 2 58.728
0.975 1 0.956521739130435 0.9846547314578 0.88 0.865384615384615 0.895833333333333 0.924679487179487 1 3 29 2 58.728
0.975 1 0.956521739130435 0.997442455242967 0.85 0.807692307692308 0.895833333333333 0.901842948717949 2 3 29 2 58.728
0.975 1 0.956521739130435 0.9846547314578 0.84 0.769230769230769 0.916666666666667 0.913060897435897 NA 1 29 3 103.9
1 1 1 1 0.82 0.730769230769231 0.916666666666667 0.82051282051282 5 2 29 3 103.9
1 1 1 1 0.82 0.730769230769231 0.916666666666667 0.826722756410256 8 2 29 3 103.9
1 1 1 1 0.83 0.807692307692308 0.854166666666667 0.860777243589744 10 2 29 3 103.9
0.975 1 0.956521739130435 0.9846547314578 0.87 0.846153846153846 0.895833333333333 0.918669871794872 1 3 29 3 103.9
0.975 1 0.956521739130435 0.994884910485934 0.85 0.807692307692308 0.895833333333333 0.903044871794872 2 3 29 3 103.9
