0.91 0.910798122065728 0.909090909090909 0.962064723456604 0.89 0.886792452830189 0.893617021276596 0.956643918105179 NA 1 77 1 796.503
0.9575 0.967136150234742 0.946524064171123 0.989731616077929 0.93 0.943396226415094 0.914893617021277 0.967482938578884 5 2 77 1 796.503
0.955 0.962441314553991 0.946524064171123 0.989681403931611 0.92 0.924528301886792 0.914893617021277 0.968687274187073 8 2 77 1 796.503
0.955 0.962441314553991 0.946524064171123 0.989907358590043 0.92 0.924528301886792 0.914893617021277 0.968285828984344 10 2 77 1 796.503
0.9125 0.910798122065728 0.914438502673797 0.960633677286536 0.89 0.905660377358491 0.872340425531915 0.95262946607788 1 3 77 1 796.503
0.9475 0.953051643192488 0.941176470588235 0.988426100273656 0.94 0.943396226415094 0.936170212765957 0.970694500200723 2 3 77 1 796.503
0.9125 0.915492957746479 0.909090909090909 0.962089829529763 0.88 0.886792452830189 0.872340425531915 0.956242472902449 NA 1 77 2 970.065
0.9525 0.957746478873239 0.946524064171123 0.989781828224247 0.93 0.943396226415094 0.914893617021277 0.967482938578884 5 2 77 2 970.065
0.955 0.962441314553991 0.946524064171123 0.989756722151088 0.92 0.924528301886792 0.914893617021277 0.968285828984344 8 2 77 2 970.065
0.9525 0.957746478873239 0.946524064171123 0.989756722151088 0.92 0.924528301886792 0.914893617021277 0.967884383781614 10 2 77 2 970.065
0.9125 0.906103286384977 0.919786096256685 0.960909844091286 0.9 0.905660377358491 0.893617021276596 0.95383380168607 1 3 77 2 970.065
0.9475 0.953051643192488 0.941176470588235 0.988099721322588 0.94 0.943396226415094 0.936170212765957 0.970694500200723 2 3 77 2 970.065
0.91 0.915492957746479 0.903743315508021 0.961361753408149 0.89 0.886792452830189 0.893617021276596 0.956643918105179 NA 1 77 3 1417.447
0.955 0.962441314553991 0.946524064171123 0.989681403931611 0.93 0.943396226415094 0.914893617021277 0.969490164592533 5 2 77 3 1417.447
0.9525 0.962441314553991 0.941176470588235 0.989832040370566 0.92 0.924528301886792 0.914893617021277 0.969490164592533 8 2 77 3 1417.447
0.9525 0.962441314553991 0.941176470588235 0.989882252516884 0.92 0.924528301886792 0.914893617021277 0.969088719389803 10 2 77 3 1417.447
0.9075 0.910798122065728 0.903743315508021 0.960131555823354 0.89 0.905660377358491 0.872340425531915 0.955038137294259 1 3 77 3 1417.447
0.95 0.953051643192488 0.946524064171123 0.988426100273656 0.94 0.943396226415094 0.936170212765957 0.971898835808912 2 3 77 3 1417.447
