0.916666666666667 0.923076923076923 0.909090909090909 0.951048951048951 0.78 0.822222222222222 0.745454545454545 0.907070707070707 NA 1 75 1 25.054
1 1 1 1 0.77 0.733333333333333 0.8 0.800808080808081 5 2 75 1 25.054
1 1 1 1 0.84 0.866666666666667 0.818181818181818 0.872727272727273 8 2 75 1 25.054
1 1 1 1 0.78 0.911111111111111 0.672727272727273 0.823232323232323 10 2 75 1 25.054
0.875 1 0.727272727272727 0.937062937062937 0.68 0.933333333333333 0.472727272727273 0.86989898989899 1 3 75 1 25.054
0.958333333333333 1 0.909090909090909 0.986013986013986 0.84 0.911111111111111 0.781818181818182 0.927676767676768 2 3 75 1 25.054
0.958333333333333 1 0.909090909090909 0.965034965034965 0.8 0.822222222222222 0.781818181818182 0.888888888888889 NA 1 75 2 30.417
0.958333333333333 0.923076923076923 1 0.944055944055944 0.76 0.822222222222222 0.709090909090909 0.812929292929293 5 2 75 2 30.417
1 1 1 1 0.83 0.888888888888889 0.781818181818182 0.904848484848485 8 2 75 2 30.417
1 1 1 1 0.66 0.688888888888889 0.636363636363636 0.742424242424242 10 2 75 2 30.417
0.916666666666667 1 0.818181818181818 0.937062937062937 0.7 0.911111111111111 0.527272727272727 0.861818181818182 1 3 75 2 30.417
0.958333333333333 1 0.909090909090909 0.986013986013986 0.83 0.844444444444444 0.818181818181818 0.916363636363636 2 3 75 2 30.417
0.916666666666667 0.923076923076923 0.909090909090909 0.958041958041958 0.8 0.844444444444444 0.763636363636364 0.91030303030303 NA 1 75 3 37.832
1 1 1 1 0.81 0.822222222222222 0.8 0.858585858585858 5 2 75 3 37.832
1 1 1 1 0.81 0.844444444444444 0.781818181818182 0.85050505050505 8 2 75 3 37.832
1 1 1 1 0.65 0.644444444444444 0.654545454545455 0.741414141414141 10 2 75 3 37.832
0.833333333333333 1 0.636363636363636 0.937062937062937 0.68 0.933333333333333 0.472727272727273 0.878787878787879 1 3 75 3 37.832
0.958333333333333 1 0.909090909090909 0.986013986013986 0.86 0.888888888888889 0.836363636363636 0.931717171717172 2 3 75 3 37.832
