0.916666666666667 0.912280701754386 0.920634920634921 0.973544973544973 0.83 0.824561403508772 0.837209302325581 0.920032639738882 NA 1 7 1 106.789
0.95 0.964912280701754 0.936507936507937 0.99192425508215 0.92 0.947368421052632 0.883720930232558 0.973888208894329 5 2 7 1 106.789
1 1 1 1 0.9 0.947368421052632 0.837209302325581 0.92860057119543 8 2 7 1 106.789
1 1 1 1 0.89 0.912280701754386 0.86046511627907 0.909628722970216 10 2 7 1 106.789
0.916666666666667 0.929824561403509 0.904761904761905 0.971874129768867 0.86 0.894736842105263 0.813953488372093 0.930640554875561 1 3 7 1 106.789
0.958333333333333 1 0.920634920634921 0.982456140350877 0.8 0.789473684210526 0.813953488372093 0.913504691962464 2 3 7 1 106.789
0.908333333333333 0.912280701754386 0.904761904761905 0.971038707880813 0.84 0.842105263157895 0.837209302325581 0.920440636474908 NA 1 7 2 132.451
0.95 0.964912280701754 0.936507936507937 0.990531885268727 0.92 0.947368421052632 0.883720930232558 0.97062423500612 5 2 7 2 132.451
1 1 1 1 0.89 0.947368421052632 0.813953488372093 0.91452468380253 8 2 7 2 132.451
0.975 0.982456140350877 0.968253968253968 0.997215260373155 0.93 0.947368421052632 0.906976744186046 0.971848225214198 10 2 7 2 132.451
0.933333333333333 0.947368421052632 0.920634920634921 0.969646338067391 0.86 0.894736842105263 0.813953488372093 0.929008567931457 1 3 7 2 132.451
0.95 1 0.904761904761905 0.979392926761348 0.8 0.807017543859649 0.790697674418605 0.91391268869849 2 3 7 2 132.451
0.908333333333333 0.912280701754386 0.904761904761905 0.971874129768867 0.84 0.842105263157895 0.837209302325581 0.920032639738882 NA 1 7 3 207.408
0.941666666666667 0.947368421052632 0.936507936507937 0.992481203007519 0.9 0.912280701754386 0.883720930232558 0.967360261117911 5 2 7 3 207.408
1 1 1 1 0.9 0.929824561403509 0.86046511627907 0.905956752345981 8 2 7 3 207.408
1 1 1 1 0.87 0.87719298245614 0.86046511627907 0.883312933496532 10 2 7 3 207.408
0.925 0.929824561403509 0.920634920634921 0.968253968253968 0.86 0.894736842105263 0.813953488372093 0.933496532027744 1 3 7 3 207.408
0.941666666666667 0.982456140350877 0.904761904761905 0.981342244500139 0.82 0.824561403508772 0.813953488372093 0.914728682170543 2 3 7 3 207.408
