1 1 1 1 0.7 0.649122807017544 0.767441860465116 0.781925744594043 NA 1 34 1 39.298
1 1 1 1 0.72 0.649122807017544 0.813953488372093 0.764381884944921 5 2 34 1 39.298
1 1 1 1 0.73 0.666666666666667 0.813953488372093 0.763565891472868 8 2 34 1 39.298
1 1 1 1 0.73 0.666666666666667 0.813953488372093 0.769889840881273 10 2 34 1 39.298
0.9375 0.928571428571429 0.944444444444444 0.996031746031746 0.82 0.736842105263158 0.930232558139535 0.896368829049368 1 3 34 1 39.298
1 1 1 1 0.86 0.771929824561403 0.976744186046512 0.918808649530804 2 3 34 1 39.298
1 1 1 1 0.7 0.614035087719298 0.813953488372093 0.788861689106487 NA 1 34 2 44.738
1 1 1 1 0.7 0.614035087719298 0.813953488372093 0.783353733170135 5 2 34 2 44.738
1 1 1 1 0.7 0.614035087719298 0.813953488372093 0.783761729906161 8 2 34 2 44.738
1 1 1 1 0.7 0.614035087719298 0.813953488372093 0.783761729906161 10 2 34 2 44.738
0.96875 0.928571428571429 1 0.996031746031746 0.81 0.701754385964912 0.953488372093023 0.900448796409629 1 3 34 2 44.738
1 1 1 1 0.87 0.789473684210526 0.976744186046512 0.919624643002856 2 3 34 2 44.738
1 1 1 1 0.73 0.631578947368421 0.86046511627907 0.80905752753978 NA 1 34 3 69.341
1 1 1 1 0.72 0.614035087719298 0.86046511627907 0.783353733170135 5 2 34 3 69.341
1 1 1 1 0.72 0.614035087719298 0.86046511627907 0.790901672786618 8 2 34 3 69.341
1 1 1 1 0.73 0.649122807017544 0.837209302325581 0.797225622195022 10 2 34 3 69.341
0.96875 1 0.944444444444444 1 0.8 0.719298245614035 0.906976744186046 0.906160750713994 1 3 34 3 69.341
0.96875 0.928571428571429 1 1 0.84 0.754385964912281 0.953488372093023 0.905344757241942 2 3 34 3 69.341
