0.9 0.866666666666667 0.92 0.965333333333333 0.74 0.685185185185185 0.804347826086957 0.880434782608696 NA 1 75 1 43.68
1 1 1 1 0.79 0.87037037037037 0.695652173913043 0.830515297906602 5 2 75 1 43.68
0.975 0.933333333333333 1 1 0.84 0.814814814814815 0.869565217391304 0.867552334943639 8 2 75 1 43.68
0.975 0.933333333333333 1 0.953333333333333 0.8 0.851851851851852 0.739130434782609 0.823872785829307 10 2 75 1 43.68
0.925 0.866666666666667 0.96 0.946666666666667 0.75 0.648148148148148 0.869565217391304 0.854669887278583 1 3 75 1 43.68
0.95 0.933333333333333 0.96 0.986666666666667 0.77 0.685185185185185 0.869565217391304 0.864734299516908 2 3 75 1 43.68
0.875 0.866666666666667 0.88 0.954666666666667 0.75 0.703703703703704 0.804347826086957 0.876006441223833 NA 1 75 2 68.656
1 1 1 1 0.78 0.796296296296296 0.760869565217391 0.785829307568438 5 2 75 2 68.656
1 1 1 1 0.71 0.814814814814815 0.58695652173913 0.702495974235105 8 2 75 2 68.656
1 1 1 1 0.77 0.796296296296296 0.739130434782609 0.776771336553945 10 2 75 2 68.656
0.9 0.866666666666667 0.92 0.949333333333333 0.74 0.62962962962963 0.869565217391304 0.84219001610306 1 3 75 2 68.656
0.95 0.933333333333333 0.96 0.989333333333333 0.75 0.685185185185185 0.826086956521739 0.863123993558776 2 3 75 2 68.656
0.875 0.866666666666667 0.88 0.944 0.75 0.685185185185185 0.826086956521739 0.873993558776167 NA 1 75 3 83.001
0.9 0.866666666666667 0.92 0.864 0.72 0.666666666666667 0.782608695652174 0.753623188405797 5 2 75 3 83.001
1 1 1 1 0.81 0.833333333333333 0.782608695652174 0.823470209339775 8 2 75 3 83.001
0.975 1 0.96 0.997333333333333 0.76 0.814814814814815 0.695652173913043 0.790257648953301 10 2 75 3 83.001
0.875 0.8 0.92 0.941333333333333 0.76 0.62962962962963 0.91304347826087 0.857085346215781 1 3 75 3 83.001
0.95 0.933333333333333 0.96 0.989333333333333 0.78 0.722222222222222 0.847826086956522 0.863123993558776 2 3 75 3 83.001
