0.8475 0.863849765258216 0.828877005347594 0.934473149054756 0.88 0.891304347826087 0.87037037037037 0.950885668276973 NA 1 34 1 672.805
0.9175 0.934272300469484 0.898395721925134 0.980743641886972 0.91 0.91304347826087 0.907407407407407 0.982689210950081 5 2 34 1 672.805
0.93 0.943661971830986 0.914438502673797 0.985112098616655 0.91 0.91304347826087 0.907407407407407 0.979468599033816 8 2 34 1 672.805
0.93 0.943661971830986 0.914438502673797 0.98526273505561 0.91 0.91304347826087 0.907407407407407 0.979468599033816 10 2 34 1 672.805
0.85 0.868544600938967 0.828877005347594 0.934724209786347 0.88 0.891304347826087 0.87037037037037 0.947665056360709 1 3 34 1 672.805
0.9275 0.943661971830986 0.909090909090909 0.983505309934473 0.92 0.956521739130435 0.888888888888889 0.975845410628019 2 3 34 1 672.805
0.845 0.863849765258216 0.823529411764706 0.934749315859506 0.88 0.891304347826087 0.87037037037037 0.952093397745572 NA 1 34 2 862.102
0.92 0.938967136150235 0.898395721925134 0.980768747960132 0.91 0.91304347826087 0.907407407407407 0.982286634460548 5 2 34 2 862.102
0.93 0.943661971830986 0.914438502673797 0.985137204689814 0.91 0.91304347826087 0.907407407407407 0.979468599033816 8 2 34 2 862.102
0.93 0.943661971830986 0.914438502673797 0.985388265421405 0.91 0.91304347826087 0.907407407407407 0.980676328502415 10 2 34 2 862.102
0.845 0.868544600938967 0.818181818181818 0.935025482664256 0.88 0.891304347826087 0.87037037037037 0.947665056360709 1 3 34 2 862.102
0.9275 0.943661971830986 0.909090909090909 0.983781476739223 0.91 0.934782608695652 0.888888888888889 0.976650563607085 2 3 34 2 862.102
0.8575 0.873239436619718 0.839572192513369 0.934422936908438 0.89 0.91304347826087 0.87037037037037 0.951690821256039 NA 1 34 3 1448.943
0.915 0.934272300469484 0.893048128342246 0.981120232984359 0.91 0.91304347826087 0.907407407407407 0.983091787439614 5 2 34 3 1448.943
0.9275 0.943661971830986 0.909090909090909 0.985137204689814 0.91 0.91304347826087 0.907407407407407 0.981481481481482 8 2 34 3 1448.943
0.925 0.938967136150235 0.909090909090909 0.985388265421405 0.91 0.91304347826087 0.907407407407407 0.981481481481482 10 2 34 3 1448.943
0.855 0.877934272300469 0.828877005347594 0.933594436494188 0.89 0.91304347826087 0.87037037037037 0.95048309178744 1 3 34 3 1448.943
0.93 0.943661971830986 0.914438502673797 0.9838567949587 0.92 0.956521739130435 0.888888888888889 0.976247987117552 2 3 34 3 1448.943
