0.9375 0.941176470588235 0.933333333333333 0.956862745098039 0.8 0.711538461538462 0.895833333333333 0.887820512820513 NA 1 60 1 34.073
1 1 1 1 0.63 0.865384615384615 0.375 0.637219551282051 5 2 60 1 34.073
1 1 1 1 0.84 0.884615384615385 0.791666666666667 0.865384615384615 8 2 60 1 34.073
1 1 1 1 0.72 0.807692307692308 0.625 0.782051282051282 10 2 60 1 34.073
0.875 0.882352941176471 0.866666666666667 0.933333333333333 0.81 0.75 0.875 0.875 1 3 60 1 34.073
0.90625 0.882352941176471 0.933333333333333 0.972549019607843 0.76 0.673076923076923 0.854166666666667 0.809294871794872 2 3 60 1 34.073
0.9375 0.941176470588235 0.933333333333333 0.96078431372549 0.78 0.730769230769231 0.833333333333333 0.889823717948718 NA 1 60 2 46.378
1 1 1 1 0.67 0.903846153846154 0.416666666666667 0.64863782051282 5 2 60 2 46.378
1 1 1 1 0.65 0.865384615384615 0.416666666666667 0.646233974358974 8 2 60 2 46.378
1 1 1 1 0.61 0.615384615384615 0.604166666666667 0.663261217948718 10 2 60 2 46.378
0.875 0.882352941176471 0.866666666666667 0.96078431372549 0.78 0.75 0.8125 0.887419871794872 1 3 60 2 46.378
0.90625 0.882352941176471 0.933333333333333 0.968627450980392 0.77 0.711538461538462 0.833333333333333 0.825320512820513 2 3 60 2 46.378
0.90625 0.941176470588235 0.866666666666667 0.952941176470588 0.82 0.75 0.895833333333333 0.891025641025641 NA 1 60 3 63.553
1 1 1 1 0.67 0.826923076923077 0.5 0.712339743589744 5 2 60 3 63.553
1 1 1 1 0.67 0.557692307692308 0.791666666666667 0.754407051282051 8 2 60 3 63.553
1 1 1 1 0.74 0.711538461538462 0.770833333333333 0.838541666666667 10 2 60 3 63.553
0.875 0.882352941176471 0.866666666666667 0.937254901960784 0.8 0.75 0.854166666666667 0.872596153846154 1 3 60 3 63.553
0.90625 0.882352941176471 0.933333333333333 0.972549019607843 0.75 0.673076923076923 0.833333333333333 0.826522435897436 2 3 60 3 63.553
