0.9 0.898305084745763 0.901639344262295 0.961933870519589 0.78 0.755555555555556 0.8 0.877979797979798 NA 1 2 1 180.636
0.958333333333333 0.966101694915254 0.950819672131147 0.984995832175604 0.87 0.866666666666667 0.872727272727273 0.936161616161616 5 2 2 1 180.636
0.975 0.983050847457627 0.967213114754098 0.986107252014448 0.85 0.844444444444444 0.854545454545454 0.918787878787879 8 2 2 1 180.636
0.975 0.983050847457627 0.967213114754098 0.986940816893582 0.84 0.844444444444444 0.836363636363636 0.914343434343434 10 2 2 1 180.636
0.883333333333333 0.898305084745763 0.868852459016393 0.9622117254793 0.79 0.777777777777778 0.8 0.874343434343434 1 3 2 1 180.636
0.933333333333333 0.932203389830508 0.934426229508197 0.986385106974159 0.8 0.8 0.8 0.886060606060606 2 3 2 1 180.636
0.891666666666667 0.898305084745763 0.885245901639344 0.963601000277855 0.79 0.777777777777778 0.8 0.875959595959596 NA 1 2 2 162.793
0.958333333333333 0.966101694915254 0.950819672131147 0.985829397054737 0.88 0.888888888888889 0.872727272727273 0.934545454545455 5 2 2 2 162.793
0.975 0.983050847457627 0.967213114754098 0.985829397054737 0.85 0.844444444444444 0.854545454545454 0.917171717171717 8 2 2 2 162.793
0.975 0.983050847457627 0.967213114754098 0.988607946651848 0.84 0.844444444444444 0.836363636363636 0.907878787878788 10 2 2 2 162.793
0.883333333333333 0.898305084745763 0.868852459016393 0.9622117254793 0.79 0.777777777777778 0.8 0.872727272727273 1 3 2 2 162.793
0.933333333333333 0.932203389830508 0.934426229508197 0.985829397054737 0.8 0.822222222222222 0.781818181818182 0.87959595959596 2 3 2 2 162.793
0.891666666666667 0.88135593220339 0.901639344262295 0.961100305640456 0.79 0.777777777777778 0.8 0.880808080808081 NA 1 2 3 308.67
0.95 0.966101694915254 0.934426229508197 0.983606557377049 0.87 0.866666666666667 0.872727272727273 0.944646464646465 5 2 2 3 308.67
0.975 0.983050847457627 0.967213114754098 0.985829397054737 0.85 0.844444444444444 0.854545454545454 0.923636363636364 8 2 2 3 308.67
0.975 0.983050847457627 0.967213114754098 0.98666296193387 0.86 0.866666666666667 0.854545454545454 0.917575757575758 10 2 2 3 308.67
0.883333333333333 0.898305084745763 0.868852459016393 0.961378160600167 0.79 0.777777777777778 0.8 0.873939393939394 1 3 2 3 308.67
0.958333333333333 0.966101694915254 0.950819672131147 0.985829397054737 0.83 0.888888888888889 0.781818181818182 0.892525252525252 2 3 2 3 308.67
