0.85 0.883720930232558 0.810810810810811 0.917661847894406 0.9 0.916666666666667 0.884615384615385 0.954727564102564 NA 1 79 1 108.421
0.95 0.953488372093023 0.945945945945946 0.991829038340666 0.92 0.9375 0.903846153846154 0.94911858974359 5 2 79 1 108.421
1 1 1 1 0.81 0.729166666666667 0.884615384615385 0.834735576923077 8 2 79 1 108.421
1 1 1 1 0.82 0.729166666666667 0.903846153846154 0.856169871794872 10 2 79 1 108.421
0.8625 0.906976744186046 0.810810810810811 0.920175989943432 0.88 0.916666666666667 0.846153846153846 0.94150641025641 1 3 79 1 108.421
0.9375 0.930232558139535 0.945945945945946 0.98931489629164 0.94 0.9375 0.942307692307692 0.959134615384615 2 3 79 1 108.421
0.85 0.883720930232558 0.810810810810811 0.916404776869893 0.9 0.916666666666667 0.884615384615385 0.955929487179487 NA 1 79 2 135.805
0.9375 0.953488372093023 0.918918918918919 0.99120050282841 0.92 0.9375 0.903846153846154 0.947115384615385 5 2 79 2 135.805
1 1 1 1 0.77 0.708333333333333 0.826923076923077 0.772035256410256 8 2 79 2 135.805
1 1 1 1 0.77 0.666666666666667 0.865384615384615 0.828125 10 2 79 2 135.805
0.8625 0.906976744186046 0.810810810810811 0.920804525455688 0.88 0.916666666666667 0.846153846153846 0.942708333333333 1 3 79 2 135.805
0.9375 0.930232558139535 0.945945945945946 0.988686360779384 0.94 0.9375 0.942307692307692 0.959134615384615 2 3 79 2 135.805
0.85 0.883720930232558 0.810810810810811 0.921433060967945 0.9 0.916666666666667 0.884615384615385 0.953926282051282 NA 1 79 3 197.101
0.975 0.976744186046512 0.972972972972973 0.994971715901948 0.91 0.916666666666667 0.903846153846154 0.952724358974359 5 2 79 3 197.101
1 1 1 1 0.83 0.8125 0.846153846153846 0.82431891025641 8 2 79 3 197.101
1 1 1 1 0.85 0.833333333333333 0.865384615384615 0.885016025641026 10 2 79 3 197.101
0.8625 0.906976744186046 0.810810810810811 0.923318667504714 0.87 0.916666666666667 0.826923076923077 0.942307692307692 1 3 79 3 197.101
0.925 0.930232558139535 0.918918918918919 0.988686360779384 0.94 0.9375 0.942307692307692 0.958333333333333 2 3 79 3 197.101
