0.84375 0.9 0.75 0.929166666666667 0.8 0.92 0.68 0.9108 NA 1 93 1 52.016
1 1 1 1 0.87 0.92 0.82 0.8956 5 2 93 1 52.016
1 1 1 1 0.83 0.94 0.72 0.8612 8 2 93 1 52.016
1 1 1 1 0.82 0.96 0.68 0.866 10 2 93 1 52.016
0.875 1 0.666666666666667 0.9 0.71 1 0.42 0.9024 1 3 93 1 52.016
0.9375 1 0.833333333333333 0.983333333333333 0.79 0.94 0.64 0.922 2 3 93 1 52.016
0.875 0.9 0.833333333333333 0.95 0.81 0.98 0.64 0.9268 NA 1 93 2 50.92
1 1 1 1 0.78 0.86 0.7 0.8426 5 2 93 2 50.92
1 1 1 1 0.8 0.82 0.78 0.8646 8 2 93 2 50.92
1 1 1 1 0.66 0.76 0.56 0.7334 10 2 93 2 50.92
0.90625 1 0.75 0.9 0.73 1 0.46 0.908 1 3 93 2 50.92
0.9375 1 0.833333333333333 0.9875 0.81 0.96 0.66 0.9332 2 3 93 2 50.92
0.78125 0.85 0.666666666666667 0.920833333333333 0.81 0.92 0.7 0.9124 NA 1 93 3 86.369
1 1 1 1 0.85 0.9 0.8 0.8848 5 2 93 3 86.369
1 1 1 1 0.83 0.92 0.74 0.8758 8 2 93 3 86.369
1 1 1 1 0.84 0.82 0.86 0.928 10 2 93 3 86.369
0.8125 1 0.5 0.904166666666667 0.7 1 0.4 0.8976 1 3 93 3 86.369
0.9375 1 0.833333333333333 0.983333333333333 0.79 0.94 0.64 0.9056 2 3 93 3 86.369
