1 1 1 1 0.79 0.681818181818182 0.875 0.844358766233766 NA 1 19 1 31.396
1 1 1 1 0.79 0.681818181818182 0.875 0.835227272727273 5 2 19 1 31.396
1 1 1 1 0.76 0.659090909090909 0.839285714285714 0.834821428571428 8 2 19 1 31.396
1 1 1 1 0.77 0.681818181818182 0.839285714285714 0.836444805194805 10 2 19 1 31.396
0.958333333333333 1 0.888888888888889 0.992592592592593 0.77 0.772727272727273 0.767857142857143 0.862824675324675 1 3 19 1 31.396
1 1 1 1 0.76 0.681818181818182 0.821428571428571 0.798295454545454 2 3 19 1 31.396
1 1 1 1 0.81 0.704545454545455 0.892857142857143 0.850649350649351 NA 1 19 2 38.018
1 1 1 1 0.77 0.704545454545455 0.821428571428571 0.832589285714286 5 2 19 2 38.018
1 1 1 1 0.8 0.659090909090909 0.910714285714286 0.824675324675325 8 2 19 2 38.018
1 1 1 1 0.8 0.681818181818182 0.892857142857143 0.827516233766234 10 2 19 2 38.018
0.958333333333333 1 0.888888888888889 0.992592592592593 0.77 0.772727272727273 0.767857142857143 0.852678571428571 1 3 19 2 38.018
1 1 1 1 0.76 0.681818181818182 0.821428571428571 0.835227272727273 2 3 19 2 38.018
1 1 1 1 0.79 0.704545454545455 0.857142857142857 0.845779220779221 NA 1 19 3 58.098
1 1 1 1 0.8 0.727272727272727 0.857142857142857 0.836038961038961 5 2 19 3 58.098
1 1 1 1 0.8 0.727272727272727 0.857142857142857 0.836444805194805 8 2 19 3 58.098
1 1 1 1 0.78 0.727272727272727 0.821428571428571 0.834415584415584 10 2 19 3 58.098
0.958333333333333 1 0.888888888888889 0.992592592592593 0.77 0.772727272727273 0.767857142857143 0.864448051948052 1 3 19 3 58.098
1 1 1 1 0.74 0.681818181818182 0.785714285714286 0.803571428571428 2 3 19 3 58.098
