1 1 1 1 0.81 0.782608695652174 0.833333333333333 0.857487922705314 NA 1 50 1 22.974
1 1 1 1 0.81 0.782608695652174 0.833333333333333 0.852657004830918 5 2 50 1 22.974
1 1 1 1 0.81 0.782608695652174 0.833333333333333 0.852657004830918 8 2 50 1 22.974
1 1 1 1 0.8 0.782608695652174 0.814814814814815 0.852657004830918 10 2 50 1 22.974
0.916666666666667 1 0.8 1 0.75 0.782608695652174 0.722222222222222 0.880032206119163 1 3 50 1 22.974
0.958333333333333 1 0.9 1 0.79 0.826086956521739 0.759259259259259 0.875201288244767 2 3 50 1 22.974
1 1 1 1 0.79 0.782608695652174 0.796296296296296 0.851046698872786 NA 1 50 2 32.397
1 1 1 1 0.79 0.782608695652174 0.796296296296296 0.842391304347826 5 2 50 2 32.397
1 1 1 1 0.79 0.782608695652174 0.796296296296296 0.835346215780998 8 2 50 2 32.397
1 1 1 1 0.79 0.782608695652174 0.796296296296296 0.834943639291465 10 2 50 2 32.397
0.916666666666667 1 0.8 1 0.77 0.847826086956522 0.703703703703704 0.879227053140097 1 3 50 2 32.397
0.958333333333333 1 0.9 1 0.82 0.847826086956522 0.796296296296296 0.881642512077295 2 3 50 2 32.397
1 1 1 1 0.79 0.782608695652174 0.796296296296296 0.84963768115942 NA 1 50 3 38.553
1 1 1 1 0.79 0.782608695652174 0.796296296296296 0.834339774557166 5 2 50 3 38.553
1 1 1 1 0.79 0.782608695652174 0.796296296296296 0.834339774557166 8 2 50 3 38.553
1 1 1 1 0.79 0.782608695652174 0.796296296296296 0.834339774557166 10 2 50 3 38.553
0.916666666666667 1 0.8 1 0.76 0.826086956521739 0.703703703703704 0.886070853462158 1 3 50 3 38.553
1 1 1 1 0.74 0.826086956521739 0.666666666666667 0.8756038647343 2 3 50 3 38.553
