0.8225 0.831730769230769 0.8125 0.913937299679487 0.87 0.837837837837838 0.888888888888889 0.936507936507937 NA 1 5 1 766.947
0.905 0.908653846153846 0.901041666666667 0.97265625 0.93 0.918918918918919 0.936507936507937 0.984555984555985 5 2 5 1 766.947
0.9 0.903846153846154 0.895833333333333 0.974634415064103 0.93 0.918918918918919 0.936507936507937 0.983268983268983 8 2 5 1 766.947
0.9125 0.918269230769231 0.90625 0.978215144230769 0.92 0.864864864864865 0.952380952380952 0.978549978549978 10 2 5 1 766.947
0.8175 0.841346153846154 0.791666666666667 0.914037459935897 0.86 0.837837837837838 0.873015873015873 0.940797940797941 1 3 5 1 766.947
0.9175 0.927884615384615 0.90625 0.979341947115385 0.89 0.837837837837838 0.920634920634921 0.951093951093951 2 3 5 1 766.947
0.8175 0.826923076923077 0.807291666666667 0.914563301282051 0.87 0.837837837837838 0.888888888888889 0.936936936936937 NA 1 5 2 763.725
0.9025 0.903846153846154 0.901041666666667 0.972581129807692 0.93 0.918918918918919 0.936507936507937 0.984126984126984 5 2 5 2 763.725
0.9025 0.903846153846154 0.901041666666667 0.974308894230769 0.92 0.891891891891892 0.936507936507937 0.983697983697984 8 2 5 2 763.725
0.91 0.913461538461538 0.90625 0.978089943910256 0.92 0.864864864864865 0.952380952380952 0.980694980694981 10 2 5 2 763.725
0.825 0.846153846153846 0.802083333333333 0.915089142628205 0.87 0.864864864864865 0.873015873015873 0.941226941226941 1 3 5 2 763.725
0.9175 0.927884615384615 0.90625 0.979792668269231 0.9 0.837837837837838 0.936507936507937 0.952809952809953 2 3 5 2 763.725
0.81 0.822115384615385 0.796875 0.91200921474359 0.87 0.837837837837838 0.888888888888889 0.938652938652939 NA 1 5 3 1287.845
0.905 0.903846153846154 0.90625 0.972531049679487 0.93 0.918918918918919 0.936507936507937 0.984126984126984 5 2 5 3 1287.845
0.9 0.899038461538462 0.901041666666667 0.974183693910256 0.94 0.945945945945946 0.936507936507937 0.982839982839983 8 2 5 3 1287.845
0.9075 0.913461538461538 0.901041666666667 0.9775390625 0.93 0.891891891891892 0.952380952380952 0.980694980694981 10 2 5 3 1287.845
0.81 0.836538461538462 0.78125 0.910757211538462 0.86 0.864864864864865 0.857142857142857 0.941655941655942 1 3 5 3 1287.845
0.915 0.927884615384615 0.901041666666667 0.978640825320513 0.88 0.810810810810811 0.920634920634921 0.952380952380952 2 3 5 3 1287.845
