0.875 0.904761904761905 0.842105263157895 0.959899749373434 0.87 0.877551020408163 0.862745098039216 0.939975990396158 NA 1 67 1 85.236
0.95 0.928571428571429 0.973684210526316 0.991228070175439 0.82 0.938775510204082 0.705882352941177 0.92797118847539 5 2 67 1 85.236
1 1 1 1 0.91 0.979591836734694 0.843137254901961 0.926370548219288 8 2 67 1 85.236
1 1 1 1 0.86 0.938775510204082 0.784313725490196 0.858543417366947 10 2 67 1 85.236
0.8625 0.880952380952381 0.842105263157895 0.960526315789474 0.86 0.877551020408163 0.843137254901961 0.932773109243697 1 3 67 1 85.236
0.925 0.928571428571429 0.921052631578947 0.986842105263158 0.85 0.877551020408163 0.823529411764706 0.939975990396158 2 3 67 1 85.236
0.875 0.904761904761905 0.842105263157895 0.960526315789474 0.87 0.877551020408163 0.862745098039216 0.939575830332133 NA 1 67 2 114.331
0.95 0.928571428571429 0.973684210526316 0.991854636591479 0.82 0.938775510204082 0.705882352941177 0.929171668667467 5 2 67 2 114.331
1 1 1 1 0.91 1 0.823529411764706 0.92156862745098 8 2 67 2 114.331
1 1 1 1 0.9 1 0.803921568627451 0.929971988795518 10 2 67 2 114.331
0.875 0.904761904761905 0.842105263157895 0.960526315789474 0.86 0.877551020408163 0.843137254901961 0.935974389755902 1 3 67 2 114.331
0.925 0.928571428571429 0.921052631578947 0.986215538847118 0.85 0.877551020408163 0.823529411764706 0.939175670268107 2 3 67 2 114.331
0.875 0.904761904761905 0.842105263157895 0.955513784461153 0.84 0.836734693877551 0.843137254901961 0.939575830332133 NA 1 67 3 149.152
0.9625 0.952380952380952 0.973684210526316 0.993107769423559 0.82 0.938775510204082 0.705882352941177 0.931172468987595 5 2 67 3 149.152
1 1 1 1 0.87 0.979591836734694 0.764705882352941 0.881152460984394 8 2 67 3 149.152
1 1 1 1 0.88 0.959183673469388 0.803921568627451 0.886754701880752 10 2 67 3 149.152
0.8625 0.904761904761905 0.815789473684211 0.957393483709273 0.84 0.857142857142857 0.823529411764706 0.931972789115646 1 3 67 3 149.152
0.9125 0.904761904761905 0.921052631578947 0.986215538847118 0.84 0.877551020408163 0.803921568627451 0.936374549819928 2 3 67 3 149.152
