1 1 1 1 0.84 0.872727272727273 0.8 0.908080808080808 NA 1 63 1 23.063
1 1 1 1 0.84 0.872727272727273 0.8 0.904646464646465 5 2 63 1 23.063
1 1 1 1 0.84 0.872727272727273 0.8 0.904242424242424 8 2 63 1 23.063
1 1 1 1 0.84 0.872727272727273 0.8 0.904242424242424 10 2 63 1 23.063
1 1 1 1 0.85 0.909090909090909 0.777777777777778 0.943030303030303 1 3 63 1 23.063
1 1 1 1 0.81 0.818181818181818 0.8 0.92040404040404 2 3 63 1 23.063
1 1 1 1 0.82 0.854545454545454 0.777777777777778 0.903030303030303 NA 1 63 2 34.113
1 1 1 1 0.84 0.872727272727273 0.8 0.896161616161616 5 2 63 2 34.113
1 1 1 1 0.84 0.872727272727273 0.8 0.895353535353535 8 2 63 2 34.113
1 1 1 1 0.82 0.854545454545454 0.777777777777778 0.894545454545455 10 2 63 2 34.113
1 1 1 1 0.88 0.927272727272727 0.822222222222222 0.95030303030303 1 3 63 2 34.113
1 1 1 1 0.82 0.818181818181818 0.822222222222222 0.920808080808081 2 3 63 2 34.113
1 1 1 1 0.85 0.872727272727273 0.822222222222222 0.935151515151515 NA 1 63 3 37.6
1 1 1 1 0.86 0.890909090909091 0.822222222222222 0.910707070707071 5 2 63 3 37.6
1 1 1 1 0.86 0.890909090909091 0.822222222222222 0.90989898989899 8 2 63 3 37.6
1 1 1 1 0.86 0.890909090909091 0.822222222222222 0.90989898989899 10 2 63 3 37.6
1 1 1 1 0.85 0.909090909090909 0.777777777777778 0.942222222222222 1 3 63 3 37.6
1 1 1 1 0.83 0.836363636363636 0.822222222222222 0.923636363636364 2 3 63 3 37.6
