1 1 1 1 0.79 0.843137254901961 0.73469387755102 0.843737494997999 NA 1 12 1 21.859
1 1 1 1 0.79 0.843137254901961 0.73469387755102 0.826530612244898 5 2 12 1 21.859
1 1 1 1 0.79 0.843137254901961 0.73469387755102 0.835334133653461 8 2 12 1 21.859
1 1 1 1 0.79 0.843137254901961 0.73469387755102 0.835334133653461 10 2 12 1 21.859
0.90625 1 0.785714285714286 0.992063492063492 0.8 0.901960784313726 0.693877551020408 0.922769107643057 1 3 12 1 21.859
1 1 1 1 0.87 0.901960784313726 0.836734693877551 0.943577430972389 2 3 12 1 21.859
1 1 1 1 0.8 0.843137254901961 0.755102040816326 0.862745098039216 NA 1 12 2 44.743
1 1 1 1 0.8 0.843137254901961 0.755102040816326 0.855542216886755 5 2 12 2 44.743
1 1 1 1 0.8 0.843137254901961 0.755102040816326 0.855142056822729 8 2 12 2 44.743
1 1 1 1 0.8 0.843137254901961 0.755102040816326 0.855142056822729 10 2 12 2 44.743
0.90625 1 0.785714285714286 0.992063492063492 0.8 0.901960784313726 0.693877551020408 0.922368947579032 1 3 12 2 44.743
1 1 1 1 0.86 0.882352941176471 0.836734693877551 0.944777911164466 2 3 12 2 44.743
1 1 1 1 0.79 0.843137254901961 0.73469387755102 0.845738295318127 NA 1 12 3 47.507
1 1 1 1 0.79 0.843137254901961 0.73469387755102 0.830532212885154 5 2 12 3 47.507
1 1 1 1 0.79 0.843137254901961 0.73469387755102 0.832332933173269 8 2 12 3 47.507
1 1 1 1 0.79 0.843137254901961 0.73469387755102 0.838735494197679 10 2 12 3 47.507
0.90625 1 0.785714285714286 0.996031746031746 0.8 0.901960784313726 0.693877551020408 0.915166066426571 1 3 12 3 47.507
1 1 1 1 0.86 0.882352941176471 0.836734693877551 0.94077631052421 2 3 12 3 47.507
