0.9 0.857142857142857 0.947368421052632 0.957393483709273 0.82 0.944444444444444 0.75 0.950954861111111 NA 1 50 1 40.735
1 1 1 1 0.82 0.888888888888889 0.78125 0.942708333333333 5 2 50 1 40.735
1 1 1 1 0.87 0.972222222222222 0.8125 0.947699652777778 8 2 50 1 40.735
1 1 1 1 0.91 1 0.859375 0.961154513888889 10 2 50 1 40.735
0.875 0.857142857142857 0.894736842105263 0.93984962406015 0.81 0.972222222222222 0.71875 0.9453125 1 3 50 1 40.735
1 1 1 1 0.83 0.888888888888889 0.796875 0.92578125 2 3 50 1 40.735
0.925 0.904761904761905 0.947368421052632 0.952380952380952 0.82 0.944444444444444 0.75 0.948784722222222 NA 1 50 2 49.291
1 1 1 1 0.85 0.972222222222222 0.78125 0.939670138888889 5 2 50 2 49.291
1 1 1 1 0.89 0.972222222222222 0.84375 0.949435763888889 8 2 50 2 49.291
1 1 1 1 0.92 1 0.875 0.975694444444444 10 2 50 2 49.291
0.85 0.857142857142857 0.842105263157895 0.924812030075188 0.8 0.944444444444444 0.71875 0.938368055555556 1 3 50 2 49.291
1 1 1 1 0.83 0.888888888888889 0.796875 0.923177083333333 2 3 50 2 49.291
0.9 0.857142857142857 0.947368421052632 0.959899749373434 0.81 0.944444444444444 0.734375 0.948784722222222 NA 1 50 3 76.803
1 1 1 1 0.79 0.888888888888889 0.734375 0.89453125 5 2 50 3 76.803
1 1 1 1 0.9 0.972222222222222 0.859375 0.949001736111111 8 2 50 3 76.803
1 1 1 1 0.82 0.916666666666667 0.765625 0.877387152777778 10 2 50 3 76.803
0.9 0.857142857142857 0.947368421052632 0.942355889724311 0.84 0.944444444444444 0.78125 0.940972222222222 1 3 50 3 76.803
1 1 1 1 0.85 0.888888888888889 0.828125 0.927083333333333 2 3 50 3 76.803
