1 1 1 1 0.8 0.745098039215686 0.857142857142857 0.855542216886755 NA 1 6 1 16.996
1 1 1 1 0.81 0.764705882352941 0.857142857142857 0.847539015606242 5 2 6 1 16.996
1 1 1 1 0.81 0.764705882352941 0.857142857142857 0.847539015606242 8 2 6 1 16.996
1 1 1 1 0.81 0.764705882352941 0.857142857142857 0.847539015606242 10 2 6 1 16.996
1 1 1 1 0.84 0.784313725490196 0.897959183673469 0.863345338135254 1 3 6 1 16.996
1 1 1 1 0.79 0.725490196078431 0.857142857142857 0.837535014005602 2 3 6 1 16.996
1 1 1 1 0.82 0.764705882352941 0.877551020408163 0.864745898359344 NA 1 6 2 20.804
1 1 1 1 0.81 0.764705882352941 0.857142857142857 0.857943177270908 5 2 6 2 20.804
1 1 1 1 0.81 0.764705882352941 0.857142857142857 0.863345338135254 8 2 6 2 20.804
1 1 1 1 0.81 0.764705882352941 0.857142857142857 0.857943177270908 10 2 6 2 20.804
1 1 1 1 0.82 0.784313725490196 0.857142857142857 0.876150460184074 1 3 6 2 20.804
1 1 1 1 0.78 0.725490196078431 0.836734693877551 0.845538215286114 2 3 6 2 20.804
1 1 1 1 0.81 0.764705882352941 0.857142857142857 0.870348139255702 NA 1 6 3 29.697
1 1 1 1 0.8 0.764705882352941 0.836734693877551 0.853541416566627 5 2 6 3 29.697
1 1 1 1 0.8 0.764705882352941 0.836734693877551 0.852140856342537 8 2 6 3 29.697
1 1 1 1 0.8 0.764705882352941 0.836734693877551 0.852140856342537 10 2 6 3 29.697
1 1 1 1 0.81 0.764705882352941 0.857142857142857 0.870948379351741 1 3 6 3 29.697
1 1 1 1 0.78 0.725490196078431 0.836734693877551 0.859543817527011 2 3 6 3 29.697
