1 1 1 1 0.81 0.613636363636364 0.964285714285714 0.788961038961039 NA 1 80 1 26.123
1 1 1 1 0.81 0.613636363636364 0.964285714285714 0.788961038961039 5 2 80 1 26.123
1 1 1 1 0.81 0.613636363636364 0.964285714285714 0.788961038961039 8 2 80 1 26.123
1 1 1 1 0.81 0.613636363636364 0.964285714285714 0.788961038961039 10 2 80 1 26.123
0.916666666666667 0.818181818181818 1 0.944055944055944 0.8 0.545454545454545 1 0.909090909090909 1 3 80 1 26.123
1 1 1 1 0.81 0.659090909090909 0.928571428571429 0.891233766233766 2 3 80 1 26.123
1 1 1 1 0.83 0.659090909090909 0.964285714285714 0.811688311688312 NA 1 80 2 30.52
1 1 1 1 0.83 0.659090909090909 0.964285714285714 0.811688311688312 5 2 80 2 30.52
1 1 1 1 0.83 0.659090909090909 0.964285714285714 0.811688311688312 8 2 80 2 30.52
1 1 1 1 0.83 0.659090909090909 0.964285714285714 0.811688311688312 10 2 80 2 30.52
0.916666666666667 0.818181818181818 1 0.944055944055944 0.79 0.522727272727273 1 0.913961038961039 1 3 80 2 30.52
1 1 1 1 0.82 0.681818181818182 0.928571428571429 0.898133116883117 2 3 80 2 30.52
1 1 1 1 0.79 0.568181818181818 0.964285714285714 0.792613636363636 NA 1 80 3 39.845
1 1 1 1 0.79 0.568181818181818 0.964285714285714 0.792613636363636 5 2 80 3 39.845
1 1 1 1 0.79 0.568181818181818 0.964285714285714 0.792613636363636 8 2 80 3 39.845
1 1 1 1 0.79 0.568181818181818 0.964285714285714 0.792613636363636 10 2 80 3 39.845
0.958333333333333 0.909090909090909 1 0.937062937062937 0.79 0.545454545454545 0.982142857142857 0.903003246753247 1 3 80 3 39.845
1 1 1 1 0.81 0.659090909090909 0.928571428571429 0.887987012987013 2 3 80 3 39.845
