0.885 0.891089108910891 0.878787878787879 0.946444644464446 0.79 0.744186046511628 0.824561403508772 0.880048959608323 NA 1 66 1 473.643
0.94 0.955445544554455 0.924242424242424 0.984098409840984 0.93 0.953488372093023 0.912280701754386 0.984088127294982 5 2 66 1 473.643
0.9425 0.955445544554455 0.929292929292929 0.985773577357736 0.94 0.953488372093023 0.929824561403509 0.98531211750306 8 2 66 1 473.643
0.9475 0.955445544554455 0.939393939393939 0.985848584858486 0.94 0.930232558139535 0.947368421052632 0.986128110975112 10 2 66 1 473.643
0.8825 0.896039603960396 0.868686868686869 0.945619561956196 0.8 0.767441860465116 0.824561403508772 0.881680946552428 1 3 66 1 473.643
0.9275 0.945544554455445 0.909090909090909 0.985298529852985 0.88 0.837209302325581 0.912280701754386 0.95593635250918 2 3 66 1 473.643
0.8775 0.881188118811881 0.873737373737374 0.944394439443944 0.79 0.720930232558139 0.842105263157895 0.880864953080375 NA 1 66 2 548.491
0.9375 0.95049504950495 0.924242424242424 0.984123412341234 0.92 0.930232558139535 0.912280701754386 0.983272133822929 5 2 66 2 548.491
0.945 0.955445544554455 0.934343434343434 0.985323532353235 0.94 0.953488372093023 0.929824561403509 0.985720114239086 8 2 66 2 548.491
0.945 0.955445544554455 0.934343434343434 0.985448544854485 0.93 0.930232558139535 0.929824561403509 0.986536107711138 10 2 66 2 548.491
0.875 0.881188118811881 0.868686868686869 0.944269426942694 0.81 0.744186046511628 0.859649122807018 0.884128926968584 1 3 66 2 548.491
0.9325 0.95049504950495 0.914141414141414 0.985573557355736 0.88 0.86046511627907 0.894736842105263 0.95797633618931 2 3 66 2 548.491
0.875 0.886138613861386 0.863636363636364 0.944394439443944 0.8 0.744186046511628 0.842105263157895 0.87719298245614 NA 1 66 3 904.925
0.9425 0.95049504950495 0.934343434343434 0.983973397339734 0.92 0.930232558139535 0.912280701754386 0.982864137086903 5 2 66 3 904.925
0.945 0.955445544554455 0.934343434343434 0.985673567356736 0.93 0.930232558139535 0.929824561403509 0.985720114239086 8 2 66 3 904.925
0.945 0.955445544554455 0.934343434343434 0.985823582358236 0.92 0.906976744186046 0.929824561403509 0.985720114239086 10 2 66 3 904.925
0.8775 0.886138613861386 0.868686868686869 0.943469346934693 0.8 0.744186046511628 0.842105263157895 0.88249694002448 1 3 66 3 904.925
0.935 0.955445544554455 0.914141414141414 0.985573557355736 0.87 0.790697674418605 0.929824561403509 0.951448388412893 2 3 66 3 904.925
