0.783333333333333 0.75 0.816666666666667 0.886111111111111 0.83 0.854166666666667 0.807692307692308 0.932692307692308 NA 1 36 1 180.767
0.916666666666667 0.9 0.933333333333333 0.978055555555556 0.88 0.9375 0.826923076923077 0.91426282051282 5 2 36 1 180.767
0.941666666666667 0.9 0.983333333333333 0.980833333333333 0.87 0.9375 0.807692307692308 0.929086538461538 8 2 36 1 180.767
0.958333333333333 0.933333333333333 0.983333333333333 0.985277777777778 0.86 0.916666666666667 0.807692307692308 0.926682692307692 10 2 36 1 180.767
0.808333333333333 0.8 0.816666666666667 0.883888888888889 0.83 0.875 0.788461538461538 0.915064102564103 1 3 36 1 180.767
0.891666666666667 0.866666666666667 0.916666666666667 0.965 0.81 0.791666666666667 0.826923076923077 0.896634615384615 2 3 36 1 180.767
0.791666666666667 0.766666666666667 0.816666666666667 0.885555555555556 0.84 0.875 0.807692307692308 0.931089743589744 NA 1 36 2 193.311
0.933333333333333 0.9 0.966666666666667 0.976111111111111 0.9 0.9375 0.865384615384615 0.91426282051282 5 2 36 2 193.311
0.941666666666667 0.9 0.983333333333333 0.980555555555556 0.88 0.9375 0.826923076923077 0.926682692307692 8 2 36 2 193.311
0.941666666666667 0.9 0.983333333333333 0.983611111111111 0.88 0.9375 0.826923076923077 0.926282051282051 10 2 36 2 193.311
0.808333333333333 0.816666666666667 0.8 0.884444444444444 0.83 0.875 0.788461538461538 0.912259615384615 1 3 36 2 193.311
0.883333333333333 0.866666666666667 0.9 0.961388888888889 0.82 0.791666666666667 0.846153846153846 0.909054487179487 2 3 36 2 193.311
0.783333333333333 0.766666666666667 0.8 0.883333333333333 0.82 0.854166666666667 0.788461538461538 0.933092948717949 NA 1 36 3 337.271
0.941666666666667 0.916666666666667 0.966666666666667 0.983888888888889 0.84 0.916666666666667 0.769230769230769 0.883814102564103 5 2 36 3 337.271
0.933333333333333 0.916666666666667 0.95 0.986388888888889 0.86 0.916666666666667 0.807692307692308 0.895032051282051 8 2 36 3 337.271
1 1 1 1 0.83 0.875 0.788461538461538 0.859975961538462 10 2 36 3 337.271
0.8 0.816666666666667 0.783333333333333 0.881666666666667 0.8 0.854166666666667 0.75 0.911057692307692 1 3 36 3 337.271
0.891666666666667 0.85 0.933333333333333 0.96 0.82 0.791666666666667 0.846153846153846 0.905849358974359 2 3 36 3 337.271
