0.8625 0.857894736842105 0.866666666666667 0.929598997493734 0.84 0.857142857142857 0.823529411764706 0.91156462585034 NA 1 96 1 562.643
0.93 0.931578947368421 0.928571428571429 0.982581453634085 0.92 0.918367346938776 0.92156862745098 0.977591036414566 5 2 96 1 562.643
0.9375 0.947368421052632 0.928571428571429 0.98280701754386 0.92 0.918367346938776 0.92156862745098 0.97719087635054 8 2 96 1 562.643
0.935 0.947368421052632 0.923809523809524 0.98328320802005 0.92 0.918367346938776 0.92156862745098 0.976790716286515 10 2 96 1 562.643
0.8575 0.852631578947368 0.861904761904762 0.928546365914787 0.84 0.857142857142857 0.823529411764706 0.91156462585034 1 3 96 1 562.643
0.9275 0.931578947368421 0.923809523809524 0.982105263157895 0.89 0.857142857142857 0.92156862745098 0.961984793917567 2 3 96 1 562.643
0.8625 0.857894736842105 0.866666666666667 0.930852130325814 0.84 0.857142857142857 0.823529411764706 0.913165266106443 NA 1 96 2 380.926
0.93 0.931578947368421 0.928571428571429 0.98250626566416 0.92 0.918367346938776 0.92156862745098 0.97719087635054 5 2 96 2 380.926
0.935 0.942105263157895 0.928571428571429 0.982756892230576 0.92 0.918367346938776 0.92156862745098 0.97719087635054 8 2 96 2 380.926
0.9325 0.942105263157895 0.923809523809524 0.983107769423559 0.92 0.918367346938776 0.92156862745098 0.976790716286515 10 2 96 2 380.926
0.86 0.857894736842105 0.861904761904762 0.92952380952381 0.84 0.857142857142857 0.823529411764706 0.912765106042417 1 3 96 2 380.926
0.93 0.931578947368421 0.928571428571429 0.982606516290727 0.89 0.857142857142857 0.92156862745098 0.962785114045618 2 3 96 2 380.926
0.865 0.852631578947368 0.876190476190476 0.927167919799499 0.84 0.857142857142857 0.823529411764706 0.909963985594238 NA 1 96 3 834.49
0.93 0.936842105263158 0.923809523809524 0.982531328320802 0.92 0.918367346938776 0.92156862745098 0.977591036414566 5 2 96 3 834.49
0.9375 0.947368421052632 0.928571428571429 0.983157894736842 0.92 0.918367346938776 0.92156862745098 0.976790716286515 8 2 96 3 834.49
0.9375 0.947368421052632 0.928571428571429 0.983383458646617 0.92 0.918367346938776 0.92156862745098 0.976790716286515 10 2 96 3 834.49
0.86 0.852631578947368 0.866666666666667 0.926466165413534 0.84 0.857142857142857 0.823529411764706 0.911964785914366 1 3 96 3 834.49
0.925 0.926315789473684 0.923809523809524 0.981929824561404 0.89 0.857142857142857 0.92156862745098 0.960384153661465 2 3 96 3 834.49
