1 1 1 1 0.84 0.9 0.78 0.8996 NA 1 22 1 22.991
1 1 1 1 0.82 0.86 0.78 0.8946 5 2 22 1 22.991
1 1 1 1 0.82 0.86 0.78 0.8866 8 2 22 1 22.991
1 1 1 1 0.82 0.86 0.78 0.8882 10 2 22 1 22.991
1 1 1 1 0.81 0.86 0.76 0.9308 1 3 22 1 22.991
1 1 1 1 0.82 0.88 0.76 0.9068 2 3 22 1 22.991
1 1 1 1 0.81 0.84 0.78 0.8992 NA 1 22 2 30.437
1 1 1 1 0.81 0.84 0.78 0.891 5 2 22 2 30.437
1 1 1 1 0.81 0.84 0.78 0.898 8 2 22 2 30.437
1 1 1 1 0.81 0.84 0.78 0.8988 10 2 22 2 30.437
1 1 1 1 0.8 0.84 0.76 0.926 1 3 22 2 30.437
1 1 1 1 0.81 0.86 0.76 0.9056 2 3 22 2 30.437
1 1 1 1 0.84 0.9 0.78 0.8968 NA 1 22 3 41.938
1 1 1 1 0.82 0.86 0.78 0.8928 5 2 22 3 41.938
1 1 1 1 0.83 0.88 0.78 0.8984 8 2 22 3 41.938
1 1 1 1 0.83 0.88 0.78 0.8992 10 2 22 3 41.938
1 1 1 1 0.83 0.88 0.78 0.9348 1 3 22 3 41.938
1 1 1 1 0.82 0.86 0.78 0.9044 2 3 22 3 41.938
