0.975 1 0.9375 0.979166666666667 0.82 0.888888888888889 0.739130434782609 0.927938808373591 NA 1 21 1 35.01
1 1 1 1 0.85 0.851851851851852 0.847826086956522 0.854468599033816 5 2 21 1 35.01
1 1 1 1 0.78 0.87037037037037 0.673913043478261 0.834339774557166 8 2 21 1 35.01
1 1 1 1 0.84 0.888888888888889 0.782608695652174 0.834541062801932 10 2 21 1 35.01
0.875 1 0.6875 0.973958333333333 0.8 0.962962962962963 0.608695652173913 0.931561996779388 1 3 21 1 35.01
0.925 0.958333333333333 0.875 0.986979166666667 0.82 0.944444444444444 0.673913043478261 0.948067632850242 2 3 21 1 35.01
0.85 0.875 0.8125 0.947916666666667 0.76 0.777777777777778 0.739130434782609 0.838969404186795 NA 1 21 2 41.294
1 1 1 1 0.85 0.925925925925926 0.760869565217391 0.851851851851852 5 2 21 2 41.294
1 1 1 1 0.71 0.722222222222222 0.695652173913043 0.743357487922705 8 2 21 2 41.294
1 1 1 1 0.61 0.703703703703704 0.5 0.721417069243156 10 2 21 2 41.294
0.85 0.958333333333333 0.6875 0.955729166666667 0.75 0.833333333333333 0.652173913043478 0.832125603864734 1 3 21 2 41.294
0.925 0.916666666666667 0.9375 0.984375 0.73 0.685185185185185 0.782608695652174 0.830112721417069 2 3 21 2 41.294
0.95 1 0.875 0.979166666666667 0.83 0.907407407407407 0.739130434782609 0.927536231884058 NA 1 21 3 57.57
1 1 1 1 0.86 0.87037037037037 0.847826086956522 0.870772946859903 5 2 21 3 57.57
1 1 1 1 0.78 0.833333333333333 0.717391304347826 0.795088566827697 8 2 21 3 57.57
0.975 1 0.9375 1 0.73 0.87037037037037 0.565217391304348 0.774557165861514 10 2 21 3 57.57
0.875 1 0.6875 0.96875 0.79 0.962962962962963 0.58695652173913 0.929549114331723 1 3 21 3 57.57
0.925 0.958333333333333 0.875 0.989583333333333 0.83 0.944444444444444 0.695652173913043 0.941626409017713 2 3 21 3 57.57
