0.8625 0.857142857142857 0.866666666666667 0.947301587301587 0.84 0.833333333333333 0.85 0.8975 NA 1 76 1 112.623
0.9625 0.971428571428571 0.955555555555556 0.995555555555556 0.9 0.9 0.9 0.969583333333333 5 2 76 1 112.623
1 1 1 1 0.89 0.883333333333333 0.9 0.900416666666667 8 2 76 1 112.623
1 1 1 1 0.85 0.8 0.925 0.894166666666667 10 2 76 1 112.623
0.8875 0.942857142857143 0.844444444444444 0.948571428571429 0.82 0.833333333333333 0.8 0.884583333333333 1 3 76 1 112.623
0.9625 0.942857142857143 0.977777777777778 0.996190476190476 0.81 0.783333333333333 0.85 0.912916666666667 2 3 76 1 112.623
0.85 0.828571428571429 0.866666666666667 0.937777777777778 0.85 0.833333333333333 0.875 0.893333333333333 NA 1 76 2 123.674
1 1 1 1 0.86 0.883333333333333 0.825 0.883333333333333 5 2 76 2 123.674
1 1 1 1 0.87 0.85 0.9 0.918333333333333 8 2 76 2 123.674
1 1 1 1 0.88 0.9 0.85 0.879583333333333 10 2 76 2 123.674
0.8875 0.914285714285714 0.866666666666667 0.933333333333333 0.81 0.8 0.825 0.884583333333333 1 3 76 2 123.674
0.975 0.971428571428571 0.977777777777778 0.993015873015873 0.81 0.8 0.825 0.91375 2 3 76 2 123.674
0.85 0.828571428571429 0.866666666666667 0.940952380952381 0.84 0.816666666666667 0.875 0.893333333333333 NA 1 76 3 196.215
1 1 1 1 0.88 0.95 0.775 0.870625 5 2 76 3 196.215
1 1 1 1 0.86 0.883333333333333 0.825 0.849791666666667 8 2 76 3 196.215
1 1 1 1 0.87 0.85 0.9 0.886666666666667 10 2 76 3 196.215
0.8625 0.914285714285714 0.822222222222222 0.938412698412698 0.8 0.8 0.8 0.8825 1 3 76 3 196.215
0.975 0.971428571428571 0.977777777777778 0.993015873015873 0.82 0.8 0.85 0.911666666666667 2 3 76 3 196.215
