0.775 0.775 0.775 0.866875 0.87 0.836734693877551 0.901960784313726 0.926370548219288 NA 1 55 1 117.303
0.875 0.875 0.875 0.96125 0.92 0.938775510204082 0.901960784313726 0.983193277310924 5 2 55 1 117.303
0.9625 0.975 0.95 0.995 0.83 0.816326530612245 0.843137254901961 0.927170868347339 8 2 55 1 117.303
1 1 1 1 0.85 0.857142857142857 0.843137254901961 0.862745098039216 10 2 55 1 117.303
0.7875 0.825 0.75 0.86375 0.85 0.816326530612245 0.882352941176471 0.922769107643057 1 3 55 1 117.303
0.85 0.85 0.85 0.936875 0.85 0.816326530612245 0.882352941176471 0.949979991996799 2 3 55 1 117.303
0.7875 0.8 0.775 0.870625 0.86 0.816326530612245 0.901960784313726 0.925570228091236 NA 1 55 2 113.106
0.875 0.875 0.875 0.9625 0.92 0.938775510204082 0.901960784313726 0.97999199679872 5 2 55 2 113.106
1 1 1 1 0.78 0.755102040816326 0.803921568627451 0.821928771508603 8 2 55 2 113.106
1 1 1 1 0.79 0.775510204081633 0.803921568627451 0.822529011604642 10 2 55 2 113.106
0.775 0.85 0.7 0.865 0.82 0.795918367346939 0.843137254901961 0.917166866746699 1 3 55 2 113.106
0.85 0.85 0.85 0.93875 0.85 0.816326530612245 0.882352941176471 0.946778711484594 2 3 55 2 113.106
0.775 0.775 0.775 0.866875 0.89 0.857142857142857 0.92156862745098 0.92797118847539 NA 1 55 3 203.344
0.875 0.9 0.85 0.954375 0.93 0.938775510204082 0.92156862745098 0.980792316926771 5 2 55 3 203.344
0.9 0.925 0.875 0.981875 0.87 0.857142857142857 0.882352941176471 0.943577430972389 8 2 55 3 203.344
0.9375 0.925 0.95 0.9825 0.88 0.897959183673469 0.862745098039216 0.941976790716286 10 2 55 3 203.344
0.7875 0.8 0.775 0.866875 0.88 0.836734693877551 0.92156862745098 0.92797118847539 1 3 55 3 203.344
0.85 0.85 0.85 0.9425 0.85 0.816326530612245 0.882352941176471 0.951180472188876 2 3 55 3 203.344
