0.825 0.842105263157895 0.80952380952381 0.905388471177945 0.91 0.865384615384615 0.958333333333333 0.957532051282051 NA 1 99 1 85.702
0.8875 0.894736842105263 0.880952380952381 0.977443609022556 0.94 0.903846153846154 0.979166666666667 0.981169871794872 5 2 99 1 85.702
0.925 0.921052631578947 0.928571428571429 0.981203007518797 0.94 0.903846153846154 0.979166666666667 0.981971153846154 8 2 99 1 85.702
0.95 0.947368421052632 0.952380952380952 0.989348370927318 0.91 0.884615384615385 0.9375 0.975560897435897 10 2 99 1 85.702
0.8375 0.868421052631579 0.80952380952381 0.901629072681704 0.9 0.826923076923077 0.979166666666667 0.952323717948718 1 3 99 1 85.702
0.8875 0.894736842105263 0.880952380952381 0.966165413533835 0.91 0.846153846153846 0.979166666666667 0.954727564102564 2 3 99 1 85.702
0.8375 0.868421052631579 0.80952380952381 0.904761904761905 0.92 0.884615384615385 0.958333333333333 0.95713141025641 NA 1 99 2 97.99
0.925 0.894736842105263 0.952380952380952 0.982456140350877 0.93 0.884615384615385 0.979166666666667 0.981971153846154 5 2 99 2 97.99
0.9375 0.947368421052632 0.928571428571429 0.991854636591479 0.9 0.865384615384615 0.9375 0.975560897435897 8 2 99 2 97.99
0.95 0.947368421052632 0.952380952380952 0.991854636591479 0.91 0.884615384615385 0.9375 0.977564102564103 10 2 99 2 97.99
0.8375 0.868421052631579 0.80952380952381 0.899749373433584 0.9 0.826923076923077 0.979166666666667 0.949919871794872 1 3 99 2 97.99
0.85 0.894736842105263 0.80952380952381 0.963659147869674 0.91 0.846153846153846 0.979166666666667 0.952724358974359 2 3 99 2 97.99
0.8125 0.842105263157895 0.785714285714286 0.908521303258145 0.93 0.903846153846154 0.958333333333333 0.957932692307692 NA 1 99 3 145.369
0.8875 0.894736842105263 0.880952380952381 0.976190476190476 0.95 0.923076923076923 0.979166666666667 0.982772435897436 5 2 99 3 145.369
0.9375 0.947368421052632 0.928571428571429 0.989348370927318 0.93 0.884615384615385 0.979166666666667 0.989983974358974 8 2 99 3 145.369
0.95 0.947368421052632 0.952380952380952 0.991854636591479 0.92 0.865384615384615 0.979166666666667 0.991185897435897 10 2 99 3 145.369
0.8375 0.868421052631579 0.80952380952381 0.906015037593985 0.92 0.865384615384615 0.979166666666667 0.959535256410256 1 3 99 3 145.369
0.85 0.894736842105263 0.80952380952381 0.961779448621554 0.91 0.846153846153846 0.979166666666667 0.955528846153846 2 3 99 3 145.369
