0.84375 0.875 0.8125 0.91796875 0.81 0.735849056603774 0.893617021276596 0.848253713368125 NA 1 49 1 31.626
1 1 1 1 0.73 0.660377358490566 0.808510638297872 0.779205138498595 5 2 49 1 31.626
1 1 1 1 0.74 0.754716981132076 0.723404255319149 0.794259333600963 8 2 49 1 31.626
1 1 1 1 0.79 0.792452830188679 0.787234042553192 0.812123645122441 10 2 49 1 31.626
0.78125 0.8125 0.75 0.890625 0.73 0.69811320754717 0.765957446808511 0.772380570052188 1 3 49 1 31.626
0.90625 1 0.8125 0.98046875 0.76 0.660377358490566 0.872340425531915 0.834203131272581 2 3 49 1 31.626
0.875 0.9375 0.8125 0.9140625 0.82 0.754716981132076 0.893617021276596 0.853071055800883 NA 1 49 2 37.493
1 1 1 1 0.8 0.622641509433962 1 0.869731031714171 5 2 49 2 37.493
1 1 1 1 0.71 0.792452830188679 0.617021276595745 0.783219590525893 8 2 49 2 37.493
1 1 1 1 0.79 0.773584905660377 0.808510638297872 0.832597350461662 10 2 49 2 37.493
0.8125 0.8125 0.8125 0.90234375 0.75 0.69811320754717 0.808510638297872 0.784022480931353 1 3 49 2 37.493
0.9375 1 0.875 0.98046875 0.76 0.660377358490566 0.872340425531915 0.844239261340827 2 3 49 2 37.493
0.84375 0.875 0.8125 0.92578125 0.8 0.716981132075472 0.893617021276596 0.841429144921718 NA 1 49 3 57.018
1 1 1 1 0.72 0.622641509433962 0.829787234042553 0.737053392211963 5 2 49 3 57.018
1 1 1 1 0.7 0.622641509433962 0.787234042553192 0.707346447209956 8 2 49 3 57.018
1 1 1 1 0.72 0.547169811320755 0.914893617021277 0.780008028904055 10 2 49 3 57.018
0.84375 0.875 0.8125 0.90234375 0.79 0.754716981132076 0.829787234042553 0.801284624648736 1 3 49 3 57.018
0.90625 1 0.8125 0.9921875 0.75 0.660377358490566 0.851063829787234 0.827780008028904 2 3 49 3 57.018
