0.891666666666667 0.897058823529412 0.884615384615385 0.959558823529412 0.8 0.755102040816326 0.843137254901961 0.903961584633854 NA 1 77 1 121.049
0.95 0.955882352941177 0.942307692307692 0.994909502262443 0.86 0.938775510204082 0.784313725490196 0.919167667066827 5 2 77 1 121.049
1 1 1 1 0.85 0.836734693877551 0.862745098039216 0.854741896758703 8 2 77 1 121.049
1 1 1 1 0.83 0.897959183673469 0.764705882352941 0.860544217687075 10 2 77 1 121.049
0.9 0.897058823529412 0.903846153846154 0.957296380090498 0.78 0.755102040816326 0.803921568627451 0.897559023609444 1 3 77 1 121.049
0.941666666666667 0.926470588235294 0.961538461538462 0.992364253393665 0.84 0.897959183673469 0.784313725490196 0.930372148859544 2 3 77 1 121.049
0.9 0.897058823529412 0.903846153846154 0.948246606334842 0.81 0.795918367346939 0.823529411764706 0.903161264505802 NA 1 77 2 110.735
0.958333333333333 0.955882352941177 0.961538461538462 0.993212669683258 0.91 0.979591836734694 0.843137254901961 0.971588635454182 5 2 77 2 110.735
1 1 1 1 0.86 0.938775510204082 0.784313725490196 0.882753101240496 8 2 77 2 110.735
1 1 1 1 0.86 0.938775510204082 0.784313725490196 0.90796318527411 10 2 77 2 110.735
0.883333333333333 0.897058823529412 0.865384615384615 0.942873303167421 0.81 0.795918367346939 0.823529411764706 0.896358543417367 1 3 77 2 110.735
0.933333333333333 0.926470588235294 0.942307692307692 0.990101809954751 0.89 0.938775510204082 0.843137254901961 0.947979191676671 2 3 77 2 110.735
0.883333333333333 0.882352941176471 0.884615384615385 0.945135746606335 0.83 0.795918367346939 0.862745098039216 0.903161264505802 NA 1 77 3 186.829
0.95 0.941176470588235 0.961538461538462 0.989253393665158 0.91 0.979591836734694 0.843137254901961 0.967987194877951 5 2 77 3 186.829
1 1 1 1 0.88 0.959183673469388 0.803921568627451 0.873949579831933 8 2 77 3 186.829
1 1 1 1 0.82 0.877551020408163 0.764705882352941 0.853341336534614 10 2 77 3 186.829
0.858333333333333 0.867647058823529 0.846153846153846 0.939762443438914 0.83 0.795918367346939 0.862745098039216 0.889155662264906 1 3 77 3 186.829
0.933333333333333 0.926470588235294 0.942307692307692 0.98868778280543 0.84 0.877551020408163 0.803921568627451 0.944777911164466 2 3 77 3 186.829
