1 1 1 1 0.87 0.777777777777778 0.945454545454545 0.861616161616162 NA 1 44 1 33.499
1 1 1 1 0.87 0.777777777777778 0.945454545454545 0.861616161616162 5 2 44 1 33.499
1 1 1 1 0.87 0.777777777777778 0.945454545454545 0.861616161616162 8 2 44 1 33.499
1 1 1 1 0.87 0.777777777777778 0.945454545454545 0.861616161616162 10 2 44 1 33.499
0.9375 1 0.888888888888889 0.984126984126984 0.83 0.866666666666667 0.8 0.914343434343434 1 3 44 1 33.499
0.9375 0.928571428571429 0.944444444444444 0.988095238095238 0.87 0.844444444444444 0.890909090909091 0.918787878787879 2 3 44 1 33.499
1 1 1 1 0.85 0.777777777777778 0.909090909090909 0.856969696969697 NA 1 44 2 42.652
1 1 1 1 0.86 0.777777777777778 0.927272727272727 0.856969696969697 5 2 44 2 42.652
1 1 1 1 0.86 0.777777777777778 0.927272727272727 0.85050505050505 8 2 44 2 42.652
1 1 1 1 0.86 0.777777777777778 0.927272727272727 0.857575757575757 10 2 44 2 42.652
0.9375 1 0.888888888888889 0.984126984126984 0.85 0.866666666666667 0.836363636363636 0.910707070707071 1 3 44 2 42.652
0.90625 0.928571428571429 0.888888888888889 0.988095238095238 0.87 0.866666666666667 0.872727272727273 0.913131313131313 2 3 44 2 42.652
1 1 1 1 0.85 0.755555555555556 0.927272727272727 0.840606060606061 NA 1 44 3 58.876
1 1 1 1 0.85 0.755555555555556 0.927272727272727 0.840606060606061 5 2 44 3 58.876
1 1 1 1 0.85 0.755555555555556 0.927272727272727 0.840606060606061 8 2 44 3 58.876
1 1 1 1 0.85 0.755555555555556 0.927272727272727 0.840606060606061 10 2 44 3 58.876
0.9375 1 0.888888888888889 0.976190476190476 0.83 0.866666666666667 0.8 0.903838383838384 1 3 44 3 58.876
0.9375 0.928571428571429 0.944444444444444 0.992063492063492 0.85 0.777777777777778 0.909090909090909 0.917575757575758 2 3 44 3 58.876
