0.833333333333333 0.861538461538462 0.8 0.933706293706294 0.88 0.791666666666667 0.961538461538462 0.930689102564103 NA 1 62 1 137.754
0.95 0.938461538461538 0.963636363636364 0.98993006993007 0.91 0.854166666666667 0.961538461538462 0.967948717948718 5 2 62 1 137.754
0.95 0.953846153846154 0.945454545454545 0.992447552447552 0.91 0.854166666666667 0.961538461538462 0.967147435897436 8 2 62 1 137.754
1 1 1 1 0.89 0.8125 0.961538461538462 0.884815705128205 10 2 62 1 137.754
0.841666666666667 0.876923076923077 0.8 0.938741258741259 0.85 0.770833333333333 0.923076923076923 0.932692307692308 1 3 62 1 137.754
0.941666666666667 0.953846153846154 0.927272727272727 0.98993006993007 0.83 0.729166666666667 0.923076923076923 0.92948717948718 2 3 62 1 137.754
0.841666666666667 0.876923076923077 0.8 0.937342657342657 0.88 0.791666666666667 0.961538461538462 0.931490384615385 NA 1 62 2 187.764
0.958333333333333 0.938461538461538 0.981818181818182 0.99020979020979 0.88 0.854166666666667 0.903846153846154 0.96875 5 2 62 2 187.764
0.958333333333333 0.938461538461538 0.981818181818182 0.994125874125874 0.91 0.854166666666667 0.961538461538462 0.966746794871795 8 2 62 2 187.764
1 1 1 1 0.88 0.875 0.884615384615385 0.896033653846154 10 2 62 2 187.764
0.85 0.892307692307692 0.8 0.942097902097902 0.86 0.791666666666667 0.923076923076923 0.933092948717949 1 3 62 2 187.764
0.941666666666667 0.953846153846154 0.927272727272727 0.990769230769231 0.84 0.729166666666667 0.942307692307692 0.927083333333333 2 3 62 2 187.764
0.841666666666667 0.876923076923077 0.8 0.937062937062937 0.87 0.770833333333333 0.961538461538462 0.923076923076923 NA 1 62 3 274.41
0.958333333333333 0.938461538461538 0.981818181818182 0.991048951048951 0.9 0.833333333333333 0.961538461538462 0.969150641025641 5 2 62 3 274.41
0.975 0.969230769230769 0.981818181818182 0.994125874125874 0.91 0.854166666666667 0.961538461538462 0.96474358974359 8 2 62 3 274.41
1 1 1 1 0.82 0.833333333333333 0.807692307692308 0.859975961538462 10 2 62 3 274.41
0.85 0.892307692307692 0.8 0.93986013986014 0.84 0.770833333333333 0.903846153846154 0.923477564102564 1 3 62 3 274.41
0.941666666666667 0.953846153846154 0.927272727272727 0.991048951048951 0.83 0.729166666666667 0.923076923076923 0.923477564102564 2 3 62 3 274.41
