0.875 0.833333333333333 0.916666666666667 0.929444444444444 0.91 0.890909090909091 0.933333333333333 0.968080808080808 NA 1 59 1 228.252
0.975 0.966666666666667 0.983333333333333 0.988333333333333 0.95 0.945454545454545 0.955555555555556 0.990707070707071 5 2 59 1 228.252
0.966666666666667 0.95 0.983333333333333 0.988888888888889 0.95 0.945454545454545 0.955555555555556 0.988282828282828 8 2 59 1 228.252
0.975 0.966666666666667 0.983333333333333 0.988888888888889 0.94 0.927272727272727 0.955555555555556 0.988282828282828 10 2 59 1 228.252
0.875 0.85 0.9 0.929444444444444 0.88 0.872727272727273 0.888888888888889 0.963232323232323 1 3 59 1 228.252
0.95 0.933333333333333 0.966666666666667 0.982777777777778 0.92 0.909090909090909 0.933333333333333 0.976565656565657 2 3 59 1 228.252
0.875 0.833333333333333 0.916666666666667 0.930555555555555 0.91 0.890909090909091 0.933333333333333 0.968484848484849 NA 1 59 2 173.04
0.966666666666667 0.966666666666667 0.966666666666667 0.988888888888889 0.95 0.945454545454545 0.955555555555556 0.990707070707071 5 2 59 2 173.04
0.975 0.966666666666667 0.983333333333333 0.989722222222222 0.95 0.945454545454545 0.955555555555556 0.988686868686869 8 2 59 2 173.04
0.975 0.966666666666667 0.983333333333333 0.989722222222222 0.95 0.945454545454545 0.955555555555556 0.98949494949495 10 2 59 2 173.04
0.875 0.866666666666667 0.883333333333333 0.929722222222222 0.89 0.872727272727273 0.911111111111111 0.962020202020202 1 3 59 2 173.04
0.95 0.933333333333333 0.966666666666667 0.985555555555556 0.93 0.927272727272727 0.933333333333333 0.977373737373737 2 3 59 2 173.04
0.883333333333333 0.85 0.916666666666667 0.926944444444444 0.9 0.872727272727273 0.933333333333333 0.965656565656566 NA 1 59 3 366.774
0.966666666666667 0.95 0.983333333333333 0.9875 0.93 0.909090909090909 0.955555555555556 0.98989898989899 5 2 59 3 366.774
0.966666666666667 0.95 0.983333333333333 0.988055555555556 0.93 0.909090909090909 0.955555555555556 0.987878787878788 8 2 59 3 366.774
0.966666666666667 0.95 0.983333333333333 0.988333333333333 0.93 0.909090909090909 0.955555555555556 0.987878787878788 10 2 59 3 366.774
0.883333333333333 0.85 0.916666666666667 0.925555555555556 0.88 0.872727272727273 0.888888888888889 0.961616161616162 1 3 59 3 366.774
0.95 0.933333333333333 0.966666666666667 0.984166666666667 0.93 0.909090909090909 0.955555555555556 0.979393939393939 2 3 59 3 366.774
