1 1 1 1 0.83 0.839285714285714 0.818181818181818 0.84375 NA 1 99 1 27.299
1 1 1 1 0.83 0.839285714285714 0.818181818181818 0.845779220779221 5 2 99 1 27.299
1 1 1 1 0.83 0.839285714285714 0.818181818181818 0.845779220779221 8 2 99 1 27.299
1 1 1 1 0.83 0.839285714285714 0.818181818181818 0.845779220779221 10 2 99 1 27.299
0.875 0.8 0.928571428571429 0.985714285714286 0.84 0.803571428571429 0.886363636363636 0.913555194805195 1 3 99 1 27.299
0.958333333333333 0.9 1 1 0.78 0.625 0.977272727272727 0.911525974025974 2 3 99 1 27.299
1 1 1 1 0.85 0.875 0.818181818181818 0.85551948051948 NA 1 99 2 34.635
1 1 1 1 0.85 0.875 0.818181818181818 0.847402597402597 5 2 99 2 34.635
1 1 1 1 0.79 0.803571428571429 0.772727272727273 0.792816558441559 8 2 99 2 34.635
1 1 1 1 0.77 0.767857142857143 0.772727272727273 0.792816558441559 10 2 99 2 34.635
0.875 0.8 0.928571428571429 0.985714285714286 0.84 0.785714285714286 0.909090909090909 0.910714285714286 1 3 99 2 34.635
0.958333333333333 0.9 1 1 0.77 0.625 0.954545454545455 0.909902597402597 2 3 99 2 34.635
1 1 1 1 0.82 0.839285714285714 0.795454545454545 0.843344155844156 NA 1 99 3 45.323
1 1 1 1 0.82 0.839285714285714 0.795454545454545 0.844561688311688 5 2 99 3 45.323
1 1 1 1 0.8 0.803571428571429 0.795454545454545 0.809253246753247 8 2 99 3 45.323
1 1 1 1 0.8 0.803571428571429 0.795454545454545 0.810064935064935 10 2 99 3 45.323
0.875 0.8 0.928571428571429 0.985714285714286 0.83 0.785714285714286 0.886363636363636 0.912743506493507 1 3 99 3 45.323
0.958333333333333 0.9 1 1 0.8 0.678571428571429 0.954545454545455 0.913555194805195 2 3 99 3 45.323
