1 1 1 1 0.85 0.962264150943396 0.723404255319149 0.837213970293055 NA 1 35 1 31.402
1 1 1 1 0.85 0.962264150943396 0.723404255319149 0.839823364110799 5 2 35 1 31.402
1 1 1 1 0.85 0.962264150943396 0.723404255319149 0.839823364110799 8 2 35 1 31.402
1 1 1 1 0.85 0.962264150943396 0.723404255319149 0.837213970293055 10 2 35 1 31.402
0.875 0.888888888888889 0.857142857142857 0.976190476190476 0.83 0.849056603773585 0.808510638297872 0.902047370533922 1 3 35 1 31.402
0.96875 1 0.928571428571429 0.996031746031746 0.84 0.830188679245283 0.851063829787234 0.910879164993978 2 3 35 1 31.402
1 1 1 1 0.84 0.905660377358491 0.765957446808511 0.833801686069851 NA 1 35 2 40.809
1 1 1 1 0.84 0.905660377358491 0.765957446808511 0.833801686069851 5 2 35 2 40.809
1 1 1 1 0.84 0.905660377358491 0.765957446808511 0.833801686069851 8 2 35 2 40.809
1 1 1 1 0.84 0.905660377358491 0.765957446808511 0.833801686069851 10 2 35 2 40.809
0.9375 1 0.857142857142857 0.988095238095238 0.82 0.924528301886792 0.702127659574468 0.914492171818547 1 3 35 2 40.809
0.96875 1 0.928571428571429 1 0.84 0.886792452830189 0.787234042553192 0.912484945804898 2 3 35 2 40.809
0.9375 0.944444444444444 0.928571428571429 0.984126984126984 0.83 0.962264150943396 0.680851063829787 0.918105178643115 NA 1 35 3 61.231
1 1 1 1 0.87 0.905660377358491 0.829787234042553 0.925331192292252 5 2 35 3 61.231
1 1 1 1 0.82 0.924528301886792 0.702127659574468 0.835608189482136 8 2 35 3 61.231
1 1 1 1 0.87 0.886792452830189 0.851063829787234 0.910276997189884 10 2 35 3 61.231
0.875 0.944444444444444 0.785714285714286 0.98015873015873 0.82 0.943396226415094 0.680851063829787 0.903653151344841 1 3 35 3 61.231
0.96875 1 0.928571428571429 0.996031746031746 0.86 0.886792452830189 0.829787234042553 0.926936973103171 2 3 35 3 61.231
