0.9 0.933333333333333 0.88 0.976 0.82 0.653846153846154 1 0.897836538461538 NA 1 45 1 48.405
1 1 1 1 0.76 0.538461538461538 1 0.788461538461538 5 2 45 1 48.405
1 1 1 1 0.79 0.596153846153846 1 0.813501602564103 8 2 45 1 48.405
1 1 1 1 0.77 0.557692307692308 1 0.807692307692308 10 2 45 1 48.405
0.925 0.933333333333333 0.92 0.952 0.82 0.673076923076923 0.979166666666667 0.897435897435897 1 3 45 1 48.405
0.95 1 0.92 0.976 0.85 0.711538461538462 1 0.941105769230769 2 3 45 1 48.405
0.9 0.933333333333333 0.88 0.968 0.8 0.615384615384615 1 0.88661858974359 NA 1 45 2 63.665
1 1 1 1 0.75 0.519230769230769 1 0.798076923076923 5 2 45 2 63.665
1 1 1 1 0.75 0.519230769230769 1 0.798076923076923 8 2 45 2 63.665
1 1 1 1 0.74 0.5 1 0.788461538461538 10 2 45 2 63.665
0.925 0.933333333333333 0.92 0.965333333333333 0.81 0.653846153846154 0.979166666666667 0.896233974358974 1 3 45 2 63.665
0.925 0.933333333333333 0.92 0.984 0.82 0.653846153846154 1 0.952323717948718 2 3 45 2 63.665
0.9 0.933333333333333 0.88 0.970666666666667 0.78 0.576923076923077 1 0.875400641025641 NA 1 45 3 94.035
1 1 1 1 0.8 0.615384615384615 1 0.836538461538462 5 2 45 3 94.035
1 1 1 1 0.8 0.634615384615385 0.979166666666667 0.86698717948718 8 2 45 3 94.035
1 1 1 1 0.8 0.615384615384615 1 0.852363782051282 10 2 45 3 94.035
0.925 0.933333333333333 0.92 0.965333333333333 0.79 0.615384615384615 0.979166666666667 0.894230769230769 1 3 45 3 94.035
0.925 0.933333333333333 0.92 0.981333333333333 0.82 0.653846153846154 1 0.947516025641026 2 3 45 3 94.035
