1 1 1 1 0.73 0.868421052631579 0.645161290322581 0.831281833616299 NA 1 45 1 33.518
1 1 1 1 0.73 0.868421052631579 0.645161290322581 0.809847198641766 5 2 45 1 33.518
1 1 1 1 0.72 0.868421052631579 0.629032258064516 0.808998302207131 8 2 45 1 33.518
1 1 1 1 0.72 0.868421052631579 0.629032258064516 0.808998302207131 10 2 45 1 33.518
1 1 1 1 0.81 0.868421052631579 0.774193548387097 0.921052631578947 1 3 45 1 33.518
1 1 1 1 0.78 0.894736842105263 0.709677419354839 0.919354838709677 2 3 45 1 33.518
1 1 1 1 0.75 0.868421052631579 0.67741935483871 0.833828522920204 NA 1 45 2 40.473
1 1 1 1 0.75 0.868421052631579 0.67741935483871 0.821731748726655 5 2 45 2 40.473
1 1 1 1 0.75 0.868421052631579 0.67741935483871 0.820458404074703 8 2 45 2 40.473
1 1 1 1 0.75 0.868421052631579 0.67741935483871 0.816213921901528 10 2 45 2 40.473
1 1 1 1 0.82 0.894736842105263 0.774193548387097 0.928692699490662 1 3 45 2 40.473
1 1 1 1 0.78 0.894736842105263 0.709677419354839 0.921901528013582 2 3 45 2 40.473
1 1 1 1 0.74 0.842105263157895 0.67741935483871 0.847623089983022 NA 1 45 3 62.56
1 1 1 1 0.75 0.842105263157895 0.693548387096774 0.847198641765705 5 2 45 3 62.56
1 1 1 1 0.75 0.842105263157895 0.693548387096774 0.846774193548387 8 2 45 3 62.56
1 1 1 1 0.75 0.842105263157895 0.693548387096774 0.847198641765705 10 2 45 3 62.56
0.9375 0.9375 0.9375 0.99609375 0.77 0.973684210526316 0.645161290322581 0.919779286926995 1 3 45 3 62.56
1 1 1 1 0.79 0.921052631578947 0.709677419354839 0.91213921901528 2 3 45 3 62.56
