0.8375 0.833333333333333 0.840909090909091 0.934974747474748 0.9 0.884615384615385 0.916666666666667 0.931891025641026 NA 1 58 1 63.781
0.95 0.972222222222222 0.931818181818182 0.970959595959596 0.92 0.903846153846154 0.9375 0.955528846153846 5 2 58 1 63.781
0.95 0.972222222222222 0.931818181818182 0.972853535353535 0.92 0.903846153846154 0.9375 0.959535256410256 8 2 58 1 63.781
0.95 0.944444444444444 0.954545454545455 0.98800505050505 0.86 0.807692307692308 0.916666666666667 0.944711538461538 10 2 58 1 63.781
0.8625 0.861111111111111 0.863636363636364 0.935606060606061 0.89 0.865384615384615 0.916666666666667 0.926282051282051 1 3 58 1 63.781
0.9125 0.861111111111111 0.954545454545455 0.964646464646465 0.89 0.846153846153846 0.9375 0.926682692307692 2 3 58 1 63.781
0.8375 0.833333333333333 0.840909090909091 0.931818181818182 0.9 0.884615384615385 0.916666666666667 0.931490384615385 NA 1 58 2 82.811
0.95 0.972222222222222 0.931818181818182 0.96969696969697 0.92 0.903846153846154 0.9375 0.955528846153846 5 2 58 2 82.811
0.95 0.972222222222222 0.931818181818182 0.973484848484849 0.92 0.903846153846154 0.9375 0.959935897435897 8 2 58 2 82.811
0.95 0.944444444444444 0.954545454545455 0.986742424242424 0.86 0.807692307692308 0.916666666666667 0.94551282051282 10 2 58 2 82.811
0.85 0.833333333333333 0.863636363636364 0.936237373737374 0.87 0.826923076923077 0.916666666666667 0.926282051282051 1 3 58 2 82.811
0.9125 0.861111111111111 0.954545454545455 0.962121212121212 0.89 0.846153846153846 0.9375 0.927083333333333 2 3 58 2 82.811
0.875 0.888888888888889 0.863636363636364 0.936868686868687 0.9 0.884615384615385 0.916666666666667 0.93349358974359 NA 1 58 3 134.811
0.95 0.972222222222222 0.931818181818182 0.970328282828283 0.92 0.903846153846154 0.9375 0.957532051282051 5 2 58 3 134.811
0.95 0.972222222222222 0.931818181818182 0.973484848484849 0.91 0.903846153846154 0.916666666666667 0.959535256410256 8 2 58 3 134.811
0.9625 0.972222222222222 0.954545454545455 0.988636363636364 0.84 0.807692307692308 0.875 0.946314102564103 10 2 58 3 134.811
0.85 0.861111111111111 0.840909090909091 0.932449494949495 0.89 0.884615384615385 0.895833333333333 0.935096153846154 1 3 58 3 134.811
0.925 0.888888888888889 0.954545454545455 0.964646464646465 0.89 0.865384615384615 0.916666666666667 0.926282051282051 2 3 58 3 134.811
