1 1 1 1 0.72 0.509433962264151 0.957446808510638 0.796065837013248 NA 1 81 1 18.796
1 1 1 1 0.72 0.509433962264151 0.957446808510638 0.811922922521076 5 2 81 1 18.796
1 1 1 1 0.73 0.528301886792453 0.957446808510638 0.809514251304697 8 2 81 1 18.796
1 1 1 1 0.73 0.528301886792453 0.957446808510638 0.809514251304697 10 2 81 1 18.796
1 1 1 1 0.74 0.547169811320755 0.957446808510638 0.887996788438378 1 3 81 1 18.796
1 1 1 1 0.71 0.471698113207547 0.978723404255319 0.894821356884785 2 3 81 1 18.796
1 1 1 1 0.72 0.509433962264151 0.957446808510638 0.792653552790044 NA 1 81 2 28.965
1 1 1 1 0.72 0.509433962264151 0.957446808510638 0.811922922521076 5 2 81 2 28.965
1 1 1 1 0.74 0.528301886792453 0.978723404255319 0.823765556001606 8 2 81 2 28.965
1 1 1 1 0.74 0.528301886792453 0.978723404255319 0.824568446407065 10 2 81 2 28.965
1 1 1 1 0.75 0.547169811320755 0.978723404255319 0.887193898032919 1 3 81 2 28.965
1 1 1 1 0.72 0.490566037735849 0.978723404255319 0.893215576073866 2 3 81 2 28.965
1 1 1 1 0.76 0.584905660377358 0.957446808510638 0.851063829787234 NA 1 81 3 31.506
1 1 1 1 0.75 0.566037735849057 0.957446808510638 0.841027699718988 5 2 81 3 31.506
1 1 1 1 0.75 0.566037735849057 0.957446808510638 0.841429144921718 8 2 81 3 31.506
1 1 1 1 0.75 0.566037735849057 0.957446808510638 0.840826977117624 10 2 81 3 31.506
1 1 1 1 0.72 0.490566037735849 0.978723404255319 0.874347651545564 1 3 81 3 31.506
1 1 1 1 0.71 0.471698113207547 0.978723404255319 0.876756322761943 2 3 81 3 31.506
