1 1 1 1 0.73 0.729166666666667 0.730769230769231 0.729967948717949 NA 1 81 1 60.612
1 1 1 1 0.75 0.729166666666667 0.769230769230769 0.749198717948718 5 2 81 1 60.612
1 1 1 1 0.75 0.729166666666667 0.769230769230769 0.749198717948718 8 2 81 1 60.612
1 1 1 1 0.75 0.729166666666667 0.769230769230769 0.749198717948718 10 2 81 1 60.612
0.8125 0.952380952380952 0.545454545454545 0.956709956709957 0.77 0.875 0.673076923076923 0.885016025641026 1 3 81 1 60.612
1 1 1 1 0.78 0.916666666666667 0.653846153846154 0.918269230769231 2 3 81 1 60.612
1 1 1 1 0.74 0.75 0.730769230769231 0.747596153846154 NA 1 81 2 63.602
1 1 1 1 0.74 0.75 0.730769230769231 0.740384615384615 5 2 81 2 63.602
1 1 1 1 0.74 0.75 0.730769230769231 0.740384615384615 8 2 81 2 63.602
0.96875 0.952380952380952 1 1 0.74 0.75 0.730769230769231 0.740384615384615 10 2 81 2 63.602
0.8125 0.952380952380952 0.545454545454545 0.961038961038961 0.76 0.875 0.653846153846154 0.885416666666667 1 3 81 2 63.602
1 1 1 1 0.76 0.895833333333333 0.634615384615385 0.915064102564103 2 3 81 2 63.602
1 1 1 1 0.76 0.75 0.769230769230769 0.754807692307692 NA 1 81 3 88.717
1 1 1 1 0.76 0.75 0.769230769230769 0.754807692307692 5 2 81 3 88.717
1 1 1 1 0.76 0.75 0.769230769230769 0.754807692307692 8 2 81 3 88.717
1 1 1 1 0.76 0.75 0.769230769230769 0.754807692307692 10 2 81 3 88.717
0.84375 0.952380952380952 0.636363636363636 0.961038961038961 0.74 0.833333333333333 0.653846153846154 0.865384615384615 1 3 81 3 88.717
1 1 1 1 0.75 0.875 0.634615384615385 0.888221153846154 2 3 81 3 88.717
