0.8375 0.873873873873874 0.792134831460674 0.924663427472416 0.81 0.837209302325581 0.789473684210526 0.872705018359853 NA 1 6 1 867.08
0.945 0.959459459459459 0.926966292134832 0.987979552586294 0.91 0.930232558139535 0.894736842105263 0.962056303549572 5 2 6 1 867.08
0.945 0.959459459459459 0.926966292134832 0.987954246381213 0.91 0.930232558139535 0.894736842105263 0.959608323133415 8 2 6 1 867.08
0.9475 0.959459459459459 0.932584269662921 0.98808077740662 0.91 0.930232558139535 0.894736842105263 0.958792329661363 10 2 6 1 867.08
0.8375 0.878378378378378 0.786516853932584 0.92506832675372 0.79 0.837209302325581 0.754385964912281 0.873521011831905 1 3 6 1 867.08
0.96 0.968468468468468 0.949438202247191 0.988966494584472 0.89 0.906976744186046 0.87719298245614 0.947368421052632 2 3 6 1 867.08
0.8375 0.873873873873874 0.792134831460674 0.925296082599453 0.81 0.837209302325581 0.789473684210526 0.873521011831905 NA 1 6 2 671.965
0.9425 0.954954954954955 0.926966292134832 0.987701184330398 0.91 0.930232558139535 0.894736842105263 0.961648306813546 5 2 6 2 671.965
0.945 0.959459459459459 0.926966292134832 0.987853021560887 0.91 0.930232558139535 0.894736842105263 0.959608323133415 8 2 6 2 671.965
0.9475 0.959459459459459 0.932584269662921 0.988106083611702 0.91 0.930232558139535 0.894736842105263 0.958384332925337 10 2 6 2 671.965
0.835 0.869369369369369 0.792134831460674 0.926232412187468 0.79 0.837209302325581 0.754385964912281 0.873929008567931 1 3 6 2 671.965
0.9575 0.963963963963964 0.949438202247191 0.98909302560988 0.89 0.906976744186046 0.87719298245614 0.945736434108527 2 3 6 2 671.965
0.8425 0.882882882882883 0.792134831460674 0.923322198603097 0.8 0.837209302325581 0.771929824561403 0.876784985720114 NA 1 6 3 1428.127
0.945 0.95045045045045 0.938202247191011 0.987827715355805 0.91 0.930232558139535 0.894736842105263 0.964504283965728 5 2 6 3 1428.127
0.945 0.954954954954955 0.932584269662921 0.987524040894827 0.91 0.930232558139535 0.894736842105263 0.960424316605467 8 2 6 3 1428.127
0.945 0.954954954954955 0.932584269662921 0.98790363397105 0.91 0.930232558139535 0.894736842105263 0.959608323133415 10 2 6 3 1428.127
0.8375 0.873873873873874 0.792134831460674 0.924486284036846 0.79 0.837209302325581 0.754385964912281 0.871481028151775 1 3 6 3 1428.127
0.9575 0.968468468468468 0.943820224719101 0.988738738738739 0.89 0.930232558139535 0.859649122807018 0.94859241126071 2 3 6 3 1428.127
