0.8125 0.8125 0.8125 0.9140625 0.8 0.760869565217391 0.833333333333333 0.888888888888889 NA 1 74 1 23.314
1 1 1 1 0.85 0.891304347826087 0.814814814814815 0.88305152979066 5 2 74 1 23.314
1 1 1 1 0.75 0.804347826086957 0.703703703703704 0.806763285024155 8 2 74 1 23.314
1 1 1 1 0.81 0.891304347826087 0.740740740740741 0.856481481481482 10 2 74 1 23.314
0.8125 0.8125 0.8125 0.90234375 0.79 0.695652173913043 0.87037037037037 0.861513687600644 1 3 74 1 23.314
0.96875 1 0.9375 1 0.75 0.760869565217391 0.740740740740741 0.86231884057971 2 3 74 1 23.314
0.8125 0.8125 0.8125 0.91015625 0.8 0.782608695652174 0.814814814814815 0.872785829307568 NA 1 74 2 31.287
1 1 1 1 0.84 0.847826086956522 0.833333333333333 0.851449275362319 5 2 74 2 31.287
1 1 1 1 0.81 0.760869565217391 0.851851851851852 0.8756038647343 8 2 74 2 31.287
1 1 1 1 0.88 0.91304347826087 0.851851851851852 0.942632850241546 10 2 74 2 31.287
0.8125 0.8125 0.8125 0.8984375 0.77 0.673913043478261 0.851851851851852 0.842592592592593 1 3 74 2 31.287
0.96875 1 0.9375 0.99609375 0.73 0.717391304347826 0.740740740740741 0.848228663446055 2 3 74 2 31.287
0.8125 0.8125 0.8125 0.90234375 0.83 0.826086956521739 0.833333333333333 0.884057971014493 NA 1 74 3 43.251
1 1 1 1 0.86 0.934782608695652 0.796296296296296 0.923309178743961 5 2 74 3 43.251
1 1 1 1 0.66 0.739130434782609 0.592592592592593 0.723832528180354 8 2 74 3 43.251
0.96875 1 0.9375 1 0.8 0.891304347826087 0.722222222222222 0.888083735909823 10 2 74 3 43.251
0.8125 0.8125 0.8125 0.890625 0.76 0.717391304347826 0.796296296296296 0.841384863123994 1 3 74 3 43.251
0.9375 0.9375 0.9375 0.99609375 0.76 0.739130434782609 0.777777777777778 0.861916264090177 2 3 74 3 43.251
