0.86 0.871134020618557 0.849514563106796 0.93071264137724 0.89 0.896551724137931 0.880952380952381 0.946633825944171 NA 1 36 1 410.302
0.9275 0.917525773195876 0.936893203883495 0.979881893704334 0.9 0.896551724137931 0.904761904761905 0.972085385878489 5 2 36 1 410.302
0.9225 0.917525773195876 0.927184466019418 0.980132118907016 0.9 0.896551724137931 0.904761904761905 0.971264367816092 8 2 36 1 410.302
0.9225 0.917525773195876 0.927184466019418 0.980382344109699 0.9 0.896551724137931 0.904761904761905 0.969622331691297 10 2 36 1 410.302
0.8575 0.876288659793814 0.839805825242718 0.930687618856971 0.9 0.913793103448276 0.880952380952381 0.948275862068966 1 3 36 1 410.302
0.9325 0.912371134020619 0.951456310679612 0.983560204183765 0.91 0.896551724137931 0.928571428571429 0.972906403940887 2 3 36 1 410.302
0.8625 0.871134020618557 0.854368932038835 0.931913722350115 0.89 0.896551724137931 0.880952380952381 0.947044334975369 NA 1 36 2 517.806
0.925 0.917525773195876 0.932038834951456 0.980032028825943 0.9 0.896551724137931 0.904761904761905 0.971264367816092 5 2 36 2 517.806
0.925 0.917525773195876 0.932038834951456 0.980432389150235 0.9 0.896551724137931 0.904761904761905 0.970853858784893 8 2 36 2 517.806
0.925 0.917525773195876 0.932038834951456 0.980407366629967 0.9 0.896551724137931 0.904761904761905 0.969622331691297 10 2 36 2 517.806
0.8575 0.881443298969072 0.83495145631068 0.931188069262336 0.89 0.896551724137931 0.880952380952381 0.949507389162562 1 3 36 2 517.806
0.9375 0.922680412371134 0.951456310679612 0.983309978981083 0.91 0.896551724137931 0.928571428571429 0.972085385878489 2 3 36 2 517.806
0.8575 0.871134020618557 0.844660194174757 0.930087078370534 0.9 0.913793103448276 0.880952380952381 0.949096880131363 NA 1 36 3 745.875
0.9275 0.917525773195876 0.936893203883495 0.97950655590031 0.9 0.879310344827586 0.928571428571429 0.973727422003284 5 2 36 3 745.875
0.9225 0.917525773195876 0.927184466019418 0.979806826143529 0.89 0.879310344827586 0.904761904761905 0.971674876847291 8 2 36 3 745.875
0.9225 0.917525773195876 0.927184466019418 0.979906916224602 0.9 0.896551724137931 0.904761904761905 0.970443349753695 10 2 36 3 745.875
0.86 0.876288659793814 0.844660194174757 0.930762686417776 0.9 0.913793103448276 0.880952380952381 0.950738916256158 1 3 36 3 745.875
0.94 0.927835051546392 0.951456310679612 0.98378540686618 0.89 0.879310344827586 0.904761904761905 0.971264367816092 2 3 36 3 745.875
