0.875 0.785714285714286 0.944444444444444 0.904761904761905 0.84 0.854545454545454 0.822222222222222 0.905858585858586 NA 1 92 1 57.669
1 1 1 1 0.82 0.818181818181818 0.822222222222222 0.852525252525252 5 2 92 1 57.669
1 1 1 1 0.82 0.8 0.844444444444444 0.862222222222222 8 2 92 1 57.669
1 1 1 1 0.79 0.818181818181818 0.755555555555556 0.834141414141414 10 2 92 1 57.669
0.78125 0.785714285714286 0.777777777777778 0.924603174603175 0.87 0.890909090909091 0.844444444444444 0.923232323232323 1 3 92 1 57.669
0.96875 1 0.944444444444444 0.996031746031746 0.82 0.8 0.844444444444444 0.891313131313131 2 3 92 1 57.669
0.84375 0.785714285714286 0.888888888888889 0.912698412698413 0.83 0.836363636363636 0.822222222222222 0.895353535353535 NA 1 92 2 66.121
0.96875 0.928571428571429 1 1 0.83 0.8 0.866666666666667 0.863030303030303 5 2 92 2 66.121
1 1 1 1 0.74 0.745454545454545 0.733333333333333 0.825858585858586 8 2 92 2 66.121
0.96875 0.928571428571429 1 0.952380952380952 0.82 0.836363636363636 0.8 0.879393939393939 10 2 92 2 66.121
0.8125 0.857142857142857 0.777777777777778 0.916666666666667 0.87 0.927272727272727 0.8 0.912727272727273 1 3 92 2 66.121
0.96875 1 0.944444444444444 0.996031746031746 0.8 0.763636363636364 0.844444444444444 0.887272727272727 2 3 92 2 66.121
0.875 0.785714285714286 0.944444444444444 0.908730158730159 0.86 0.872727272727273 0.844444444444444 0.898585858585859 NA 1 92 3 91.785
1 1 1 1 0.69 0.709090909090909 0.666666666666667 0.793737373737374 5 2 92 3 91.785
1 1 1 1 0.69 0.636363636363636 0.755555555555556 0.706868686868687 8 2 92 3 91.785
1 1 1 1 0.81 0.781818181818182 0.844444444444444 0.856565656565656 10 2 92 3 91.785
0.78125 0.785714285714286 0.777777777777778 0.924603174603175 0.84 0.872727272727273 0.8 0.902222222222222 1 3 92 3 91.785
0.96875 1 0.944444444444444 1 0.81 0.781818181818182 0.844444444444444 0.885252525252525 2 3 92 3 91.785
