0.825 0.861538461538462 0.781818181818182 0.947692307692308 0.82 0.769230769230769 0.875 0.918669871794872 NA 1 12 1 192.588
0.991666666666667 1 0.981818181818182 0.998601398601399 0.91 0.846153846153846 0.979166666666667 0.984375 5 2 12 1 192.588
1 1 1 1 0.89 0.865384615384615 0.916666666666667 0.914663461538462 8 2 12 1 192.588
1 1 1 1 0.91 0.846153846153846 0.979166666666667 0.917467948717949 10 2 12 1 192.588
0.875 0.938461538461538 0.8 0.946853146853147 0.81 0.788461538461538 0.833333333333333 0.917467948717949 1 3 12 1 192.588
0.925 0.938461538461538 0.909090909090909 0.988531468531469 0.88 0.788461538461538 0.979166666666667 0.973958333333333 2 3 12 1 192.588
0.833333333333333 0.876923076923077 0.781818181818182 0.947972027972028 0.82 0.769230769230769 0.875 0.921875 NA 1 12 2 153.763
0.991666666666667 1 0.981818181818182 0.996923076923077 0.92 0.846153846153846 1 0.989983974358974 5 2 12 2 153.763
1 1 1 1 0.89 0.788461538461538 1 0.920272435897436 8 2 12 2 153.763
1 1 1 1 0.9 0.826923076923077 0.979166666666667 0.916866987179487 10 2 12 2 153.763
0.875 0.938461538461538 0.8 0.948251748251748 0.81 0.769230769230769 0.854166666666667 0.920272435897436 1 3 12 2 153.763
0.925 0.938461538461538 0.909090909090909 0.988251748251748 0.91 0.846153846153846 0.979166666666667 0.973958333333333 2 3 12 2 153.763
0.833333333333333 0.861538461538462 0.8 0.945454545454545 0.82 0.769230769230769 0.875 0.915865384615385 NA 1 12 3 331.176
0.983333333333333 1 0.963636363636364 0.996363636363636 0.91 0.826923076923077 1 0.990785256410256 5 2 12 3 331.176
1 1 1 1 0.9 0.826923076923077 0.979166666666667 0.912259615384615 8 2 12 3 331.176
1 1 1 1 0.92 0.846153846153846 1 0.932692307692308 10 2 12 3 331.176
0.866666666666667 0.923076923076923 0.8 0.944895104895105 0.81 0.788461538461538 0.833333333333333 0.91786858974359 1 3 12 3 331.176
0.941666666666667 0.984615384615385 0.890909090909091 0.98993006993007 0.88 0.788461538461538 0.979166666666667 0.966746794871795 2 3 12 3 331.176
