0.916666666666667 0.933333333333333 0.9 0.9725 0.86 0.814814814814815 0.91304347826087 0.931964573268921 NA 1 72 1 132.775
0.941666666666667 0.933333333333333 0.95 0.982222222222222 0.92 0.907407407407407 0.934782608695652 0.970209339774557 5 2 72 1 132.775
0.941666666666667 0.933333333333333 0.95 0.982777777777778 0.92 0.907407407407407 0.934782608695652 0.964170692431562 8 2 72 1 132.775
0.941666666666667 0.933333333333333 0.95 0.988333333333333 0.88 0.888888888888889 0.869565217391304 0.940418679549114 10 2 72 1 132.775
0.916666666666667 0.933333333333333 0.9 0.972777777777778 0.88 0.833333333333333 0.934782608695652 0.932367149758454 1 3 72 1 132.775
0.95 0.933333333333333 0.966666666666667 0.9925 0.93 0.925925925925926 0.934782608695652 0.961352657004831 2 3 72 1 132.775
0.908333333333333 0.933333333333333 0.883333333333333 0.971944444444444 0.86 0.814814814814815 0.91304347826087 0.928341384863124 NA 1 72 2 140.514
0.941666666666667 0.933333333333333 0.95 0.981944444444444 0.91 0.888888888888889 0.934782608695652 0.969806763285024 5 2 72 2 140.514
0.941666666666667 0.933333333333333 0.95 0.9825 0.91 0.888888888888889 0.934782608695652 0.966183574879227 8 2 72 2 140.514
0.941666666666667 0.933333333333333 0.95 0.989166666666667 0.87 0.87037037037037 0.869565217391304 0.938003220611916 10 2 72 2 140.514
0.875 0.9 0.85 0.969166666666667 0.88 0.833333333333333 0.934782608695652 0.92914653784219 1 3 72 2 140.514
0.95 0.933333333333333 0.966666666666667 0.992777777777778 0.93 0.925925925925926 0.934782608695652 0.96256038647343 2 3 72 2 140.514
0.916666666666667 0.95 0.883333333333333 0.971111111111111 0.87 0.833333333333333 0.91304347826087 0.936795491143317 NA 1 72 3 238.009
0.941666666666667 0.933333333333333 0.95 0.981666666666667 0.92 0.907407407407407 0.934782608695652 0.971014492753623 5 2 72 3 238.009
0.941666666666667 0.933333333333333 0.95 0.981944444444444 0.92 0.907407407407407 0.934782608695652 0.96658615136876 8 2 72 3 238.009
0.941666666666667 0.933333333333333 0.95 0.981944444444444 0.91 0.907407407407407 0.91304347826087 0.965378421900161 10 2 72 3 238.009
0.9 0.916666666666667 0.883333333333333 0.971388888888889 0.88 0.833333333333333 0.934782608695652 0.934380032206119 1 3 72 3 238.009
0.95 0.933333333333333 0.966666666666667 0.992777777777778 0.93 0.925925925925926 0.934782608695652 0.964573268921095 2 3 72 3 238.009
