0.88 0.886792452830189 0.872340425531915 0.938177438779607 0.83 0.823529411764706 0.836734693877551 0.905562224889956 NA 1 52 1 347.163
0.94 0.962264150943396 0.914893617021277 0.990666399036532 0.95 0.96078431372549 0.938775510204082 0.974789915966387 5 2 52 1 347.163
0.945 0.962264150943396 0.925531914893617 0.993978321959053 0.9 0.882352941176471 0.918367346938776 0.965986394557823 8 2 52 1 347.163
0.945 0.962264150943396 0.925531914893617 0.994580489763147 0.9 0.882352941176471 0.918367346938776 0.966786714685874 10 2 52 1 347.163
0.87 0.886792452830189 0.851063829787234 0.939983942191891 0.83 0.823529411764706 0.836734693877551 0.911164465786314 1 3 52 1 347.163
0.94 0.962264150943396 0.914893617021277 0.986852669610598 0.91 0.882352941176471 0.938775510204082 0.963985594237695 2 3 52 1 347.163
0.875 0.886792452830189 0.861702127659574 0.940485748695303 0.84 0.843137254901961 0.836734693877551 0.901960784313726 NA 1 52 2 329.194
0.95 0.962264150943396 0.936170212765957 0.989662786029707 0.94 0.941176470588235 0.938775510204082 0.979591836734694 5 2 52 2 329.194
0.945 0.962264150943396 0.925531914893617 0.992372541148133 0.91 0.901960784313726 0.918367346938776 0.965186074429772 8 2 52 2 329.194
0.945 0.962264150943396 0.925531914893617 0.992272179847451 0.9 0.882352941176471 0.918367346938776 0.969187675070028 10 2 52 2 329.194
0.865 0.877358490566038 0.851063829787234 0.941690084303493 0.85 0.843137254901961 0.857142857142857 0.91156462585034 1 3 52 2 329.194
0.945 0.962264150943396 0.925531914893617 0.9885588117222 0.9 0.862745098039216 0.938775510204082 0.959983993597439 2 3 52 2 329.194
0.87 0.89622641509434 0.840425531914894 0.937274187073465 0.84 0.823529411764706 0.857142857142857 0.903961584633854 NA 1 52 3 602.222
0.955 0.962264150943396 0.946808510638298 0.990164592533119 0.94 0.941176470588235 0.938775510204082 0.979591836734694 5 2 52 3 602.222
0.95 0.962264150943396 0.936170212765957 0.990967482938579 0.94 0.941176470588235 0.938775510204082 0.975590236094438 8 2 52 3 602.222
0.95 0.962264150943396 0.936170212765957 0.990967482938579 0.94 0.941176470588235 0.938775510204082 0.975590236094438 10 2 52 3 602.222
0.875 0.905660377358491 0.840425531914894 0.937374548374147 0.83 0.823529411764706 0.836734693877551 0.905562224889956 1 3 52 3 602.222
0.935 0.952830188679245 0.914893617021277 0.988358089120835 0.9 0.862745098039216 0.938775510204082 0.962785114045618 2 3 52 3 602.222
