0.925 0.961538461538462 0.857142857142857 0.972527472527473 0.77 0.86 0.68 0.882 NA 1 4 1 37.258
0.975 0.961538461538462 1 1 0.89 0.92 0.86 0.924 5 2 4 1 37.258
1 1 1 1 0.83 0.88 0.78 0.863 8 2 4 1 37.258
1 1 1 1 0.91 0.94 0.88 0.9316 10 2 4 1 37.258
0.85 0.961538461538462 0.642857142857143 0.967032967032967 0.71 0.92 0.5 0.8828 1 3 4 1 37.258
0.925 0.961538461538462 0.857142857142857 0.994505494505495 0.78 0.88 0.68 0.8992 2 3 4 1 37.258
0.925 0.961538461538462 0.857142857142857 0.972527472527473 0.75 0.88 0.62 0.8872 NA 1 4 2 50.746
1 1 1 1 0.89 0.9 0.88 0.906 5 2 4 2 50.746
1 1 1 1 0.89 0.9 0.88 0.9094 8 2 4 2 50.746
1 1 1 1 0.89 0.92 0.86 0.9338 10 2 4 2 50.746
0.85 0.961538461538462 0.642857142857143 0.964285714285714 0.74 0.92 0.56 0.8876 1 3 4 2 50.746
0.925 0.961538461538462 0.857142857142857 0.994505494505495 0.79 0.9 0.68 0.9 2 3 4 2 50.746
0.925 0.961538461538462 0.857142857142857 0.972527472527473 0.75 0.86 0.64 0.8836 NA 1 4 3 74.554
1 1 1 1 0.87 0.88 0.86 0.9296 5 2 4 3 74.554
0.975 0.961538461538462 1 0.973901098901099 0.9 0.92 0.88 0.9182 8 2 4 3 74.554
1 1 1 1 0.78 0.74 0.82 0.839 10 2 4 3 74.554
0.85 0.961538461538462 0.642857142857143 0.967032967032967 0.7 0.92 0.48 0.8812 1 3 4 3 74.554
0.925 0.961538461538462 0.857142857142857 0.994505494505495 0.79 0.9 0.68 0.8968 2 3 4 3 74.554
