0.9125 0.958333333333333 0.84375 0.953125 0.83 0.846153846153846 0.8125 0.905448717948718 NA 1 87 1 125.188
0.9625 0.979166666666667 0.9375 0.992838541666667 0.87 0.923076923076923 0.8125 0.949519230769231 5 2 87 1 125.188
1 1 1 1 0.78 0.826923076923077 0.729166666666667 0.788060897435897 8 2 87 1 125.188
1 1 1 1 0.77 0.807692307692308 0.729166666666667 0.810296474358974 10 2 87 1 125.188
0.9 0.958333333333333 0.8125 0.94921875 0.79 0.865384615384615 0.708333333333333 0.91426282051282 1 3 87 1 125.188
0.95 1 0.875 0.989583333333333 0.87 0.884615384615385 0.854166666666667 0.927083333333333 2 3 87 1 125.188
0.9125 0.958333333333333 0.84375 0.953125 0.83 0.846153846153846 0.8125 0.907852564102564 NA 1 87 2 133.229
0.9625 0.979166666666667 0.9375 0.992838541666667 0.87 0.923076923076923 0.8125 0.946714743589744 5 2 87 2 133.229
1 1 1 1 0.78 0.846153846153846 0.708333333333333 0.798477564102564 8 2 87 2 133.229
1 1 1 1 0.78 0.884615384615385 0.666666666666667 0.825320512820513 10 2 87 2 133.229
0.9 0.958333333333333 0.8125 0.948567708333333 0.79 0.865384615384615 0.708333333333333 0.916666666666667 1 3 87 2 133.229
0.95 1 0.875 0.989583333333333 0.87 0.884615384615385 0.854166666666667 0.926682692307692 2 3 87 2 133.229
0.8875 0.916666666666667 0.84375 0.947916666666667 0.82 0.846153846153846 0.791666666666667 0.909855769230769 NA 1 87 3 226.541
0.9625 0.979166666666667 0.9375 0.9921875 0.89 0.923076923076923 0.854166666666667 0.943108974358974 5 2 87 3 226.541
0.9625 0.979166666666667 0.9375 0.961588541666667 0.77 0.865384615384615 0.666666666666667 0.779647435897436 8 2 87 3 226.541
1 1 1 1 0.83 0.865384615384615 0.791666666666667 0.838541666666667 10 2 87 3 226.541
0.9 0.958333333333333 0.8125 0.943359375 0.8 0.884615384615385 0.708333333333333 0.909455128205128 1 3 87 3 226.541
0.95 1 0.875 0.985026041666667 0.84 0.865384615384615 0.8125 0.935096153846154 2 3 87 3 226.541
