0.8525 0.845070422535211 0.86096256684492 0.935075694810575 0.81 0.866666666666667 0.763636363636364 0.89010101010101 NA 1 64 1 982.744
0.9575 0.967136150234742 0.946524064171123 0.989530767492656 0.9 0.933333333333333 0.872727272727273 0.928080808080808 5 2 64 1 982.744
0.9575 0.967136150234742 0.946524064171123 0.990007782882679 0.9 0.933333333333333 0.872727272727273 0.929292929292929 8 2 64 1 982.744
0.955 0.962441314553991 0.946524064171123 0.989907358590043 0.9 0.933333333333333 0.872727272727273 0.931717171717172 10 2 64 1 982.744
0.8525 0.849765258215962 0.855614973262032 0.934849740152143 0.81 0.866666666666667 0.763636363636364 0.88969696969697 1 3 64 1 982.744
0.9375 0.938967136150235 0.935828877005348 0.985413371494565 0.87 0.844444444444444 0.890909090909091 0.943838383838384 2 3 64 1 982.744
0.8525 0.849765258215962 0.855614973262032 0.935427179834802 0.81 0.866666666666667 0.763636363636364 0.89050505050505 NA 1 64 2 853.803
0.9575 0.967136150234742 0.946524064171123 0.989480555346338 0.9 0.933333333333333 0.872727272727273 0.929292929292929 5 2 64 2 853.803
0.955 0.962441314553991 0.946524064171123 0.989932464663202 0.9 0.933333333333333 0.872727272727273 0.930505050505051 8 2 64 2 853.803
0.955 0.962441314553991 0.946524064171123 0.990032888955838 0.9 0.933333333333333 0.872727272727273 0.930909090909091 10 2 64 2 853.803
0.8525 0.849765258215962 0.855614973262032 0.935678240566393 0.81 0.866666666666667 0.763636363636364 0.89050505050505 1 3 64 2 853.803
0.94 0.938967136150235 0.941176470588235 0.986015917250383 0.87 0.844444444444444 0.890909090909091 0.945454545454545 2 3 64 2 853.803
0.8425 0.845070422535211 0.839572192513369 0.933644648640506 0.81 0.866666666666667 0.763636363636364 0.888080808080808 NA 1 64 3 1552.186
0.955 0.962441314553991 0.946524064171123 0.989882252516884 0.9 0.933333333333333 0.872727272727273 0.932525252525253 5 2 64 3 1552.186
0.9625 0.971830985915493 0.951871657754011 0.990183525394793 0.9 0.933333333333333 0.872727272727273 0.932929292929293 8 2 64 3 1552.186
0.9575 0.967136150234742 0.946524064171123 0.990133313248475 0.9 0.933333333333333 0.872727272727273 0.932525252525253 10 2 64 3 1552.186
0.85 0.854460093896714 0.844919786096257 0.933669754713665 0.81 0.866666666666667 0.763636363636364 0.886464646464647 1 3 64 3 1552.186
0.935 0.929577464788732 0.941176470588235 0.985764856518792 0.87 0.844444444444444 0.890909090909091 0.944646464646465 2 3 64 3 1552.186
