1 1 1 1 0.84 0.727272727272727 0.928571428571429 0.884334415584416 NA 1 58 1 22.06
1 1 1 1 0.85 0.727272727272727 0.946428571428571 0.867288961038961 5 2 58 1 22.06
1 1 1 1 0.85 0.727272727272727 0.946428571428571 0.876826298701299 8 2 58 1 22.06
1 1 1 1 0.85 0.727272727272727 0.946428571428571 0.877232142857143 10 2 58 1 22.06
0.958333333333333 0.875 1 0.9921875 0.84 0.681818181818182 0.964285714285714 0.907061688311688 1 3 58 1 22.06
1 1 1 1 0.78 0.727272727272727 0.821428571428571 0.903409090909091 2 3 58 1 22.06
1 1 1 1 0.84 0.75 0.910714285714286 0.864042207792208 NA 1 58 2 32.927
1 1 1 1 0.85 0.75 0.928571428571429 0.858969155844156 5 2 58 2 32.927
1 1 1 1 0.84 0.727272727272727 0.928571428571429 0.871753246753247 8 2 58 2 32.927
1 1 1 1 0.84 0.727272727272727 0.928571428571429 0.871753246753247 10 2 58 2 32.927
0.916666666666667 0.75 1 0.9453125 0.82 0.636363636363636 0.964285714285714 0.904220779220779 1 3 58 2 32.927
1 1 1 1 0.83 0.75 0.892857142857143 0.899350649350649 2 3 58 2 32.927
1 1 1 1 0.85 0.75 0.928571428571429 0.862824675324675 NA 1 58 3 40.902
1 1 1 1 0.84 0.727272727272727 0.928571428571429 0.849025974025974 5 2 58 3 40.902
1 1 1 1 0.84 0.727272727272727 0.928571428571429 0.868912337662338 8 2 58 3 40.902
1 1 1 1 0.84 0.727272727272727 0.928571428571429 0.849025974025974 10 2 58 3 40.902
0.875 0.625 1 0.9375 0.78 0.545454545454545 0.964285714285714 0.895698051948052 1 3 58 3 40.902
1 1 1 1 0.83 0.75 0.892857142857143 0.894074675324675 2 3 58 3 40.902
