0.875 0.854166666666667 0.894230769230769 0.949619391025641 0.85 0.849056603773585 0.851063829787234 0.927739863508631 NA 1 48 1 210.717
0.935 0.9375 0.932692307692308 0.986778846153846 0.89 0.924528301886792 0.851063829787234 0.955439582496989 5 2 48 1 210.717
0.965 0.958333333333333 0.971153846153846 0.993289262820513 0.89 0.924528301886792 0.851063829787234 0.945403452428743 8 2 48 1 210.717
0.955 0.947916666666667 0.961538461538462 0.991386217948718 0.9 0.943396226415094 0.851063829787234 0.948213568847852 10 2 48 1 210.717
0.89 0.885416666666667 0.894230769230769 0.94921875 0.86 0.867924528301887 0.851063829787234 0.927739863508631 1 3 48 1 210.717
0.945 0.916666666666667 0.971153846153846 0.980769230769231 0.85 0.811320754716981 0.893617021276596 0.946607788036933 2 3 48 1 210.717
0.88 0.854166666666667 0.903846153846154 0.950721153846154 0.82 0.811320754716981 0.829787234042553 0.924126856684063 NA 1 48 2 193.779
0.945 0.9375 0.951923076923077 0.986879006410256 0.89 0.924528301886792 0.851063829787234 0.95343235648334 5 2 48 2 193.779
0.955 0.947916666666667 0.961538461538462 0.98848157051282 0.88 0.905660377358491 0.851063829787234 0.9542352468888 8 2 48 2 193.779
0.955 0.947916666666667 0.961538461538462 0.988982371794872 0.89 0.924528301886792 0.851063829787234 0.952228020875151 10 2 48 2 193.779
0.885 0.864583333333333 0.903846153846154 0.948918269230769 0.84 0.830188679245283 0.851063829787234 0.919710959454035 1 3 48 2 193.779
0.945 0.916666666666667 0.971153846153846 0.979166666666667 0.87 0.849056603773585 0.893617021276596 0.947009233239663 2 3 48 2 193.779
0.87 0.84375 0.894230769230769 0.946714743589744 0.85 0.849056603773585 0.851063829787234 0.924929747089522 NA 1 48 3 356.017
0.945 0.9375 0.951923076923077 0.987079326923077 0.88 0.905660377358491 0.851063829787234 0.95383380168607 5 2 48 3 356.017
0.945 0.9375 0.951923076923077 0.991486378205128 0.89 0.924528301886792 0.851063829787234 0.948615014050582 8 2 48 3 356.017
0.95 0.947916666666667 0.951923076923077 0.99238782051282 0.89 0.924528301886792 0.851063829787234 0.947009233239663 10 2 48 3 356.017
0.89 0.864583333333333 0.913461538461538 0.944611378205128 0.83 0.811320754716981 0.851063829787234 0.926535527900442 1 3 48 3 356.017
0.94 0.90625 0.971153846153846 0.979066506410256 0.86 0.830188679245283 0.893617021276596 0.947009233239663 2 3 48 3 356.017
