0.865 0.873684210526316 0.857142857142857 0.93593984962406 0.89 0.869565217391304 0.907407407407407 0.941626409017713 NA 1 12 1 173.882
0.925 0.926315789473684 0.923809523809524 0.983759398496241 0.93 0.891304347826087 0.962962962962963 0.982689210950081 5 2 12 1 173.882
0.935 0.936842105263158 0.933333333333333 0.987769423558897 0.94 0.934782608695652 0.944444444444444 0.980676328502415 8 2 12 1 173.882
0.94 0.936842105263158 0.942857142857143 0.988170426065163 0.94 0.934782608695652 0.944444444444444 0.979468599033816 10 2 12 1 173.882
0.87 0.894736842105263 0.847619047619048 0.935238095238095 0.88 0.891304347826087 0.87037037037037 0.938003220611916 1 3 12 1 173.882
0.915 0.947368421052632 0.885714285714286 0.976842105263158 0.91 0.891304347826087 0.925925925925926 0.971819645732689 2 3 12 1 173.882
0.865 0.863157894736842 0.866666666666667 0.936140350877193 0.89 0.847826086956522 0.925925925925926 0.943639291465378 NA 1 12 2 173.068
0.925 0.926315789473684 0.923809523809524 0.983959899749373 0.93 0.891304347826087 0.962962962962963 0.98389694041868 5 2 12 2 173.068
0.92 0.91578947368421 0.923809523809524 0.984761904761905 0.93 0.891304347826087 0.962962962962963 0.984702093397746 8 2 12 2 173.068
0.93 0.936842105263158 0.923809523809524 0.988070175438596 0.94 0.934782608695652 0.944444444444444 0.981481481481482 10 2 12 2 173.068
0.865 0.842105263157895 0.885714285714286 0.937744360902256 0.88 0.826086956521739 0.925925925925926 0.941626409017713 1 3 12 2 173.068
0.92 0.957894736842105 0.885714285714286 0.976240601503759 0.94 0.934782608695652 0.944444444444444 0.977455716586151 2 3 12 2 173.068
0.865 0.873684210526316 0.857142857142857 0.934937343358396 0.87 0.826086956521739 0.907407407407407 0.94122383252818 NA 1 12 3 317.735
0.925 0.926315789473684 0.923809523809524 0.983859649122807 0.93 0.891304347826087 0.962962962962963 0.985507246376812 5 2 12 3 317.735
0.93 0.936842105263158 0.923809523809524 0.989573934837093 0.95 0.934782608695652 0.962962962962963 0.975845410628019 8 2 12 3 317.735
0.935 0.947368421052632 0.923809523809524 0.989874686716792 0.94 0.934782608695652 0.944444444444444 0.978260869565217 10 2 12 3 317.735
0.875 0.873684210526316 0.876190476190476 0.934436090225564 0.89 0.847826086956522 0.925925925925926 0.940418679549114 1 3 12 3 317.735
0.915 0.947368421052632 0.885714285714286 0.975538847117794 0.92 0.91304347826087 0.925925925925926 0.973832528180354 2 3 12 3 317.735
