1 1 1 1 0.79 0.818181818181818 0.755555555555556 0.822626262626263 NA 1 26 1 33.291
1 1 1 1 0.78 0.818181818181818 0.733333333333333 0.805252525252525 5 2 26 1 33.291
1 1 1 1 0.8 0.8 0.8 0.830707070707071 8 2 26 1 33.291
1 1 1 1 0.81 0.818181818181818 0.8 0.835959595959596 10 2 26 1 33.291
0.9375 0.875 1 0.96875 0.91 0.945454545454545 0.866666666666667 0.971717171717172 1 3 26 1 33.291
1 1 1 1 0.89 0.872727272727273 0.911111111111111 0.949090909090909 2 3 26 1 33.291
1 1 1 1 0.82 0.836363636363636 0.8 0.86040404040404 NA 1 26 2 39.544
1 1 1 1 0.83 0.854545454545454 0.8 0.852929292929293 5 2 26 2 39.544
1 1 1 1 0.83 0.854545454545454 0.8 0.852929292929293 8 2 26 2 39.544
1 1 1 1 0.83 0.854545454545454 0.8 0.853333333333333 10 2 26 2 39.544
0.96875 0.9375 1 0.97265625 0.87 0.890909090909091 0.844444444444444 0.963232323232323 1 3 26 2 39.544
1 1 1 1 0.88 0.854545454545454 0.911111111111111 0.947474747474747 2 3 26 2 39.544
1 1 1 1 0.83 0.872727272727273 0.777777777777778 0.868282828282828 NA 1 26 3 57.239
1 1 1 1 0.83 0.872727272727273 0.777777777777778 0.868686868686869 5 2 26 3 57.239
1 1 1 1 0.83 0.872727272727273 0.777777777777778 0.868686868686869 8 2 26 3 57.239
1 1 1 1 0.83 0.872727272727273 0.777777777777778 0.868686868686869 10 2 26 3 57.239
0.96875 0.9375 1 0.9765625 0.89 0.927272727272727 0.844444444444444 0.965656565656566 1 3 26 3 57.239
1 1 1 1 0.88 0.854545454545454 0.911111111111111 0.941818181818182 2 3 26 3 57.239
