0.8825 0.892682926829268 0.871794871794872 0.951469668542839 0.86 0.909090909090909 0.821428571428571 0.955762987012987 NA 1 44 1 661.398
0.935 0.936585365853659 0.933333333333333 0.984190118824265 0.92 0.977272727272727 0.875 0.982954545454545 5 2 44 1 661.398
0.935 0.936585365853659 0.933333333333333 0.984515322076298 0.91 0.954545454545455 0.875 0.98336038961039 8 2 44 1 661.398
0.935 0.941463414634146 0.928205128205128 0.985465916197623 0.92 0.954545454545455 0.892857142857143 0.982548701298701 10 2 44 1 661.398
0.88 0.907317073170732 0.851282051282051 0.950118824265166 0.85 0.909090909090909 0.803571428571429 0.95211038961039 1 3 44 1 661.398
0.9475 0.960975609756098 0.933333333333333 0.983314571607255 0.91 1 0.839285714285714 0.981737012987013 2 3 44 1 661.398
0.885 0.902439024390244 0.866666666666667 0.951994996873046 0.86 0.931818181818182 0.803571428571429 0.956574675324675 NA 1 44 2 764.856
0.935 0.936585365853659 0.933333333333333 0.984515322076298 0.91 0.954545454545455 0.875 0.981737012987013 5 2 44 2 764.856
0.935 0.936585365853659 0.933333333333333 0.985115697310819 0.92 0.954545454545455 0.892857142857143 0.982142857142857 8 2 44 2 764.856
0.9375 0.941463414634146 0.933333333333333 0.985791119449656 0.92 0.954545454545455 0.892857142857143 0.980925324675325 10 2 44 2 764.856
0.8775 0.897560975609756 0.856410256410256 0.951369606003752 0.86 0.931818181818182 0.803571428571429 0.955762987012987 1 3 44 2 764.856
0.945 0.960975609756098 0.928205128205128 0.982213883677298 0.9 1 0.821428571428571 0.980519480519481 2 3 44 2 764.856
0.8775 0.892682926829268 0.861538461538462 0.950544090056285 0.86 0.931818181818182 0.803571428571429 0.956574675324675 NA 1 44 3 1138.166
0.9375 0.936585365853659 0.938461538461538 0.984765478424015 0.91 0.977272727272727 0.857142857142857 0.984983766233766 5 2 44 3 1138.166
0.9375 0.936585365853659 0.938461538461538 0.98541588492808 0.92 0.954545454545455 0.892857142857143 0.984577922077922 8 2 44 3 1138.166
0.935 0.936585365853659 0.933333333333333 0.986216385240775 0.91 0.954545454545455 0.875 0.984577922077922 10 2 44 3 1138.166
0.88 0.907317073170732 0.851282051282051 0.949768605378361 0.84 0.931818181818182 0.767857142857143 0.954951298701299 1 3 44 3 1138.166
0.945 0.965853658536585 0.923076923076923 0.984715447154472 0.91 1 0.839285714285714 0.980113636363636 2 3 44 3 1138.166
