0.885 0.89247311827957 0.878504672897196 0.936589287508793 0.92 0.865384615384615 0.979166666666667 0.957932692307692 NA 1 3 1 468.141
0.96 0.956989247311828 0.962616822429907 0.992161591799819 0.94 0.903846153846154 0.979166666666667 0.978365384615385 5 2 3 1 468.141
0.96 0.956989247311828 0.962616822429907 0.993066023515225 0.94 0.903846153846154 0.979166666666667 0.974358974358974 8 2 3 1 468.141
0.96 0.956989247311828 0.962616822429907 0.993166515928047 0.95 0.923076923076923 0.979166666666667 0.976362179487179 10 2 3 1 468.141
0.875 0.903225806451613 0.850467289719626 0.932971560647171 0.93 0.884615384615385 0.979166666666667 0.962339743589744 1 3 3 1 468.141
0.94 0.956989247311828 0.925233644859813 0.983921213948347 0.94 0.923076923076923 0.958333333333333 0.984375 2 3 3 1 468.141
0.885 0.89247311827957 0.878504672897196 0.936187317857502 0.93 0.884615384615385 0.979166666666667 0.955128205128205 NA 1 3 2 392.9
0.955 0.956989247311828 0.953271028037383 0.992262084212642 0.96 0.942307692307692 0.979166666666667 0.976362179487179 5 2 3 2 392.9
0.96 0.956989247311828 0.962616822429907 0.992764546276756 0.95 0.942307692307692 0.958333333333333 0.971955128205128 8 2 3 2 392.9
0.96 0.956989247311828 0.962616822429907 0.993066023515225 0.94 0.923076923076923 0.958333333333333 0.972355769230769 10 2 3 2 392.9
0.875 0.89247311827957 0.85981308411215 0.932067128931766 0.94 0.903846153846154 0.979166666666667 0.963942307692308 1 3 3 2 392.9
0.95 0.978494623655914 0.925233644859813 0.985629584966335 0.95 0.942307692307692 0.958333333333333 0.985576923076923 2 3 3 2 392.9
0.885 0.89247311827957 0.878504672897196 0.936388302683147 0.93 0.884615384615385 0.979166666666667 0.953926282051282 NA 1 3 3 772.845
0.96 0.956989247311828 0.962616822429907 0.992463069038288 0.95 0.923076923076923 0.979166666666667 0.976362179487179 5 2 3 3 772.845
0.96 0.956989247311828 0.962616822429907 0.992865038689579 0.94 0.923076923076923 0.958333333333333 0.970753205128205 8 2 3 3 772.845
0.96 0.956989247311828 0.962616822429907 0.992865038689579 0.94 0.923076923076923 0.958333333333333 0.971554487179487 10 2 3 3 772.845
0.87 0.881720430107527 0.85981308411215 0.932469098583057 0.93 0.884615384615385 0.979166666666667 0.965144230769231 1 3 3 3 772.845
0.95 0.989247311827957 0.91588785046729 0.98472515325093 0.96 0.942307692307692 0.979166666666667 0.985977564102564 2 3 3 3 772.845
