1 1 1 1 0.82 0.727272727272727 0.892857142857143 0.86323051948052 NA 1 55 1 41.354
1 1 1 1 0.83 0.75 0.892857142857143 0.867086038961039 5 2 55 1 41.354
1 1 1 1 0.83 0.75 0.892857142857143 0.868709415584416 8 2 55 1 41.354
1 1 1 1 0.83 0.727272727272727 0.910714285714286 0.868709415584416 10 2 55 1 41.354
0.875 1 0.722222222222222 0.997474747474748 0.83 0.863636363636364 0.803571428571429 0.91599025974026 1 3 55 1 41.354
0.95 0.954545454545455 0.944444444444444 0.994949494949495 0.89 0.840909090909091 0.928571428571429 0.917613636363636 2 3 55 1 41.354
1 1 1 1 0.83 0.704545454545455 0.928571428571429 0.853693181818182 NA 1 55 2 50.512
1 1 1 1 0.83 0.704545454545455 0.928571428571429 0.847808441558442 5 2 55 2 50.512
1 1 1 1 0.83 0.704545454545455 0.928571428571429 0.847808441558442 8 2 55 2 50.512
1 1 1 1 0.83 0.704545454545455 0.928571428571429 0.849228896103896 10 2 55 2 50.512
0.875 1 0.722222222222222 0.98989898989899 0.83 0.840909090909091 0.821428571428571 0.920048701298701 1 3 55 2 50.512
0.95 0.954545454545455 0.944444444444444 0.994949494949495 0.88 0.818181818181818 0.928571428571429 0.916801948051948 2 3 55 2 50.512
1 1 1 1 0.86 0.818181818181818 0.892857142857143 0.853896103896104 NA 1 55 3 78.654
1 1 1 1 0.86 0.818181818181818 0.892857142857143 0.84862012987013 5 2 55 3 78.654
1 1 1 1 0.86 0.818181818181818 0.892857142857143 0.84862012987013 8 2 55 3 78.654
1 1 1 1 0.86 0.818181818181818 0.892857142857143 0.84862012987013 10 2 55 3 78.654
0.85 1 0.666666666666667 0.992424242424242 0.8 0.863636363636364 0.75 0.890016233766234 1 3 55 3 78.654
0.925 0.954545454545455 0.888888888888889 0.994949494949495 0.86 0.772727272727273 0.928571428571429 0.909090909090909 2 3 55 3 78.654
