0.875 0.904761904761905 0.842105263157895 0.974937343358396 0.84 0.901960784313726 0.775510204081633 0.913165266106443 NA 1 48 1 39.821
1 1 1 1 0.88 0.92156862745098 0.836734693877551 0.896158463385354 5 2 48 1 39.821
1 1 1 1 0.89 0.92156862745098 0.857142857142857 0.906162464985994 8 2 48 1 39.821
1 1 1 1 0.87 0.92156862745098 0.816326530612245 0.89015606242497 10 2 48 1 39.821
0.9 0.904761904761905 0.894736842105263 0.962406015037594 0.82 0.901960784313726 0.73469387755102 0.908763505402161 1 3 48 1 39.821
0.975 1 0.947368421052632 0.994987468671679 0.84 0.96078431372549 0.714285714285714 0.933973589435774 2 3 48 1 39.821
0.925 0.904761904761905 0.947368421052632 0.974937343358396 0.83 0.901960784313726 0.755102040816326 0.91156462585034 NA 1 48 2 47.234
1 1 1 1 0.74 0.862745098039216 0.612244897959184 0.80672268907563 5 2 48 2 47.234
0.975 0.952380952380952 1 1 0.87 0.92156862745098 0.816326530612245 0.890556222488996 8 2 48 2 47.234
1 1 1 1 0.85 0.862745098039216 0.836734693877551 0.866746698679472 10 2 48 2 47.234
0.9 0.904761904761905 0.894736842105263 0.962406015037594 0.84 0.901960784313726 0.775510204081633 0.902761104441777 1 3 48 2 47.234
0.975 1 0.947368421052632 0.994987468671679 0.82 0.96078431372549 0.673469387755102 0.936774709883954 2 3 48 2 47.234
0.875 0.904761904761905 0.842105263157895 0.972431077694236 0.84 0.901960784313726 0.775510204081633 0.913165266106443 NA 1 48 3 73.429
1 1 1 1 0.86 0.92156862745098 0.795918367346939 0.889955982392957 5 2 48 3 73.429
1 1 1 1 0.89 0.92156862745098 0.857142857142857 0.904761904761905 8 2 48 3 73.429
1 1 1 1 0.85 0.901960784313726 0.795918367346939 0.876750700280112 10 2 48 3 73.429
0.875 0.904761904761905 0.842105263157895 0.954887218045113 0.8 0.901960784313726 0.693877551020408 0.909563825530212 1 3 48 3 73.429
0.975 1 0.947368421052632 0.99749373433584 0.82 0.901960784313726 0.73469387755102 0.920768307322929 2 3 48 3 73.429
