0.84 0.864864864864865 0.808988764044944 0.919121368559571 0.79 0.837209302325581 0.754385964912281 0.928192574459404 NA 1 7 1 263.186
0.945 0.945945945945946 0.943820224719101 0.987751796740561 0.9 0.953488372093023 0.859649122807018 0.975928192574459 5 2 7 1 263.186
0.935 0.936936936936937 0.932584269662921 0.988156696021865 0.91 0.953488372093023 0.87719298245614 0.976744186046512 8 2 7 1 263.186
0.945 0.945945945945946 0.943820224719101 0.988359145662516 0.9 0.930232558139535 0.87719298245614 0.976744186046512 10 2 7 1 263.186
0.855 0.882882882882883 0.820224719101124 0.917906670715659 0.79 0.837209302325581 0.754385964912281 0.920848633210934 1 3 7 1 263.186
0.95 0.954954954954955 0.943820224719101 0.978641562911226 0.88 0.883720930232558 0.87719298245614 0.952672378620971 2 3 7 1 263.186
0.845 0.864864864864865 0.820224719101124 0.919323818200223 0.79 0.837209302325581 0.754385964912281 0.929416564667483 NA 1 7 2 268.422
0.945 0.945945945945946 0.943820224719101 0.987853021560887 0.92 0.976744186046512 0.87719298245614 0.975928192574459 5 2 7 2 268.422
0.94 0.936936936936937 0.943820224719101 0.98876404494382 0.91 0.953488372093023 0.87719298245614 0.975928192574459 8 2 7 2 268.422
0.945 0.945945945945946 0.943820224719101 0.988966494584472 0.91 0.953488372093023 0.87719298245614 0.97796817625459 10 2 7 2 268.422
0.84 0.846846846846847 0.831460674157303 0.918615244457941 0.8 0.837209302325581 0.771929824561403 0.923296613627091 1 3 7 2 268.422
0.95 0.954954954954955 0.943820224719101 0.97904646219253 0.88 0.883720930232558 0.87719298245614 0.953080375356997 2 3 7 2 268.422
0.835 0.855855855855856 0.808988764044944 0.918514019637615 0.81 0.837209302325581 0.789473684210526 0.929416564667483 NA 1 7 3 520.639
0.935 0.936936936936937 0.932584269662921 0.985828525154368 0.89 0.930232558139535 0.859649122807018 0.975520195838433 5 2 7 3 520.639
0.935 0.936936936936937 0.932584269662921 0.986334649255998 0.89 0.930232558139535 0.859649122807018 0.977152182782538 8 2 7 3 520.639
0.935 0.936936936936937 0.932584269662921 0.986941998177953 0.89 0.930232558139535 0.859649122807018 0.977152182782538 10 2 7 3 520.639
0.845 0.873873873873874 0.808988764044944 0.917096872153052 0.79 0.837209302325581 0.754385964912281 0.926152590779274 1 3 7 3 520.639
0.955 0.963963963963964 0.943820224719101 0.978742787731552 0.9 0.906976744186046 0.894736842105263 0.950224398204814 2 3 7 3 520.639
