0.835 0.865384615384615 0.802083333333333 0.931390224358974 0.87 0.875 0.865384615384615 0.948717948717949 NA 1 37 1 268.99
0.94 0.942307692307692 0.9375 0.984375 0.92 0.9375 0.903846153846154 0.975961538461538 5 2 37 1 268.99
0.94 0.942307692307692 0.9375 0.985877403846154 0.91 0.9375 0.884615384615385 0.973557692307692 8 2 37 1 268.99
0.95 0.942307692307692 0.958333333333333 0.990184294871795 0.9 0.895833333333333 0.903846153846154 0.971554487179487 10 2 37 1 268.99
0.85 0.894230769230769 0.802083333333333 0.933092948717949 0.87 0.875 0.865384615384615 0.946714743589744 1 3 37 1 268.99
0.945 0.961538461538462 0.927083333333333 0.986879006410256 0.9 0.916666666666667 0.884615384615385 0.969551282051282 2 3 37 1 268.99
0.84 0.875 0.802083333333333 0.931790865384615 0.88 0.875 0.884615384615385 0.949519230769231 NA 1 37 2 296.221
0.925 0.923076923076923 0.927083333333333 0.982872596153846 0.94 0.9375 0.942307692307692 0.97676282051282 5 2 37 2 296.221
0.945 0.942307692307692 0.947916666666667 0.987880608974359 0.93 0.9375 0.923076923076923 0.971955128205128 8 2 37 2 296.221
0.955 0.951923076923077 0.958333333333333 0.994290865384615 0.91 0.875 0.942307692307692 0.974358974358974 10 2 37 2 296.221
0.845 0.894230769230769 0.791666666666667 0.932291666666667 0.88 0.875 0.884615384615385 0.947916666666667 1 3 37 2 296.221
0.945 0.961538461538462 0.927083333333333 0.986177884615385 0.9 0.916666666666667 0.884615384615385 0.969150641025641 2 3 37 2 296.221
0.84 0.875 0.802083333333333 0.927383814102564 0.88 0.895833333333333 0.865384615384615 0.947115384615385 NA 1 37 3 596.563
0.935 0.932692307692308 0.9375 0.982672275641026 0.93 0.9375 0.923076923076923 0.978365384615385 5 2 37 3 596.563
0.94 0.932692307692308 0.947916666666667 0.989383012820513 0.93 0.9375 0.923076923076923 0.967948717948718 8 2 37 3 596.563
0.96 0.961538461538462 0.958333333333333 0.991686698717949 0.93 0.9375 0.923076923076923 0.970352564102564 10 2 37 3 596.563
0.84 0.884615384615385 0.791666666666667 0.928585737179487 0.87 0.895833333333333 0.846153846153846 0.945913461538462 1 3 37 3 596.563
0.945 0.951923076923077 0.9375 0.985977564102564 0.9 0.916666666666667 0.884615384615385 0.970352564102564 2 3 37 3 596.563
