0.8125 0.805555555555556 0.818181818181818 0.887626262626263 0.9 0.955555555555556 0.854545454545454 0.978585858585859 NA 1 97 1 109.667
1 1 1 1 0.87 0.844444444444444 0.890909090909091 0.880606060606061 5 2 97 1 109.667
1 1 1 1 0.88 0.866666666666667 0.890909090909091 0.907474747474747 8 2 97 1 109.667
1 1 1 1 0.83 0.822222222222222 0.836363636363636 0.861818181818182 10 2 97 1 109.667
0.8125 0.833333333333333 0.795454545454545 0.888257575757576 0.88 0.933333333333333 0.836363636363636 0.976161616161616 1 3 97 1 109.667
0.9375 0.972222222222222 0.909090909090909 0.980429292929293 0.89 0.888888888888889 0.890909090909091 0.965252525252525 2 3 97 1 109.667
0.8125 0.805555555555556 0.818181818181818 0.884469696969697 0.9 0.955555555555556 0.854545454545454 0.979393939393939 NA 1 97 2 137.55
1 1 1 1 0.89 0.844444444444444 0.927272727272727 0.891313131313131 5 2 97 2 137.55
1 1 1 1 0.88 0.866666666666667 0.890909090909091 0.91030303030303 8 2 97 2 137.55
0.9875 0.972222222222222 1 0.981060606060606 0.81 0.866666666666667 0.763636363636364 0.83030303030303 10 2 97 2 137.55
0.8125 0.833333333333333 0.795454545454545 0.888888888888889 0.89 0.933333333333333 0.854545454545454 0.976969696969697 1 3 97 2 137.55
0.9375 0.972222222222222 0.909090909090909 0.982323232323232 0.9 0.911111111111111 0.890909090909091 0.967272727272727 2 3 97 2 137.55
0.8 0.777777777777778 0.818181818181818 0.888257575757576 0.9 0.955555555555556 0.854545454545454 0.975353535353535 NA 1 97 3 198.297
1 1 1 1 0.86 0.8 0.909090909090909 0.877777777777778 5 2 97 3 198.297
0.9875 0.972222222222222 1 1 0.87 0.822222222222222 0.909090909090909 0.906464646464646 8 2 97 3 198.297
1 1 1 1 0.89 0.866666666666667 0.909090909090909 0.917575757575757 10 2 97 3 198.297
0.8125 0.833333333333333 0.795454545454545 0.884469696969697 0.88 0.933333333333333 0.836363636363636 0.975757575757576 1 3 97 3 198.297
0.925 0.944444444444444 0.909090909090909 0.978535353535353 0.92 0.955555555555556 0.890909090909091 0.964040404040404 2 3 97 3 198.297
