0.916666666666667 0.901960784313726 0.927536231884058 0.956805910770105 0.81 0.775510204081633 0.843137254901961 0.915566226490596 NA 1 18 1 89.044
0.9 0.882352941176471 0.91304347826087 0.978402955385053 0.9 0.877551020408163 0.92156862745098 0.961984793917567 5 2 18 1 89.044
0.9 0.882352941176471 0.91304347826087 0.978118783745382 0.9 0.877551020408163 0.92156862745098 0.961184473789516 8 2 18 1 89.044
0.908333333333333 0.901960784313726 0.91304347826087 0.979539641943734 0.88 0.857142857142857 0.901960784313726 0.96078431372549 10 2 18 1 89.044
0.908333333333333 0.882352941176471 0.927536231884058 0.95254333617505 0.81 0.73469387755102 0.882352941176471 0.913565426170468 1 3 18 1 89.044
0.916666666666667 0.92156862745098 0.91304347826087 0.977834612105712 0.86 0.795918367346939 0.92156862745098 0.955982392957183 2 3 18 1 89.044
0.908333333333333 0.882352941176471 0.927536231884058 0.959079283887468 0.83 0.795918367346939 0.862745098039216 0.917567026810724 NA 1 18 2 90.363
0.891666666666667 0.862745098039216 0.91304347826087 0.977834612105712 0.89 0.877551020408163 0.901960784313726 0.958383353341337 5 2 18 2 90.363
0.9 0.882352941176471 0.91304347826087 0.976982097186701 0.89 0.877551020408163 0.901960784313726 0.955982392957183 8 2 18 2 90.363
0.9 0.882352941176471 0.91304347826087 0.978118783745382 0.89 0.877551020408163 0.901960784313726 0.957983193277311 10 2 18 2 90.363
0.9 0.862745098039216 0.927536231884058 0.957374254049446 0.82 0.755102040816326 0.882352941176471 0.915966386554622 1 3 18 2 90.363
0.9 0.901960784313726 0.898550724637681 0.977834612105712 0.88 0.816326530612245 0.941176470588235 0.953181272509004 2 3 18 2 90.363
0.908333333333333 0.882352941176471 0.927536231884058 0.958795112247798 0.83 0.795918367346939 0.862745098039216 0.915966386554622 NA 1 18 3 159.692
0.891666666666667 0.862745098039216 0.91304347826087 0.977266268826371 0.9 0.877551020408163 0.92156862745098 0.959983993597439 5 2 18 3 159.692
0.9 0.882352941176471 0.91304347826087 0.979823813583404 0.89 0.857142857142857 0.92156862745098 0.958783513405362 8 2 18 3 159.692
0.916666666666667 0.901960784313726 0.927536231884058 0.985791418016482 0.86 0.857142857142857 0.862745098039216 0.947579031612645 10 2 18 3 159.692
0.883333333333333 0.843137254901961 0.91304347826087 0.952259164535379 0.83 0.755102040816326 0.901960784313726 0.91156462585034 1 3 18 3 159.692
0.916666666666667 0.92156862745098 0.91304347826087 0.977550440466041 0.88 0.836734693877551 0.92156862745098 0.951580632252901 2 3 18 3 159.692
