0.883333333333333 0.903225806451613 0.862068965517241 0.960233592880979 0.82 0.727272727272727 0.933333333333333 0.921616161616162 NA 1 5 1 222.429
0.933333333333333 0.935483870967742 0.931034482758621 0.988876529477197 0.87 0.818181818181818 0.933333333333333 0.945454545454545 5 2 5 1 222.429
0.933333333333333 0.935483870967742 0.931034482758621 0.988598442714127 0.86 0.8 0.933333333333333 0.938989898989899 8 2 5 1 222.429
0.966666666666667 0.951612903225806 0.982758620689655 0.993604004449388 0.88 0.872727272727273 0.888888888888889 0.948282828282828 10 2 5 1 222.429
0.883333333333333 0.903225806451613 0.862068965517241 0.958286985539488 0.83 0.8 0.866666666666667 0.926868686868687 1 3 5 1 222.429
0.908333333333333 0.919354838709677 0.896551724137931 0.974694104560623 0.86 0.836363636363636 0.888888888888889 0.930505050505051 2 3 5 1 222.429
0.875 0.887096774193548 0.862068965517241 0.960789766407119 0.81 0.709090909090909 0.933333333333333 0.91959595959596 NA 1 5 2 201.915
0.933333333333333 0.935483870967742 0.931034482758621 0.988876529477197 0.86 0.8 0.933333333333333 0.943030303030303 5 2 5 2 201.915
0.966666666666667 0.951612903225806 0.982758620689655 0.993047830923248 0.89 0.872727272727273 0.911111111111111 0.94020202020202 8 2 5 2 201.915
0.966666666666667 0.951612903225806 0.982758620689655 0.993604004449388 0.88 0.872727272727273 0.888888888888889 0.945858585858586 10 2 5 2 201.915
0.875 0.903225806451613 0.844827586206897 0.959677419354839 0.82 0.781818181818182 0.866666666666667 0.926868686868687 1 3 5 2 201.915
0.908333333333333 0.919354838709677 0.896551724137931 0.975806451612903 0.85 0.818181818181818 0.888888888888889 0.930909090909091 2 3 5 2 201.915
0.883333333333333 0.887096774193548 0.879310344827586 0.957730812013348 0.86 0.781818181818182 0.955555555555556 0.922020202020202 NA 1 5 3 400.878
0.941666666666667 0.935483870967742 0.948275862068966 0.989154616240267 0.88 0.836363636363636 0.933333333333333 0.953131313131313 5 2 5 3 400.878
0.95 0.935483870967742 0.96551724137931 0.989154616240267 0.89 0.854545454545454 0.933333333333333 0.94949494949495 8 2 5 3 400.878
0.966666666666667 0.951612903225806 0.982758620689655 0.995272525027809 0.88 0.872727272727273 0.888888888888889 0.95030303030303 10 2 5 3 400.878
0.883333333333333 0.903225806451613 0.862068965517241 0.955784204671858 0.83 0.763636363636364 0.911111111111111 0.927676767676768 1 3 5 3 400.878
0.9 0.903225806451613 0.896551724137931 0.973303670745273 0.88 0.854545454545454 0.911111111111111 0.928484848484848 2 3 5 3 400.878
