1 1 1 1 0.72 0.672727272727273 0.777777777777778 0.723232323232323 NA 1 86 1 27.15
1 1 1 1 0.72 0.672727272727273 0.777777777777778 0.723232323232323 5 2 86 1 27.15
1 1 1 1 0.72 0.672727272727273 0.777777777777778 0.723232323232323 8 2 86 1 27.15
1 1 1 1 0.72 0.672727272727273 0.777777777777778 0.723232323232323 10 2 86 1 27.15
0.958333333333333 0.9 1 0.985714285714286 0.73 0.545454545454545 0.955555555555556 0.867878787878788 1 3 86 1 27.15
0.916666666666667 1 0.857142857142857 0.978571428571429 0.72 0.581818181818182 0.888888888888889 0.892121212121212 2 3 86 1 27.15
1 1 1 1 0.7 0.636363636363636 0.777777777777778 0.707070707070707 NA 1 86 2 38.785
1 1 1 1 0.7 0.636363636363636 0.777777777777778 0.707070707070707 5 2 86 2 38.785
1 1 1 1 0.7 0.636363636363636 0.777777777777778 0.707070707070707 8 2 86 2 38.785
1 1 1 1 0.7 0.636363636363636 0.777777777777778 0.707070707070707 10 2 86 2 38.785
0.916666666666667 0.8 1 0.985714285714286 0.71 0.509090909090909 0.955555555555556 0.863030303030303 1 3 86 2 38.785
0.916666666666667 1 0.857142857142857 1 0.72 0.527272727272727 0.955555555555556 0.897373737373737 2 3 86 2 38.785
1 1 1 1 0.69 0.654545454545455 0.733333333333333 0.718989898989899 NA 1 86 3 48.956
1 1 1 1 0.69 0.654545454545455 0.733333333333333 0.718989898989899 5 2 86 3 48.956
1 1 1 1 0.69 0.654545454545455 0.733333333333333 0.718989898989899 8 2 86 3 48.956
1 1 1 1 0.69 0.654545454545455 0.733333333333333 0.718989898989899 10 2 86 3 48.956
0.916666666666667 0.8 1 0.985714285714286 0.72 0.527272727272727 0.955555555555556 0.843636363636364 1 3 86 3 48.956
0.916666666666667 1 0.857142857142857 0.978571428571429 0.7 0.545454545454545 0.888888888888889 0.867070707070707 2 3 86 3 48.956
