0.883333333333333 0.883333333333333 0.883333333333333 0.965555555555556 0.86 0.833333333333333 0.884615384615385 0.91025641025641 NA 1 25 1 100.152
0.908333333333333 0.883333333333333 0.933333333333333 0.982222222222222 0.87 0.875 0.865384615384615 0.925080128205128 5 2 25 1 100.152
0.933333333333333 0.933333333333333 0.933333333333333 0.989444444444444 0.87 0.854166666666667 0.884615384615385 0.934695512820513 8 2 25 1 100.152
0.958333333333333 0.95 0.966666666666667 0.996111111111111 0.88 0.854166666666667 0.903846153846154 0.925480769230769 10 2 25 1 100.152
0.9 0.9 0.9 0.964444444444444 0.83 0.8125 0.846153846153846 0.909855769230769 1 3 25 1 100.152
0.925 0.933333333333333 0.916666666666667 0.985 0.84 0.8125 0.865384615384615 0.948717948717949 2 3 25 1 100.152
0.875 0.883333333333333 0.866666666666667 0.965 0.86 0.833333333333333 0.884615384615385 0.908653846153846 NA 1 25 2 91.205
0.9 0.883333333333333 0.916666666666667 0.982222222222222 0.87 0.875 0.865384615384615 0.924679487179487 5 2 25 2 91.205
0.941666666666667 0.95 0.933333333333333 0.988611111111111 0.87 0.875 0.865384615384615 0.92988782051282 8 2 25 2 91.205
0.958333333333333 0.95 0.966666666666667 0.995833333333333 0.88 0.854166666666667 0.903846153846154 0.922876602564103 10 2 25 2 91.205
0.891666666666667 0.9 0.883333333333333 0.963333333333333 0.83 0.8125 0.846153846153846 0.908253205128205 1 3 25 2 91.205
0.925 0.933333333333333 0.916666666666667 0.984444444444444 0.84 0.8125 0.865384615384615 0.948717948717949 2 3 25 2 91.205
0.908333333333333 0.9 0.916666666666667 0.963333333333333 0.86 0.833333333333333 0.884615384615385 0.911057692307692 NA 1 25 3 165.376
0.908333333333333 0.883333333333333 0.933333333333333 0.982222222222222 0.86 0.875 0.846153846153846 0.925080128205128 5 2 25 3 165.376
0.908333333333333 0.883333333333333 0.933333333333333 0.982777777777778 0.87 0.875 0.865384615384615 0.924679487179487 8 2 25 3 165.376
0.941666666666667 0.933333333333333 0.95 0.989444444444444 0.87 0.854166666666667 0.884615384615385 0.935096153846154 10 2 25 3 165.376
0.9 0.9 0.9 0.963055555555556 0.85 0.8125 0.884615384615385 0.911057692307692 1 3 25 3 165.376
0.941666666666667 0.95 0.933333333333333 0.985 0.84 0.791666666666667 0.884615384615385 0.946714743589744 2 3 25 3 165.376
