0.841666666666667 0.863636363636364 0.814814814814815 0.951459034792368 0.85 0.866666666666667 0.836363636363636 0.931717171717172 NA 1 65 1 228.454
1 1 1 1 0.88 0.822222222222222 0.927272727272727 0.904646464646465 5 2 65 1 228.454
1 1 1 1 0.88 0.822222222222222 0.927272727272727 0.884242424242424 8 2 65 1 228.454
1 1 1 1 0.89 0.844444444444444 0.927272727272727 0.911515151515152 10 2 65 1 228.454
0.841666666666667 0.893939393939394 0.777777777777778 0.950897867564534 0.86 0.888888888888889 0.836363636363636 0.942626262626263 1 3 65 1 228.454
0.941666666666667 0.939393939393939 0.944444444444444 0.989618406285073 0.89 0.911111111111111 0.872727272727273 0.947878787878788 2 3 65 1 228.454
0.85 0.878787878787879 0.814814814814815 0.952581369248036 0.85 0.866666666666667 0.836363636363636 0.933737373737374 NA 1 65 2 190.154
1 1 1 1 0.89 0.844444444444444 0.927272727272727 0.901818181818182 5 2 65 2 190.154
1 1 1 1 0.9 0.844444444444444 0.945454545454545 0.925252525252525 8 2 65 2 190.154
1 1 1 1 0.89 0.844444444444444 0.927272727272727 0.911111111111111 10 2 65 2 190.154
0.85 0.893939393939394 0.796296296296296 0.951459034792368 0.86 0.888888888888889 0.836363636363636 0.944242424242424 1 3 65 2 190.154
0.941666666666667 0.939393939393939 0.944444444444444 0.989618406285073 0.9 0.911111111111111 0.890909090909091 0.949090909090909 2 3 65 2 190.154
0.858333333333333 0.878787878787879 0.833333333333333 0.950056116722783 0.86 0.888888888888889 0.836363636363636 0.934141414141414 NA 1 65 3 406.286
1 1 1 1 0.88 0.822222222222222 0.927272727272727 0.89979797979798 5 2 65 3 406.286
1 1 1 1 0.88 0.822222222222222 0.927272727272727 0.925454545454545 8 2 65 3 406.286
1 1 1 1 0.89 0.844444444444444 0.927272727272727 0.911111111111111 10 2 65 3 406.286
0.866666666666667 0.893939393939394 0.833333333333333 0.948653198653199 0.88 0.933333333333333 0.836363636363636 0.953535353535354 1 3 65 3 406.286
0.941666666666667 0.939393939393939 0.944444444444444 0.989057239057239 0.9 0.911111111111111 0.890909090909091 0.948282828282828 2 3 65 3 406.286
