1 1 1 1 0.79 0.58695652173913 0.962962962962963 0.786030595813204 NA 1 41 1 19.489
1 1 1 1 0.79 0.58695652173913 0.962962962962963 0.778582930756844 5 2 41 1 19.489
1 1 1 1 0.79 0.58695652173913 0.962962962962963 0.778985507246377 8 2 41 1 19.489
1 1 1 1 0.79 0.58695652173913 0.962962962962963 0.778985507246377 10 2 41 1 19.489
1 1 1 1 0.79 0.58695652173913 0.962962962962963 0.843800322061192 1 3 41 1 19.489
1 1 1 1 0.72 0.543478260869565 0.87037037037037 0.838969404186796 2 3 41 1 19.489
1 1 1 1 0.8 0.608695652173913 0.962962962962963 0.785628019323671 NA 1 41 2 27.174
1 1 1 1 0.8 0.608695652173913 0.962962962962963 0.786231884057971 5 2 41 2 27.174
1 1 1 1 0.8 0.608695652173913 0.962962962962963 0.786231884057971 8 2 41 2 27.174
1 1 1 1 0.8 0.608695652173913 0.962962962962963 0.786634460547504 10 2 41 2 27.174
1 1 1 1 0.79 0.58695652173913 0.962962962962963 0.83695652173913 1 3 41 2 27.174
1 1 1 1 0.72 0.543478260869565 0.87037037037037 0.834138486312399 2 3 41 2 27.174
1 1 1 1 0.74 0.521739130434783 0.925925925925926 0.756642512077295 NA 1 41 3 33.054
1 1 1 1 0.76 0.543478260869565 0.944444444444444 0.763687600644122 5 2 41 3 33.054
1 1 1 1 0.77 0.543478260869565 0.962962962962963 0.763687600644122 8 2 41 3 33.054
1 1 1 1 0.77 0.543478260869565 0.962962962962963 0.768115942028985 10 2 41 3 33.054
1 1 1 1 0.78 0.608695652173913 0.925925925925926 0.802737520128824 1 3 41 3 33.054
1 1 1 1 0.74 0.565217391304348 0.888888888888889 0.833333333333333 2 3 41 3 33.054
