0.8625 0.818181818181818 0.893617021276596 0.932946486137975 0.87 0.8125 0.923076923076923 0.925480769230769 NA 1 54 1 84.652
0.9125 0.909090909090909 0.914893617021277 0.98388136686009 0.88 0.854166666666667 0.903846153846154 0.939903846153846 5 2 54 1 84.652
0.9125 0.909090909090909 0.914893617021277 0.984526112185687 0.88 0.854166666666667 0.903846153846154 0.939903846153846 8 2 54 1 84.652
0.9125 0.909090909090909 0.914893617021277 0.98388136686009 0.86 0.833333333333333 0.884615384615385 0.939102564102564 10 2 54 1 84.652
0.875 0.757575757575758 0.957446808510638 0.925209542230819 0.83 0.729166666666667 0.923076923076923 0.889022435897436 1 3 54 1 84.652
0.95 0.939393939393939 0.957446808510638 0.987105093488072 0.84 0.770833333333333 0.903846153846154 0.913461538461538 2 3 54 1 84.652
0.8625 0.787878787878788 0.914893617021277 0.932946486137975 0.86 0.791666666666667 0.923076923076923 0.922676282051282 NA 1 54 2 117.57
0.9 0.878787878787879 0.914893617021277 0.982591876208897 0.87 0.833333333333333 0.903846153846154 0.9375 5 2 54 2 117.57
0.9 0.878787878787879 0.914893617021277 0.985170857511283 0.88 0.854166666666667 0.903846153846154 0.9375 8 2 54 2 117.57
0.9125 0.909090909090909 0.914893617021277 0.985170857511283 0.88 0.854166666666667 0.903846153846154 0.937900641025641 10 2 54 2 117.57
0.8875 0.787878787878788 0.957446808510638 0.917472598323662 0.84 0.729166666666667 0.942307692307692 0.878205128205128 1 3 54 2 117.57
0.9375 0.909090909090909 0.957446808510638 0.985815602836879 0.82 0.75 0.884615384615385 0.910657051282051 2 3 54 2 117.57
0.8625 0.787878787878788 0.914893617021277 0.928433268858801 0.85 0.791666666666667 0.903846153846154 0.919070512820513 NA 1 54 3 165.587
0.9125 0.878787878787879 0.936170212765957 0.978723404255319 0.88 0.854166666666667 0.903846153846154 0.938301282051282 5 2 54 3 165.587
0.925 0.909090909090909 0.936170212765957 0.978723404255319 0.87 0.833333333333333 0.903846153846154 0.937099358974359 8 2 54 3 165.587
0.925 0.909090909090909 0.936170212765957 0.978723404255319 0.88 0.854166666666667 0.903846153846154 0.937099358974359 10 2 54 3 165.587
0.875 0.787878787878788 0.936170212765957 0.918117343649259 0.84 0.75 0.923076923076923 0.877804487179487 1 3 54 3 165.587
0.95 0.939393939393939 0.957446808510638 0.984526112185687 0.84 0.770833333333333 0.903846153846154 0.911458333333333 2 3 54 3 165.587
