0.89 0.865979381443299 0.912621359223301 0.937443699329397 0.75 0.725490196078431 0.775510204081633 0.84233693477391 NA 1 69 1 371.727
0.92 0.907216494845361 0.932038834951456 0.975778200380342 0.86 0.862745098039216 0.857142857142857 0.918767507002801 5 2 69 1 371.727
0.925 0.907216494845361 0.941747572815534 0.979281353217896 0.87 0.882352941176471 0.857142857142857 0.917166866746699 8 2 69 1 371.727
0.93 0.917525773195876 0.941747572815534 0.983885496947253 0.84 0.843137254901961 0.836734693877551 0.902761104441777 10 2 69 1 371.727
0.89 0.876288659793814 0.902912621359223 0.935942348113302 0.75 0.725490196078431 0.775510204081633 0.836734693877551 1 3 69 1 371.727
0.92 0.88659793814433 0.951456310679612 0.976178560704634 0.8 0.745098039215686 0.857142857142857 0.893157262905162 2 3 69 1 371.727
0.88 0.865979381443299 0.893203883495146 0.940046041437294 0.74 0.705882352941177 0.775510204081633 0.837535014005602 NA 1 69 2 425.862
0.92 0.907216494845361 0.932038834951456 0.975578020218196 0.85 0.843137254901961 0.857142857142857 0.91796718687475 5 2 69 2 425.862
0.92 0.907216494845361 0.932038834951456 0.978880992893604 0.87 0.862745098039216 0.877551020408163 0.914765906362545 8 2 69 2 425.862
0.935 0.927835051546392 0.941747572815534 0.983284956460815 0.83 0.823529411764706 0.836734693877551 0.905562224889956 10 2 69 2 425.862
0.88 0.865979381443299 0.893203883495146 0.938344510059053 0.75 0.725490196078431 0.775510204081633 0.837935174069628 1 3 69 2 425.862
0.935 0.896907216494845 0.970873786407767 0.975678110299269 0.81 0.745098039215686 0.877551020408163 0.895558223289316 2 3 69 2 425.862
0.87 0.845360824742268 0.893203883495146 0.937844059653688 0.73 0.705882352941177 0.755102040816326 0.837134853941577 NA 1 69 3 610.27
0.92 0.907216494845361 0.932038834951456 0.975578020218196 0.86 0.862745098039216 0.857142857142857 0.92156862745098 5 2 69 3 610.27
0.92 0.907216494845361 0.932038834951456 0.980482434190772 0.86 0.882352941176471 0.836734693877551 0.918767507002801 8 2 69 3 610.27
0.945 0.948453608247423 0.941747572815534 0.985887298568712 0.84 0.843137254901961 0.836734693877551 0.906762705082033 10 2 69 3 610.27
0.885 0.876288659793814 0.893203883495146 0.937643879491542 0.74 0.725490196078431 0.755102040816326 0.837535014005602 1 3 69 3 610.27
0.93 0.907216494845361 0.951456310679612 0.975578020218196 0.8 0.745098039215686 0.857142857142857 0.891956782713085 2 3 69 3 610.27
