0.9125 0.904761904761905 0.921052631578947 0.975563909774436 0.84 0.78 0.9 0.9268 NA 1 22 1 86.233
1 1 1 1 0.82 0.86 0.78 0.8588 5 2 22 1 86.233
1 1 1 1 0.8 0.82 0.78 0.8284 8 2 22 1 86.233
1 1 1 1 0.84 0.88 0.8 0.8578 10 2 22 1 86.233
0.9 0.904761904761905 0.894736842105263 0.968671679197995 0.85 0.8 0.9 0.9264 1 3 22 1 86.233
0.95 0.952380952380952 0.947368421052632 0.987468671679198 0.89 0.9 0.88 0.9532 2 3 22 1 86.233
0.9125 0.904761904761905 0.921052631578947 0.970551378446115 0.83 0.8 0.86 0.9276 NA 1 22 2 126.814
1 1 1 1 0.84 0.9 0.78 0.856 5 2 22 2 126.814
1 1 1 1 0.8 0.82 0.78 0.8364 8 2 22 2 126.814
1 1 1 1 0.81 0.82 0.8 0.8528 10 2 22 2 126.814
0.9125 0.928571428571429 0.894736842105263 0.964912280701754 0.82 0.82 0.82 0.918 1 3 22 2 126.814
0.95 0.952380952380952 0.947368421052632 0.979949874686717 0.85 0.88 0.82 0.95 2 3 22 2 126.814
0.925 0.904761904761905 0.947368421052632 0.975563909774436 0.83 0.78 0.88 0.9248 NA 1 22 3 174.424
1 1 1 1 0.85 0.88 0.82 0.865 5 2 22 3 174.424
1 1 1 1 0.81 0.84 0.78 0.8218 8 2 22 3 174.424
1 1 1 1 0.84 0.86 0.82 0.8508 10 2 22 3 174.424
0.9375 0.952380952380952 0.921052631578947 0.968045112781955 0.84 0.82 0.86 0.916 1 3 22 3 174.424
0.95 0.952380952380952 0.947368421052632 0.981829573934837 0.85 0.86 0.84 0.9492 2 3 22 3 174.424
