0.858333333333333 0.893939393939394 0.814814814814815 0.942760942760943 0.84 0.851063829787234 0.830188679245283 0.915696507426736 NA 1 49 1 151.238
0.966666666666667 0.96969696969697 0.962962962962963 0.99635241301908 0.95 0.957446808510638 0.943396226415094 0.990766760337214 5 2 49 1 151.238
1 1 1 1 0.9 0.893617021276596 0.905660377358491 0.924327579285427 8 2 49 1 151.238
1 1 1 1 0.9 0.914893617021277 0.886792452830189 0.935367322360498 10 2 49 1 151.238
0.85 0.893939393939394 0.796296296296296 0.936868686868687 0.88 0.872340425531915 0.886792452830189 0.942994781212365 1 3 49 1 151.238
0.958333333333333 0.96969696969697 0.944444444444444 0.989337822671156 0.92 0.914893617021277 0.924528301886792 0.971497390606182 2 3 49 1 151.238
0.85 0.893939393939394 0.796296296296296 0.941077441077441 0.85 0.829787234042553 0.867924528301887 0.912886391007627 NA 1 49 2 178.437
0.95 0.954545454545455 0.944444444444444 0.994668911335578 0.95 0.957446808510638 0.943396226415094 0.987956643918105 5 2 49 2 178.437
1 1 1 1 0.88 0.872340425531915 0.886792452830189 0.879566439181052 8 2 49 2 178.437
1 1 1 1 0.9 0.914893617021277 0.886792452830189 0.905459654757126 10 2 49 2 178.437
0.841666666666667 0.893939393939394 0.777777777777778 0.934904601571268 0.89 0.872340425531915 0.905660377358491 0.940586109995986 1 3 49 2 178.437
0.958333333333333 0.96969696969697 0.944444444444444 0.991301907968575 0.92 0.914893617021277 0.924528301886792 0.974708952228021 2 3 49 2 178.437
0.85 0.893939393939394 0.796296296296296 0.93658810325477 0.84 0.829787234042553 0.849056603773585 0.90646326776395 NA 1 49 3 305.082
0.958333333333333 0.96969696969697 0.944444444444444 0.995510662177329 0.95 0.957446808510638 0.943396226415094 0.987153753512646 5 2 49 3 305.082
1 1 1 1 0.88 0.893617021276596 0.867924528301887 0.886993175431554 8 2 49 3 305.082
1 1 1 1 0.88 0.893617021276596 0.867924528301887 0.876354877559213 10 2 49 3 305.082
0.833333333333333 0.893939393939394 0.759259259259259 0.935746352413019 0.86 0.829787234042553 0.886792452830189 0.922119630670413 1 3 49 3 305.082
0.958333333333333 0.96969696969697 0.944444444444444 0.991021324354658 0.92 0.914893617021277 0.924528301886792 0.973906061822561 2 3 49 3 305.082
