1 1 1 1 0.88 0.714285714285714 1 0.919129720853859 NA 1 9 1 23.927
1 1 1 1 0.88 0.714285714285714 1 0.912151067323481 5 2 9 1 23.927
1 1 1 1 0.88 0.714285714285714 1 0.910714285714286 8 2 9 1 23.927
1 1 1 1 0.88 0.714285714285714 1 0.909893267651888 10 2 9 1 23.927
1 1 1 1 0.87 0.69047619047619 1 0.933908045977011 1 3 9 1 23.927
1 1 1 1 0.84 0.619047619047619 1 0.892036124794745 2 3 9 1 23.927
1 1 1 1 0.88 0.714285714285714 1 0.931034482758621 NA 1 9 2 37.901
1 1 1 1 0.88 0.714285714285714 1 0.922824302134647 5 2 9 2 37.901
1 1 1 1 0.88 0.714285714285714 1 0.922824302134647 8 2 9 2 37.901
1 1 1 1 0.88 0.714285714285714 1 0.922824302134647 10 2 9 2 37.901
1 1 1 1 0.85 0.642857142857143 1 0.933497536945813 1 3 9 2 37.901
1 1 1 1 0.84 0.619047619047619 1 0.905582922824302 2 3 9 2 37.901
1 1 1 1 0.86 0.666666666666667 1 0.879105090311987 NA 1 9 3 47.539
1 1 1 1 0.87 0.69047619047619 1 0.871100164203612 5 2 9 3 47.539
1 1 1 1 0.88 0.714285714285714 1 0.90927750410509 8 2 9 3 47.539
1 1 1 1 0.88 0.714285714285714 1 0.911945812807882 10 2 9 3 47.539
1 1 1 1 0.84 0.619047619047619 1 0.930213464696223 1 3 9 3 47.539
1 1 1 1 0.83 0.595238095238095 1 0.895730706075534 2 3 9 3 47.539
