0.8325 0.824390243902439 0.841025641025641 0.922426516572858 0.85 0.795454545454545 0.892857142857143 0.934659090909091 NA 1 30 1 938.26
0.935 0.931707317073171 0.938461538461538 0.982489055659787 0.91 0.886363636363636 0.928571428571429 0.976866883116883 5 2 30 1 938.26
0.95 0.946341463414634 0.953846153846154 0.985440900562852 0.92 0.886363636363636 0.946428571428571 0.980113636363636 8 2 30 1 938.26
0.95 0.946341463414634 0.953846153846154 0.985666041275797 0.92 0.886363636363636 0.946428571428571 0.980519480519481 10 2 30 1 938.26
0.835 0.848780487804878 0.82051282051282 0.921325828642902 0.86 0.840909090909091 0.875 0.930600649350649 1 3 30 1 938.26
0.935 0.931707317073171 0.938461538461538 0.982714196372733 0.89 0.818181818181818 0.946428571428571 0.966720779220779 2 3 30 1 938.26
0.8325 0.824390243902439 0.841025641025641 0.92302689180738 0.87 0.840909090909091 0.892857142857143 0.935470779220779 NA 1 30 2 872.674
0.9325 0.931707317073171 0.933333333333333 0.9823889931207 0.91 0.886363636363636 0.928571428571429 0.976055194805195 5 2 30 2 872.674
0.945 0.946341463414634 0.943589743589744 0.985290806754221 0.92 0.886363636363636 0.946428571428571 0.979707792207792 8 2 30 2 872.674
0.95 0.946341463414634 0.953846153846154 0.985590994371482 0.92 0.886363636363636 0.946428571428571 0.980113636363636 10 2 30 2 872.674
0.83 0.839024390243902 0.82051282051282 0.922726704190119 0.86 0.840909090909091 0.875 0.933441558441558 1 3 30 2 872.674
0.935 0.936585365853659 0.933333333333333 0.982414008755472 0.88 0.795454545454545 0.946428571428571 0.967126623376623 2 3 30 2 872.674
0.83 0.819512195121951 0.841025641025641 0.920700437773609 0.87 0.818181818181818 0.910714285714286 0.931818181818182 NA 1 30 3 1657.024
0.935 0.931707317073171 0.938461538461538 0.982539086929331 0.92 0.886363636363636 0.946428571428571 0.977272727272727 5 2 30 3 1657.024
0.9425 0.946341463414634 0.938461538461538 0.984815509693558 0.92 0.886363636363636 0.946428571428571 0.976866883116883 8 2 30 3 1657.024
0.9475 0.946341463414634 0.948717948717949 0.984715447154472 0.92 0.886363636363636 0.946428571428571 0.976866883116883 10 2 30 3 1657.024
0.8325 0.839024390243902 0.825641025641026 0.920625390869293 0.85 0.818181818181818 0.875 0.932224025974026 1 3 30 3 1657.024
0.935 0.936585365853659 0.933333333333333 0.982939337085678 0.87 0.795454545454545 0.928571428571429 0.962662337662338 2 3 30 3 1657.024
