0.9 0.947368421052632 0.857142857142857 0.922305764411028 0.79 0.690909090909091 0.911111111111111 0.883636363636364 NA 1 47 1 56.693
1 1 1 1 0.8 0.745454545454545 0.866666666666667 0.828686868686869 5 2 47 1 56.693
1 1 1 1 0.87 0.854545454545454 0.888888888888889 0.895151515151515 8 2 47 1 56.693
0.95 1 0.904761904761905 0.929824561403509 0.82 0.836363636363636 0.8 0.842626262626263 10 2 47 1 56.693
0.875 0.894736842105263 0.857142857142857 0.914786967418546 0.8 0.727272727272727 0.888888888888889 0.866666666666667 1 3 47 1 56.693
0.925 0.842105263157895 1 0.987468671679198 0.77 0.690909090909091 0.866666666666667 0.873131313131313 2 3 47 1 56.693
0.925 0.947368421052632 0.904761904761905 0.922305764411028 0.79 0.690909090909091 0.911111111111111 0.88 NA 1 47 2 55.543
1 1 1 1 0.81 0.745454545454545 0.888888888888889 0.847676767676768 5 2 47 2 55.543
0.975 1 0.952380952380952 0.957393483709273 0.86 0.763636363636364 0.977777777777778 0.894545454545455 8 2 47 2 55.543
1 1 1 1 0.87 0.854545454545454 0.888888888888889 0.868282828282828 10 2 47 2 55.543
0.875 0.894736842105263 0.857142857142857 0.917293233082707 0.78 0.709090909090909 0.866666666666667 0.853737373737374 1 3 47 2 55.543
0.925 0.842105263157895 1 0.987468671679198 0.75 0.654545454545455 0.866666666666667 0.86989898989899 2 3 47 2 55.543
0.9 0.947368421052632 0.857142857142857 0.919799498746867 0.79 0.690909090909091 0.911111111111111 0.888080808080808 NA 1 47 3 86.718
1 1 1 1 0.84 0.745454545454545 0.955555555555556 0.857575757575758 5 2 47 3 86.718
1 1 1 1 0.83 0.727272727272727 0.955555555555556 0.889090909090909 8 2 47 3 86.718
1 1 1 1 0.83 0.745454545454545 0.933333333333333 0.850707070707071 10 2 47 3 86.718
0.85 0.842105263157895 0.857142857142857 0.917293233082707 0.79 0.727272727272727 0.866666666666667 0.854141414141414 1 3 47 3 86.718
0.95 0.894736842105263 1 0.989974937343358 0.77 0.709090909090909 0.844444444444444 0.870707070707071 2 3 47 3 86.718
