0.875 0.846153846153846 0.894736842105263 0.947368421052632 0.79 0.711538461538462 0.875 0.878205128205128 NA 1 20 1 34.746
1 1 1 1 0.81 0.769230769230769 0.854166666666667 0.810296474358974 5 2 20 1 34.746
1 1 1 1 0.82 0.730769230769231 0.916666666666667 0.830929487179487 8 2 20 1 34.746
1 1 1 1 0.64 0.692307692307692 0.583333333333333 0.697315705128205 10 2 20 1 34.746
0.875 0.769230769230769 0.947368421052632 0.959514170040486 0.78 0.653846153846154 0.916666666666667 0.87099358974359 1 3 20 1 34.746
0.9375 0.923076923076923 0.947368421052632 0.97165991902834 0.77 0.634615384615385 0.916666666666667 0.885016025641026 2 3 20 1 34.746
0.875 0.846153846153846 0.894736842105263 0.94331983805668 0.79 0.711538461538462 0.875 0.887019230769231 NA 1 20 2 46.459
1 1 1 1 0.81 0.75 0.875 0.818108974358974 5 2 20 2 46.459
1 1 1 1 0.81 0.769230769230769 0.854166666666667 0.818108974358974 8 2 20 2 46.459
1 1 1 1 0.79 0.730769230769231 0.854166666666667 0.815304487179487 10 2 20 2 46.459
0.84375 0.692307692307692 0.947368421052632 0.935222672064777 0.77 0.615384615384615 0.9375 0.87099358974359 1 3 20 2 46.459
0.9375 0.923076923076923 0.947368421052632 0.967611336032389 0.76 0.596153846153846 0.9375 0.884214743589744 2 3 20 2 46.459
0.875 0.846153846153846 0.894736842105263 0.939271255060729 0.8 0.730769230769231 0.875 0.900641025641026 NA 1 20 3 65.07
0.96875 1 0.947368421052632 1 0.59 0.557692307692308 0.625 0.598557692307692 5 2 20 3 65.07
1 1 1 1 0.66 0.653846153846154 0.666666666666667 0.66386217948718 8 2 20 3 65.07
1 1 1 1 0.83 0.769230769230769 0.895833333333333 0.860176282051282 10 2 20 3 65.07
0.78125 0.538461538461538 0.947368421052632 0.931174089068826 0.73 0.519230769230769 0.958333333333333 0.875801282051282 1 3 20 3 65.07
0.90625 0.846153846153846 0.947368421052632 0.97165991902834 0.79 0.653846153846154 0.9375 0.888221153846154 2 3 20 3 65.07
