0.9125 0.888888888888889 0.931818181818182 0.970959595959596 0.89 0.878048780487805 0.898305084745763 0.945431996692848 NA 1 56 1 107.481
1 1 1 1 0.81 0.878048780487805 0.76271186440678 0.822447292269533 5 2 56 1 107.481
1 1 1 1 0.85 0.829268292682927 0.864406779661017 0.882802811078958 8 2 56 1 107.481
1 1 1 1 0.8 0.853658536585366 0.76271186440678 0.861719718892104 10 2 56 1 107.481
0.925 0.888888888888889 0.954545454545455 0.966540404040404 0.89 0.853658536585366 0.915254237288136 0.941298057048367 1 3 56 1 107.481
0.925 0.861111111111111 0.977272727272727 0.974747474747475 0.88 0.804878048780488 0.932203389830508 0.960314179412981 2 3 56 1 107.481
0.9 0.888888888888889 0.909090909090909 0.96969696969697 0.89 0.878048780487805 0.898305084745763 0.944605208763952 NA 1 56 2 126.645
1 1 1 1 0.8 0.902439024390244 0.728813559322034 0.825961140967342 5 2 56 2 126.645
1 1 1 1 0.83 0.853658536585366 0.813559322033898 0.882802811078958 8 2 56 2 126.645
1 1 1 1 0.83 0.853658536585366 0.813559322033898 0.873294749896651 10 2 56 2 126.645
0.9125 0.888888888888889 0.931818181818182 0.969065656565657 0.89 0.853658536585366 0.915254237288136 0.938817693261678 1 3 56 2 126.645
0.925 0.861111111111111 0.977272727272727 0.976010101010101 0.87 0.804878048780488 0.915254237288136 0.954526663910707 2 3 56 2 126.645
0.9 0.888888888888889 0.909090909090909 0.965909090909091 0.88 0.878048780487805 0.88135593220339 0.949152542372881 NA 1 56 3 199.677
1 1 1 1 0.77 0.853658536585366 0.711864406779661 0.791442744935924 5 2 56 3 199.677
1 1 1 1 0.8 0.780487804878049 0.813559322033898 0.847457627118644 8 2 56 3 199.677
1 1 1 1 0.83 0.902439024390244 0.779661016949153 0.87474162877222 10 2 56 3 199.677
0.9125 0.888888888888889 0.931818181818182 0.965277777777778 0.88 0.853658536585366 0.898305084745763 0.944191814799504 1 3 56 3 199.677
0.925 0.861111111111111 0.977272727272727 0.975378787878788 0.87 0.804878048780488 0.915254237288136 0.950806118230674 2 3 56 3 199.677
