0.8725 0.891509433962264 0.851063829787234 0.942543155359293 0.85 0.853658536585366 0.847457627118644 0.952873088052914 NA 1 87 1 817.201
0.945 0.952830188679245 0.936170212765957 0.985046166198314 0.96 0.951219512195122 0.966101694915254 0.985944605208764 5 2 87 1 817.201
0.945 0.952830188679245 0.936170212765957 0.985999598554797 0.96 0.951219512195122 0.966101694915254 0.981810665564283 8 2 87 1 817.201
0.94 0.94811320754717 0.930851063829787 0.986350863107186 0.96 0.951219512195122 0.966101694915254 0.981397271599835 10 2 87 1 817.201
0.8725 0.89622641509434 0.845744680851064 0.942693697310317 0.85 0.902439024390244 0.813559322033898 0.956180239768499 1 3 87 1 817.201
0.94 0.957547169811321 0.920212765957447 0.985447611401044 0.94 0.951219512195122 0.932203389830508 0.975609756097561 2 3 87 1 817.201
0.8775 0.900943396226415 0.851063829787234 0.940561019670815 0.87 0.902439024390244 0.847457627118644 0.952046300124018 NA 1 87 2 948.583
0.945 0.952830188679245 0.936170212765957 0.984168004817342 0.95 0.926829268292683 0.966101694915254 0.988011575031005 5 2 87 2 948.583
0.945 0.952830188679245 0.936170212765957 0.985472701726214 0.96 0.951219512195122 0.966101694915254 0.983464241422075 8 2 87 2 948.583
0.9475 0.957547169811321 0.936170212765957 0.985598153352067 0.96 0.951219512195122 0.966101694915254 0.982224059528731 10 2 87 2 948.583
0.88 0.910377358490566 0.845744680851064 0.940937374548374 0.85 0.902439024390244 0.813559322033898 0.95163290615957 1 3 87 2 948.583
0.9475 0.957547169811321 0.936170212765957 0.984243275792854 0.94 0.951219512195122 0.932203389830508 0.97809011988425 2 3 87 2 948.583
0.875 0.89622641509434 0.851063829787234 0.941062826174227 0.86 0.902439024390244 0.830508474576271 0.952046300124018 NA 1 87 3 1385.432
0.945 0.952830188679245 0.936170212765957 0.983641107988759 0.96 0.951219512195122 0.966101694915254 0.988011575031005 5 2 87 3 1385.432
0.9475 0.957547169811321 0.936170212765957 0.984845443596949 0.96 0.951219512195122 0.966101694915254 0.985117817279868 8 2 87 3 1385.432
0.9425 0.952830188679245 0.930851063829787 0.984970895222802 0.96 0.951219512195122 0.966101694915254 0.984291029350971 10 2 87 3 1385.432
0.87 0.900943396226415 0.835106382978723 0.940711561621839 0.86 0.902439024390244 0.830508474576271 0.954526663910707 1 3 87 3 1385.432
0.945 0.962264150943396 0.925531914893617 0.984569450020072 0.93 0.926829268292683 0.932203389830508 0.977263331955353 2 3 87 3 1385.432
