0.85 0.833333333333333 0.866666666666667 0.951111111111111 0.83 0.830188679245283 0.829787234042553 0.885186672019269 NA 1 91 1 169.864
0.95 0.95 0.95 0.983333333333333 0.89 0.905660377358491 0.872340425531915 0.938177438779607 5 2 91 1 169.864
0.95 0.95 0.95 0.982777777777778 0.89 0.905660377358491 0.872340425531915 0.938177438779607 8 2 91 1 169.864
0.941666666666667 0.95 0.933333333333333 0.983055555555556 0.89 0.905660377358491 0.872340425531915 0.938980329185066 10 2 91 1 169.864
0.875 0.883333333333333 0.866666666666667 0.953611111111111 0.79 0.773584905660377 0.808510638297872 0.871136089923725 1 3 91 1 169.864
0.916666666666667 0.916666666666667 0.916666666666667 0.9825 0.83 0.830188679245283 0.829787234042553 0.921316740264954 2 3 91 1 169.864
0.85 0.833333333333333 0.866666666666667 0.951388888888889 0.83 0.830188679245283 0.829787234042553 0.88438378161381 NA 1 91 2 163.037
0.95 0.95 0.95 0.983055555555556 0.88 0.905660377358491 0.851063829787234 0.936170212765957 5 2 91 2 163.037
0.941666666666667 0.95 0.933333333333333 0.982777777777778 0.89 0.905660377358491 0.872340425531915 0.936973103171417 8 2 91 2 163.037
0.941666666666667 0.95 0.933333333333333 0.982777777777778 0.88 0.905660377358491 0.851063829787234 0.936973103171417 10 2 91 2 163.037
0.858333333333333 0.883333333333333 0.833333333333333 0.953888888888889 0.81 0.792452830188679 0.829787234042553 0.869530309112806 1 3 91 2 163.037
0.916666666666667 0.916666666666667 0.916666666666667 0.982777777777778 0.82 0.811320754716981 0.829787234042553 0.919710959454035 2 3 91 2 163.037
0.85 0.833333333333333 0.866666666666667 0.951111111111111 0.82 0.811320754716981 0.829787234042553 0.882376555600161 NA 1 91 3 288.409
0.95 0.95 0.95 0.982222222222222 0.89 0.905660377358491 0.872340425531915 0.938177438779607 5 2 91 3 288.409
0.95 0.95 0.95 0.982222222222222 0.89 0.905660377358491 0.872340425531915 0.936170212765957 8 2 91 3 288.409
0.95 0.95 0.95 0.982777777777778 0.88 0.886792452830189 0.872340425531915 0.936170212765957 10 2 91 3 288.409
0.875 0.866666666666667 0.883333333333333 0.951388888888889 0.8 0.754716981132076 0.851063829787234 0.863107185869129 1 3 91 3 288.409
0.933333333333333 0.95 0.916666666666667 0.978055555555556 0.83 0.830188679245283 0.829787234042553 0.926535527900442 2 3 91 3 288.409
