1 1 1 1 0.85 0.755102040816326 0.941176470588235 0.884553821528611 NA 1 64 1 37.621
1 1 1 1 0.86 0.775510204081633 0.941176470588235 0.864745898359344 5 2 64 1 37.621
1 1 1 1 0.86 0.775510204081633 0.941176470588235 0.863145258103241 8 2 64 1 37.621
1 1 1 1 0.86 0.775510204081633 0.941176470588235 0.863945578231293 10 2 64 1 37.621
1 1 1 1 0.83 0.795918367346939 0.862745098039216 0.896358543417367 1 3 64 1 37.621
0.96875 0.923076923076923 1 1 0.77 0.693877551020408 0.843137254901961 0.886754701880752 2 3 64 1 37.621
1 1 1 1 0.86 0.775510204081633 0.941176470588235 0.873349339735894 NA 1 64 2 51.517
1 1 1 1 0.86 0.775510204081633 0.941176470588235 0.865946378551421 5 2 64 2 51.517
1 1 1 1 0.86 0.775510204081633 0.941176470588235 0.865946378551421 8 2 64 2 51.517
1 1 1 1 0.86 0.775510204081633 0.941176470588235 0.865946378551421 10 2 64 2 51.517
1 1 1 1 0.84 0.795918367346939 0.882352941176471 0.902761104441777 1 3 64 2 51.517
0.96875 0.923076923076923 1 1 0.76 0.673469387755102 0.843137254901961 0.889955982392957 2 3 64 2 51.517
1 1 1 1 0.83 0.755102040816326 0.901960784313726 0.881352541016406 NA 1 64 3 65.17
1 1 1 1 0.85 0.795918367346939 0.901960784313726 0.867547018807523 5 2 64 3 65.17
1 1 1 1 0.84 0.775510204081633 0.901960784313726 0.867547018807523 8 2 64 3 65.17
1 1 1 1 0.84 0.775510204081633 0.901960784313726 0.867547018807523 10 2 64 3 65.17
1 1 1 1 0.83 0.795918367346939 0.862745098039216 0.89155662264906 1 3 64 3 65.17
0.96875 0.923076923076923 1 1 0.77 0.693877551020408 0.843137254901961 0.893957583033213 2 3 64 3 65.17
