0.885 0.887755102040816 0.882352941176471 0.959183673469388 0.89 0.884615384615385 0.895833333333333 0.941907051282051 NA 1 94 1 272.463
0.96 0.979591836734694 0.941176470588235 0.993197278911565 0.93 0.884615384615385 0.979166666666667 0.966746794871795 5 2 94 1 272.463
0.965 0.979591836734694 0.950980392156863 0.997298919567827 0.92 0.865384615384615 0.979166666666667 0.962740384615385 8 2 94 1 272.463
0.97 0.969387755102041 0.970588235294118 0.997799119647859 0.92 0.865384615384615 0.979166666666667 0.965144230769231 10 2 94 1 272.463
0.885 0.877551020408163 0.892156862745098 0.958783513405362 0.91 0.884615384615385 0.9375 0.944711538461538 1 3 94 1 272.463
0.945 0.979591836734694 0.911764705882353 0.986594637855142 0.88 0.826923076923077 0.9375 0.944310897435897 2 3 94 1 272.463
0.885 0.887755102040816 0.882352941176471 0.959883953581433 0.89 0.884615384615385 0.895833333333333 0.943910256410256 NA 1 94 2 253.351
0.96 0.979591836734694 0.941176470588235 0.993397358943577 0.94 0.903846153846154 0.979166666666667 0.966346153846154 5 2 94 2 253.351
0.96 0.969387755102041 0.950980392156863 0.995498199279712 0.92 0.865384615384615 0.979166666666667 0.967548076923077 8 2 94 2 253.351
0.965 0.969387755102041 0.96078431372549 0.997699079631853 0.92 0.865384615384615 0.979166666666667 0.96474358974359 10 2 94 2 253.351
0.88 0.877551020408163 0.882352941176471 0.959183673469388 0.9 0.884615384615385 0.916666666666667 0.944711538461538 1 3 94 2 253.351
0.945 0.979591836734694 0.911764705882353 0.98719487795118 0.88 0.826923076923077 0.9375 0.943910256410256 2 3 94 2 253.351
0.89 0.897959183673469 0.882352941176471 0.958683473389356 0.9 0.903846153846154 0.895833333333333 0.9375 NA 1 94 3 477.883
0.96 0.979591836734694 0.941176470588235 0.993797519007603 0.93 0.884615384615385 0.979166666666667 0.969150641025641 5 2 94 3 477.883
0.975 0.979591836734694 0.970588235294118 0.99749899959984 0.92 0.865384615384615 0.979166666666667 0.96474358974359 8 2 94 3 477.883
0.97 0.969387755102041 0.970588235294118 0.998199279711885 0.92 0.865384615384615 0.979166666666667 0.965544871794872 10 2 94 3 477.883
0.885 0.887755102040816 0.882352941176471 0.956782713085234 0.9 0.884615384615385 0.916666666666667 0.939102564102564 1 3 94 3 477.883
0.945 0.969387755102041 0.92156862745098 0.987695078031212 0.87 0.826923076923077 0.916666666666667 0.944310897435897 2 3 94 3 477.883
