1 1 1 1 0.74 0.64 0.84 0.8002 NA 1 39 1 33.758
1 1 1 1 0.74 0.64 0.84 0.799 5 2 39 1 33.758
1 1 1 1 0.75 0.64 0.86 0.792 8 2 39 1 33.758
1 1 1 1 0.75 0.64 0.86 0.7924 10 2 39 1 33.758
0.96875 1 0.954545454545455 1 0.77 0.7 0.84 0.8816 1 3 39 1 33.758
0.9375 0.8 1 1 0.79 0.62 0.96 0.8916 2 3 39 1 33.758
1 1 1 1 0.74 0.64 0.84 0.7998 NA 1 39 2 38.509
1 1 1 1 0.74 0.64 0.84 0.7928 5 2 39 2 38.509
1 1 1 1 0.74 0.64 0.84 0.7928 8 2 39 2 38.509
1 1 1 1 0.75 0.64 0.86 0.7928 10 2 39 2 38.509
0.9375 1 0.909090909090909 1 0.76 0.7 0.82 0.88 1 3 39 2 38.509
0.96875 0.9 1 0.995454545454545 0.78 0.64 0.92 0.8888 2 3 39 2 38.509
1 1 1 1 0.74 0.66 0.82 0.7876 NA 1 39 3 55.666
1 1 1 1 0.75 0.68 0.82 0.7932 5 2 39 3 55.666
1 1 1 1 0.75 0.68 0.82 0.792 8 2 39 3 55.666
1 1 1 1 0.74 0.66 0.82 0.7932 10 2 39 3 55.666
0.96875 1 0.954545454545455 1 0.77 0.7 0.84 0.882 1 3 39 3 55.666
0.9375 0.8 1 1 0.79 0.64 0.94 0.8936 2 3 39 3 55.666
