0.8625 0.850515463917526 0.87378640776699 0.937994194775298 0.9 0.869565217391304 0.925925925925926 0.95450885668277 NA 1 45 1 829.821
0.9375 0.93298969072165 0.941747572815534 0.981308177359624 0.94 0.891304347826087 0.981481481481482 0.985909822866345 5 2 45 1 829.821
0.945 0.93298969072165 0.956310679611651 0.982008807927134 0.92 0.891304347826087 0.944444444444444 0.987117552334944 8 2 45 1 829.821
0.9425 0.93298969072165 0.951456310679612 0.982334100690622 0.92 0.891304347826087 0.944444444444444 0.987117552334944 10 2 45 1 829.821
0.875 0.860824742268041 0.888349514563107 0.937143429086178 0.9 0.869565217391304 0.925925925925926 0.953301127214171 1 3 45 1 829.821
0.9225 0.902061855670103 0.941747572815534 0.979781803623261 0.91 0.91304347826087 0.907407407407407 0.973832528180354 2 3 45 1 829.821
0.8675 0.860824742268041 0.87378640776699 0.937919127214493 0.89 0.847826086956522 0.925925925925926 0.954106280193237 NA 1 45 2 715.356
0.9375 0.93298969072165 0.941747572815534 0.981283154839355 0.94 0.891304347826087 0.981481481481482 0.986312399355878 5 2 45 2 715.356
0.945 0.93298969072165 0.956310679611651 0.981958762886598 0.92 0.891304347826087 0.944444444444444 0.985507246376812 8 2 45 2 715.356
0.9425 0.93298969072165 0.951456310679612 0.982284055650085 0.93 0.91304347826087 0.944444444444444 0.986714975845411 10 2 45 2 715.356
0.8725 0.855670103092783 0.888349514563107 0.9369682714443 0.89 0.869565217391304 0.907407407407407 0.952898550724638 1 3 45 2 715.356
0.9225 0.902061855670103 0.941747572815534 0.979606645981383 0.9 0.91304347826087 0.888888888888889 0.973027375201288 2 3 45 2 715.356
0.865 0.850515463917526 0.878640776699029 0.936868181363227 0.91 0.891304347826087 0.925925925925926 0.9585346215781 NA 1 45 3 1304.586
0.94 0.93298969072165 0.946601941747573 0.981533380042038 0.94 0.891304347826087 0.981481481481482 0.987520128824477 5 2 45 3 1304.586
0.945 0.938144329896907 0.951456310679612 0.982334100690622 0.93 0.891304347826087 0.962962962962963 0.987520128824477 8 2 45 3 1304.586
0.945 0.938144329896907 0.951456310679612 0.982709438494645 0.93 0.891304347826087 0.962962962962963 0.987117552334944 10 2 45 3 1304.586
0.8725 0.855670103092783 0.888349514563107 0.93639275347813 0.92 0.91304347826087 0.925925925925926 0.958132045088567 1 3 45 3 1304.586
0.9275 0.902061855670103 0.951456310679612 0.980032028825943 0.91 0.91304347826087 0.907407407407407 0.979871175523349 2 3 45 3 1304.586
