0.825 0.9 0.7 0.924666666666667 0.83 0.888888888888889 0.760869565217391 0.915861513687601 NA 1 24 1 67.887
0.9625 0.98 0.933333333333333 0.993333333333333 0.84 0.981481481481482 0.673913043478261 0.925925925925926 5 2 24 1 67.887
1 1 1 1 0.7 0.814814814814815 0.565217391304348 0.732890499194847 8 2 24 1 67.887
0.975 1 0.933333333333333 0.954 0.72 0.814814814814815 0.608695652173913 0.755636070853462 10 2 24 1 67.887
0.85 0.94 0.7 0.932666666666667 0.8 0.87037037037037 0.717391304347826 0.890096618357488 1 3 24 1 67.887
0.9375 0.96 0.9 0.99 0.87 0.944444444444444 0.782608695652174 0.952898550724638 2 3 24 1 67.887
0.8125 0.88 0.7 0.92 0.83 0.888888888888889 0.760869565217391 0.92109500805153 NA 1 24 2 100.015
0.95 0.96 0.933333333333333 0.995333333333333 0.83 0.962962962962963 0.673913043478261 0.88768115942029 5 2 24 2 100.015
0.9625 0.98 0.933333333333333 0.995333333333333 0.82 0.944444444444444 0.673913043478261 0.890499194847021 8 2 24 2 100.015
1 1 1 1 0.72 0.833333333333333 0.58695652173913 0.753019323671498 10 2 24 2 100.015
0.825 0.9 0.7 0.929333333333333 0.8 0.87037037037037 0.717391304347826 0.882447665056361 1 3 24 2 100.015
0.9375 0.96 0.9 0.991333333333333 0.86 0.925925925925926 0.782608695652174 0.950885668276973 2 3 24 2 100.015
0.8 0.86 0.7 0.924 0.84 0.907407407407407 0.760869565217391 0.917874396135266 NA 1 24 3 136.11
0.95 0.96 0.933333333333333 0.994 0.83 0.944444444444444 0.695652173913043 0.916666666666667 5 2 24 3 136.11
1 1 1 1 0.75 0.851851851851852 0.630434782608696 0.768719806763285 8 2 24 3 136.11
1 1 1 1 0.78 0.888888888888889 0.652173913043478 0.780394524959742 10 2 24 3 136.11
0.85 0.94 0.7 0.933333333333333 0.81 0.888888888888889 0.717391304347826 0.895330112721417 1 3 24 3 136.11
0.95 0.96 0.933333333333333 0.989333333333333 0.85 0.925925925925926 0.760869565217391 0.955314009661836 2 3 24 3 136.11
