0.9 0.818181818181818 0.931034482758621 0.984326018808777 0.83 0.704545454545455 0.928571428571429 0.866883116883117 NA 1 35 1 53.341
1 1 1 1 0.77 0.613636363636364 0.892857142857143 0.813717532467532 5 2 35 1 53.341
1 1 1 1 0.83 0.681818181818182 0.946428571428571 0.845779220779221 8 2 35 1 53.341
1 1 1 1 0.81 0.681818181818182 0.910714285714286 0.846590909090909 10 2 35 1 53.341
0.875 0.727272727272727 0.931034482758621 0.974921630094044 0.82 0.659090909090909 0.946428571428571 0.879058441558442 1 3 35 1 53.341
0.975 1 0.96551724137931 1 0.82 0.818181818181818 0.821428571428571 0.892045454545454 2 3 35 1 53.341
0.9 0.818181818181818 0.931034482758621 0.981191222570533 0.83 0.704545454545455 0.928571428571429 0.871347402597403 NA 1 35 2 63.857
1 1 1 1 0.79 0.636363636363636 0.910714285714286 0.836038961038961 5 2 35 2 63.857
1 1 1 1 0.81 0.681818181818182 0.910714285714286 0.856128246753247 8 2 35 2 63.857
1 1 1 1 0.82 0.681818181818182 0.928571428571429 0.835633116883117 10 2 35 2 63.857
0.875 0.727272727272727 0.931034482758621 0.978056426332288 0.83 0.659090909090909 0.964285714285714 0.87987012987013 1 3 35 2 63.857
0.975 1 0.96551724137931 1 0.82 0.818181818181818 0.821428571428571 0.892857142857143 2 3 35 2 63.857
0.9 0.818181818181818 0.931034482758621 0.984326018808777 0.82 0.681818181818182 0.928571428571429 0.853084415584416 NA 1 35 3 93.885
1 1 1 1 0.81 0.681818181818182 0.910714285714286 0.855925324675325 5 2 35 3 93.885
1 1 1 1 0.79 0.704545454545455 0.857142857142857 0.82224025974026 8 2 35 3 93.885
1 1 1 1 0.82 0.681818181818182 0.928571428571429 0.846793831168831 10 2 35 3 93.885
0.925 0.818181818181818 0.96551724137931 0.974921630094044 0.81 0.659090909090909 0.928571428571429 0.882305194805195 1 3 35 3 93.885
0.975 1 0.96551724137931 1 0.81 0.818181818181818 0.803571428571429 0.890016233766234 2 3 35 3 93.885
