0.92 0.903614457831325 0.931623931623932 0.964061373699928 0.83 0.75 0.903846153846154 0.896233974358974 NA 1 10 1 229.389
0.935 0.939759036144578 0.931623931623932 0.988260735248687 0.91 0.875 0.942307692307692 0.977964743589744 5 2 10 1 229.389
0.935 0.939759036144578 0.931623931623932 0.98887859128823 0.9 0.875 0.923076923076923 0.97676282051282 8 2 10 1 229.389
0.94 0.951807228915663 0.931623931623932 0.990732159406858 0.91 0.875 0.942307692307692 0.97676282051282 10 2 10 1 229.389
0.89 0.867469879518072 0.905982905982906 0.960766141489033 0.85 0.770833333333333 0.923076923076923 0.901041666666667 1 3 10 1 229.389
0.95 0.951807228915663 0.948717948717949 0.988363711255278 0.87 0.8125 0.923076923076923 0.958333333333333 2 3 10 1 229.389
0.905 0.891566265060241 0.914529914529915 0.962619709607661 0.85 0.791666666666667 0.903846153846154 0.897435897435897 NA 1 10 2 272.716
0.935 0.951807228915663 0.923076923076923 0.987642879209144 0.92 0.895833333333333 0.942307692307692 0.981169871794872 5 2 10 2 272.716
0.945 0.951807228915663 0.94017094017094 0.990732159406858 0.91 0.895833333333333 0.923076923076923 0.975961538461538 8 2 10 2 272.716
0.945 0.951807228915663 0.94017094017094 0.990835135413449 0.92 0.895833333333333 0.942307692307692 0.975560897435897 10 2 10 2 272.716
0.89 0.867469879518072 0.905982905982906 0.960663165482443 0.84 0.770833333333333 0.903846153846154 0.900641025641026 1 3 10 2 272.716
0.95 0.951807228915663 0.948717948717949 0.988157759242097 0.87 0.8125 0.923076923076923 0.955528846153846 2 3 10 2 272.716
0.915 0.891566265060241 0.931623931623932 0.963340541653795 0.83 0.75 0.903846153846154 0.892227564102564 NA 1 10 3 425.911
0.935 0.951807228915663 0.923076923076923 0.98887859128823 0.92 0.895833333333333 0.942307692307692 0.979967948717949 5 2 10 3 425.911
0.935 0.951807228915663 0.923076923076923 0.989908351354134 0.9 0.875 0.923076923076923 0.974759615384615 8 2 10 3 425.911
0.94 0.951807228915663 0.931623931623932 0.991247039439811 0.91 0.895833333333333 0.923076923076923 0.97275641025641 10 2 10 3 425.911
0.9 0.891566265060241 0.905982905982906 0.963855421686747 0.85 0.791666666666667 0.903846153846154 0.899439102564103 1 3 10 3 425.911
0.945 0.951807228915663 0.94017094017094 0.987848831222325 0.86 0.791666666666667 0.923076923076923 0.954326923076923 2 3 10 3 425.911
