0.883333333333333 0.87037037037037 0.893939393939394 0.95959595959596 0.82 0.843137254901961 0.795918367346939 0.909563825530212 NA 1 32 1 291.814
0.966666666666667 0.981481481481482 0.954545454545455 0.99354657687991 0.89 0.92156862745098 0.857142857142857 0.939975990396158 5 2 32 1 291.814
0.958333333333333 0.962962962962963 0.954545454545455 0.995791245791246 0.86 0.901960784313726 0.816326530612245 0.919967987194878 8 2 32 1 291.814
1 1 1 1 0.8 0.882352941176471 0.714285714285714 0.83093237294918 10 2 32 1 291.814
0.9 0.888888888888889 0.909090909090909 0.958754208754209 0.84 0.901960784313726 0.775510204081633 0.913965586234494 1 3 32 1 291.814
0.933333333333333 0.925925925925926 0.939393939393939 0.987373737373737 0.84 0.843137254901961 0.836734693877551 0.918767507002801 2 3 32 1 291.814
0.883333333333333 0.87037037037037 0.893939393939394 0.959876543209877 0.82 0.843137254901961 0.795918367346939 0.909563825530212 NA 1 32 2 296.663
0.958333333333333 0.962962962962963 0.954545454545455 0.993265993265993 0.88 0.901960784313726 0.857142857142857 0.934773909563826 5 2 32 2 296.663
0.966666666666667 0.981481481481482 0.954545454545455 0.99719416386083 0.87 0.901960784313726 0.836734693877551 0.920768307322929 8 2 32 2 296.663
1 1 1 1 0.82 0.882352941176471 0.755102040816326 0.849339735894358 10 2 32 2 296.663
0.908333333333333 0.888888888888889 0.924242424242424 0.958754208754209 0.84 0.882352941176471 0.795918367346939 0.914765906362545 1 3 32 2 296.663
0.941666666666667 0.944444444444444 0.939393939393939 0.98625140291807 0.85 0.862745098039216 0.836734693877551 0.919167667066827 2 3 32 2 296.663
0.883333333333333 0.87037037037037 0.893939393939394 0.955387205387205 0.83 0.862745098039216 0.795918367346939 0.905562224889956 NA 1 32 3 505.347
0.95 0.944444444444444 0.954545454545455 0.992704826038159 0.88 0.901960784313726 0.857142857142857 0.943177270908363 5 2 32 3 505.347
0.975 0.981481481481482 0.96969696969697 0.998316498316498 0.84 0.901960784313726 0.775510204081633 0.94437775110044 8 2 32 3 505.347
1 1 1 1 0.84 0.901960784313726 0.775510204081633 0.853141256502601 10 2 32 3 505.347
0.9 0.907407407407407 0.893939393939394 0.955106621773288 0.84 0.901960784313726 0.775510204081633 0.908763505402161 1 3 32 3 505.347
0.933333333333333 0.925925925925926 0.939393939393939 0.98625140291807 0.85 0.862745098039216 0.836734693877551 0.923969587835134 2 3 32 3 505.347
