0.895 0.897959183673469 0.892156862745098 0.97218887555022 0.87 0.872727272727273 0.866666666666667 0.95030303030303 NA 1 87 1 208.011
0.965 0.969387755102041 0.96078431372549 0.997298919567827 0.96 0.945454545454545 0.977777777777778 0.991919191919192 5 2 87 1 208.011
1 1 1 1 0.94 0.927272727272727 0.955555555555556 0.962020202020202 8 2 87 1 208.011
1 1 1 1 0.95 0.909090909090909 1 0.962020202020202 10 2 87 1 208.011
0.905 0.928571428571429 0.882352941176471 0.97078831532613 0.85 0.836363636363636 0.866666666666667 0.947070707070707 1 3 87 1 208.011
0.955 0.969387755102041 0.941176470588235 0.991396558623449 0.91 0.872727272727273 0.955555555555556 0.977777777777778 2 3 87 1 208.011
0.89 0.897959183673469 0.882352941176471 0.97358943577431 0.86 0.854545454545454 0.866666666666667 0.950707070707071 NA 1 87 2 349.642
0.955 0.959183673469388 0.950980392156863 0.997198879551821 0.95 0.927272727272727 0.977777777777778 0.991515151515152 5 2 87 2 349.642
1 1 1 1 0.94 0.927272727272727 0.955555555555556 0.951515151515152 8 2 87 2 349.642
1 1 1 1 0.96 0.945454545454545 0.977777777777778 0.971515151515151 10 2 87 2 349.642
0.91 0.938775510204082 0.882352941176471 0.971488595438175 0.86 0.854545454545454 0.866666666666667 0.945454545454545 1 3 87 2 349.642
0.955 0.969387755102041 0.941176470588235 0.991196478591437 0.91 0.872727272727273 0.955555555555556 0.975757575757576 2 3 87 2 349.642
0.89 0.897959183673469 0.882352941176471 0.96858743497399 0.88 0.854545454545454 0.911111111111111 0.951111111111111 NA 1 87 3 467.164
0.975 0.969387755102041 0.980392156862745 0.997398959583834 0.95 0.927272727272727 0.977777777777778 0.992727272727273 5 2 87 3 467.164
1 1 1 1 0.96 0.927272727272727 1 0.96969696969697 8 2 87 3 467.164
1 1 1 1 0.94 0.909090909090909 0.977777777777778 0.953131313131313 10 2 87 3 467.164
0.89 0.908163265306122 0.872549019607843 0.969187675070028 0.86 0.854545454545454 0.866666666666667 0.947878787878788 1 3 87 3 467.164
0.955 0.969387755102041 0.941176470588235 0.990796318527411 0.9 0.854545454545454 0.955555555555556 0.978989898989899 2 3 87 3 467.164
