0.9 0.885057471264368 0.911504424778761 0.954124707557726 0.78 0.767857142857143 0.795454545454545 0.888798701298701 NA 1 51 1 320.731
0.92 0.919540229885057 0.920353982300885 0.983216356423558 0.86 0.821428571428571 0.909090909090909 0.95211038961039 5 2 51 1 320.731
0.935 0.942528735632184 0.929203539823009 0.98697996134676 0.87 0.839285714285714 0.909090909090909 0.950081168831169 8 2 51 1 320.731
0.935 0.942528735632184 0.929203539823009 0.986776523242803 0.87 0.839285714285714 0.909090909090909 0.948051948051948 10 2 51 1 320.731
0.885 0.896551724137931 0.876106194690266 0.952293764622114 0.81 0.803571428571429 0.818181818181818 0.897321428571429 1 3 51 1 320.731
0.945 0.942528735632184 0.946902654867257 0.984233546943343 0.84 0.803571428571429 0.886363636363636 0.923295454545455 2 3 51 1 320.731
0.905 0.885057471264368 0.920353982300885 0.954735021869596 0.78 0.767857142857143 0.795454545454545 0.890422077922078 NA 1 51 2 283.192
0.92 0.919540229885057 0.920353982300885 0.983318075475537 0.86 0.821428571428571 0.909090909090909 0.953327922077922 5 2 51 2 283.192
0.94 0.942528735632184 0.938053097345133 0.986878242294782 0.87 0.839285714285714 0.909090909090909 0.948863636363636 8 2 51 2 283.192
0.935 0.942528735632184 0.929203539823009 0.986674804190825 0.87 0.839285714285714 0.909090909090909 0.94724025974026 10 2 51 2 283.192
0.89 0.896551724137931 0.884955752212389 0.952192045570135 0.81 0.803571428571429 0.818181818181818 0.898538961038961 1 3 51 2 283.192
0.945 0.942528735632184 0.946902654867257 0.984131827891364 0.84 0.803571428571429 0.886363636363636 0.924918831168831 2 3 51 2 283.192
0.91 0.896551724137931 0.920353982300885 0.952090326518157 0.79 0.785714285714286 0.795454545454545 0.88474025974026 NA 1 51 3 566.519
0.92 0.919540229885057 0.920353982300885 0.983826670735429 0.86 0.821428571428571 0.909090909090909 0.951704545454545 5 2 51 3 566.519
0.935 0.942528735632184 0.929203539823009 0.986878242294782 0.87 0.839285714285714 0.909090909090909 0.948457792207792 8 2 51 3 566.519
0.925 0.931034482758621 0.920353982300885 0.984843861255213 0.86 0.821428571428571 0.909090909090909 0.948051948051948 10 2 51 3 566.519
0.89 0.885057471264368 0.893805309734513 0.94863187875089 0.82 0.785714285714286 0.863636363636364 0.897321428571429 1 3 51 3 566.519
0.93 0.931034482758621 0.929203539823009 0.982911199267623 0.84 0.803571428571429 0.886363636363636 0.919237012987013 2 3 51 3 566.519
