0.875 0.928571428571429 0.8 0.95 0.79 0.791666666666667 0.788461538461538 0.877804487179487 NA 1 27 1 24.599
1 1 1 1 0.82 0.895833333333333 0.75 0.819310897435897 5 2 27 1 24.599
0.958333333333333 0.928571428571429 1 1 0.69 0.625 0.75 0.746394230769231 8 2 27 1 24.599
1 1 1 1 0.76 0.729166666666667 0.788461538461538 0.776041666666667 10 2 27 1 24.599
0.875 1 0.7 0.935714285714286 0.71 0.875 0.557692307692308 0.854967948717949 1 3 27 1 24.599
0.958333333333333 1 0.9 0.992857142857143 0.77 0.875 0.673076923076923 0.880208333333333 2 3 27 1 24.599
0.833333333333333 0.857142857142857 0.8 0.935714285714286 0.82 0.875 0.769230769230769 0.906650641025641 NA 1 27 2 34.55
1 1 1 1 0.57 0.458333333333333 0.673076923076923 0.557692307692308 5 2 27 2 34.55
1 1 1 1 0.61 0.458333333333333 0.75 0.600961538461538 8 2 27 2 34.55
1 1 1 1 0.85 0.833333333333333 0.865384615384615 0.897035256410256 10 2 27 2 34.55
0.708333333333333 1 0.3 0.9 0.54 0.958333333333333 0.153846153846154 0.866586538461538 1 3 27 2 34.55
0.916666666666667 1 0.8 0.985714285714286 0.8 0.875 0.730769230769231 0.902644230769231 2 3 27 2 34.55
0.833333333333333 0.928571428571429 0.7 0.95 0.83 0.875 0.788461538461538 0.904647435897436 NA 1 27 3 45.101
1 1 1 1 0.81 0.729166666666667 0.884615384615385 0.859775641025641 5 2 27 3 45.101
1 1 1 1 0.76 0.708333333333333 0.807692307692308 0.838141025641026 8 2 27 3 45.101
1 1 1 1 0.86 0.833333333333333 0.884615384615385 0.920072115384615 10 2 27 3 45.101
0.708333333333333 1 0.3 0.9 0.52 0.916666666666667 0.153846153846154 0.854166666666667 1 3 27 3 45.101
0.916666666666667 1 0.8 0.985714285714286 0.78 0.895833333333333 0.673076923076923 0.902644230769231 2 3 27 3 45.101
