0.8575 0.85427135678392 0.860696517412935 0.95102377559439 0.76 0.75 0.769230769230769 0.844150641025641 NA 1 57 1 847.369
0.9175 0.919597989949749 0.915422885572139 0.977074426860671 0.81 0.833333333333333 0.788461538461538 0.919471153846154 5 2 57 1 847.369
0.9275 0.924623115577889 0.930348258706468 0.979924498112453 0.81 0.833333333333333 0.788461538461538 0.915865384615385 8 2 57 1 847.369
0.93 0.92964824120603 0.930348258706468 0.97982449561239 0.81 0.833333333333333 0.788461538461538 0.915865384615385 10 2 57 1 847.369
0.8675 0.869346733668342 0.865671641791045 0.950098752468812 0.76 0.770833333333333 0.75 0.844951923076923 1 3 57 1 847.369
0.9325 0.949748743718593 0.915422885572139 0.976149403735093 0.77 0.791666666666667 0.75 0.883814102564103 2 3 57 1 847.369
0.86 0.85427135678392 0.865671641791045 0.951373784344609 0.76 0.75 0.769230769230769 0.84375 NA 1 57 2 712.533
0.915 0.919597989949749 0.91044776119403 0.977149428735718 0.81 0.833333333333333 0.788461538461538 0.919871794871795 5 2 57 2 712.533
0.925 0.924623115577889 0.925373134328358 0.979849496237406 0.81 0.833333333333333 0.788461538461538 0.915064102564103 8 2 57 2 712.533
0.93 0.92964824120603 0.930348258706468 0.97982449561239 0.81 0.833333333333333 0.788461538461538 0.915464743589744 10 2 57 2 712.533
0.8675 0.869346733668342 0.865671641791045 0.95062376559414 0.76 0.75 0.769230769230769 0.847355769230769 1 3 57 2 712.533
0.93 0.944723618090452 0.915422885572139 0.976149403735093 0.78 0.791666666666667 0.769230769230769 0.883814102564103 2 3 57 2 712.533
0.86 0.85427135678392 0.865671641791045 0.950898772469312 0.75 0.75 0.75 0.840144230769231 NA 1 57 3 1348.344
0.93 0.92964824120603 0.930348258706468 0.979749493737343 0.8 0.833333333333333 0.769230769230769 0.917067307692308 5 2 57 3 1348.344
0.9275 0.92964824120603 0.925373134328358 0.979649491237281 0.81 0.833333333333333 0.788461538461538 0.918269230769231 8 2 57 3 1348.344
0.93 0.92964824120603 0.930348258706468 0.979674491862297 0.81 0.833333333333333 0.788461538461538 0.916666666666667 10 2 57 3 1348.344
0.87 0.869346733668342 0.870646766169154 0.95062376559414 0.74 0.729166666666667 0.75 0.840544871794872 1 3 57 3 1348.344
0.9325 0.949748743718593 0.915422885572139 0.975974399359984 0.77 0.791666666666667 0.75 0.882612179487179 2 3 57 3 1348.344
