0.925 0.936170212765957 0.909090909090909 0.985815602836879 0.84 0.857142857142857 0.818181818181818 0.935876623376623 NA 1 47 1 175.406
1 1 1 1 0.87 0.875 0.863636363636364 0.866680194805195 5 2 47 1 175.406
1 1 1 1 0.85 0.875 0.818181818181818 0.863636363636364 8 2 47 1 175.406
1 1 1 1 0.83 0.839285714285714 0.818181818181818 0.87012987012987 10 2 47 1 175.406
0.9125 0.978723404255319 0.818181818181818 0.985170857511283 0.82 0.892857142857143 0.727272727272727 0.935470779220779 1 3 47 1 175.406
0.975 1 0.939393939393939 0.995486782720825 0.81 0.892857142857143 0.704545454545455 0.912743506493506 2 3 47 1 175.406
0.925 0.936170212765957 0.909090909090909 0.985170857511283 0.84 0.857142857142857 0.818181818181818 0.935064935064935 NA 1 47 2 202.464
1 1 1 1 0.82 0.928571428571429 0.681818181818182 0.806006493506494 5 2 47 2 202.464
1 1 1 1 0.85 0.875 0.818181818181818 0.884334415584416 8 2 47 2 202.464
1 1 1 1 0.85 0.875 0.818181818181818 0.872159090909091 10 2 47 2 202.464
0.925 0.978723404255319 0.848484848484849 0.984526112185687 0.82 0.892857142857143 0.727272727272727 0.935064935064935 1 3 47 2 202.464
0.975 1 0.939393939393939 0.995486782720825 0.81 0.892857142857143 0.704545454545455 0.914772727272727 2 3 47 2 202.464
0.925 0.936170212765957 0.909090909090909 0.985170857511283 0.83 0.857142857142857 0.795454545454545 0.932224025974026 NA 1 47 3 326.606
1 1 1 1 0.83 0.821428571428571 0.840909090909091 0.854099025974026 5 2 47 3 326.606
1 1 1 1 0.85 0.875 0.818181818181818 0.862621753246753 8 2 47 3 326.606
1 1 1 1 0.84 0.857142857142857 0.818181818181818 0.858969155844156 10 2 47 3 326.606
0.9125 0.957446808510638 0.848484848484849 0.985815602836879 0.81 0.875 0.727272727272727 0.934659090909091 1 3 47 3 326.606
0.975 1 0.939393939393939 0.998065764023211 0.82 0.875 0.75 0.905438311688312 2 3 47 3 326.606
