0.89 0.893939393939394 0.886138613861386 0.952520252025203 0.91 0.840909090909091 0.964285714285714 0.963474025974026 NA 1 11 1 679.522
0.94 0.94949494949495 0.930693069306931 0.984348434843484 0.96 0.954545454545455 0.964285714285714 0.98823051948052 5 2 11 1 679.522
0.9375 0.944444444444444 0.930693069306931 0.984773477347735 0.96 0.954545454545455 0.964285714285714 0.991071428571429 8 2 11 1 679.522
0.9375 0.944444444444444 0.930693069306931 0.985298529852985 0.96 0.954545454545455 0.964285714285714 0.99025974025974 10 2 11 1 679.522
0.8925 0.898989898989899 0.886138613861386 0.952195219521952 0.91 0.840909090909091 0.964285714285714 0.965097402597403 1 3 11 1 679.522
0.9375 0.94949494949495 0.925742574257426 0.982223222322232 0.92 0.863636363636364 0.964285714285714 0.980519480519481 2 3 11 1 679.522
0.8925 0.893939393939394 0.891089108910891 0.952370237023702 0.91 0.840909090909091 0.964285714285714 0.96387987012987 NA 1 11 2 628.316
0.9375 0.944444444444444 0.930693069306931 0.984698469846985 0.96 0.954545454545455 0.964285714285714 0.990665584415584 5 2 11 2 628.316
0.9425 0.94949494949495 0.935643564356436 0.985023502350235 0.96 0.954545454545455 0.964285714285714 0.991883116883117 8 2 11 2 628.316
0.94 0.944444444444444 0.935643564356436 0.985898589858986 0.96 0.954545454545455 0.964285714285714 0.991477272727273 10 2 11 2 628.316
0.8925 0.898989898989899 0.886138613861386 0.951670167016702 0.91 0.863636363636364 0.946428571428571 0.967532467532468 1 3 11 2 628.316
0.93 0.944444444444444 0.915841584158416 0.981648164816482 0.92 0.863636363636364 0.964285714285714 0.978896103896104 2 3 11 2 628.316
0.8875 0.888888888888889 0.886138613861386 0.951920192019202 0.91 0.840909090909091 0.964285714285714 0.957792207792208 NA 1 11 3 1250.379
0.94 0.94949494949495 0.930693069306931 0.984923492349235 0.95 0.954545454545455 0.946428571428571 0.991477272727273 5 2 11 3 1250.379
0.9425 0.94949494949495 0.935643564356436 0.985148514851485 0.95 0.954545454545455 0.946428571428571 0.992694805194805 8 2 11 3 1250.379
0.9425 0.94949494949495 0.935643564356436 0.985848584858486 0.95 0.954545454545455 0.946428571428571 0.991883116883117 10 2 11 3 1250.379
0.8925 0.898989898989899 0.886138613861386 0.951020102010201 0.91 0.840909090909091 0.964285714285714 0.961850649350649 1 3 11 3 1250.379
0.935 0.954545454545455 0.915841584158416 0.982423242324232 0.91 0.863636363636364 0.946428571428571 0.977678571428571 2 3 11 3 1250.379
