0.85 0.861244019138756 0.837696335078534 0.930033317467872 0.86 0.890909090909091 0.822222222222222 0.923636363636364 NA 1 31 1 791.695
0.935 0.933014354066986 0.93717277486911 0.978080613241815 0.93 0.927272727272727 0.933333333333333 0.974545454545454 5 2 31 1 791.695
0.9375 0.933014354066986 0.942408376963351 0.978932337984418 0.93 0.927272727272727 0.933333333333333 0.975757575757576 8 2 31 1 791.695
0.9375 0.933014354066986 0.942408376963351 0.979257997444826 0.93 0.927272727272727 0.933333333333333 0.975353535353535 10 2 31 1 791.695
0.8475 0.870813397129187 0.821989528795812 0.930208672561938 0.84 0.890909090909091 0.777777777777778 0.922828282828283 1 3 31 1 791.695
0.9225 0.91866028708134 0.926701570680628 0.981863273128084 0.94 0.945454545454545 0.933333333333333 0.97979797979798 2 3 31 1 791.695
0.85 0.861244019138756 0.837696335078534 0.930434129111451 0.86 0.890909090909091 0.822222222222222 0.925252525252525 NA 1 31 2 859.068
0.935 0.933014354066986 0.93717277486911 0.978155765424986 0.92 0.927272727272727 0.911111111111111 0.973737373737374 5 2 31 2 859.068
0.9375 0.933014354066986 0.942408376963351 0.978782033618077 0.93 0.927272727272727 0.933333333333333 0.974949494949495 8 2 31 2 859.068
0.9375 0.933014354066986 0.942408376963351 0.979032540895313 0.93 0.927272727272727 0.933333333333333 0.975353535353535 10 2 31 2 859.068
0.855 0.866028708133971 0.842931937172775 0.929657556552018 0.85 0.890909090909091 0.8 0.920808080808081 1 3 31 2 859.068
0.925 0.91866028708134 0.931937172774869 0.982414389138004 0.94 0.963636363636364 0.911111111111111 0.97979797979798 2 3 31 2 859.068
0.85 0.870813397129187 0.827225130890052 0.929181592725269 0.85 0.872727272727273 0.822222222222222 0.921616161616162 NA 1 31 3 1590.136
0.9325 0.933014354066986 0.931937172774869 0.977830105964578 0.94 0.945454545454545 0.933333333333333 0.974949494949495 5 2 31 3 1590.136
0.9375 0.933014354066986 0.942408376963351 0.978506475613117 0.93 0.927272727272727 0.933333333333333 0.974949494949495 8 2 31 3 1590.136
0.94 0.937799043062201 0.942408376963351 0.978731932162629 0.93 0.927272727272727 0.933333333333333 0.975353535353535 10 2 31 3 1590.136
0.8425 0.851674641148325 0.832460732984293 0.92878078108169 0.84 0.890909090909091 0.777777777777778 0.923232323232323 1 3 31 3 1590.136
0.9225 0.923444976076555 0.921465968586387 0.981813171672637 0.94 0.945454545454545 0.933333333333333 0.978989898989899 2 3 31 3 1590.136
