1 1 1 1 0.77 0.647058823529412 0.897959183673469 0.812324929971989 NA 1 13 1 38.559
1 1 1 1 0.77 0.647058823529412 0.897959183673469 0.810724289715886 5 2 13 1 38.559
1 1 1 1 0.76 0.627450980392157 0.897959183673469 0.811524609843938 8 2 13 1 38.559
1 1 1 1 0.76 0.627450980392157 0.897959183673469 0.810724289715886 10 2 13 1 38.559
0.96875 0.916666666666667 1 0.995833333333333 0.77 0.647058823529412 0.897959183673469 0.854341736694678 1 3 13 1 38.559
1 1 1 1 0.82 0.725490196078431 0.918367346938776 0.944777911164466 2 3 13 1 38.559
1 1 1 1 0.77 0.647058823529412 0.897959183673469 0.825330132052821 NA 1 13 2 44.359
1 1 1 1 0.78 0.666666666666667 0.897959183673469 0.825730292116847 5 2 13 2 44.359
1 1 1 1 0.77 0.647058823529412 0.897959183673469 0.789915966386555 8 2 13 2 44.359
1 1 1 1 0.77 0.647058823529412 0.897959183673469 0.787915166066427 10 2 13 2 44.359
0.9375 0.833333333333333 1 0.995833333333333 0.77 0.647058823529412 0.897959183673469 0.85874349739896 1 3 13 2 44.359
1 1 1 1 0.79 0.686274509803922 0.897959183673469 0.943977591036415 2 3 13 2 44.359
1 1 1 1 0.77 0.666666666666667 0.877551020408163 0.817326930772309 NA 1 13 3 58.626
1 1 1 1 0.75 0.647058823529412 0.857142857142857 0.792517006802721 5 2 13 3 58.626
1 1 1 1 0.76 0.666666666666667 0.857142857142857 0.793317326930772 8 2 13 3 58.626
1 1 1 1 0.75 0.647058823529412 0.857142857142857 0.792917166866747 10 2 13 3 58.626
0.96875 1 0.95 1 0.76 0.647058823529412 0.877551020408163 0.858343337334934 1 3 13 3 58.626
1 1 1 1 0.83 0.745098039215686 0.918367346938776 0.945978391356543 2 3 13 3 58.626
