1 1 1 1 0.77 0.672131147540984 0.923076923076923 0.872425388818831 NA 1 45 1 21.486
1 1 1 1 0.77 0.672131147540984 0.923076923076923 0.858133669609079 5 2 45 1 21.486
1 1 1 1 0.76 0.655737704918033 0.923076923076923 0.85771332492644 8 2 45 1 21.486
1 1 1 1 0.76 0.655737704918033 0.923076923076923 0.85771332492644 10 2 45 1 21.486
1 1 1 1 0.75 0.639344262295082 0.923076923076923 0.906263135771332 1 3 45 1 21.486
1 1 1 1 0.72 0.60655737704918 0.897435897435897 0.883984867591425 2 3 45 1 21.486
1 1 1 1 0.79 0.721311475409836 0.897435897435897 0.87452711223203 NA 1 45 2 37.364
1 1 1 1 0.79 0.721311475409836 0.897435897435897 0.873686422866751 5 2 45 2 37.364
1 1 1 1 0.79 0.721311475409836 0.897435897435897 0.860655737704918 8 2 45 2 37.364
1 1 1 1 0.79 0.721311475409836 0.897435897435897 0.860655737704918 10 2 45 2 37.364
1 1 1 1 0.75 0.639344262295082 0.923076923076923 0.902059688944935 1 3 45 2 37.364
1 1 1 1 0.76 0.655737704918033 0.923076923076923 0.887347625052543 2 3 45 2 37.364
1 1 1 1 0.78 0.704918032786885 0.897435897435897 0.852248844052123 NA 1 45 3 39.269
1 1 1 1 0.78 0.704918032786885 0.897435897435897 0.835014712063892 5 2 45 3 39.269
1 1 1 1 0.78 0.704918032786885 0.897435897435897 0.835435056746532 8 2 45 3 39.269
1 1 1 1 0.78 0.704918032786885 0.897435897435897 0.835435056746532 10 2 45 3 39.269
1 1 1 1 0.75 0.639344262295082 0.923076923076923 0.8932324506095 1 3 45 3 39.269
1 1 1 1 0.74 0.639344262295082 0.897435897435897 0.871794871794872 2 3 45 3 39.269
