0.9125 0.897435897435897 0.926829268292683 0.953721075672295 0.75 0.653846153846154 0.854166666666667 0.877003205128205 NA 1 34 1 92.849
1 1 1 1 0.88 0.942307692307692 0.8125 0.948116987179487 5 2 34 1 92.849
1 1 1 1 0.9 0.846153846153846 0.958333333333333 0.926081730769231 8 2 34 1 92.849
1 1 1 1 0.88 0.884615384615385 0.875 0.926081730769231 10 2 34 1 92.849
0.925 0.923076923076923 0.926829268292683 0.953721075672295 0.75 0.653846153846154 0.854166666666667 0.885016025641026 1 3 34 1 92.849
0.9875 1 0.975609756097561 1 0.83 0.788461538461538 0.875 0.944711538461538 2 3 34 1 92.849
0.9125 0.923076923076923 0.902439024390244 0.951844903064415 0.73 0.615384615384615 0.854166666666667 0.865384615384615 NA 1 34 2 128.307
1 1 1 1 0.94 0.942307692307692 0.9375 0.973958333333333 5 2 34 2 128.307
1 1 1 1 0.9 0.923076923076923 0.875 0.930889423076923 8 2 34 2 128.307
1 1 1 1 0.85 0.865384615384615 0.833333333333333 0.927684294871795 10 2 34 2 128.307
0.9 0.923076923076923 0.878048780487805 0.951844903064415 0.75 0.634615384615385 0.875 0.873798076923077 1 3 34 2 128.307
0.975 1 0.951219512195122 1 0.85 0.826923076923077 0.875 0.938701923076923 2 3 34 2 128.307
0.9125 0.923076923076923 0.902439024390244 0.953721075672295 0.74 0.634615384615385 0.854166666666667 0.864983974358974 NA 1 34 3 177.675
1 1 1 1 0.94 0.903846153846154 0.979166666666667 0.945913461538462 5 2 34 3 177.675
1 1 1 1 0.91 0.942307692307692 0.875 0.926682692307692 8 2 34 3 177.675
1 1 1 1 0.93 0.942307692307692 0.916666666666667 0.970552884615385 10 2 34 3 177.675
0.8875 0.923076923076923 0.853658536585366 0.949968730456535 0.75 0.634615384615385 0.875 0.873798076923077 1 3 34 3 177.675
0.9875 1 0.975609756097561 1 0.84 0.826923076923077 0.854166666666667 0.935096153846154 2 3 34 3 177.675
