0.9 0.861111111111111 0.931818181818182 0.95959595959596 0.84 0.854545454545454 0.822222222222222 0.937777777777778 NA 1 18 1 79.843
1 1 1 1 0.9 0.927272727272727 0.866666666666667 0.907474747474748 5 2 18 1 79.843
1 1 1 1 0.91 0.927272727272727 0.888888888888889 0.91010101010101 8 2 18 1 79.843
1 1 1 1 0.89 0.909090909090909 0.866666666666667 0.915353535353535 10 2 18 1 79.843
0.9 0.833333333333333 0.954545454545455 0.950757575757576 0.87 0.927272727272727 0.8 0.945050505050505 1 3 18 1 79.843
0.975 1 0.954545454545455 0.994949494949495 0.89 0.927272727272727 0.844444444444444 0.966464646464646 2 3 18 1 79.843
0.875 0.833333333333333 0.909090909090909 0.955808080808081 0.84 0.854545454545454 0.822222222222222 0.932929292929293 NA 1 18 2 94.632
1 1 1 1 0.88 0.890909090909091 0.866666666666667 0.903636363636364 5 2 18 2 94.632
1 1 1 1 0.86 0.890909090909091 0.822222222222222 0.881616161616162 8 2 18 2 94.632
1 1 1 1 0.91 0.909090909090909 0.911111111111111 0.918181818181818 10 2 18 2 94.632
0.9 0.833333333333333 0.954545454545455 0.94760101010101 0.87 0.909090909090909 0.822222222222222 0.942626262626263 1 3 18 2 94.632
0.975 1 0.954545454545455 0.994318181818182 0.87 0.872727272727273 0.866666666666667 0.963232323232323 2 3 18 2 94.632
0.8875 0.861111111111111 0.909090909090909 0.955176767676768 0.84 0.854545454545454 0.822222222222222 0.930909090909091 NA 1 18 3 147.248
1 1 1 1 0.9 0.945454545454545 0.844444444444444 0.919393939393939 5 2 18 3 147.248
1 1 1 1 0.9 0.909090909090909 0.888888888888889 0.927272727272727 8 2 18 3 147.248
1 1 1 1 0.89 0.909090909090909 0.866666666666667 0.90040404040404 10 2 18 3 147.248
0.9 0.833333333333333 0.954545454545455 0.941919191919192 0.86 0.909090909090909 0.8 0.947474747474747 1 3 18 3 147.248
0.975 1 0.954545454545455 0.994318181818182 0.88 0.909090909090909 0.844444444444444 0.965252525252525 2 3 18 3 147.248
