0.85 0.875 0.822916666666667 0.91035657051282 0.86 0.869565217391304 0.851851851851852 0.91304347826087 NA 1 45 1 394.174
0.925 0.942307692307692 0.90625 0.975460737179487 0.91 0.956521739130435 0.87037037037037 0.979066022544283 5 2 45 1 394.174
0.94 0.951923076923077 0.927083333333333 0.979567307692308 0.9 0.956521739130435 0.851851851851852 0.980676328502415 8 2 45 1 394.174
0.935 0.951923076923077 0.916666666666667 0.98036858974359 0.9 0.956521739130435 0.851851851851852 0.980273752012882 10 2 45 1 394.174
0.85 0.846153846153846 0.854166666666667 0.911057692307692 0.86 0.847826086956522 0.87037037037037 0.918276972624799 1 3 45 1 394.174
0.935 0.932692307692308 0.9375 0.98046875 0.88 0.91304347826087 0.851851851851852 0.963768115942029 2 3 45 1 394.174
0.845 0.865384615384615 0.822916666666667 0.911358173076923 0.86 0.869565217391304 0.851851851851852 0.914251207729469 NA 1 45 2 411.936
0.925 0.942307692307692 0.90625 0.975560897435897 0.91 0.956521739130435 0.87037037037037 0.97866344605475 5 2 45 2 411.936
0.935 0.942307692307692 0.927083333333333 0.979166666666667 0.91 0.956521739130435 0.87037037037037 0.981078904991948 8 2 45 2 411.936
0.935 0.951923076923077 0.916666666666667 0.98046875 0.91 0.956521739130435 0.87037037037037 0.980676328502415 10 2 45 2 411.936
0.85 0.855769230769231 0.84375 0.911157852564103 0.86 0.847826086956522 0.87037037037037 0.919887278582931 1 3 45 2 411.936
0.935 0.932692307692308 0.9375 0.98036858974359 0.88 0.91304347826087 0.851851851851852 0.96256038647343 2 3 45 2 411.936
0.86 0.875 0.84375 0.910657051282051 0.86 0.869565217391304 0.851851851851852 0.907407407407407 NA 1 45 3 707.418
0.93 0.942307692307692 0.916666666666667 0.974459134615385 0.9 0.934782608695652 0.87037037037037 0.977455716586151 5 2 45 3 707.418
0.94 0.951923076923077 0.927083333333333 0.978766025641026 0.89 0.91304347826087 0.87037037037037 0.979871175523349 8 2 45 3 707.418
0.945 0.951923076923077 0.9375 0.978966346153846 0.88 0.91304347826087 0.851851851851852 0.979066022544283 10 2 45 3 707.418
0.85 0.836538461538462 0.864583333333333 0.91015625 0.86 0.847826086956522 0.87037037037037 0.912640901771336 1 3 45 3 707.418
0.925 0.923076923076923 0.927083333333333 0.978165064102564 0.87 0.891304347826087 0.851851851851852 0.96256038647343 2 3 45 3 707.418
