0.865 0.865921787709497 0.864253393665158 0.940468667054273 0.88 0.854545454545454 0.911111111111111 0.965656565656566 NA 1 89 1 1121.807
0.9275 0.916201117318436 0.936651583710407 0.979549533608029 0.98 1 0.955555555555556 0.997171717171717 5 2 89 1 1121.807
0.935 0.921787709497207 0.945701357466063 0.980914583280669 0.98 1 0.955555555555556 0.997171717171717 8 2 89 1 1121.807
0.9275 0.910614525139665 0.941176470588235 0.980459566723122 0.97 1 0.933333333333333 0.996767676767677 10 2 89 1 1121.807
0.8675 0.860335195530726 0.873303167420814 0.940392830961349 0.87 0.836363636363636 0.911111111111111 0.962424242424242 1 3 89 1 1121.807
0.9375 0.93854748603352 0.936651583710407 0.982406026441518 0.94 0.945454545454545 0.933333333333333 0.983030303030303 2 3 89 1 1121.807
0.865 0.865921787709497 0.864253393665158 0.940468667054273 0.88 0.854545454545454 0.911111111111111 0.965656565656566 NA 1 89 2 903.507
0.925 0.916201117318436 0.932126696832579 0.97957481230567 0.98 1 0.955555555555556 0.997171717171717 5 2 89 2 903.507
0.9275 0.910614525139665 0.941176470588235 0.980459566723122 0.97 1 0.933333333333333 0.996767676767677 8 2 89 2 903.507
0.9225 0.905027932960894 0.936651583710407 0.980484845420764 0.97 1 0.933333333333333 0.997171717171717 10 2 89 2 903.507
0.8725 0.865921787709497 0.877828054298643 0.940493945751915 0.87 0.836363636363636 0.911111111111111 0.962020202020202 1 3 89 2 903.507
0.94 0.93854748603352 0.941176470588235 0.98159710811699 0.94 0.945454545454545 0.933333333333333 0.983838383838384 2 3 89 2 903.507
0.865 0.865921787709497 0.864253393665158 0.940089486589651 0.86 0.854545454545454 0.866666666666667 0.965656565656566 NA 1 89 3 1863.502
0.925 0.910614525139665 0.936651583710407 0.979979271467934 0.98 1 0.955555555555556 0.996767676767677 5 2 89 3 1863.502
0.9375 0.927374301675978 0.945701357466063 0.980939861978311 0.98 1 0.955555555555556 0.997575757575758 8 2 89 3 1863.502
0.935 0.921787709497207 0.945701357466063 0.980611238908971 0.97 1 0.933333333333333 0.996767676767677 10 2 89 3 1863.502
0.8725 0.871508379888268 0.873303167420814 0.940114765287292 0.87 0.854545454545454 0.888888888888889 0.966868686868687 1 3 89 3 1863.502
0.94 0.93854748603352 0.941176470588235 0.982127960767461 0.95 0.963636363636364 0.933333333333333 0.985454545454545 2 3 89 3 1863.502
