0.8 0.80952380952381 0.789473684210526 0.882205513784461 0.87 0.892857142857143 0.840909090909091 0.919237012987013 NA 1 81 1 23.688
1 1 1 1 0.83 0.767857142857143 0.909090909090909 0.864042207792208 5 2 81 1 23.688
1 1 1 1 0.79 0.732142857142857 0.863636363636364 0.851055194805195 8 2 81 1 23.688
1 1 1 1 0.75 0.696428571428571 0.818181818181818 0.810470779220779 10 2 81 1 23.688
0.85 0.952380952380952 0.736842105263158 0.867167919799499 0.85 0.946428571428571 0.727272727272727 0.924512987012987 1 3 81 1 23.688
0.9 0.904761904761905 0.894736842105263 0.969924812030075 0.82 0.803571428571429 0.840909090909091 0.91599025974026 2 3 81 1 23.688
0.8 0.80952380952381 0.789473684210526 0.884711779448622 0.85 0.839285714285714 0.863636363636364 0.919237012987013 NA 1 81 2 51.58
1 1 1 1 0.81 0.785714285714286 0.840909090909091 0.828733766233766 5 2 81 2 51.58
1 1 1 1 0.8 0.732142857142857 0.886363636363636 0.84273538961039 8 2 81 2 51.58
1 1 1 1 0.81 0.785714285714286 0.840909090909091 0.842126623376623 10 2 81 2 51.58
0.825 0.904761904761905 0.736842105263158 0.864661654135338 0.84 0.928571428571429 0.727272727272727 0.922483766233766 1 3 81 2 51.58
0.9 0.904761904761905 0.894736842105263 0.967418546365915 0.84 0.839285714285714 0.840909090909091 0.91112012987013 2 3 81 2 51.58
0.8 0.80952380952381 0.789473684210526 0.882205513784461 0.86 0.875 0.840909090909091 0.914772727272727 NA 1 81 3 61.88
1 1 1 1 0.82 0.75 0.909090909090909 0.854707792207792 5 2 81 3 61.88
1 1 1 1 0.8 0.75 0.863636363636364 0.855113636363636 8 2 81 3 61.88
0.95 0.904761904761905 1 1 0.81 0.785714285714286 0.840909090909091 0.865868506493506 10 2 81 3 61.88
0.85 0.952380952380952 0.736842105263158 0.867167919799499 0.84 0.946428571428571 0.704545454545455 0.921672077922078 1 3 81 3 61.88
0.875 0.904761904761905 0.842105263157895 0.969924812030075 0.84 0.839285714285714 0.840909090909091 0.906655844155844 2 3 81 3 61.88
