1 1 1 1 0.76 0.719298245614035 0.813953488372093 0.837617299061607 NA 1 79 1 34.997
1 1 1 1 0.76 0.719298245614035 0.813953488372093 0.83108935128519 5 2 79 1 34.997
1 1 1 1 0.76 0.719298245614035 0.813953488372093 0.83108935128519 8 2 79 1 34.997
1 1 1 1 0.76 0.719298245614035 0.813953488372093 0.830681354549163 10 2 79 1 34.997
0.9375 0.8 1 1 0.74 0.614035087719298 0.906976744186046 0.892696858425133 1 3 79 1 34.997
0.96875 0.9 1 1 0.74 0.596491228070175 0.930232558139535 0.841289269685843 2 3 79 1 34.997
1 1 1 1 0.76 0.719298245614035 0.813953488372093 0.824969400244798 NA 1 79 2 51.675
1 1 1 1 0.76 0.719298245614035 0.813953488372093 0.803549571603427 5 2 79 2 51.675
1 1 1 1 0.76 0.719298245614035 0.813953488372093 0.810689514483884 8 2 79 2 51.675
1 1 1 1 0.76 0.719298245614035 0.813953488372093 0.810689514483884 10 2 79 2 51.675
0.9375 0.8 1 1 0.73 0.596491228070175 0.906976744186046 0.884128926968584 1 3 79 2 51.675
0.96875 0.9 1 1 0.72 0.56140350877193 0.930232558139535 0.848225214198286 2 3 79 2 51.675
1 1 1 1 0.8 0.771929824561403 0.837209302325581 0.865973072215422 NA 1 79 3 65.868
1 1 1 1 0.78 0.736842105263158 0.837209302325581 0.853529171766626 5 2 79 3 65.868
1 1 1 1 0.81 0.771929824561403 0.86046511627907 0.853937168502652 8 2 79 3 65.868
1 1 1 1 0.81 0.771929824561403 0.86046511627907 0.853937168502652 10 2 79 3 65.868
0.9375 0.8 1 1 0.71 0.578947368421053 0.883720930232558 0.884944920440636 1 3 79 3 65.868
0.96875 0.9 1 1 0.72 0.56140350877193 0.930232558139535 0.847409220726234 2 3 79 3 65.868
