0.875 0.888888888888889 0.863636363636364 0.972222222222222 0.81 0.7 0.92 0.8656 NA 1 22 1 26.418
0.95 1 0.909090909090909 0.962121212121212 0.7 0.76 0.64 0.7246 5 2 22 1 26.418
0.975 0.944444444444444 1 0.958333333333333 0.66 0.62 0.7 0.7152 8 2 22 1 26.418
1 1 1 1 0.81 0.68 0.94 0.8104 10 2 22 1 26.418
0.825 0.888888888888889 0.772727272727273 0.944444444444444 0.74 0.72 0.76 0.8292 1 3 22 1 26.418
0.975 1 0.954545454545455 0.997474747474748 0.73 0.78 0.68 0.8224 2 3 22 1 26.418
0.875 0.888888888888889 0.863636363636364 0.972222222222222 0.78 0.64 0.92 0.8512 NA 1 22 2 54.319
1 1 1 1 0.79 0.66 0.92 0.8176 5 2 22 2 54.319
1 1 1 1 0.68 0.72 0.64 0.7026 8 2 22 2 54.319
1 1 1 1 0.79 0.66 0.92 0.833 10 2 22 2 54.319
0.825 0.944444444444444 0.727272727272727 0.952020202020202 0.75 0.76 0.74 0.8276 1 3 22 2 54.319
0.975 1 0.954545454545455 0.98989898989899 0.74 0.8 0.68 0.8244 2 3 22 2 54.319
0.9 0.944444444444444 0.863636363636364 0.972222222222222 0.76 0.62 0.9 0.8296 NA 1 22 3 59.761
1 1 1 1 0.76 0.64 0.88 0.7614 5 2 22 3 59.761
1 1 1 1 0.79 0.68 0.9 0.8144 8 2 22 3 59.761
1 1 1 1 0.76 0.76 0.76 0.8012 10 2 22 3 59.761
0.825 0.944444444444444 0.727272727272727 0.967171717171717 0.76 0.74 0.78 0.8204 1 3 22 3 59.761
0.975 1 0.954545454545455 0.992424242424242 0.74 0.8 0.68 0.8176 2 3 22 3 59.761
