0.89 0.892156862745098 0.887755102040816 0.952781112444978 0.82 0.774193548387097 0.894736842105263 0.926570458404075 NA 1 82 1 259.308
0.955 0.96078431372549 0.948979591836735 0.992096838735494 0.92 0.887096774193548 0.973684210526316 0.986842105263158 5 2 82 1 259.308
0.96 0.96078431372549 0.959183673469388 0.992897158863545 0.92 0.887096774193548 0.973684210526316 0.987691001697793 8 2 82 1 259.308
0.96 0.96078431372549 0.959183673469388 0.993697478991597 0.93 0.903225806451613 0.973684210526316 0.987266553480475 10 2 82 1 259.308
0.895 0.892156862745098 0.897959183673469 0.951480592236895 0.84 0.806451612903226 0.894736842105263 0.933786078098472 1 3 82 1 259.308
0.94 0.941176470588235 0.938775510204082 0.98859543817527 0.87 0.82258064516129 0.947368421052632 0.964346349745331 2 3 82 1 259.308
0.89 0.892156862745098 0.887755102040816 0.952981192476991 0.83 0.790322580645161 0.894736842105263 0.92741935483871 NA 1 82 2 177.58
0.955 0.96078431372549 0.948979591836735 0.991996798719488 0.93 0.903225806451613 0.973684210526316 0.985993208828523 5 2 82 2 177.58
0.96 0.96078431372549 0.959183673469388 0.992897158863545 0.93 0.903225806451613 0.973684210526316 0.987691001697793 8 2 82 2 177.58
0.96 0.96078431372549 0.959183673469388 0.993697478991597 0.93 0.903225806451613 0.973684210526316 0.985993208828523 10 2 82 2 177.58
0.89 0.892156862745098 0.887755102040816 0.952380952380952 0.85 0.82258064516129 0.894736842105263 0.931663837011885 1 3 82 2 177.58
0.94 0.941176470588235 0.938775510204082 0.988495398159264 0.87 0.82258064516129 0.947368421052632 0.965195246179966 2 3 82 2 177.58
0.89 0.882352941176471 0.897959183673469 0.952781112444978 0.81 0.758064516129032 0.894736842105263 0.9223259762309 NA 1 82 3 435.279
0.95 0.950980392156863 0.948979591836735 0.992096838735494 0.9 0.854838709677419 0.973684210526316 0.985144312393888 5 2 82 3 435.279
0.96 0.96078431372549 0.959183673469388 0.992296918767507 0.91 0.870967741935484 0.973684210526316 0.986842105263158 8 2 82 3 435.279
0.96 0.96078431372549 0.959183673469388 0.992797118847539 0.9 0.854838709677419 0.973684210526316 0.98641765704584 10 2 82 3 435.279
0.895 0.892156862745098 0.897959183673469 0.951180472188876 0.86 0.838709677419355 0.894736842105263 0.934634974533107 1 3 82 3 435.279
0.935 0.941176470588235 0.928571428571429 0.98859543817527 0.87 0.82258064516129 0.947368421052632 0.963497453310696 2 3 82 3 435.279
