0.8125 0.8 0.833333333333333 0.879166666666667 0.84 0.851851851851852 0.826086956521739 0.927536231884058 NA 1 99 1 18.756
1 1 1 1 0.8 0.833333333333333 0.760869565217391 0.825080515297907 5 2 99 1 18.756
1 1 1 1 0.83 0.777777777777778 0.891304347826087 0.85426731078905 8 2 99 1 18.756
1 1 1 1 0.81 0.796296296296296 0.826086956521739 0.86231884057971 10 2 99 1 18.756
0.65625 1 0.0833333333333333 0.891666666666667 0.68 1 0.304347826086957 0.922302737520129 1 3 99 1 18.756
1 1 1 1 0.77 0.833333333333333 0.695652173913043 0.900966183574879 2 3 99 1 18.756
0.71875 0.8 0.583333333333333 0.858333333333333 0.83 0.833333333333333 0.826086956521739 0.928341384863124 NA 1 99 2 31.814
1 1 1 1 0.83 0.777777777777778 0.891304347826087 0.851851851851852 5 2 99 2 31.814
1 1 1 1 0.82 0.796296296296296 0.847826086956522 0.839573268921095 8 2 99 2 31.814
1 1 1 1 0.84 0.722222222222222 0.978260869565217 0.855676328502415 10 2 99 2 31.814
0.625 1 0 0.8625 0.54 1 0 0.920289855072464 1 3 99 2 31.814
0.96875 1 0.916666666666667 1 0.77 0.833333333333333 0.695652173913043 0.8756038647343 2 3 99 2 31.814
0.6875 0.8 0.5 0.845833333333333 0.84 0.833333333333333 0.847826086956522 0.924718196457327 NA 1 99 3 39.802
1 1 1 1 0.76 0.666666666666667 0.869565217391304 0.81280193236715 5 2 99 3 39.802
1 1 1 1 0.79 0.703703703703704 0.891304347826087 0.847423510466989 8 2 99 3 39.802
1 1 1 1 0.79 0.777777777777778 0.804347826086957 0.821859903381642 10 2 99 3 39.802
0.625 1 0 0.8625 0.54 1 0 0.920692431561997 1 3 99 3 39.802
1 1 1 1 0.75 0.814814814814815 0.673913043478261 0.858695652173913 2 3 99 3 39.802
