0.81 0.801980198019802 0.818181818181818 0.889088908890889 0.86 0.912280701754386 0.790697674418605 0.975112199102407 NA 1 96 1 267.064
0.88 0.891089108910891 0.868686868686869 0.952495249524952 0.9 0.947368421052632 0.837209302325581 0.96328029375765 5 2 96 1 267.064
0.875 0.891089108910891 0.858585858585859 0.953695369536954 0.9 0.947368421052632 0.837209302325581 0.964504283965728 8 2 96 1 267.064
0.875 0.891089108910891 0.858585858585859 0.954095409540954 0.91 0.947368421052632 0.86046511627907 0.964912280701754 10 2 96 1 267.064
0.815 0.831683168316832 0.797979797979798 0.886188618861886 0.87 0.912280701754386 0.813953488372093 0.971440228478172 1 3 96 1 267.064
0.89 0.900990099009901 0.878787878787879 0.954595459545955 0.92 0.964912280701754 0.86046511627907 0.964912280701754 2 3 96 1 267.064
0.81 0.792079207920792 0.828282828282828 0.888688868886889 0.87 0.912280701754386 0.813953488372093 0.972256221950224 NA 1 96 2 253.843
0.885 0.900990099009901 0.868686868686869 0.952595259525953 0.89 0.929824561403509 0.837209302325581 0.964096287229702 5 2 96 2 253.843
0.875 0.891089108910891 0.858585858585859 0.954195419541954 0.91 0.947368421052632 0.86046511627907 0.963688290493676 8 2 96 2 253.843
0.875 0.891089108910891 0.858585858585859 0.954895489548955 0.91 0.947368421052632 0.86046511627907 0.964096287229702 10 2 96 2 253.843
0.82 0.821782178217822 0.818181818181818 0.886288628862886 0.87 0.912280701754386 0.813953488372093 0.968992248062015 1 3 96 2 253.843
0.895 0.900990099009901 0.888888888888889 0.955895589558956 0.91 0.964912280701754 0.837209302325581 0.964096287229702 2 3 96 2 253.843
0.825 0.821782178217822 0.828282828282828 0.888988898889889 0.88 0.947368421052632 0.790697674418605 0.976744186046512 NA 1 96 3 468.795
0.885 0.900990099009901 0.868686868686869 0.952095209520952 0.9 0.947368421052632 0.837209302325581 0.966136270909833 5 2 96 3 468.795
0.87 0.881188118811881 0.858585858585859 0.952995299529953 0.9 0.947368421052632 0.837209302325581 0.967360261117911 8 2 96 3 468.795
0.87 0.881188118811881 0.858585858585859 0.953395339533953 0.9 0.947368421052632 0.837209302325581 0.967360261117911 10 2 96 3 468.795
0.84 0.831683168316832 0.848484848484849 0.886588658865887 0.89 0.929824561403509 0.837209302325581 0.968176254589963 1 3 96 3 468.795
0.89 0.900990099009901 0.878787878787879 0.954795479547955 0.9 0.947368421052632 0.837209302325581 0.969808241534068 2 3 96 3 468.795
