0.845 0.855769230769231 0.833333333333333 0.937424879807692 0.88 0.865384615384615 0.895833333333333 0.94551282051282 NA 1 95 1 380.214
0.93 0.927884615384615 0.932291666666667 0.983072916666667 0.87 0.865384615384615 0.875 0.967548076923077 5 2 95 1 380.214
0.9425 0.947115384615385 0.9375 0.983573717948718 0.87 0.865384615384615 0.875 0.962740384615385 8 2 95 1 380.214
0.94 0.947115384615385 0.932291666666667 0.983924278846154 0.87 0.865384615384615 0.875 0.963141025641026 10 2 95 1 380.214
0.8475 0.865384615384615 0.828125 0.937099358974359 0.89 0.884615384615385 0.895833333333333 0.946314102564103 1 3 95 1 380.214
0.935 0.947115384615385 0.921875 0.986904046474359 0.88 0.884615384615385 0.875 0.959535256410256 2 3 95 1 380.214
0.8375 0.846153846153846 0.828125 0.936147836538462 0.86 0.846153846153846 0.875 0.94150641025641 NA 1 95 2 427.469
0.935 0.932692307692308 0.9375 0.983122996794872 0.89 0.884615384615385 0.895833333333333 0.967948717948718 5 2 95 2 427.469
0.945 0.951923076923077 0.9375 0.983573717948718 0.88 0.884615384615385 0.875 0.961538461538462 8 2 95 2 427.469
0.945 0.951923076923077 0.9375 0.984099559294872 0.87 0.865384615384615 0.875 0.96113782051282 10 2 95 2 427.469
0.8375 0.850961538461538 0.822916666666667 0.936222956730769 0.89 0.884615384615385 0.895833333333333 0.946314102564103 1 3 95 2 427.469
0.9375 0.942307692307692 0.932291666666667 0.985902443910256 0.87 0.884615384615385 0.854166666666667 0.960336538461538 2 3 95 2 427.469
0.845 0.850961538461538 0.838541666666667 0.938426482371795 0.85 0.846153846153846 0.854166666666667 0.944711538461538 NA 1 95 3 734.845
0.935 0.9375 0.932291666666667 0.982872596153846 0.89 0.884615384615385 0.895833333333333 0.966746794871795 5 2 95 3 734.845
0.9375 0.947115384615385 0.927083333333333 0.983548677884615 0.87 0.865384615384615 0.875 0.962339743589744 8 2 95 3 734.845
0.9375 0.947115384615385 0.927083333333333 0.984049479166667 0.87 0.865384615384615 0.875 0.961538461538462 10 2 95 3 734.845
0.855 0.865384615384615 0.84375 0.937199519230769 0.88 0.865384615384615 0.895833333333333 0.945913461538461 1 3 95 3 734.845
0.9275 0.9375 0.916666666666667 0.985476762820513 0.89 0.884615384615385 0.895833333333333 0.96073717948718 2 3 95 3 734.845
