1 1 1 1 0.84 0.907407407407407 0.760869565217391 0.874798711755233 NA 1 74 1 44.951
1 1 1 1 0.84 0.907407407407407 0.760869565217391 0.858695652173913 5 2 74 1 44.951
1 1 1 1 0.85 0.907407407407407 0.782608695652174 0.868357487922705 8 2 74 1 44.951
1 1 1 1 0.84 0.907407407407407 0.760869565217391 0.858695652173913 10 2 74 1 44.951
0.95 1 0.875 0.989583333333333 0.79 0.925925925925926 0.630434782608696 0.922705314009662 1 3 74 1 44.951
1 1 1 1 0.88 0.962962962962963 0.782608695652174 0.932769726247987 2 3 74 1 44.951
0.95 0.958333333333333 0.9375 0.986979166666667 0.86 0.907407407407407 0.804347826086957 0.930354267310789 NA 1 74 2 37.57
1 1 1 1 0.85 0.814814814814815 0.891304347826087 0.932165861513688 5 2 74 2 37.57
1 1 1 1 0.9 0.907407407407407 0.891304347826087 0.924718196457327 8 2 74 2 37.57
1 1 1 1 0.88 0.87037037037037 0.891304347826087 0.913244766505636 10 2 74 2 37.57
0.925 0.958333333333333 0.875 0.986979166666667 0.8 0.962962962962963 0.608695652173913 0.929549114331723 1 3 74 2 37.57
1 1 1 1 0.88 0.962962962962963 0.782608695652174 0.931964573268921 2 3 74 2 37.57
1 1 1 1 0.84 0.888888888888889 0.782608695652174 0.852657004830918 NA 1 74 3 67.24
1 1 1 1 0.84 0.888888888888889 0.782608695652174 0.852657004830918 5 2 74 3 67.24
1 1 1 1 0.85 0.888888888888889 0.804347826086957 0.852657004830918 8 2 74 3 67.24
1 1 1 1 0.84 0.888888888888889 0.782608695652174 0.852657004830918 10 2 74 3 67.24
0.9 0.958333333333333 0.8125 0.981770833333333 0.81 0.944444444444444 0.652173913043478 0.92914653784219 1 3 74 3 67.24
1 1 1 1 0.87 0.925925925925926 0.804347826086957 0.93317230273752 2 3 74 3 67.24
