1 1 1 1 0.71 0.694915254237288 0.731707317073171 0.737908226539892 NA 1 85 1 53.594
1 1 1 1 0.71 0.694915254237288 0.731707317073171 0.741215378255477 5 2 85 1 53.594
1 1 1 1 0.71 0.694915254237288 0.731707317073171 0.741215378255477 8 2 85 1 53.594
1 1 1 1 0.71 0.694915254237288 0.731707317073171 0.741215378255477 10 2 85 1 53.594
0.975 0.916666666666667 1 0.994047619047619 0.73 0.711864406779661 0.75609756097561 0.853245142620918 1 3 85 1 53.594
1 1 1 1 0.77 0.745762711864407 0.804878048780488 0.868540719305498 2 3 85 1 53.594
1 1 1 1 0.71 0.694915254237288 0.731707317073171 0.739768499379909 NA 1 85 2 58.974
1 1 1 1 0.71 0.694915254237288 0.731707317073171 0.743695742042166 5 2 85 2 58.974
1 1 1 1 0.71 0.694915254237288 0.731707317073171 0.743282348077718 8 2 85 2 58.974
1 1 1 1 0.71 0.694915254237288 0.731707317073171 0.743282348077718 10 2 85 2 58.974
0.975 0.916666666666667 1 0.994047619047619 0.74 0.711864406779661 0.780487804878049 0.849524596940885 1 3 85 2 58.974
1 1 1 1 0.77 0.745762711864407 0.804878048780488 0.867300537412154 2 3 85 2 58.974
1 1 1 1 0.69 0.677966101694915 0.707317073170732 0.701942951632906 NA 1 85 3 95.013
1 1 1 1 0.69 0.677966101694915 0.707317073170732 0.688507647788342 5 2 85 3 95.013
1 1 1 1 0.69 0.677966101694915 0.707317073170732 0.688507647788342 8 2 85 3 95.013
1 1 1 1 0.69 0.677966101694915 0.707317073170732 0.696362133112856 10 2 85 3 95.013
0.95 0.916666666666667 0.964285714285714 0.994047619047619 0.74 0.745762711864407 0.731707317073171 0.847457627118644 1 3 85 3 95.013
1 1 1 1 0.77 0.76271186440678 0.780487804878049 0.875568416701116 2 3 85 3 95.013
