0.90625 0.944444444444444 0.857142857142857 0.972222222222222 0.81 0.804347826086957 0.814814814814815 0.902173913043478 NA 1 25 1 38.457
1 1 1 1 0.83 0.760869565217391 0.888888888888889 0.830716586151369 5 2 25 1 38.457
1 1 1 1 0.79 0.695652173913043 0.87037037037037 0.830515297906602 8 2 25 1 38.457
1 1 1 1 0.68 0.543478260869565 0.796296296296296 0.676731078904992 10 2 25 1 38.457
0.84375 1 0.642857142857143 0.956349206349206 0.76 1 0.555555555555556 0.91304347826087 1 3 25 1 38.457
0.9375 1 0.857142857142857 1 0.74 0.934782608695652 0.574074074074074 0.900563607085346 2 3 25 1 38.457
0.90625 0.944444444444444 0.857142857142857 0.972222222222222 0.81 0.826086956521739 0.796296296296296 0.898148148148148 NA 1 25 2 47.362
1 1 1 1 0.79 0.91304347826087 0.685185185185185 0.861916264090177 5 2 25 2 47.362
1 1 1 1 0.83 0.804347826086957 0.851851851851852 0.880233494363929 8 2 25 2 47.362
1 1 1 1 0.79 0.695652173913043 0.87037037037037 0.854871175523349 10 2 25 2 47.362
0.875 1 0.714285714285714 0.956349206349206 0.74 0.978260869565217 0.537037037037037 0.897342995169082 1 3 25 2 47.362
0.9375 1 0.857142857142857 1 0.78 0.956521739130435 0.62962962962963 0.892512077294686 2 3 25 2 47.362
0.84375 0.888888888888889 0.785714285714286 0.968253968253968 0.8 0.760869565217391 0.833333333333333 0.900563607085346 NA 1 25 3 71.48
1 1 1 1 0.7 0.847826086956522 0.574074074074074 0.778985507246377 5 2 25 3 71.48
1 1 1 1 0.79 0.673913043478261 0.888888888888889 0.819847020933977 8 2 25 3 71.48
1 1 1 1 0.75 0.717391304347826 0.777777777777778 0.764090177133655 10 2 25 3 71.48
0.84375 1 0.642857142857143 0.956349206349206 0.77 1 0.574074074074074 0.902576489533011 1 3 25 3 71.48
0.9375 1 0.857142857142857 1 0.75 0.956521739130435 0.574074074074074 0.906602254428341 2 3 25 3 71.48
