0.9375 0.933333333333333 0.941176470588235 0.988235294117647 0.85 0.839285714285714 0.863636363636364 0.940340909090909 NA 1 86 1 38.718
1 1 1 1 0.77 0.75 0.795454545454545 0.819399350649351 5 2 86 1 38.718
1 1 1 1 0.78 0.785714285714286 0.772727272727273 0.797483766233766 8 2 86 1 38.718
1 1 1 1 0.84 0.785714285714286 0.909090909090909 0.849431818181818 10 2 86 1 38.718
0.96875 0.933333333333333 1 0.949019607843137 0.88 0.839285714285714 0.931818181818182 0.943993506493506 1 3 86 1 38.718
0.9375 0.866666666666667 1 0.984313725490196 0.81 0.767857142857143 0.863636363636364 0.919237012987013 2 3 86 1 38.718
0.9375 0.933333333333333 0.941176470588235 0.988235294117647 0.85 0.821428571428571 0.886363636363636 0.931412337662338 NA 1 86 2 47.581
1 1 1 1 0.78 0.75 0.818181818181818 0.830762987012987 5 2 86 2 47.581
1 1 1 1 0.81 0.785714285714286 0.840909090909091 0.81737012987013 8 2 86 2 47.581
1 1 1 1 0.8 0.785714285714286 0.818181818181818 0.833603896103896 10 2 86 2 47.581
0.96875 0.933333333333333 1 0.952941176470588 0.88 0.839285714285714 0.931818181818182 0.943587662337662 1 3 86 2 47.581
0.9375 0.866666666666667 1 0.984313725490196 0.8 0.75 0.863636363636364 0.921266233766234 2 3 86 2 47.581
0.9375 0.933333333333333 0.941176470588235 0.984313725490196 0.86 0.839285714285714 0.886363636363636 0.939935064935065 NA 1 86 3 69.116
1 1 1 1 0.77 0.75 0.795454545454545 0.805397727272727 5 2 86 3 69.116
1 1 1 1 0.8 0.785714285714286 0.818181818181818 0.826704545454545 8 2 86 3 69.116
1 1 1 1 0.8 0.767857142857143 0.840909090909091 0.839691558441559 10 2 86 3 69.116
0.96875 0.933333333333333 1 0.949019607843137 0.87 0.839285714285714 0.909090909090909 0.943993506493506 1 3 86 3 69.116
0.96875 0.933333333333333 1 0.988235294117647 0.84 0.803571428571429 0.886363636363636 0.925730519480519 2 3 86 3 69.116
