0.85 0.860576923076923 0.838541666666667 0.927734375 0.86 0.82 0.9 0.9384 NA 1 17 1 810.234
0.9375 0.942307692307692 0.932291666666667 0.982772435897436 0.91 0.9 0.92 0.9712 5 2 17 1 810.234
0.935 0.932692307692308 0.9375 0.984349959935897 0.91 0.9 0.92 0.97 8 2 17 1 810.234
0.94 0.942307692307692 0.9375 0.984525240384615 0.92 0.92 0.92 0.972 10 2 17 1 810.234
0.865 0.870192307692308 0.859375 0.929161658653846 0.85 0.82 0.88 0.9352 1 3 17 1 810.234
0.9425 0.942307692307692 0.942708333333333 0.984775641025641 0.9 0.86 0.94 0.9628 2 3 17 1 810.234
0.85 0.865384615384615 0.833333333333333 0.928786057692308 0.85 0.8 0.9 0.94 NA 1 17 2 947.555
0.9375 0.942307692307692 0.932291666666667 0.982847556089744 0.91 0.9 0.92 0.9712 5 2 17 2 947.555
0.935 0.932692307692308 0.9375 0.984375 0.91 0.9 0.92 0.97 8 2 17 2 947.555
0.9425 0.942307692307692 0.942708333333333 0.984725560897436 0.92 0.92 0.92 0.972 10 2 17 2 947.555
0.8575 0.870192307692308 0.84375 0.930313501602564 0.83 0.8 0.86 0.9344 1 3 17 2 947.555
0.94 0.9375 0.942708333333333 0.984975961538462 0.91 0.86 0.96 0.962 2 3 17 2 947.555
0.85 0.860576923076923 0.838541666666667 0.92685797275641 0.86 0.82 0.9 0.9384 NA 1 17 3 1539.485
0.9375 0.942307692307692 0.932291666666667 0.983623798076923 0.92 0.92 0.92 0.97 5 2 17 3 1539.485
0.94 0.942307692307692 0.9375 0.984625400641026 0.92 0.92 0.92 0.97 8 2 17 3 1539.485
0.945 0.947115384615385 0.942708333333333 0.984500200320513 0.92 0.92 0.92 0.9712 10 2 17 3 1539.485
0.865 0.870192307692308 0.859375 0.928235176282051 0.85 0.82 0.88 0.9348 1 3 17 3 1539.485
0.9425 0.942307692307692 0.942708333333333 0.984600360576923 0.89 0.86 0.92 0.9636 2 3 17 3 1539.485
