0.9 0.9375 0.875 0.955729166666667 0.91 0.890909090909091 0.933333333333333 0.962020202020202 NA 1 18 1 56.089
1 1 1 1 0.92 0.909090909090909 0.933333333333333 0.944646464646465 5 2 18 1 56.089
1 1 1 1 0.89 0.836363636363636 0.955555555555556 0.937575757575758 8 2 18 1 56.089
1 1 1 1 0.9 0.872727272727273 0.933333333333333 0.943636363636364 10 2 18 1 56.089
0.875 0.9375 0.833333333333333 0.9296875 0.87 0.909090909090909 0.822222222222222 0.954747474747475 1 3 18 1 56.089
0.9 0.9375 0.875 0.981770833333333 0.89 0.890909090909091 0.888888888888889 0.952727272727273 2 3 18 1 56.089
0.925 0.9375 0.916666666666667 0.955729166666667 0.91 0.890909090909091 0.933333333333333 0.965656565656566 NA 1 18 2 54.066
1 1 1 1 0.91 0.890909090909091 0.933333333333333 0.95979797979798 5 2 18 2 54.066
1 1 1 1 0.85 0.872727272727273 0.822222222222222 0.88989898989899 8 2 18 2 54.066
1 1 1 1 0.9 0.872727272727273 0.933333333333333 0.954747474747475 10 2 18 2 54.066
0.85 0.875 0.833333333333333 0.9453125 0.88 0.927272727272727 0.822222222222222 0.956767676767677 1 3 18 2 54.066
0.9 0.9375 0.875 0.979166666666667 0.89 0.890909090909091 0.888888888888889 0.951515151515152 2 3 18 2 54.066
0.875 0.9375 0.833333333333333 0.947916666666667 0.91 0.890909090909091 0.933333333333333 0.962828282828283 NA 1 18 3 93.063
1 1 1 1 0.92 0.909090909090909 0.933333333333333 0.952727272727273 5 2 18 3 93.063
1 1 1 1 0.89 0.818181818181818 0.977777777777778 0.947272727272727 8 2 18 3 93.063
1 1 1 1 0.92 0.890909090909091 0.955555555555556 0.954141414141414 10 2 18 3 93.063
0.875 0.9375 0.833333333333333 0.9375 0.88 0.909090909090909 0.844444444444444 0.956363636363636 1 3 18 3 93.063
0.9 0.9375 0.875 0.981770833333333 0.9 0.890909090909091 0.911111111111111 0.953535353535354 2 3 18 3 93.063
