1 1 1 1 0.87 0.784313725490196 0.959183673469388 0.871748699479792 NA 1 25 1 40.175
1 1 1 1 0.87 0.784313725490196 0.959183673469388 0.871748699479792 5 2 25 1 40.175
1 1 1 1 0.87 0.784313725490196 0.959183673469388 0.871748699479792 8 2 25 1 40.175
1 1 1 1 0.87 0.784313725490196 0.959183673469388 0.871748699479792 10 2 25 1 40.175
0.95 0.904761904761905 1 0.957393483709273 0.81 0.666666666666667 0.959183673469388 0.876350540216086 1 3 25 1 40.175
0.975 0.952380952380952 1 0.994987468671679 0.79 0.686274509803922 0.897959183673469 0.877951180472189 2 3 25 1 40.175
1 1 1 1 0.86 0.764705882352941 0.959183673469388 0.861944777911164 NA 1 25 2 52.801
1 1 1 1 0.86 0.764705882352941 0.959183673469388 0.861944777911164 5 2 25 2 52.801
1 1 1 1 0.86 0.764705882352941 0.959183673469388 0.861944777911164 8 2 25 2 52.801
1 1 1 1 0.86 0.764705882352941 0.959183673469388 0.861944777911164 10 2 25 2 52.801
0.95 0.904761904761905 1 0.959899749373434 0.81 0.666666666666667 0.959183673469388 0.877150860344138 1 3 25 2 52.801
0.975 0.952380952380952 1 0.989974937343358 0.78 0.666666666666667 0.897959183673469 0.87875150060024 2 3 25 2 52.801
0.9 0.904761904761905 0.894736842105263 0.984962406015038 0.9 0.843137254901961 0.959183673469388 0.905562224889956 NA 1 25 3 74.377
1 1 1 1 0.89 0.843137254901961 0.938775510204082 0.899559823929572 5 2 25 3 74.377
1 1 1 1 0.9 0.862745098039216 0.938775510204082 0.909563825530212 8 2 25 3 74.377
1 1 1 1 0.89 0.823529411764706 0.959183673469388 0.898759503801521 10 2 25 3 74.377
0.95 0.904761904761905 1 0.944862155388471 0.81 0.666666666666667 0.959183673469388 0.879551820728291 1 3 25 3 74.377
0.975 0.952380952380952 1 0.99749373433584 0.79 0.686274509803922 0.897959183673469 0.87875150060024 2 3 25 3 74.377
