0.8875 0.911111111111111 0.857142857142857 0.945396825396825 0.9 0.857142857142857 0.941176470588235 0.955582232893157 NA 1 84 1 98.806
1 1 1 1 0.86 0.897959183673469 0.823529411764706 0.8937575030012 5 2 84 1 98.806
1 1 1 1 0.87 0.877551020408163 0.862745098039216 0.899359743897559 8 2 84 1 98.806
1 1 1 1 0.89 0.877551020408163 0.901960784313726 0.935174069627851 10 2 84 1 98.806
0.85 0.933333333333333 0.742857142857143 0.945396825396825 0.9 0.897959183673469 0.901960784313726 0.959583833533413 1 3 84 1 98.806
0.925 0.933333333333333 0.914285714285714 0.987301587301587 0.86 0.816326530612245 0.901960784313726 0.953581432573029 2 3 84 1 98.806
0.8875 0.911111111111111 0.857142857142857 0.944126984126984 0.88 0.836734693877551 0.92156862745098 0.953981592637055 NA 1 84 2 128.875
1 1 1 1 0.87 0.836734693877551 0.901960784313726 0.883953581432573 5 2 84 2 128.875
0.975 1 0.942857142857143 0.963809523809524 0.85 0.877551020408163 0.823529411764706 0.904361744697879 8 2 84 2 128.875
1 1 1 1 0.91 0.877551020408163 0.941176470588235 0.930372148859544 10 2 84 2 128.875
0.85 0.933333333333333 0.742857142857143 0.941587301587302 0.87 0.877551020408163 0.862745098039216 0.959183673469388 1 3 84 2 128.875
0.925 0.933333333333333 0.914285714285714 0.987936507936508 0.88 0.857142857142857 0.901960784313726 0.948779511804722 2 3 84 2 128.875
0.8875 0.911111111111111 0.857142857142857 0.944126984126984 0.9 0.857142857142857 0.941176470588235 0.952781112444978 NA 1 84 3 200.489
1 1 1 1 0.85 0.816326530612245 0.882352941176471 0.898359343737495 5 2 84 3 200.489
1 1 1 1 0.88 0.877551020408163 0.882352941176471 0.901360544217687 8 2 84 3 200.489
1 1 1 1 0.86 0.836734693877551 0.882352941176471 0.921968787515006 10 2 84 3 200.489
0.85 0.933333333333333 0.742857142857143 0.941587301587302 0.88 0.877551020408163 0.882352941176471 0.957983193277311 1 3 84 3 200.489
0.925 0.933333333333333 0.914285714285714 0.986666666666667 0.87 0.836734693877551 0.901960784313726 0.946778711484594 2 3 84 3 200.489
