0.85 0.830508474576271 0.868852459016393 0.926368435676577 0.85 0.895833333333333 0.807692307692308 0.94150641025641 NA 1 24 1 170.176
0.966666666666667 0.966101694915254 0.967213114754098 0.99194220616838 0.87 0.875 0.865384615384615 0.953125 5 2 24 1 170.176
0.966666666666667 0.966101694915254 0.967213114754098 0.992497916087802 0.88 0.895833333333333 0.865384615384615 0.96875 8 2 24 1 170.176
1 1 1 1 0.87 0.895833333333333 0.846153846153846 0.909455128205128 10 2 24 1 170.176
0.866666666666667 0.864406779661017 0.868852459016393 0.925257015837733 0.87 0.916666666666667 0.826923076923077 0.937900641025641 1 3 24 1 170.176
0.933333333333333 0.932203389830508 0.934426229508197 0.988052236732426 0.89 0.916666666666667 0.865384615384615 0.971153846153846 2 3 24 1 170.176
0.85 0.830508474576271 0.868852459016393 0.927757710475132 0.86 0.895833333333333 0.826923076923077 0.942708333333333 NA 1 24 2 166.308
0.958333333333333 0.949152542372881 0.967213114754098 0.99194220616838 0.86 0.875 0.846153846153846 0.953125 5 2 24 2 166.308
0.966666666666667 0.966101694915254 0.967213114754098 0.993053626007224 0.88 0.895833333333333 0.865384615384615 0.967147435897436 8 2 24 2 166.308
0.966666666666667 0.966101694915254 0.967213114754098 0.994165045846068 0.88 0.895833333333333 0.865384615384615 0.967548076923077 10 2 24 2 166.308
0.866666666666667 0.864406779661017 0.868852459016393 0.926924145595999 0.89 0.916666666666667 0.865384615384615 0.939503205128205 1 3 24 2 166.308
0.933333333333333 0.932203389830508 0.934426229508197 0.988052236732426 0.89 0.916666666666667 0.865384615384615 0.971955128205128 2 3 24 2 166.308
0.85 0.830508474576271 0.868852459016393 0.926368435676577 0.86 0.895833333333333 0.826923076923077 0.940705128205128 NA 1 24 3 334.668
0.975 0.983050847457627 0.967213114754098 0.992220061128091 0.87 0.875 0.865384615384615 0.953125 5 2 24 3 334.668
1 1 1 1 0.87 0.916666666666667 0.826923076923077 0.886017628205128 8 2 24 3 334.668
1 1 1 1 0.91 0.916666666666667 0.903846153846154 0.909455128205128 10 2 24 3 334.668
0.875 0.864406779661017 0.885245901639344 0.926924145595999 0.88 0.916666666666667 0.846153846153846 0.934695512820513 1 3 24 3 334.668
0.933333333333333 0.932203389830508 0.934426229508197 0.986940816893582 0.88 0.916666666666667 0.846153846153846 0.96875 2 3 24 3 334.668
