0.883333333333333 0.843137254901961 0.91304347826087 0.96050014208582 0.86 0.745098039215686 0.979591836734694 0.931972789115646 NA 1 23 1 251.764
1 1 1 1 0.92 0.862745098039216 0.979591836734694 0.915566226490596 5 2 23 1 251.764
1 1 1 1 0.9 0.843137254901961 0.959183673469388 0.901160464185674 8 2 23 1 251.764
1 1 1 1 0.92 0.862745098039216 0.979591836734694 0.918367346938776 10 2 23 1 251.764
0.9 0.862745098039216 0.927536231884058 0.959079283887468 0.88 0.784313725490196 0.979591836734694 0.937575030012005 1 3 23 1 251.764
0.925 0.92156862745098 0.927536231884058 0.97612958226769 0.89 0.823529411764706 0.959183673469388 0.977991196478591 2 3 23 1 251.764
0.883333333333333 0.843137254901961 0.91304347826087 0.96050014208582 0.86 0.745098039215686 0.979591836734694 0.931972789115646 NA 1 23 2 335.52
1 1 1 1 0.91 0.843137254901961 0.979591836734694 0.909763905562225 5 2 23 2 335.52
1 1 1 1 0.92 0.862745098039216 0.979591836734694 0.929171668667467 8 2 23 2 335.52
1 1 1 1 0.9 0.843137254901961 0.959183673469388 0.896358543417367 10 2 23 2 335.52
0.9 0.862745098039216 0.927536231884058 0.959931798806479 0.88 0.784313725490196 0.979591836734694 0.935174069627851 1 3 23 2 335.52
0.925 0.92156862745098 0.927536231884058 0.97612958226769 0.89 0.823529411764706 0.959183673469388 0.979591836734694 2 3 23 2 335.52
0.866666666666667 0.823529411764706 0.898550724637681 0.957658425689116 0.85 0.745098039215686 0.959183673469388 0.931172468987595 NA 1 23 3 426.783
1 1 1 1 0.92 0.882352941176471 0.959183673469388 0.92937174869948 5 2 23 3 426.783
1 1 1 1 0.9 0.901960784313726 0.897959183673469 0.905362144857943 8 2 23 3 426.783
1 1 1 1 0.91 0.843137254901961 0.979591836734694 0.91796718687475 10 2 23 3 426.783
0.875 0.843137254901961 0.898550724637681 0.953680022733731 0.89 0.823529411764706 0.959183673469388 0.935974389755902 1 3 23 3 426.783
0.916666666666667 0.901960784313726 0.927536231884058 0.975561238988349 0.89 0.823529411764706 0.959183673469388 0.980792316926771 2 3 23 3 426.783
