1 1 1 1 0.76 0.511111111111111 0.963636363636364 0.867070707070707 NA 1 18 1 25.366
1 1 1 1 0.76 0.511111111111111 0.963636363636364 0.83979797979798 5 2 18 1 25.366
1 1 1 1 0.76 0.511111111111111 0.963636363636364 0.83979797979798 8 2 18 1 25.366
1 1 1 1 0.77 0.533333333333333 0.963636363636364 0.839393939393939 10 2 18 1 25.366
1 1 1 1 0.8 0.622222222222222 0.945454545454545 0.925252525252525 1 3 18 1 25.366
1 1 1 1 0.81 0.6 0.981818181818182 0.916767676767677 2 3 18 1 25.366
1 1 1 1 0.83 0.666666666666667 0.963636363636364 0.890707070707071 NA 1 18 2 36.35
1 1 1 1 0.81 0.644444444444444 0.945454545454545 0.884444444444444 5 2 18 2 36.35
1 1 1 1 0.81 0.644444444444444 0.945454545454545 0.873939393939394 8 2 18 2 36.35
1 1 1 1 0.82 0.666666666666667 0.945454545454545 0.874343434343434 10 2 18 2 36.35
0.958333333333333 1 0.928571428571429 1 0.86 0.777777777777778 0.927272727272727 0.915959595959596 1 3 18 2 36.35
1 1 1 1 0.82 0.622222222222222 0.981818181818182 0.925656565656566 2 3 18 2 36.35
1 1 1 1 0.78 0.577777777777778 0.945454545454545 0.861010101010101 NA 1 18 3 46.795
1 1 1 1 0.79 0.6 0.945454545454545 0.85010101010101 5 2 18 3 46.795
1 1 1 1 0.79 0.6 0.945454545454545 0.850909090909091 8 2 18 3 46.795
1 1 1 1 0.79 0.6 0.945454545454545 0.851313131313131 10 2 18 3 46.795
0.958333333333333 1 0.928571428571429 1 0.83 0.688888888888889 0.945454545454545 0.924040404040404 1 3 18 3 46.795
1 1 1 1 0.81 0.6 0.981818181818182 0.907474747474747 2 3 18 3 46.795
