0.883333333333333 0.896551724137931 0.870967741935484 0.96384872080089 0.81 0.808510638297872 0.811320754716981 0.928944199116821 NA 1 17 1 179.99
0.966666666666667 0.982758620689655 0.951612903225806 0.995272525027809 0.95 0.978723404255319 0.924528301886792 0.985146527498996 5 2 17 1 179.99
0.966666666666667 0.982758620689655 0.951612903225806 0.997219132369299 0.97 1 0.943396226415094 0.983540746688077 8 2 17 1 179.99
0.991666666666667 1 0.983870967741935 1 0.9 0.914893617021277 0.886792452830189 0.916499397832196 10 2 17 1 179.99
0.883333333333333 0.913793103448276 0.854838709677419 0.96273637374861 0.8 0.829787234042553 0.773584905660377 0.923725411481333 1 3 17 1 179.99
0.958333333333333 0.96551724137931 0.951612903225806 0.993882091212458 0.88 0.829787234042553 0.924528301886792 0.955038137294259 2 3 17 1 179.99
0.866666666666667 0.879310344827586 0.854838709677419 0.961067853170189 0.82 0.829787234042553 0.811320754716981 0.928944199116821 NA 1 17 2 195.624
0.958333333333333 0.96551724137931 0.951612903225806 0.995272525027809 0.95 0.978723404255319 0.924528301886792 0.985949417904456 5 2 17 2 195.624
0.966666666666667 0.982758620689655 0.951612903225806 0.996662958843159 0.96 1 0.924528301886792 0.983139301485347 8 2 17 2 195.624
0.966666666666667 0.982758620689655 0.951612903225806 0.996662958843159 0.96 1 0.924528301886792 0.981934965877158 10 2 17 2 195.624
0.875 0.879310344827586 0.870967741935484 0.960233592880979 0.81 0.829787234042553 0.792452830188679 0.927338418305901 1 3 17 2 195.624
0.958333333333333 0.96551724137931 0.951612903225806 0.993882091212458 0.89 0.829787234042553 0.943396226415094 0.956242472902449 2 3 17 2 195.624
0.875 0.862068965517241 0.887096774193548 0.961624026696329 0.82 0.808510638297872 0.830188679245283 0.928141308711361 NA 1 17 3 353.51
0.966666666666667 0.982758620689655 0.951612903225806 0.996662958843159 0.95 0.978723404255319 0.924528301886792 0.977920513849859 5 2 17 3 353.51
0.975 0.982758620689655 0.967741935483871 0.997219132369299 0.94 0.936170212765957 0.943396226415094 0.982336411079888 8 2 17 3 353.51
1 1 1 1 0.89 0.914893617021277 0.867924528301887 0.911079887595343 10 2 17 3 353.51
0.891666666666667 0.896551724137931 0.887096774193548 0.959955506117909 0.82 0.851063829787234 0.792452830188679 0.920112404656764 1 3 17 3 353.51
0.958333333333333 0.96551724137931 0.951612903225806 0.994160177975528 0.88 0.829787234042553 0.924528301886792 0.956643918105179 2 3 17 3 353.51
