0.8375 0.864077669902913 0.809278350515464 0.915123611250125 0.79 0.711538461538462 0.875 0.901842948717949 NA 1 13 1 652.681
0.9425 0.946601941747573 0.938144329896907 0.983585226704034 0.9 0.903846153846154 0.895833333333333 0.963141025641026 5 2 13 1 652.681
0.9475 0.951456310679612 0.943298969072165 0.984611150035032 0.9 0.903846153846154 0.895833333333333 0.960336538461538 8 2 13 1 652.681
0.95 0.951456310679612 0.948453608247423 0.985036532879592 0.9 0.903846153846154 0.895833333333333 0.961538461538462 10 2 13 1 652.681
0.8375 0.868932038834951 0.804123711340206 0.915523971574417 0.77 0.730769230769231 0.8125 0.903846153846154 1 3 13 1 652.681
0.9425 0.941747572815534 0.943298969072165 0.982334100690622 0.83 0.807692307692308 0.854166666666667 0.947115384615385 2 3 13 1 652.681
0.84 0.864077669902913 0.814432989690722 0.91562406165549 0.79 0.730769230769231 0.854166666666667 0.900641025641026 NA 1 13 2 604.804
0.9425 0.946601941747573 0.938144329896907 0.983360024021619 0.9 0.903846153846154 0.895833333333333 0.962740384615385 5 2 13 2 604.804
0.9475 0.951456310679612 0.943298969072165 0.984310879791813 0.9 0.903846153846154 0.895833333333333 0.961538461538462 8 2 13 2 604.804
0.9475 0.951456310679612 0.943298969072165 0.98491142027825 0.9 0.903846153846154 0.895833333333333 0.962740384615385 10 2 13 2 604.804
0.8475 0.864077669902913 0.829896907216495 0.916424782304074 0.8 0.730769230769231 0.875 0.904246794871795 1 3 13 2 604.804
0.9425 0.941747572815534 0.943298969072165 0.982559303373036 0.83 0.788461538461538 0.875 0.947516025641026 2 3 13 2 604.804
0.8375 0.859223300970874 0.814432989690722 0.91434791312181 0.81 0.75 0.875 0.902644230769231 NA 1 13 3 1202.121
0.95 0.951456310679612 0.948453608247423 0.983860474426984 0.89 0.884615384615385 0.895833333333333 0.96474358974359 5 2 13 3 1202.121
0.9475 0.946601941747573 0.948453608247423 0.984360924832349 0.89 0.903846153846154 0.875 0.963141025641026 8 2 13 3 1202.121
0.9475 0.946601941747573 0.948453608247423 0.98491142027825 0.9 0.903846153846154 0.895833333333333 0.964342948717949 10 2 13 3 1202.121
0.845 0.868932038834951 0.819587628865979 0.914923431087979 0.78 0.730769230769231 0.833333333333333 0.901041666666667 1 3 13 3 1202.121
0.9475 0.951456310679612 0.943298969072165 0.98135822240016 0.83 0.807692307692308 0.854166666666667 0.945913461538462 2 3 13 3 1202.121
