0.925 0.928571428571429 0.921052631578947 0.957393483709273 0.87 0.846153846153846 0.895833333333333 0.92588141025641 NA 1 37 1 101.669
1 1 1 1 0.88 0.865384615384615 0.895833333333333 0.912860576923077 5 2 37 1 101.669
1 1 1 1 0.86 0.826923076923077 0.895833333333333 0.857572115384615 8 2 37 1 101.669
1 1 1 1 0.86 0.826923076923077 0.895833333333333 0.875400641025641 10 2 37 1 101.669
0.9125 0.952380952380952 0.868421052631579 0.958020050125313 0.86 0.846153846153846 0.875 0.919471153846154 1 3 37 1 101.669
0.95 0.976190476190476 0.921052631578947 0.991854636591479 0.86 0.826923076923077 0.895833333333333 0.939503205128205 2 3 37 1 101.669
0.9 0.904761904761905 0.894736842105263 0.957393483709273 0.87 0.846153846153846 0.895833333333333 0.927083333333333 NA 1 37 2 131.012
1 1 1 1 0.83 0.846153846153846 0.8125 0.863782051282051 5 2 37 2 131.012
1 1 1 1 0.85 0.826923076923077 0.875 0.857772435897436 8 2 37 2 131.012
1 1 1 1 0.88 0.846153846153846 0.916666666666667 0.88681891025641 10 2 37 2 131.012
0.9 0.952380952380952 0.842105263157895 0.957393483709273 0.87 0.865384615384615 0.875 0.919471153846154 1 3 37 2 131.012
0.95 0.976190476190476 0.921052631578947 0.992481203007519 0.84 0.865384615384615 0.8125 0.944711538461538 2 3 37 2 131.012
0.9125 0.928571428571429 0.894736842105263 0.954260651629073 0.87 0.846153846153846 0.895833333333333 0.925480769230769 NA 1 37 3 196.695
1 1 1 1 0.87 0.865384615384615 0.875 0.885016025641026 5 2 37 3 196.695
1 1 1 1 0.87 0.865384615384615 0.875 0.876402243589744 8 2 37 3 196.695
1 1 1 1 0.88 0.865384615384615 0.895833333333333 0.887019230769231 10 2 37 3 196.695
0.9 0.952380952380952 0.842105263157895 0.949248120300752 0.84 0.846153846153846 0.833333333333333 0.920673076923077 1 3 37 3 196.695
0.95 0.976190476190476 0.921052631578947 0.991228070175439 0.85 0.865384615384615 0.833333333333333 0.942708333333333 2 3 37 3 196.695
