1 1 1 1 0.75 0.722222222222222 0.782608695652174 0.788244766505636 NA 1 77 1 30.175
1 1 1 1 0.75 0.722222222222222 0.782608695652174 0.764090177133655 5 2 77 1 30.175
1 1 1 1 0.75 0.722222222222222 0.782608695652174 0.77133655394525 8 2 77 1 30.175
1 1 1 1 0.75 0.722222222222222 0.782608695652174 0.764492753623188 10 2 77 1 30.175
1 1 1 1 0.73 0.685185185185185 0.782608695652174 0.857487922705314 1 3 77 1 30.175
1 1 1 1 0.79 0.685185185185185 0.91304347826087 0.861916264090177 2 3 77 1 30.175
1 1 1 1 0.75 0.722222222222222 0.782608695652174 0.808574879227053 NA 1 77 2 37.385
1 1 1 1 0.75 0.722222222222222 0.782608695652174 0.794082125603865 5 2 77 2 37.385
1 1 1 1 0.75 0.722222222222222 0.782608695652174 0.794082125603865 8 2 77 2 37.385
1 1 1 1 0.75 0.722222222222222 0.782608695652174 0.793679549114332 10 2 77 2 37.385
1 1 1 1 0.73 0.685185185185185 0.782608695652174 0.852657004830918 1 3 77 2 37.385
1 1 1 1 0.78 0.666666666666667 0.91304347826087 0.861111111111111 2 3 77 2 37.385
1 1 1 1 0.75 0.703703703703704 0.804347826086957 0.803945249597424 NA 1 77 3 51.993
1 1 1 1 0.75 0.703703703703704 0.804347826086957 0.788446054750403 5 2 77 3 51.993
1 1 1 1 0.75 0.703703703703704 0.804347826086957 0.788848631239936 8 2 77 3 51.993
1 1 1 1 0.75 0.703703703703704 0.804347826086957 0.788446054750403 10 2 77 3 51.993
1 1 1 1 0.76 0.685185185185185 0.847826086956522 0.867149758454106 1 3 77 3 51.993
1 1 1 1 0.77 0.666666666666667 0.891304347826087 0.860708534621578 2 3 77 3 51.993
