0.8925 0.88265306122449 0.901960784313726 0.955707282913165 0.92 0.962962962962963 0.869565217391304 0.979468599033816 NA 1 43 1 753.749
0.9575 0.969387755102041 0.946078431372549 0.99124649859944 0.93 0.962962962962963 0.891304347826087 0.983494363929147 5 2 43 1 753.749
0.9625 0.969387755102041 0.955882352941177 0.991671668667467 0.93 0.962962962962963 0.891304347826087 0.977858293075684 8 2 43 1 753.749
0.97 0.969387755102041 0.970588235294118 0.994147659063625 0.91 0.944444444444444 0.869565217391304 0.976650563607085 10 2 43 1 753.749
0.885 0.88265306122449 0.887254901960784 0.954656862745098 0.92 0.962962962962963 0.869565217391304 0.979871175523349 1 3 43 1 753.749
0.9525 0.948979591836735 0.955882352941177 0.991021408563425 0.95 0.962962962962963 0.934782608695652 0.975040257648953 2 3 43 1 753.749
0.8925 0.88265306122449 0.901960784313726 0.956582633053221 0.92 0.962962962962963 0.869565217391304 0.980273752012882 NA 1 43 2 733.749
0.9575 0.969387755102041 0.946078431372549 0.991346538615446 0.93 0.962962962962963 0.891304347826087 0.983091787439614 5 2 43 2 733.749
0.9625 0.969387755102041 0.955882352941177 0.99172168867547 0.93 0.962962962962963 0.891304347826087 0.977858293075684 8 2 43 2 733.749
0.9725 0.974489795918367 0.970588235294118 0.994672869147659 0.9 0.925925925925926 0.869565217391304 0.977053140096618 10 2 43 2 733.749
0.89 0.892857142857143 0.887254901960784 0.955107042817127 0.93 0.981481481481482 0.869565217391304 0.979871175523349 1 3 43 2 733.749
0.95 0.943877551020408 0.955882352941177 0.991796718687475 0.95 0.962962962962963 0.934782608695652 0.97463768115942 2 3 43 2 733.749
0.89 0.88265306122449 0.897058823529412 0.955907362945178 0.92 0.962962962962963 0.869565217391304 0.980676328502415 NA 1 43 3 1258.049
0.9625 0.969387755102041 0.955882352941177 0.99109643857543 0.94 0.962962962962963 0.91304347826087 0.98389694041868 5 2 43 3 1258.049
0.96 0.969387755102041 0.950980392156863 0.991471588635454 0.93 0.962962962962963 0.891304347826087 0.979468599033816 8 2 43 3 1258.049
0.9725 0.969387755102041 0.975490196078431 0.993522408963585 0.92 0.962962962962963 0.869565217391304 0.981078904991948 10 2 43 3 1258.049
0.89 0.877551020408163 0.901960784313726 0.95453181272509 0.92 0.962962962962963 0.869565217391304 0.980676328502415 1 3 43 3 1258.049
0.955 0.948979591836735 0.96078431372549 0.990671268507403 0.95 0.962962962962963 0.934782608695652 0.976247987117552 2 3 43 3 1258.049
