0.858333333333333 0.897058823529412 0.807692307692308 0.927601809954751 0.87 0.804347826086957 0.925925925925926 0.910225442834139 NA 1 69 1 137.65
0.916666666666667 0.911764705882353 0.923076923076923 0.984445701357466 0.89 0.91304347826087 0.87037037037037 0.953301127214171 5 2 69 1 137.65
0.941666666666667 0.926470588235294 0.961538461538462 0.990384615384615 0.89 0.91304347826087 0.87037037037037 0.935587761674718 8 2 69 1 137.65
1 1 1 1 0.8 0.826086956521739 0.777777777777778 0.821658615136876 10 2 69 1 137.65
0.841666666666667 0.867647058823529 0.807692307692308 0.930712669683258 0.88 0.826086956521739 0.925925925925926 0.917471819645733 1 3 69 1 137.65
0.916666666666667 0.941176470588235 0.884615384615385 0.977092760180995 0.9 0.869565217391304 0.925925925925926 0.954911433172303 2 3 69 1 137.65
0.85 0.882352941176471 0.807692307692308 0.929864253393665 0.88 0.804347826086957 0.944444444444444 0.908615136876006 NA 1 69 2 94.786
0.916666666666667 0.911764705882353 0.923076923076923 0.98472850678733 0.88 0.891304347826087 0.87037037037037 0.954911433172303 5 2 69 2 94.786
0.933333333333333 0.911764705882353 0.961538461538462 0.989536199095023 0.88 0.891304347826087 0.87037037037037 0.939210950080515 8 2 69 2 94.786
1 1 1 1 0.83 0.804347826086957 0.851851851851852 0.839774557165861 10 2 69 2 94.786
0.841666666666667 0.867647058823529 0.807692307692308 0.930712669683258 0.88 0.826086956521739 0.925925925925926 0.919887278582931 1 3 69 2 94.786
0.925 0.955882352941177 0.884615384615385 0.977658371040724 0.9 0.869565217391304 0.925925925925926 0.95450885668277 2 3 69 2 94.786
0.858333333333333 0.897058823529412 0.807692307692308 0.925904977375566 0.87 0.804347826086957 0.925925925925926 0.911835748792271 NA 1 69 3 246.628
0.916666666666667 0.911764705882353 0.923076923076923 0.984162895927602 0.86 0.91304347826087 0.814814814814815 0.948872785829308 5 2 69 3 246.628
0.933333333333333 0.926470588235294 0.942307692307692 0.986142533936652 0.87 0.91304347826087 0.833333333333333 0.931964573268921 8 2 69 3 246.628
1 1 1 1 0.82 0.869565217391304 0.777777777777778 0.842995169082126 10 2 69 3 246.628
0.833333333333333 0.852941176470588 0.807692307692308 0.92816742081448 0.87 0.826086956521739 0.907407407407407 0.918679549114332 1 3 69 3 246.628
0.916666666666667 0.941176470588235 0.884615384615385 0.976527149321267 0.89 0.891304347826087 0.888888888888889 0.954911433172303 2 3 69 3 246.628
