0.8725 0.907317073170732 0.835897435897436 0.944540337711069 0.83 0.826086956521739 0.833333333333333 0.905797101449275 NA 1 62 1 854.632
0.9225 0.936585365853659 0.907692307692308 0.972482801751094 0.83 0.826086956521739 0.833333333333333 0.937600644122383 5 2 62 1 854.632
0.9175 0.921951219512195 0.912820512820513 0.977711069418386 0.88 0.891304347826087 0.87037037037037 0.944444444444444 8 2 62 1 854.632
0.9225 0.926829268292683 0.917948717948718 0.977786116322702 0.87 0.847826086956522 0.888888888888889 0.94524959742351 10 2 62 1 854.632
0.8675 0.907317073170732 0.825641025641026 0.944090056285178 0.83 0.826086956521739 0.833333333333333 0.90780998389694 1 3 62 1 854.632
0.925 0.941463414634146 0.907692307692308 0.976135084427767 0.84 0.826086956521739 0.851851851851852 0.929549114331723 2 3 62 1 854.632
0.8725 0.907317073170732 0.835897435897436 0.944740462789243 0.83 0.826086956521739 0.833333333333333 0.906199677938808 NA 1 62 2 953.34
0.92 0.931707317073171 0.907692307692308 0.972682926829268 0.83 0.826086956521739 0.833333333333333 0.937600644122383 5 2 62 2 953.34
0.92 0.921951219512195 0.917948717948718 0.978211382113821 0.86 0.847826086956522 0.87037037037037 0.946457326892109 8 2 62 2 953.34
0.9225 0.921951219512195 0.923076923076923 0.97833646028768 0.87 0.847826086956522 0.888888888888889 0.947262479871176 10 2 62 2 953.34
0.865 0.907317073170732 0.82051282051282 0.944765478424015 0.84 0.826086956521739 0.851851851851852 0.90780998389694 1 3 62 2 953.34
0.9225 0.941463414634146 0.902564102564103 0.975859912445278 0.84 0.826086956521739 0.851851851851852 0.930756843800322 2 3 62 2 953.34
0.8725 0.907317073170732 0.835897435897436 0.943264540337711 0.83 0.826086956521739 0.833333333333333 0.901368760064412 NA 1 62 3 1511.141
0.9275 0.936585365853659 0.917948717948718 0.972257661038149 0.83 0.826086956521739 0.833333333333333 0.937600644122383 5 2 62 3 1511.141
0.92 0.926829268292683 0.912820512820513 0.9764602876798 0.87 0.869565217391304 0.87037037037037 0.942431561996779 8 2 62 3 1511.141
0.9275 0.931707317073171 0.923076923076923 0.977060662914321 0.89 0.891304347826087 0.888888888888889 0.944444444444444 10 2 62 3 1511.141
0.8625 0.902439024390244 0.82051282051282 0.943289555972483 0.84 0.847826086956522 0.833333333333333 0.904186795491143 1 3 62 3 1511.141
0.9225 0.931707317073171 0.912820512820513 0.975809881175735 0.84 0.826086956521739 0.851851851851852 0.929951690821256 2 3 62 3 1511.141
