0.9 0.91304347826087 0.882352941176471 0.966751918158568 0.85 0.851851851851852 0.847826086956522 0.934782608695652 NA 1 33 1 52.749
1 1 1 1 0.81 0.833333333333333 0.782608695652174 0.849838969404187 5 2 33 1 52.749
1 1 1 1 0.8 0.833333333333333 0.760869565217391 0.888083735909823 8 2 33 1 52.749
1 1 1 1 0.87 0.907407407407407 0.826086956521739 0.893921095008052 10 2 33 1 52.749
0.875 0.956521739130435 0.764705882352941 0.966751918158568 0.84 0.888888888888889 0.782608695652174 0.931159420289855 1 3 33 1 52.749
1 1 1 1 0.76 0.759259259259259 0.760869565217391 0.851449275362319 2 3 33 1 52.749
0.9 0.91304347826087 0.882352941176471 0.964194373401535 0.85 0.851851851851852 0.847826086956522 0.936392914653784 NA 1 33 2 62.689
1 1 1 1 0.85 0.851851851851852 0.847826086956522 0.880837359098229 5 2 33 2 62.689
1 1 1 1 0.83 0.833333333333333 0.826086956521739 0.878220611916264 8 2 33 2 62.689
1 1 1 1 0.77 0.796296296296296 0.739130434782609 0.836553945249597 10 2 33 2 62.689
0.875 0.956521739130435 0.764705882352941 0.966751918158568 0.84 0.888888888888889 0.782608695652174 0.935185185185185 1 3 33 2 62.689
1 1 1 1 0.77 0.777777777777778 0.760869565217391 0.861111111111111 2 3 33 2 62.689
0.9 0.91304347826087 0.882352941176471 0.964194373401535 0.85 0.851851851851852 0.847826086956522 0.935185185185185 NA 1 33 3 103.825
0.975 0.956521739130435 1 0.994884910485934 0.8 0.796296296296296 0.804347826086957 0.831320450885668 5 2 33 3 103.825
1 1 1 1 0.72 0.685185185185185 0.760869565217391 0.805152979066022 8 2 33 3 103.825
1 1 1 1 0.82 0.814814814814815 0.826086956521739 0.867149758454106 10 2 33 3 103.825
0.875 0.956521739130435 0.764705882352941 0.966751918158568 0.83 0.87037037037037 0.782608695652174 0.939613526570048 1 3 33 3 103.825
1 1 1 1 0.75 0.796296296296296 0.695652173913043 0.86634460547504 2 3 33 3 103.825
