1 1 1 1 0.83 0.810344827586207 0.857142857142857 0.86555829228243 NA 1 78 1 22.421
1 1 1 1 0.82 0.793103448275862 0.857142857142857 0.865353037766831 5 2 78 1 22.421
1 1 1 1 0.83 0.810344827586207 0.857142857142857 0.866174055829228 8 2 78 1 22.421
1 1 1 1 0.83 0.810344827586207 0.857142857142857 0.866174055829228 10 2 78 1 22.421
0.958333333333333 1 0.9 1 0.83 0.879310344827586 0.761904761904762 0.899014778325123 1 3 78 1 22.421
0.958333333333333 1 0.9 0.992857142857143 0.81 0.810344827586207 0.80952380952381 0.876436781609195 2 3 78 1 22.421
1 1 1 1 0.83 0.810344827586207 0.857142857142857 0.866174055829228 NA 1 78 2 35.696
1 1 1 1 0.82 0.793103448275862 0.857142857142857 0.861042692939245 5 2 78 2 35.696
1 1 1 1 0.81 0.793103448275862 0.833333333333333 0.861453201970443 8 2 78 2 35.696
1 1 1 1 0.81 0.793103448275862 0.833333333333333 0.861453201970443 10 2 78 2 35.696
0.958333333333333 1 0.9 1 0.82 0.879310344827586 0.738095238095238 0.888341543513957 1 3 78 2 35.696
0.958333333333333 1 0.9 0.992857142857143 0.81 0.827586206896552 0.785714285714286 0.879310344827586 2 3 78 2 35.696
1 1 1 1 0.82 0.793103448275862 0.857142857142857 0.871100164203612 NA 1 78 3 34.979
1 1 1 1 0.81 0.793103448275862 0.833333333333333 0.860426929392447 5 2 78 3 34.979
1 1 1 1 0.81 0.793103448275862 0.833333333333333 0.869047619047619 8 2 78 3 34.979
1 1 1 1 0.81 0.775862068965517 0.857142857142857 0.875821018062397 10 2 78 3 34.979
0.958333333333333 1 0.9 1 0.83 0.879310344827586 0.761904761904762 0.892036124794745 1 3 78 3 34.979
0.958333333333333 1 0.9 0.992857142857143 0.81 0.827586206896552 0.785714285714286 0.884646962233169 2 3 78 3 34.979
