1 1 1 1 0.85 0.804347826086957 0.888888888888889 0.888486312399356 NA 1 14 1 47.413
1 1 1 1 0.85 0.804347826086957 0.888888888888889 0.864533011272142 5 2 14 1 47.413
1 1 1 1 0.85 0.804347826086957 0.888888888888889 0.856280193236715 8 2 14 1 47.413
1 1 1 1 0.85 0.804347826086957 0.888888888888889 0.864533011272142 10 2 14 1 47.413
0.95 1 0.91304347826087 0.994884910485934 0.88 0.869565217391304 0.888888888888889 0.951288244766506 1 3 14 1 47.413
0.95 0.941176470588235 0.956521739130435 0.997442455242967 0.87 0.847826086956522 0.888888888888889 0.941626409017713 2 3 14 1 47.413
1 1 1 1 0.85 0.869565217391304 0.833333333333333 0.882648953301127 NA 1 14 2 59.8
1 1 1 1 0.85 0.869565217391304 0.833333333333333 0.874798711755233 5 2 14 2 59.8
1 1 1 1 0.85 0.869565217391304 0.833333333333333 0.874798711755233 8 2 14 2 59.8
1 1 1 1 0.85 0.869565217391304 0.833333333333333 0.882648953301127 10 2 14 2 59.8
0.95 1 0.91304347826087 0.9846547314578 0.85 0.869565217391304 0.833333333333333 0.955716586151369 1 3 14 2 59.8
0.95 0.941176470588235 0.956521739130435 0.997442455242967 0.85 0.782608695652174 0.907407407407407 0.951690821256039 2 3 14 2 59.8
1 1 1 1 0.89 0.91304347826087 0.87037037037037 0.902375201288245 NA 1 14 3 89.229
1 1 1 1 0.89 0.91304347826087 0.87037037037037 0.894122383252818 5 2 14 3 89.229
1 1 1 1 0.89 0.91304347826087 0.87037037037037 0.894122383252818 8 2 14 3 89.229
1 1 1 1 0.88 0.891304347826087 0.87037037037037 0.890901771336554 10 2 14 3 89.229
0.95 1 0.91304347826087 0.9923273657289 0.87 0.869565217391304 0.87037037037037 0.950885668276973 1 3 14 3 89.229
0.95 0.941176470588235 0.956521739130435 0.997442455242967 0.85 0.804347826086957 0.888888888888889 0.948067632850242 2 3 14 3 89.229
