0.845 0.889908256880734 0.791208791208791 0.931243068857748 0.84 0.901960784313726 0.775510204081633 0.932773109243697 NA 1 55 1 479.507
0.965 0.972477064220184 0.956043956043956 0.994253452969049 0.93 0.941176470588235 0.918367346938776 0.97999199679872 5 2 55 1 479.507
0.97 0.972477064220184 0.967032967032967 0.995463252343986 0.93 0.941176470588235 0.918367346938776 0.976390556222489 8 2 55 1 479.507
0.96 0.972477064220184 0.945054945054945 0.99526161911483 0.91 0.941176470588235 0.877551020408163 0.974789915966387 10 2 55 1 479.507
0.85 0.889908256880734 0.802197802197802 0.929327553180764 0.87 0.92156862745098 0.816326530612245 0.928371348539416 1 3 55 1 479.507
0.96 0.972477064220184 0.945054945054945 0.990321605000504 0.87 0.901960784313726 0.836734693877551 0.955182072829132 2 3 55 1 479.507
0.855 0.899082568807339 0.802197802197802 0.929226736566186 0.84 0.882352941176471 0.795918367346939 0.931172468987595 NA 1 55 2 496.331
0.965 0.972477064220184 0.956043956043956 0.994051819739893 0.92 0.941176470588235 0.897959183673469 0.979191676670668 5 2 55 2 496.331
0.965 0.972477064220184 0.956043956043956 0.994959169271096 0.93 0.941176470588235 0.918367346938776 0.976790716286515 8 2 55 2 496.331
0.97 0.963302752293578 0.978021978021978 0.997177134791814 0.93 0.941176470588235 0.918367346938776 0.97358943577431 10 2 55 2 496.331
0.845 0.880733944954128 0.802197802197802 0.927815303962093 0.85 0.901960784313726 0.795918367346939 0.927170868347339 1 3 55 2 496.331
0.95 0.972477064220184 0.923076923076923 0.989414255469301 0.88 0.882352941176471 0.877551020408163 0.955182072829132 2 3 55 2 496.331
0.84 0.889908256880734 0.78021978021978 0.927311220889203 0.83 0.862745098039216 0.795918367346939 0.930772308923569 NA 1 55 3 851.427
0.965 0.972477064220184 0.956043956043956 0.994051819739893 0.92 0.941176470588235 0.897959183673469 0.979591836734694 5 2 55 3 851.427
0.97 0.972477064220184 0.967032967032967 0.997782034479282 0.93 0.96078431372549 0.897959183673469 0.973989595838335 8 2 55 3 851.427
0.97 0.972477064220184 0.967032967032967 0.998185300937594 0.93 0.96078431372549 0.897959183673469 0.97358943577431 10 2 55 3 851.427
0.835 0.899082568807339 0.758241758241758 0.926706321201734 0.83 0.882352941176471 0.775510204081633 0.925170068027211 1 3 55 3 851.427
0.955 0.981651376146789 0.923076923076923 0.989313438854723 0.88 0.901960784313726 0.857142857142857 0.953981592637055 2 3 55 3 851.427
