0.9125 0.926829268292683 0.897435897435897 0.976235146966854 0.9 0.86 0.94 0.9764 NA 1 51 1 100.015
1 1 1 1 0.9 0.86 0.94 0.9082 5 2 51 1 100.015
1 1 1 1 0.93 0.9 0.96 0.929 8 2 51 1 100.015
1 1 1 1 0.93 0.94 0.92 0.9482 10 2 51 1 100.015
0.925 1 0.846153846153846 0.974984365228268 0.9 0.92 0.88 0.974 1 3 51 1 100.015
0.9625 0.975609756097561 0.948717948717949 0.995622263914947 0.92 0.9 0.94 0.9732 2 3 51 1 100.015
0.925 0.926829268292683 0.923076923076923 0.978736710444028 0.92 0.9 0.94 0.9772 NA 1 51 2 130.25
1 1 1 1 0.88 0.86 0.9 0.884 5 2 51 2 130.25
1 1 1 1 0.9 0.9 0.9 0.917 8 2 51 2 130.25
1 1 1 1 0.89 0.86 0.92 0.9066 10 2 51 2 130.25
0.9125 0.951219512195122 0.871794871794872 0.978736710444028 0.88 0.9 0.86 0.9756 1 3 51 2 130.25
0.9625 0.975609756097561 0.948717948717949 0.997498436522827 0.91 0.88 0.94 0.9724 2 3 51 2 130.25
0.925 0.926829268292683 0.923076923076923 0.978111319574734 0.93 0.92 0.94 0.9772 NA 1 51 3 219.343
1 1 1 1 0.88 0.86 0.9 0.8878 5 2 51 3 219.343
1 1 1 1 0.87 0.8 0.94 0.915 8 2 51 3 219.343
1 1 1 1 0.88 0.86 0.9 0.9312 10 2 51 3 219.343
0.9375 0.975609756097561 0.897435897435897 0.976860537836148 0.88 0.9 0.86 0.974 1 3 51 3 219.343
0.95 0.975609756097561 0.923076923076923 0.997498436522827 0.91 0.9 0.92 0.9728 2 3 51 3 219.343
