0.808333333333333 0.816666666666667 0.8 0.888055555555555 0.87 0.872340425531915 0.867924528301887 0.877157767964673 NA 1 78 1 267.577
0.941666666666667 0.95 0.933333333333333 0.989444444444444 0.82 0.765957446808511 0.867924528301887 0.910477719791248 5 2 78 1 267.577
0.941666666666667 0.95 0.933333333333333 0.990277777777778 0.81 0.723404255319149 0.886792452830189 0.913287836210357 8 2 78 1 267.577
0.958333333333333 0.966666666666667 0.95 0.991111111111111 0.83 0.765957446808511 0.886792452830189 0.912886391007627 10 2 78 1 267.577
0.791666666666667 0.816666666666667 0.766666666666667 0.891944444444444 0.84 0.829787234042553 0.849056603773585 0.870734644720996 1 3 78 1 267.577
0.908333333333333 0.883333333333333 0.933333333333333 0.978055555555556 0.82 0.74468085106383 0.886792452830189 0.90646326776395 2 3 78 1 267.577
0.833333333333333 0.833333333333333 0.833333333333333 0.898611111111111 0.83 0.829787234042553 0.830188679245283 0.876354877559213 NA 1 78 2 228.877
0.941666666666667 0.95 0.933333333333333 0.9875 0.84 0.808510638297872 0.867924528301887 0.922521075873143 5 2 78 2 228.877
0.95 0.966666666666667 0.933333333333333 0.988888888888889 0.84 0.808510638297872 0.867924528301887 0.922922521075873 8 2 78 2 228.877
0.95 0.966666666666667 0.933333333333333 0.989166666666667 0.83 0.787234042553192 0.867924528301887 0.923323966278603 10 2 78 2 228.877
0.816666666666667 0.833333333333333 0.8 0.898611111111111 0.82 0.829787234042553 0.811320754716981 0.873544761140104 1 3 78 2 228.877
0.925 0.916666666666667 0.933333333333333 0.983611111111111 0.81 0.723404255319149 0.886792452830189 0.904857486953031 2 3 78 2 228.877
0.841666666666667 0.85 0.833333333333333 0.895833333333333 0.85 0.851063829787234 0.849056603773585 0.874347651545564 NA 1 78 3 441.962
0.941666666666667 0.95 0.933333333333333 0.987222222222222 0.84 0.808510638297872 0.867924528301887 0.921316740264954 5 2 78 3 441.962
0.95 0.966666666666667 0.933333333333333 0.9875 0.84 0.808510638297872 0.867924528301887 0.922521075873143 8 2 78 3 441.962
0.95 0.966666666666667 0.933333333333333 0.987222222222222 0.84 0.787234042553192 0.886792452830189 0.923725411481333 10 2 78 3 441.962
0.816666666666667 0.833333333333333 0.8 0.8975 0.82 0.851063829787234 0.792452830188679 0.865917302288238 1 3 78 3 441.962
0.925 0.916666666666667 0.933333333333333 0.981388888888889 0.81 0.74468085106383 0.867924528301887 0.902448815736652 2 3 78 3 441.962
