0.8875 0.923076923076923 0.821428571428571 0.971153846153846 0.81 0.897959183673469 0.725490196078431 0.901160464185674 NA 1 90 1 114.097
1 1 1 1 0.81 0.877551020408163 0.745098039215686 0.84093637454982 5 2 90 1 114.097
1 1 1 1 0.81 0.857142857142857 0.764705882352941 0.836934773909564 8 2 90 1 114.097
1 1 1 1 0.8 0.857142857142857 0.745098039215686 0.821928771508603 10 2 90 1 114.097
0.9 0.961538461538462 0.785714285714286 0.96978021978022 0.77 0.897959183673469 0.647058823529412 0.907162865146058 1 3 90 1 114.097
0.9625 0.961538461538462 0.964285714285714 0.992445054945055 0.85 0.877551020408163 0.823529411764706 0.949579831932773 2 3 90 1 114.097
0.9 0.923076923076923 0.857142857142857 0.975961538461538 0.8 0.877551020408163 0.725490196078431 0.897158863545418 NA 1 90 2 158.566
1 1 1 1 0.82 0.877551020408163 0.764705882352941 0.840536214485794 5 2 90 2 158.566
1 1 1 1 0.84 0.877551020408163 0.803921568627451 0.838735494197679 8 2 90 2 158.566
1 1 1 1 0.84 0.877551020408163 0.803921568627451 0.85234093637455 10 2 90 2 158.566
0.9 0.961538461538462 0.785714285714286 0.972527472527473 0.78 0.897959183673469 0.666666666666667 0.907162865146058 1 3 90 2 158.566
0.975 0.961538461538462 1 0.994505494505495 0.85 0.877551020408163 0.823529411764706 0.946778711484594 2 3 90 2 158.566
0.9 0.923076923076923 0.857142857142857 0.971840659340659 0.79 0.877551020408163 0.705882352941177 0.893157262905162 NA 1 90 3 199.062
1 1 1 1 0.81 0.877551020408163 0.745098039215686 0.843337334933974 5 2 90 3 199.062
1 1 1 1 0.77 0.836734693877551 0.705882352941177 0.845538215286115 8 2 90 3 199.062
1 1 1 1 0.8 0.857142857142857 0.745098039215686 0.823529411764706 10 2 90 3 199.062
0.875 0.923076923076923 0.785714285714286 0.964972527472527 0.8 0.897959183673469 0.705882352941177 0.907162865146058 1 3 90 3 199.062
0.95 0.942307692307692 0.964285714285714 0.995192307692308 0.87 0.857142857142857 0.882352941176471 0.947178871548619 2 3 90 3 199.062
