0.95 0.95 0.95 0.9775 0.89 0.840909090909091 0.928571428571429 0.953733766233766 NA 1 71 1 40.234
1 1 1 1 0.78 0.727272727272727 0.821428571428571 0.774350649350649 5 2 71 1 40.234
1 1 1 1 0.79 0.795454545454545 0.785714285714286 0.818587662337662 8 2 71 1 40.234
1 1 1 1 0.8 0.727272727272727 0.857142857142857 0.788961038961039 10 2 71 1 40.234
0.9 0.95 0.85 0.975 0.89 0.886363636363636 0.892857142857143 0.948457792207792 1 3 71 1 40.234
0.95 1 0.9 0.9675 0.86 0.863636363636364 0.857142857142857 0.928165584415584 2 3 71 1 40.234
0.95 0.95 0.95 0.9825 0.91 0.886363636363636 0.928571428571429 0.958198051948052 NA 1 71 2 51.923
1 1 1 1 0.76 0.795454545454545 0.732142857142857 0.859375 5 2 71 2 51.923
1 1 1 1 0.72 0.840909090909091 0.625 0.794845779220779 8 2 71 2 51.923
1 1 1 1 0.86 0.795454545454545 0.910714285714286 0.882102272727273 10 2 71 2 51.923
0.925 0.95 0.9 0.98 0.91 0.909090909090909 0.910714285714286 0.958198051948052 1 3 71 2 51.923
0.95 1 0.9 0.985 0.86 0.840909090909091 0.875 0.934659090909091 2 3 71 2 51.923
0.95 0.95 0.95 0.9825 0.91 0.886363636363636 0.928571428571429 0.955762987012987 NA 1 71 3 79.048
0.975 1 0.95 0.99 0.89 0.909090909090909 0.875 0.969561688311688 5 2 71 3 79.048
1 1 1 1 0.78 0.840909090909091 0.732142857142857 0.812094155844156 8 2 71 3 79.048
1 1 1 1 0.75 0.704545454545455 0.785714285714286 0.777597402597403 10 2 71 3 79.048
0.925 0.95 0.9 0.985 0.9 0.886363636363636 0.910714285714286 0.957386363636364 1 3 71 3 79.048
0.95 1 0.9 0.9675 0.88 0.886363636363636 0.875 0.933847402597403 2 3 71 3 79.048
