0.885 0.872448979591837 0.897058823529412 0.950205082032813 0.86 0.854166666666667 0.865384615384615 0.956730769230769 NA 1 20 1 963.935
0.92 0.913265306122449 0.926470588235294 0.979541816726691 0.94 0.958333333333333 0.923076923076923 0.987580128205128 5 2 20 1 963.935
0.92 0.913265306122449 0.926470588235294 0.98061724689876 0.94 0.958333333333333 0.923076923076923 0.983974358974359 8 2 20 1 963.935
0.92 0.913265306122449 0.926470588235294 0.981142456982793 0.94 0.958333333333333 0.923076923076923 0.980769230769231 10 2 20 1 963.935
0.8875 0.872448979591837 0.901960784313726 0.949354741896759 0.86 0.854166666666667 0.865384615384615 0.955929487179487 1 3 20 1 963.935
0.935 0.928571428571429 0.941176470588235 0.984243697478992 0.92 0.895833333333333 0.942307692307692 0.985977564102564 2 3 20 1 963.935
0.885 0.872448979591837 0.897058823529412 0.950480192076831 0.86 0.854166666666667 0.865384615384615 0.956730769230769 NA 1 20 2 872.151
0.92 0.913265306122449 0.926470588235294 0.979516806722689 0.94 0.958333333333333 0.923076923076923 0.987179487179487 5 2 20 2 872.151
0.9225 0.913265306122449 0.931372549019608 0.980367146858743 0.94 0.958333333333333 0.923076923076923 0.985176282051282 8 2 20 2 872.151
0.92 0.913265306122449 0.926470588235294 0.980867346938776 0.94 0.958333333333333 0.923076923076923 0.982371794871795 10 2 20 2 872.151
0.885 0.86734693877551 0.901960784313726 0.949154661864746 0.86 0.854166666666667 0.865384615384615 0.954326923076923 1 3 20 2 872.151
0.9275 0.913265306122449 0.941176470588235 0.983618447378952 0.92 0.895833333333333 0.942307692307692 0.985176282051282 2 3 20 2 872.151
0.885 0.877551020408163 0.892156862745098 0.949779911964786 0.87 0.854166666666667 0.884615384615385 0.954326923076923 NA 1 20 3 1783.525
0.92 0.913265306122449 0.926470588235294 0.979716886754702 0.94 0.958333333333333 0.923076923076923 0.987580128205128 5 2 20 3 1783.525
0.92 0.913265306122449 0.926470588235294 0.981117446978792 0.94 0.958333333333333 0.923076923076923 0.983974358974359 8 2 20 3 1783.525
0.92 0.913265306122449 0.926470588235294 0.981692677070828 0.94 0.958333333333333 0.923076923076923 0.979967948717949 10 2 20 3 1783.525
0.885 0.86734693877551 0.901960784313726 0.948629451780712 0.86 0.854166666666667 0.865384615384615 0.953926282051282 1 3 20 3 1783.525
0.9425 0.938775510204082 0.946078431372549 0.985269107643057 0.93 0.916666666666667 0.942307692307692 0.985977564102564 2 3 20 3 1783.525
