0.855 0.842105263157895 0.866666666666667 0.926817042606516 0.89 0.833333333333333 0.931034482758621 0.923234811165846 NA 1 73 1 458.656
0.92 0.926315789473684 0.914285714285714 0.977744360902256 0.88 0.833333333333333 0.913793103448276 0.96551724137931 5 2 73 1 458.656
0.93 0.936842105263158 0.923809523809524 0.978646616541353 0.89 0.857142857142857 0.913793103448276 0.96551724137931 8 2 73 1 458.656
0.925 0.936842105263158 0.914285714285714 0.979348370927318 0.89 0.857142857142857 0.913793103448276 0.965927750410509 10 2 73 1 458.656
0.85 0.842105263157895 0.857142857142857 0.92531328320802 0.89 0.833333333333333 0.931034482758621 0.92487684729064 1 3 73 1 458.656
0.925 0.926315789473684 0.923809523809524 0.980350877192982 0.87 0.785714285714286 0.931034482758621 0.957717569786535 2 3 73 1 458.656
0.845 0.821052631578947 0.866666666666667 0.926416040100251 0.89 0.833333333333333 0.931034482758621 0.925287356321839 NA 1 73 2 360.835
0.92 0.926315789473684 0.914285714285714 0.977744360902256 0.89 0.857142857142857 0.913793103448276 0.964285714285714 5 2 73 2 360.835
0.93 0.936842105263158 0.923809523809524 0.978245614035088 0.89 0.857142857142857 0.913793103448276 0.964285714285714 8 2 73 2 360.835
0.93 0.936842105263158 0.923809523809524 0.979248120300752 0.88 0.857142857142857 0.896551724137931 0.963875205254516 10 2 73 2 360.835
0.85 0.842105263157895 0.857142857142857 0.925914786967419 0.89 0.833333333333333 0.931034482758621 0.922413793103448 1 3 73 2 360.835
0.93 0.936842105263158 0.923809523809524 0.979749373433584 0.87 0.785714285714286 0.931034482758621 0.959770114942529 2 3 73 2 360.835
0.86 0.852631578947368 0.866666666666667 0.924210526315789 0.87 0.785714285714286 0.931034482758621 0.922824302134647 NA 1 73 3 768.813
0.92 0.926315789473684 0.914285714285714 0.97734335839599 0.89 0.833333333333333 0.931034482758621 0.967980295566502 5 2 73 3 768.813
0.925 0.936842105263158 0.914285714285714 0.978446115288221 0.89 0.857142857142857 0.913793103448276 0.965927750410509 8 2 73 3 768.813
0.925 0.936842105263158 0.914285714285714 0.979548872180451 0.89 0.857142857142857 0.913793103448276 0.967569786535304 10 2 73 3 768.813
0.85 0.842105263157895 0.857142857142857 0.923709273182957 0.87 0.785714285714286 0.931034482758621 0.923645320197044 1 3 73 3 768.813
0.925 0.926315789473684 0.923809523809524 0.979749373433584 0.86 0.785714285714286 0.913793103448276 0.955665024630542 2 3 73 3 768.813
