0.841666666666667 0.887096774193548 0.793103448275862 0.92714126807564 0.79 0.775510204081633 0.803921568627451 0.861944777911164 NA 1 79 1 214.139
0.958333333333333 0.967741935483871 0.948275862068966 0.995828698553949 0.86 0.877551020408163 0.843137254901961 0.923569427771108 5 2 79 1 214.139
1 1 1 1 0.81 0.897959183673469 0.725490196078431 0.822729091636655 8 2 79 1 214.139
1 1 1 1 0.85 0.897959183673469 0.803921568627451 0.865546218487395 10 2 79 1 214.139
0.841666666666667 0.870967741935484 0.810344827586207 0.930756395995551 0.79 0.795918367346939 0.784313725490196 0.857943177270908 1 3 79 1 214.139
0.941666666666667 0.951612903225806 0.931034482758621 0.982758620689655 0.79 0.755102040816326 0.823529411764706 0.886754701880752 2 3 79 1 214.139
0.841666666666667 0.887096774193548 0.793103448275862 0.92853170189099 0.8 0.775510204081633 0.823529411764706 0.864345738295318 NA 1 79 2 229.437
0.95 0.951612903225806 0.948275862068966 0.995272525027809 0.87 0.877551020408163 0.862745098039216 0.919167667066827 5 2 79 2 229.437
0.966666666666667 0.967741935483871 0.96551724137931 0.997497219132369 0.84 0.857142857142857 0.823529411764706 0.887955182072829 8 2 79 2 229.437
1 1 1 1 0.84 0.877551020408163 0.803921568627451 0.845338135254102 10 2 79 2 229.437
0.875 0.887096774193548 0.862068965517241 0.932424916573971 0.79 0.795918367346939 0.784313725490196 0.86234493797519 1 3 79 2 229.437
0.941666666666667 0.951612903225806 0.931034482758621 0.983314794215795 0.8 0.775510204081633 0.823529411764706 0.889155662264906 2 3 79 2 229.437
0.833333333333333 0.887096774193548 0.775862068965517 0.925472747497219 0.79 0.775510204081633 0.803921568627451 0.857943177270908 NA 1 79 3 432.904
0.966666666666667 0.967741935483871 0.96551724137931 0.996106785317019 0.86 0.877551020408163 0.843137254901961 0.91796718687475 5 2 79 3 432.904
1 1 1 1 0.82 0.857142857142857 0.784313725490196 0.825330132052821 8 2 79 3 432.904
1 1 1 1 0.82 0.857142857142857 0.784313725490196 0.822729091636655 10 2 79 3 432.904
0.841666666666667 0.887096774193548 0.793103448275862 0.930478309232481 0.76 0.755102040816326 0.764705882352941 0.850340136054422 1 3 79 3 432.904
0.933333333333333 0.951612903225806 0.913793103448276 0.982202447163515 0.79 0.755102040816326 0.823529411764706 0.881552621048419 2 3 79 3 432.904
