0.891666666666667 0.894736842105263 0.888888888888889 0.962127541074909 0.83 0.784313725490196 0.877551020408163 0.89155662264906 NA 1 56 1 190.986
0.95 0.947368421052632 0.952380952380952 0.988025619604567 0.85 0.843137254901961 0.857142857142857 0.932773109243697 5 2 56 1 190.986
1 1 1 1 0.83 0.784313725490196 0.877551020408163 0.846938775510204 8 2 56 1 190.986
1 1 1 1 0.84 0.823529411764706 0.857142857142857 0.849739895958383 10 2 56 1 190.986
0.883333333333333 0.859649122807018 0.904761904761905 0.961013645224172 0.84 0.784313725490196 0.897959183673469 0.900360144057623 1 3 56 1 190.986
0.941666666666667 0.964912280701754 0.920634920634921 0.986911723753829 0.87 0.843137254901961 0.897959183673469 0.917567026810724 2 3 56 1 190.986
0.891666666666667 0.87719298245614 0.904761904761905 0.960456697298803 0.82 0.784313725490196 0.857142857142857 0.892356942777111 NA 1 56 2 199.604
0.95 0.947368421052632 0.952380952380952 0.988025619604567 0.85 0.843137254901961 0.857142857142857 0.935574229691877 5 2 56 2 199.604
1 1 1 1 0.83 0.803921568627451 0.857142857142857 0.838735494197679 8 2 56 2 199.604
1 1 1 1 0.84 0.823529411764706 0.857142857142857 0.850340136054422 10 2 56 2 199.604
0.891666666666667 0.87719298245614 0.904761904761905 0.960735171261487 0.83 0.784313725490196 0.877551020408163 0.899559823929572 1 3 56 2 199.604
0.95 0.964912280701754 0.936507936507937 0.986911723753829 0.87 0.843137254901961 0.897959183673469 0.916766706682673 2 3 56 2 199.604
0.891666666666667 0.894736842105263 0.888888888888889 0.962684489000278 0.83 0.784313725490196 0.877551020408163 0.893957583033213 NA 1 56 3 340.204
0.95 0.947368421052632 0.952380952380952 0.988025619604567 0.86 0.862745098039216 0.857142857142857 0.936374549819928 5 2 56 3 340.204
1 1 1 1 0.84 0.843137254901961 0.836734693877551 0.845138055222089 8 2 56 3 340.204
1 1 1 1 0.84 0.803921568627451 0.877551020408163 0.85734293717487 10 2 56 3 340.204
0.883333333333333 0.87719298245614 0.888888888888889 0.962684489000278 0.83 0.784313725490196 0.877551020408163 0.903961584633854 1 3 56 3 340.204
0.933333333333333 0.947368421052632 0.920634920634921 0.98635477582846 0.87 0.843137254901961 0.897959183673469 0.919567827130852 2 3 56 3 340.204
