0.85 0.894736842105263 0.80952380952381 0.932330827067669 0.84 0.760869565217391 0.907407407407407 0.936392914653784 NA 1 57 1 103.314
0.925 0.921052631578947 0.928571428571429 0.980576441102757 0.92 0.91304347826087 0.925925925925926 0.979468599033816 5 2 57 1 103.314
0.9875 0.973684210526316 1 0.982769423558897 0.79 0.891304347826087 0.703703703703704 0.87037037037037 8 2 57 1 103.314
1 1 1 1 0.93 0.91304347826087 0.944444444444444 0.950684380032206 10 2 57 1 103.314
0.825 0.894736842105263 0.761904761904762 0.93984962406015 0.84 0.826086956521739 0.851851851851852 0.938003220611916 1 3 57 1 103.314
0.925 0.947368421052632 0.904761904761905 0.988721804511278 0.88 0.847826086956522 0.907407407407407 0.95048309178744 2 3 57 1 103.314
0.85 0.894736842105263 0.80952380952381 0.929197994987469 0.83 0.760869565217391 0.888888888888889 0.940418679549114 NA 1 57 2 125.629
0.9125 0.894736842105263 0.928571428571429 0.981829573934837 0.93 0.934782608695652 0.925925925925926 0.980273752012882 5 2 57 2 125.629
1 1 1 1 0.83 0.847826086956522 0.814814814814815 0.859903381642512 8 2 57 2 125.629
1 1 1 1 0.88 0.847826086956522 0.907407407407407 0.93377616747182 10 2 57 2 125.629
0.825 0.868421052631579 0.785714285714286 0.93734335839599 0.85 0.804347826086957 0.888888888888889 0.925925925925926 1 3 57 2 125.629
0.9125 0.947368421052632 0.880952380952381 0.992481203007519 0.87 0.847826086956522 0.888888888888889 0.939613526570048 2 3 57 2 125.629
0.875 0.921052631578947 0.833333333333333 0.931077694235589 0.83 0.760869565217391 0.888888888888889 0.930756843800322 NA 1 57 3 197.943
0.8875 0.894736842105263 0.880952380952381 0.974310776942356 0.93 0.956521739130435 0.907407407407407 0.98389694041868 5 2 57 3 197.943
1 1 1 1 0.89 0.804347826086957 0.962962962962963 0.929951690821256 8 2 57 3 197.943
1 1 1 1 0.9 0.826086956521739 0.962962962962963 0.913244766505636 10 2 57 3 197.943
0.85 0.894736842105263 0.80952380952381 0.93859649122807 0.85 0.804347826086957 0.888888888888889 0.928341384863124 1 3 57 3 197.943
0.9375 0.947368421052632 0.928571428571429 0.989974937343358 0.86 0.826086956521739 0.888888888888889 0.944847020933977 2 3 57 3 197.943
