1 1 1 1 0.76 0.661016949152542 0.902439024390244 0.837536171971889 NA 1 43 1 38.974
1 1 1 1 0.76 0.661016949152542 0.902439024390244 0.825134353038446 5 2 43 1 38.974
1 1 1 1 0.76 0.661016949152542 0.902439024390244 0.824307565109549 8 2 43 1 38.974
1 1 1 1 0.76 0.661016949152542 0.902439024390244 0.823894171145101 10 2 43 1 38.974
1 1 1 1 0.77 0.677966101694915 0.902439024390244 0.862339809838776 1 3 43 1 38.974
1 1 1 1 0.72 0.661016949152542 0.804878048780488 0.818520049607276 2 3 43 1 38.974
1 1 1 1 0.78 0.677966101694915 0.926829268292683 0.849111202976437 NA 1 43 2 46.383
1 1 1 1 0.79 0.694915254237288 0.926829268292683 0.84167011161637 5 2 43 2 46.383
1 1 1 1 0.78 0.677966101694915 0.926829268292683 0.84167011161637 8 2 43 2 46.383
1 1 1 1 0.78 0.677966101694915 0.926829268292683 0.838776353865234 10 2 43 2 46.383
1 1 1 1 0.78 0.677966101694915 0.926829268292683 0.87474162877222 1 3 43 2 46.383
1 1 1 1 0.72 0.661016949152542 0.804878048780488 0.821827201322861 2 3 43 2 46.383
1 1 1 1 0.71 0.576271186440678 0.902439024390244 0.829681686647375 NA 1 43 3 67.433
1 1 1 1 0.73 0.610169491525424 0.902439024390244 0.830921868540719 5 2 43 3 67.433
1 1 1 1 0.72 0.593220338983051 0.902439024390244 0.830921868540719 8 2 43 3 67.433
1 1 1 1 0.73 0.610169491525424 0.902439024390244 0.825961140967342 10 2 43 3 67.433
1 1 1 1 0.77 0.677966101694915 0.902439024390244 0.852418354692022 1 3 43 3 67.433
1 1 1 1 0.74 0.677966101694915 0.829268292682927 0.809838776353865 2 3 43 3 67.433
