0.85 0.85 0.85 0.9278 0.84 0.830188679245283 0.851063829787234 0.920112404656764 NA 1 61 1 349.458
0.93 0.94 0.92 0.9759 0.93 0.905660377358491 0.957446808510638 0.97591328783621 5 2 61 1 349.458
0.935 0.94 0.93 0.9756 0.93 0.905660377358491 0.957446808510638 0.971095945403452 8 2 61 1 349.458
0.935 0.94 0.93 0.976 0.92 0.905660377358491 0.936170212765957 0.971095945403452 10 2 61 1 349.458
0.855 0.87 0.84 0.9259 0.84 0.830188679245283 0.851063829787234 0.915696507426736 1 3 61 1 349.458
0.9 0.91 0.89 0.9697 0.88 0.830188679245283 0.936170212765957 0.947812123645122 2 3 61 1 349.458
0.855 0.86 0.85 0.9272 0.84 0.830188679245283 0.851063829787234 0.920513849859494 NA 1 61 2 367.15
0.93 0.94 0.92 0.9757 0.94 0.924528301886792 0.957446808510638 0.975110397430751 5 2 61 2 367.15
0.935 0.94 0.93 0.9754 0.93 0.905660377358491 0.957446808510638 0.970694500200723 8 2 61 2 367.15
0.935 0.94 0.93 0.9759 0.93 0.905660377358491 0.957446808510638 0.971095945403452 10 2 61 2 367.15
0.87 0.89 0.85 0.924 0.85 0.830188679245283 0.872340425531915 0.910076274588519 1 3 61 2 367.15
0.905 0.92 0.89 0.9691 0.89 0.849056603773585 0.936170212765957 0.948213568847852 2 3 61 2 367.15
0.835 0.83 0.84 0.9274 0.84 0.830188679245283 0.851063829787234 0.920513849859494 NA 1 61 3 616.335
0.93 0.94 0.92 0.9755 0.91 0.886792452830189 0.936170212765957 0.973504616619831 5 2 61 3 616.335
0.94 0.95 0.93 0.9755 0.91 0.886792452830189 0.936170212765957 0.969490164592533 8 2 61 3 616.335
0.94 0.95 0.93 0.9748 0.9 0.867924528301887 0.936170212765957 0.968285828984344 10 2 61 3 616.335
0.85 0.85 0.85 0.9268 0.84 0.830188679245283 0.851063829787234 0.914090726615817 1 3 61 3 616.335
0.9 0.91 0.89 0.9683 0.87 0.830188679245283 0.914893617021277 0.945804897631473 2 3 61 3 616.335
