1 1 1 1 0.76 0.892857142857143 0.590909090909091 0.830357142857143 NA 1 18 1 30.62
1 1 1 1 0.76 0.892857142857143 0.590909090909091 0.800324675324675 5 2 18 1 30.62
1 1 1 1 0.76 0.892857142857143 0.590909090909091 0.800324675324675 8 2 18 1 30.62
1 1 1 1 0.76 0.892857142857143 0.590909090909091 0.800324675324675 10 2 18 1 30.62
0.96875 0.95 1 1 0.82 0.875 0.75 0.904220779220779 1 3 18 1 30.62
1 1 1 1 0.84 0.910714285714286 0.75 0.905844155844156 2 3 18 1 30.62
1 1 1 1 0.77 0.892857142857143 0.613636363636364 0.828327922077922 NA 1 18 2 44.646
1 1 1 1 0.76 0.892857142857143 0.590909090909091 0.80073051948052 5 2 18 2 44.646
1 1 1 1 0.77 0.892857142857143 0.613636363636364 0.80073051948052 8 2 18 2 44.646
1 1 1 1 0.77 0.892857142857143 0.613636363636364 0.80073051948052 10 2 18 2 44.646
0.96875 0.95 1 1 0.82 0.875 0.75 0.903814935064935 1 3 18 2 44.646
1 1 1 1 0.84 0.910714285714286 0.75 0.903814935064935 2 3 18 2 44.646
1 1 1 1 0.76 0.892857142857143 0.590909090909091 0.820616883116883 NA 1 18 3 55.905
1 1 1 1 0.75 0.892857142857143 0.568181818181818 0.801136363636364 5 2 18 3 55.905
1 1 1 1 0.75 0.892857142857143 0.568181818181818 0.801542207792208 8 2 18 3 55.905
1 1 1 1 0.75 0.892857142857143 0.568181818181818 0.810876623376623 10 2 18 3 55.905
0.96875 0.95 1 1 0.83 0.875 0.772727272727273 0.903003246753247 1 3 18 3 55.905
1 1 1 1 0.83 0.892857142857143 0.75 0.910308441558442 2 3 18 3 55.905
