0.875 0.9 0.85 0.925 0.82 0.851063829787234 0.792452830188679 0.887595343235648 NA 1 68 1 41.177
1 1 1 1 0.84 0.829787234042553 0.849056603773585 0.873544761140104 5 2 68 1 41.177
1 1 1 1 0.88 0.914893617021277 0.849056603773585 0.897832195905259 8 2 68 1 41.177
1 1 1 1 0.82 0.851063829787234 0.792452830188679 0.877759935768768 10 2 68 1 41.177
0.9 0.9 0.9 0.9025 0.78 0.74468085106383 0.811320754716981 0.88438378161381 1 3 68 1 41.177
0.975 1 0.95 0.9775 0.79 0.851063829787234 0.735849056603774 0.90646326776395 2 3 68 1 41.177
0.9 0.9 0.9 0.92 0.81 0.851063829787234 0.773584905660377 0.88478522681654 NA 1 68 2 51.962
1 1 1 1 0.84 0.872340425531915 0.811320754716981 0.864712966680048 5 2 68 2 51.962
1 1 1 1 0.84 0.851063829787234 0.830188679245283 0.898434363709354 8 2 68 2 51.962
1 1 1 1 0.82 0.851063829787234 0.792452830188679 0.889602569249297 10 2 68 2 51.962
0.9 0.9 0.9 0.9 0.79 0.765957446808511 0.811320754716981 0.881573665194701 1 3 68 2 51.962
0.975 1 0.95 0.9775 0.78 0.829787234042553 0.735849056603774 0.905258932155761 2 3 68 2 51.962
0.85 0.85 0.85 0.9125 0.8 0.787234042553192 0.811320754716981 0.88277800080289 NA 1 68 3 73.056
1 1 1 1 0.8 0.829787234042553 0.773584905660377 0.874949819349659 5 2 68 3 73.056
1 1 1 1 0.73 0.787234042553192 0.679245283018868 0.792452830188679 8 2 68 3 73.056
1 1 1 1 0.79 0.702127659574468 0.867924528301887 0.821156162183862 10 2 68 3 73.056
0.875 0.9 0.85 0.8875 0.78 0.765957446808511 0.792452830188679 0.853873946206343 1 3 68 3 73.056
0.975 1 0.95 0.9775 0.76 0.808510638297872 0.716981132075472 0.88398233641108 2 3 68 3 73.056
