1 1 1 1 0.81 0.80952380952381 0.810344827586207 0.846264367816092 NA 1 66 1 29.331
1 1 1 1 0.82 0.80952380952381 0.827586206896552 0.838054187192118 5 2 66 1 29.331
1 1 1 1 0.82 0.80952380952381 0.827586206896552 0.836822660098522 8 2 66 1 29.331
1 1 1 1 0.82 0.80952380952381 0.827586206896552 0.838054187192118 10 2 66 1 29.331
0.90625 1 0.8 1 0.81 0.880952380952381 0.758620689655172 0.931034482758621 1 3 66 1 29.331
1 1 1 1 0.82 0.80952380952381 0.827586206896552 0.929802955665025 2 3 66 1 29.331
1 1 1 1 0.77 0.761904761904762 0.775862068965517 0.870894909688013 NA 1 66 2 46.892
1 1 1 1 0.77 0.761904761904762 0.775862068965517 0.852011494252873 5 2 66 2 46.892
1 1 1 1 0.77 0.761904761904762 0.775862068965517 0.851600985221675 8 2 66 2 46.892
1 1 1 1 0.77 0.761904761904762 0.775862068965517 0.852011494252873 10 2 66 2 46.892
0.9375 1 0.866666666666667 1 0.83 0.80952380952381 0.844827586206897 0.927750410509031 1 3 66 2 46.892
1 1 1 1 0.83 0.80952380952381 0.844827586206897 0.929392446633826 2 3 66 2 46.892
1 1 1 1 0.77 0.761904761904762 0.775862068965517 0.838259441707717 NA 1 66 3 50.936
1 1 1 1 0.77 0.761904761904762 0.775862068965517 0.840311986863711 5 2 66 3 50.936
1 1 1 1 0.81 0.80952380952381 0.810344827586207 0.838464696223317 8 2 66 3 50.936
1 1 1 1 0.81 0.80952380952381 0.810344827586207 0.830049261083744 10 2 66 3 50.936
0.9375 1 0.866666666666667 1 0.81 0.80952380952381 0.810344827586207 0.927339901477833 1 3 66 3 50.936
1 1 1 1 0.81 0.833333333333333 0.793103448275862 0.922824302134647 2 3 66 3 50.936
