0.85 0.847457627118644 0.852459016393443 0.938871908863573 0.79 0.755102040816326 0.823529411764706 0.863145258103241 NA 1 89 1 165.88
0.983333333333333 0.983050847457627 0.983606557377049 0.998610725201445 0.88 0.877551020408163 0.882352941176471 0.932573029211685 5 2 89 1 165.88
1 1 1 1 0.82 0.795918367346939 0.843137254901961 0.8687474989996 8 2 89 1 165.88
1 1 1 1 0.86 0.877551020408163 0.843137254901961 0.87014805922369 10 2 89 1 165.88
0.841666666666667 0.847457627118644 0.836065573770492 0.938316198944151 0.78 0.755102040816326 0.803921568627451 0.866746698679472 1 3 89 1 165.88
0.916666666666667 0.949152542372881 0.885245901639344 0.984440122256182 0.78 0.73469387755102 0.823529411764706 0.908763505402161 2 3 89 1 165.88
0.85 0.847457627118644 0.852459016393443 0.939149763823284 0.79 0.755102040816326 0.823529411764706 0.87234893957583 NA 1 89 2 170.814
0.983333333333333 0.983050847457627 0.983606557377049 0.998332870241734 0.87 0.877551020408163 0.862745098039216 0.929171668667467 5 2 89 2 170.814
1 1 1 1 0.84 0.816326530612245 0.862745098039216 0.857743097238896 8 2 89 2 170.814
1 1 1 1 0.86 0.857142857142857 0.862745098039216 0.871148459383753 10 2 89 2 170.814
0.841666666666667 0.847457627118644 0.836065573770492 0.939427618782995 0.77 0.755102040816326 0.784313725490196 0.874349739895958 1 3 89 2 170.814
0.908333333333333 0.949152542372881 0.868852459016393 0.983606557377049 0.81 0.775510204081633 0.843137254901961 0.911164465786314 2 3 89 2 170.814
0.841666666666667 0.847457627118644 0.836065573770492 0.935537649347041 0.75 0.693877551020408 0.803921568627451 0.848739495798319 NA 1 89 3 335.121
0.991666666666667 1 0.983606557377049 0.998055015282023 0.88 0.877551020408163 0.882352941176471 0.935174069627851 5 2 89 3 335.121
1 1 1 1 0.88 0.877551020408163 0.882352941176471 0.87875150060024 8 2 89 3 335.121
1 1 1 1 0.83 0.877551020408163 0.784313725490196 0.871348539415766 10 2 89 3 335.121
0.85 0.864406779661017 0.836065573770492 0.935815504306752 0.78 0.755102040816326 0.803921568627451 0.851940776310524 1 3 89 3 335.121
0.925 0.949152542372881 0.901639344262295 0.984162267296471 0.8 0.73469387755102 0.862745098039216 0.907563025210084 2 3 89 3 335.121
