1 1 1 1 0.75 0.627906976744186 0.842105263157895 0.789269685842513 NA 1 35 1 21.565
1 1 1 1 0.75 0.627906976744186 0.842105263157895 0.77702978376173 5 2 35 1 21.565
1 1 1 1 0.75 0.627906976744186 0.842105263157895 0.777845777233782 8 2 35 1 21.565
1 1 1 1 0.75 0.627906976744186 0.842105263157895 0.777845777233782 10 2 35 1 21.565
0.958333333333333 0.923076923076923 1 1 0.78 0.697674418604651 0.842105263157895 0.884944920440636 1 3 35 1 21.565
1 1 1 1 0.82 0.767441860465116 0.859649122807018 0.905752753977968 2 3 35 1 21.565
1 1 1 1 0.77 0.651162790697674 0.859649122807018 0.782333741330069 NA 1 35 2 31.502
1 1 1 1 0.76 0.651162790697674 0.842105263157895 0.781517747858017 5 2 35 2 31.502
1 1 1 1 0.77 0.674418604651163 0.842105263157895 0.753569971440228 8 2 35 2 31.502
1 1 1 1 0.77 0.674418604651163 0.842105263157895 0.747858017135863 10 2 35 2 31.502
0.958333333333333 0.923076923076923 1 0.993006993006993 0.75 0.651162790697674 0.824561403508772 0.882904936760506 1 3 35 2 31.502
1 1 1 1 0.8 0.720930232558139 0.859649122807018 0.909832721338229 2 3 35 2 31.502
1 1 1 1 0.76 0.651162790697674 0.842105263157895 0.754589963280294 NA 1 35 3 39.185
1 1 1 1 0.76 0.651162790697674 0.842105263157895 0.769889840881273 5 2 35 3 39.185
1 1 1 1 0.76 0.651162790697674 0.842105263157895 0.769481844145247 8 2 35 3 39.185
1 1 1 1 0.76 0.651162790697674 0.842105263157895 0.769889840881273 10 2 35 3 39.185
0.958333333333333 0.923076923076923 1 1 0.77 0.674418604651163 0.842105263157895 0.874745002039984 1 3 35 3 39.185
1 1 1 1 0.8 0.720930232558139 0.859649122807018 0.896776825785394 2 3 35 3 39.185
