0.875 0.878048780487805 0.871794871794872 0.956848030018762 0.85 0.8125 0.884615384615385 0.925080128205128 NA 1 65 1 63.093
1 1 1 1 0.75 0.645833333333333 0.846153846153846 0.789663461538462 5 2 65 1 63.093
1 1 1 1 0.8 0.75 0.846153846153846 0.801081730769231 8 2 65 1 63.093
1 1 1 1 0.83 0.770833333333333 0.884615384615385 0.863982371794872 10 2 65 1 63.093
0.875 0.878048780487805 0.871794871794872 0.949968730456535 0.86 0.8125 0.903846153846154 0.927483974358974 1 3 65 1 63.093
0.925 0.902439024390244 0.948717948717949 0.970606629143214 0.89 0.833333333333333 0.942307692307692 0.959535256410256 2 3 65 1 63.093
0.875 0.878048780487805 0.871794871794872 0.958724202626642 0.85 0.8125 0.884615384615385 0.924679487179487 NA 1 65 2 107.065
1 1 1 1 0.79 0.729166666666667 0.846153846153846 0.797475961538462 5 2 65 2 107.065
1 1 1 1 0.8 0.75 0.846153846153846 0.78525641025641 8 2 65 2 107.065
0.9875 1 0.974358974358974 0.984677923702314 0.81 0.729166666666667 0.884615384615385 0.858173076923077 10 2 65 2 107.065
0.875 0.878048780487805 0.871794871794872 0.948717948717949 0.88 0.854166666666667 0.903846153846154 0.927884615384615 1 3 65 2 107.065
0.925 0.902439024390244 0.948717948717949 0.969355847404628 0.92 0.875 0.961538461538462 0.965544871794872 2 3 65 2 107.065
0.875 0.878048780487805 0.871794871794872 0.958724202626642 0.85 0.8125 0.884615384615385 0.919471153846154 NA 1 65 3 127.2
1 1 1 1 0.79 0.6875 0.884615384615385 0.808894230769231 5 2 65 3 127.2
1 1 1 1 0.78 0.708333333333333 0.846153846153846 0.790264423076923 8 2 65 3 127.2
1 1 1 1 0.79 0.6875 0.884615384615385 0.844551282051282 10 2 65 3 127.2
0.875 0.878048780487805 0.871794871794872 0.949968730456535 0.85 0.8125 0.884615384615385 0.929487179487179 1 3 65 3 127.2
0.925 0.902439024390244 0.948717948717949 0.970606629143214 0.9 0.833333333333333 0.961538461538462 0.962740384615385 2 3 65 3 127.2
