0.9 0.842105263157895 0.952380952380952 0.967418546365915 0.82 0.80952380952381 0.827586206896552 0.874384236453202 NA 1 42 1 46.501
1 1 1 1 0.89 0.880952380952381 0.896551724137931 0.905582922824302 5 2 42 1 46.501
1 1 1 1 0.87 0.80952380952381 0.913793103448276 0.877257799671593 8 2 42 1 46.501
1 1 1 1 0.86 0.80952380952381 0.896551724137931 0.86576354679803 10 2 42 1 46.501
0.8 0.947368421052632 0.666666666666667 0.954887218045113 0.75 0.80952380952381 0.706896551724138 0.86247947454844 1 3 42 1 46.501
0.95 0.947368421052632 0.952380952380952 0.992481203007519 0.86 0.80952380952381 0.896551724137931 0.913382594417077 2 3 42 1 46.501
0.9 0.842105263157895 0.952380952380952 0.967418546365915 0.82 0.80952380952381 0.827586206896552 0.877257799671593 NA 1 42 2 57.302
0.975 0.947368421052632 1 1 0.86 0.833333333333333 0.879310344827586 0.866789819376026 5 2 42 2 57.302
1 1 1 1 0.89 0.857142857142857 0.913793103448276 0.907635467980295 8 2 42 2 57.302
1 1 1 1 0.86 0.833333333333333 0.879310344827586 0.886904761904762 10 2 42 2 57.302
0.85 0.947368421052632 0.761904761904762 0.952380952380952 0.75 0.80952380952381 0.706896551724138 0.861658456486043 1 3 42 2 57.302
0.95 0.947368421052632 0.952380952380952 0.992481203007519 0.87 0.833333333333333 0.896551724137931 0.915845648604269 2 3 42 2 57.302
0.925 0.894736842105263 0.952380952380952 0.962406015037594 0.81 0.80952380952381 0.810344827586207 0.869458128078818 NA 1 42 3 86.045
1 1 1 1 0.87 0.880952380952381 0.862068965517241 0.889367816091954 5 2 42 3 86.045
1 1 1 1 0.84 0.80952380952381 0.862068965517241 0.857142857142857 8 2 42 3 86.045
1 1 1 1 0.85 0.833333333333333 0.862068965517241 0.879926108374384 10 2 42 3 86.045
0.85 1 0.714285714285714 0.962406015037594 0.74 0.80952380952381 0.689655172413793 0.862889983579639 1 3 42 3 86.045
0.975 1 0.952380952380952 0.989974937343358 0.86 0.80952380952381 0.896551724137931 0.910509031198686 2 3 42 3 86.045
