0.8725 0.867298578199052 0.878306878306878 0.939491963188646 0.89 0.846153846153846 0.9375 0.951121794871795 NA 1 28 1 931.291
0.9275 0.928909952606635 0.925925925925926 0.980039619850046 0.94 0.980769230769231 0.895833333333333 0.982772435897436 5 2 28 1 931.291
0.93 0.928909952606635 0.931216931216931 0.98161939868101 0.94 0.980769230769231 0.895833333333333 0.984775641025641 8 2 28 1 931.291
0.93 0.928909952606635 0.931216931216931 0.981569246972091 0.94 0.980769230769231 0.895833333333333 0.985176282051282 10 2 28 1 931.291
0.8825 0.881516587677725 0.883597883597884 0.938764763409313 0.9 0.865384615384615 0.9375 0.946314102564103 1 3 28 1 931.291
0.9425 0.938388625592417 0.947089947089947 0.978434765164623 0.92 0.884615384615385 0.958333333333333 0.977964743589744 2 3 28 1 931.291
0.8775 0.872037914691943 0.883597883597884 0.939642418315404 0.87 0.826923076923077 0.916666666666667 0.950320512820513 NA 1 28 2 968.162
0.925 0.928909952606635 0.920634920634921 0.980139923267885 0.94 0.980769230769231 0.895833333333333 0.982371794871795 5 2 28 2 968.162
0.93 0.928909952606635 0.931216931216931 0.981393715990872 0.94 0.980769230769231 0.895833333333333 0.983974358974359 8 2 28 2 968.162
0.93 0.928909952606635 0.931216931216931 0.981393715990872 0.94 0.980769230769231 0.895833333333333 0.984375 10 2 28 2 968.162
0.875 0.876777251184834 0.873015873015873 0.938739687554853 0.88 0.865384615384615 0.895833333333333 0.946714743589744 1 3 28 2 968.162
0.9425 0.938388625592417 0.947089947089947 0.97873567541814 0.92 0.884615384615385 0.958333333333333 0.975560897435897 2 3 28 2 968.162
0.87 0.862559241706161 0.878306878306878 0.939817949296622 0.9 0.846153846153846 0.958333333333333 0.951121794871795 NA 1 28 3 1728.37
0.935 0.933649289099526 0.936507936507937 0.980064695704506 0.94 0.980769230769231 0.895833333333333 0.983573717948718 5 2 28 3 1728.37
0.93 0.928909952606635 0.931216931216931 0.981218185009654 0.94 0.980769230769231 0.895833333333333 0.985576923076923 8 2 28 3 1728.37
0.9325 0.933649289099526 0.931216931216931 0.981218185009654 0.94 0.980769230769231 0.895833333333333 0.987179487179487 10 2 28 3 1728.37
0.87 0.872037914691943 0.867724867724868 0.939216128789588 0.9 0.865384615384615 0.9375 0.946314102564103 1 3 28 3 1728.37
0.94 0.933649289099526 0.947089947089947 0.978033551493267 0.93 0.903846153846154 0.958333333333333 0.981169871794872 2 3 28 3 1728.37
