0.8475 0.866336633663366 0.828282828282828 0.924192419241924 0.81 0.836734693877551 0.784313725490196 0.923969587835134 NA 1 97 1 400.719
0.905 0.891089108910891 0.919191919191919 0.963771377137714 0.94 0.959183673469388 0.92156862745098 0.985194077631052 5 2 97 1 400.719
0.91 0.896039603960396 0.924242424242424 0.965721572157216 0.93 0.938775510204082 0.92156862745098 0.978791516606643 8 2 97 1 400.719
0.9075 0.896039603960396 0.919191919191919 0.965746574657466 0.92 0.918367346938776 0.92156862745098 0.979191676670668 10 2 97 1 400.719
0.845 0.861386138613861 0.828282828282828 0.923442344234423 0.82 0.857142857142857 0.784313725490196 0.920368147258904 1 3 97 1 400.719
0.92 0.915841584158416 0.924242424242424 0.972297229722972 0.89 0.857142857142857 0.92156862745098 0.968787515006002 2 3 97 1 400.719
0.845 0.861386138613861 0.828282828282828 0.925042504250425 0.81 0.836734693877551 0.784313725490196 0.924769907963185 NA 1 97 2 317.291
0.905 0.891089108910891 0.919191919191919 0.963721372137214 0.94 0.959183673469388 0.92156862745098 0.984793917567027 5 2 97 2 317.291
0.91 0.896039603960396 0.924242424242424 0.965721572157216 0.93 0.938775510204082 0.92156862745098 0.978391356542617 8 2 97 2 317.291
0.91 0.896039603960396 0.924242424242424 0.965621562156216 0.92 0.918367346938776 0.92156862745098 0.979191676670668 10 2 97 2 317.291
0.8475 0.861386138613861 0.833333333333333 0.924692469246925 0.81 0.836734693877551 0.784313725490196 0.926370548219288 1 3 97 2 317.291
0.9175 0.910891089108911 0.924242424242424 0.972797279727973 0.89 0.857142857142857 0.92156862745098 0.968787515006002 2 3 97 2 317.291
0.855 0.866336633663366 0.843434343434343 0.922217221722172 0.81 0.836734693877551 0.784313725490196 0.926370548219288 NA 1 97 3 689.983
0.9025 0.891089108910891 0.914141414141414 0.963421342134213 0.94 0.959183673469388 0.92156862745098 0.985194077631052 5 2 97 3 689.983
0.9075 0.896039603960396 0.919191919191919 0.965521552155216 0.92 0.918367346938776 0.92156862745098 0.978791516606643 8 2 97 3 689.983
0.9075 0.896039603960396 0.919191919191919 0.965521552155216 0.92 0.918367346938776 0.92156862745098 0.979191676670668 10 2 97 3 689.983
0.8475 0.871287128712871 0.823232323232323 0.921717171717172 0.81 0.836734693877551 0.784313725490196 0.926770708283313 1 3 97 3 689.983
0.92 0.920792079207921 0.919191919191919 0.970872087208721 0.88 0.836734693877551 0.92156862745098 0.973189275710284 2 3 97 3 689.983
