0.845 0.861904761904762 0.826315789473684 0.92483709273183 0.88 0.92 0.84 0.964 NA 1 100 1 371.938
0.925 0.938095238095238 0.910526315789474 0.980075187969925 0.93 0.98 0.88 0.9808 5 2 100 1 371.938
0.935 0.947619047619048 0.921052631578947 0.982105263157895 0.93 0.98 0.88 0.9864 8 2 100 1 371.938
0.9325 0.947619047619048 0.91578947368421 0.982255639097744 0.93 0.98 0.88 0.986 10 2 100 1 371.938
0.8525 0.871428571428571 0.831578947368421 0.925513784461153 0.91 0.92 0.9 0.9636 1 3 100 1 371.938
0.94 0.957142857142857 0.921052631578947 0.98328320802005 0.9 0.94 0.86 0.9804 2 3 100 1 371.938
0.865 0.876190476190476 0.852631578947368 0.926441102756892 0.88 0.92 0.84 0.964 NA 1 100 2 414.466
0.93 0.942857142857143 0.91578947368421 0.980827067669173 0.93 0.98 0.88 0.9792 5 2 100 2 414.466
0.93 0.942857142857143 0.91578947368421 0.982531328320802 0.93 0.98 0.88 0.9844 8 2 100 2 414.466
0.9325 0.947619047619048 0.91578947368421 0.982556390977444 0.93 0.98 0.88 0.984 10 2 100 2 414.466
0.8525 0.880952380952381 0.821052631578947 0.927243107769424 0.89 0.92 0.86 0.9656 1 3 100 2 414.466
0.9425 0.952380952380952 0.931578947368421 0.984135338345865 0.91 0.94 0.88 0.9816 2 3 100 2 414.466
0.8575 0.876190476190476 0.836842105263158 0.922681704260652 0.88 0.92 0.84 0.9652 NA 1 100 3 632.867
0.93 0.942857142857143 0.91578947368421 0.980877192982456 0.92 0.98 0.86 0.968 5 2 100 3 632.867
0.93 0.942857142857143 0.91578947368421 0.982230576441103 0.93 0.98 0.88 0.9812 8 2 100 3 632.867
0.9275 0.942857142857143 0.910526315789474 0.982005012531328 0.93 0.98 0.88 0.982 10 2 100 3 632.867
0.86 0.880952380952381 0.836842105263158 0.924260651629073 0.89 0.92 0.86 0.9636 1 3 100 3 632.867
0.935 0.947619047619048 0.921052631578947 0.982731829573935 0.91 0.94 0.88 0.9792 2 3 100 3 632.867
