0.93 0.931372549019608 0.928571428571429 0.967486994797919 0.87 0.866666666666667 0.872727272727273 0.931313131313131 NA 1 29 1 452.16
0.94 0.950980392156863 0.928571428571429 0.992797118847539 0.93 0.933333333333333 0.927272727272727 0.969292929292929 5 2 29 1 452.16
0.945 0.96078431372549 0.928571428571429 0.992897158863545 0.92 0.911111111111111 0.927272727272727 0.968484848484849 8 2 29 1 452.16
0.95 0.96078431372549 0.938775510204082 0.993097238895558 0.92 0.911111111111111 0.927272727272727 0.968080808080808 10 2 29 1 452.16
0.925 0.931372549019608 0.918367346938776 0.967987194877951 0.87 0.866666666666667 0.872727272727273 0.931717171717172 1 3 29 1 452.16
0.94 0.950980392156863 0.928571428571429 0.992296918767507 0.9 0.888888888888889 0.909090909090909 0.953535353535354 2 3 29 1 452.16
0.93 0.931372549019608 0.928571428571429 0.967887154861945 0.87 0.866666666666667 0.872727272727273 0.930505050505051 NA 1 29 2 341.742
0.94 0.950980392156863 0.928571428571429 0.992697078831533 0.93 0.933333333333333 0.927272727272727 0.968888888888889 5 2 29 2 341.742
0.945 0.96078431372549 0.928571428571429 0.992697078831533 0.92 0.911111111111111 0.927272727272727 0.967676767676768 8 2 29 2 341.742
0.95 0.96078431372549 0.938775510204082 0.993297318927571 0.92 0.911111111111111 0.927272727272727 0.966464646464646 10 2 29 2 341.742
0.92 0.931372549019608 0.908163265306122 0.967887154861945 0.87 0.866666666666667 0.872727272727273 0.932121212121212 1 3 29 2 341.742
0.94 0.950980392156863 0.928571428571429 0.992196878751501 0.9 0.888888888888889 0.909090909090909 0.953131313131313 2 3 29 2 341.742
0.925 0.931372549019608 0.918367346938776 0.967086834733894 0.88 0.888888888888889 0.872727272727273 0.926868686868687 NA 1 29 3 759.505
0.94 0.950980392156863 0.928571428571429 0.992196878751501 0.93 0.933333333333333 0.927272727272727 0.970505050505051 5 2 29 3 759.505
0.945 0.96078431372549 0.928571428571429 0.992597038815526 0.93 0.933333333333333 0.927272727272727 0.969292929292929 8 2 29 3 759.505
0.945 0.96078431372549 0.928571428571429 0.99249699879952 0.93 0.933333333333333 0.927272727272727 0.968484848484849 10 2 29 3 759.505
0.92 0.931372549019608 0.908163265306122 0.965986394557823 0.88 0.888888888888889 0.872727272727273 0.929292929292929 1 3 29 3 759.505
0.945 0.96078431372549 0.928571428571429 0.991696678671469 0.91 0.888888888888889 0.927272727272727 0.954747474747475 2 3 29 3 759.505
