0.841666666666667 0.827586206896552 0.854838709677419 0.917408231368187 0.86 0.814814814814815 0.91304347826087 0.944041867954911 1
0.9 0.921875 0.875 0.971261160714286 0.83 0.865384615384615 0.791666666666667 0.931089743589744 1
0.866666666666667 0.864406779661017 0.868852459016393 0.938316198944151 0.88 0.859649122807018 0.906976744186046 0.942472460220318 1
0.858333333333333 0.880597014925373 0.830188679245283 0.938608842579555 0.85 0.849056603773585 0.851063829787234 0.913689281413087 1
0.9 0.923076923076923 0.872727272727273 0.955244755244755 0.84 0.890909090909091 0.777777777777778 0.916363636363636 1
0.883333333333333 0.875 0.892857142857143 0.956752232142857 0.84 0.804347826086957 0.87037037037037 0.933977455716586 1
0.833333333333333 0.830508474576271 0.836065573770492 0.918588496804668 0.87 0.82051282051282 0.901639344262295 0.912147961328289 1
0.883333333333333 0.857142857142857 0.90625 0.954799107142857 0.88 0.906976744186046 0.859649122807018 0.948184414524684 1
0.858333333333333 0.855072463768116 0.862745098039216 0.958795112247798 0.91 0.909090909090909 0.911111111111111 0.955151515151515 1
0.866666666666667 0.842105263157895 0.888888888888889 0.939014202172097 0.89 0.909090909090909 0.875 0.962256493506494 1
0.933333333333333 0.948275862068966 0.919354838709677 0.978309232480534 0.87 0.807692307692308 0.9375 0.938701923076923 1
0.875 0.868852459016393 0.88135593220339 0.952208946929703 0.87 0.844444444444444 0.890909090909091 0.942626262626263 1
0.875 0.864406779661017 0.885245901639344 0.947763267574326 0.86 0.818181818181818 0.911111111111111 0.945454545454545 1
0.875 0.897058823529412 0.846153846153846 0.944570135746606 0.89 0.895833333333333 0.884615384615385 0.931490384615385 1
0.833333333333333 0.796296296296296 0.863636363636364 0.910493827160494 0.88 0.814814814814815 0.956521739130435 0.946457326892109 1
0.883333333333333 0.854545454545454 0.907692307692308 0.96 0.85 0.844444444444444 0.854545454545454 0.941010101010101 1
0.866666666666667 0.864406779661017 0.868852459016393 0.947207557654904 0.86 0.842105263157895 0.883720930232558 0.951856385148919 1
0.916666666666667 0.910714285714286 0.921875 0.960658482142857 0.89 0.792452830188679 1 0.95303091128061 1
0.808333333333333 0.859375 0.75 0.91015625 0.92 0.886792452830189 0.957446808510638 0.963067041348856 1
0.883333333333333 0.88135593220339 0.885245901639344 0.955543206446235 0.84 0.830188679245283 0.851063829787234 0.903251706142112 1
0.891666666666667 0.919354838709677 0.862068965517241 0.942436040044494 0.81 0.92156862745098 0.693877551020408 0.944777911164466 1
0.925 0.920634920634921 0.929824561403509 0.974658869395711 0.87 0.833333333333333 0.903846153846154 0.933894230769231 1
0.891666666666667 0.885245901639344 0.898305084745763 0.956376771325368 0.9 0.909090909090909 0.892857142857143 0.955762987012987 1
0.866666666666667 0.888888888888889 0.842105263157895 0.951545530492899 0.85 0.844444444444444 0.854545454545454 0.943434343434343 1
0.925 0.9375 0.916666666666667 0.968171296296296 0.8 0.769230769230769 0.833333333333333 0.916266025641026 1
0.9 0.91044776119403 0.886792452830189 0.956068713038581 0.86 0.857142857142857 0.862745098039216 0.9343737494998 1
0.916666666666667 0.916666666666667 0.916666666666667 0.968333333333333 0.83 0.808510638297872 0.849056603773585 0.926936973103171 1
0.908333333333333 0.87037037037037 0.939393939393939 0.961560044893378 0.86 0.9 0.82 0.946 1
0.791666666666667 0.80327868852459 0.779661016949153 0.878855237565991 0.87 0.829787234042553 0.905660377358491 0.916499397832196 1
0.883333333333333 0.892307692307692 0.872727272727273 0.972867132867133 0.87 0.839285714285714 0.909090909090909 0.953733766233766 1
0.875 0.888888888888889 0.859649122807018 0.967697020328599 0.83 0.818181818181818 0.844444444444444 0.909090909090909 1
0.85 0.865671641791045 0.830188679245283 0.956913545480146 0.9 0.879310344827586 0.928571428571429 0.942118226600985 1
0.916666666666667 0.915492957746479 0.918367346938776 0.977292325380857 0.88 0.883720930232558 0.87719298245614 0.932272541819665 1
0.95 0.967213114754098 0.932203389830508 0.98388441233676 0.89 0.846153846153846 0.9375 0.923477564102564 1
0.9 0.866666666666667 0.933333333333333 0.952222222222222 0.9 0.911111111111111 0.890909090909091 0.958787878787879 1
0.891666666666667 0.890909090909091 0.892307692307692 0.956083916083916 0.84 0.75 0.910714285714286 0.869318181818182 1
0.9 0.904761904761905 0.894736842105263 0.964355332776385 0.88 0.865384615384615 0.895833333333333 0.944711538461538 1
0.875 0.91044776119403 0.830188679245283 0.965925091523514 0.93 0.914893617021277 0.943396226415094 0.978321959052589 1
0.9 0.907407407407407 0.893939393939394 0.965488215488216 0.89 0.865384615384615 0.916666666666667 0.948717948717949 1
0.941666666666667 0.95 0.933333333333333 0.969444444444444 0.89 0.891304347826087 0.888888888888889 0.92914653784219 1
0.841666666666667 0.827586206896552 0.854838709677419 0.931312569521691 0.83 0.826923076923077 0.833333333333333 0.912660256410256 1
0.891666666666667 0.866666666666667 0.916666666666667 0.959722222222222 0.93 0.938775510204082 0.92156862745098 0.981592637054822 1
0.883333333333333 0.826923076923077 0.926470588235294 0.938631221719457 0.86 0.759259259259259 0.978260869565217 0.938808373590982 1
0.833333333333333 0.873015873015873 0.789473684210526 0.915065441381231 0.87 0.854166666666667 0.884615384615385 0.94911858974359 1
0.875 0.882352941176471 0.865384615384615 0.96012443438914 0.81 0.854166666666667 0.769230769230769 0.924278846153846 1
0.883333333333333 0.851851851851852 0.909090909090909 0.930976430976431 0.81 0.755102040816326 0.862745098039216 0.945578231292517 1
0.891666666666667 0.898550724637681 0.882352941176471 0.961068485365161 0.88 0.92156862745098 0.836734693877551 0.943577430972389 1
0.925 0.924528301886792 0.925373134328358 0.965643480709659 0.89 0.84 0.94 0.942 1
0.875 0.844827586206897 0.903225806451613 0.949110122358176 0.87 0.827586206896552 0.928571428571429 0.958538587848933 1
0.908333333333333 0.941176470588235 0.865384615384615 0.965780542986425 0.84 0.704545454545455 0.946428571428571 0.930194805194805 1
0.883333333333333 0.849056603773585 0.91044776119403 0.955787102224725 0.8 0.796296296296296 0.804347826086957 0.908615136876006 1
0.891666666666667 0.884615384615385 0.897058823529412 0.940328054298643 0.86 0.847826086956522 0.87037037037037 0.928341384863124 1
0.933333333333333 0.928571428571429 0.9375 0.985770089285714 0.88 0.823529411764706 0.938775510204082 0.922769107643057 1
0.883333333333333 0.864406779661017 0.901639344262295 0.938871908863573 0.88 0.833333333333333 0.923076923076923 0.911057692307692 1
0.891666666666667 0.886792452830189 0.895522388059702 0.952407772458462 0.84 0.830188679245283 0.851063829787234 0.932958651144119 1
0.9 0.888888888888889 0.912280701754386 0.972152603731551 0.85 0.872727272727273 0.822222222222222 0.926464646464646 1
0.9 0.884615384615385 0.911764705882353 0.97143665158371 0.81 0.792452830188679 0.829787234042553 0.900040144520273 1
0.891666666666667 0.885245901639344 0.898305084745763 0.965823839955543 0.88 0.82051282051282 0.918032786885246 0.94661622530475 1
0.941666666666667 0.916666666666667 0.966666666666667 0.987222222222222 0.85 0.837209302325581 0.859649122807018 0.91921664626683 1
0.866666666666667 0.875 0.857142857142857 0.938895089285714 0.86 0.91304347826087 0.814814814814815 0.930756843800322 1
0.883333333333333 0.903225806451613 0.862068965517241 0.954671857619577 0.88 0.788461538461538 0.979166666666667 0.91386217948718 1
0.875 0.906666666666667 0.822222222222222 0.938074074074074 0.92 0.963636363636364 0.866666666666667 0.970505050505051 1
0.9 0.876923076923077 0.927272727272727 0.951048951048951 0.8 0.851851851851852 0.739130434782609 0.894927536231884 1
0.916666666666667 0.945454545454545 0.892307692307692 0.966433566433566 0.82 0.788461538461538 0.854166666666667 0.903846153846154 1
0.916666666666667 0.935483870967742 0.896551724137931 0.96579532814238 0.88 0.916666666666667 0.846153846153846 0.959535256410256 1
0.9 0.872727272727273 0.923076923076923 0.973706293706294 0.81 0.758620689655172 0.880952380952381 0.867816091954023 1
0.908333333333333 0.90625 0.910714285714286 0.968191964285714 0.87 0.877551020408163 0.862745098039216 0.956382553021208 1
0.891666666666667 0.870967741935484 0.913793103448276 0.949944382647386 0.82 0.770833333333333 0.865384615384615 0.893830128205128 1
0.891666666666667 0.87037037037037 0.909090909090909 0.956509539842873 0.84 0.865384615384615 0.8125 0.932692307692308 1
0.875 0.870967741935484 0.879310344827586 0.932981090100111 0.86 0.830508474576271 0.902439024390244 0.95163290615957 1
0.9 0.888888888888889 0.909090909090909 0.962401795735129 0.87 0.823529411764706 0.918367346938776 0.912765106042417 1
0.916666666666667 0.87719298245614 0.952380952380952 0.973823447507658 0.87 0.884615384615385 0.854166666666667 0.963541666666667 1
0.8 0.775862068965517 0.82258064516129 0.897664071190211 0.89 0.913793103448276 0.857142857142857 0.937192118226601 1
0.875 0.87037037037037 0.878787878787879 0.967171717171717 0.86 0.8 0.909090909090909 0.936565656565657 1
0.908333333333333 0.890909090909091 0.923076923076923 0.954965034965035 0.84 0.804347826086957 0.87037037037037 0.94524959742351 1
0.85 0.796296296296296 0.893939393939394 0.92648709315376 0.91 0.883333333333333 0.95 0.9525 1
0.875 0.830508474576271 0.918032786885246 0.953042511808836 0.88 0.933333333333333 0.836363636363636 0.947474747474747 1
0.858333333333333 0.866666666666667 0.85 0.938333333333333 0.91 0.909090909090909 0.911111111111111 0.96040404040404 1
0.9 0.894736842105263 0.904761904761905 0.945697577276525 0.79 0.764705882352941 0.816326530612245 0.888355342136855 1
0.875 0.87719298245614 0.873015873015873 0.950153160679476 0.87 0.92 0.82 0.9536 1
0.891666666666667 0.887096774193548 0.896551724137931 0.972747497219132 0.82 0.829787234042553 0.811320754716981 0.923725411481333 1
0.85 0.796296296296296 0.893939393939394 0.94668911335578 0.77 0.68 0.86 0.8648 1
0.866666666666667 0.854545454545454 0.876923076923077 0.944615384615385 0.87 0.92156862745098 0.816326530612245 0.945978391356543 1
0.875 0.842105263157895 0.904761904761905 0.936507936507937 0.85 0.818181818181818 0.888888888888889 0.900606060606061 1
0.925 0.944444444444444 0.895833333333333 0.947627314814815 0.89 0.924528301886792 0.851063829787234 0.950622240064231 1
0.858333333333333 0.859375 0.857142857142857 0.939453125 0.86 0.896551724137931 0.80952380952381 0.927750410509031 1
0.883333333333333 0.888888888888889 0.87719298245614 0.958228905597327 0.86 0.833333333333333 0.891304347826087 0.942431561996779 1
0.908333333333333 0.942857142857143 0.86 0.971142857142857 0.8 0.8 0.8 0.912323232323232 1
0.783333333333333 0.78125 0.785714285714286 0.883091517857143 0.85 0.836734693877551 0.862745098039216 0.915166066426571 1
0.858333333333333 0.902777777777778 0.791666666666667 0.953125 0.78 0.891304347826087 0.685185185185185 0.910628019323672 1
0.875 0.839285714285714 0.90625 0.960379464285714 0.93 0.943396226415094 0.914893617021277 0.975110397430751 1
0.9 0.916666666666667 0.883333333333333 0.965 0.84 0.882352941176471 0.795918367346939 0.929171668667467 1
0.891666666666667 0.887096774193548 0.896551724137931 0.953837597330367 0.88 0.833333333333333 0.923076923076923 0.915464743589744 1
0.883333333333333 0.88135593220339 0.885245901639344 0.948041122534037 0.85 0.838709677419355 0.868421052631579 0.935483870967742 1
0.9 0.907407407407407 0.893939393939394 0.964646464646465 0.9 0.846153846153846 0.958333333333333 0.955128205128205 1
0.866666666666667 0.847457627118644 0.885245901639344 0.95415393164768 0.91 0.931818181818182 0.892857142857143 0.971185064935065 1
0.966666666666667 0.966666666666667 0.966666666666667 0.994722222222222 0.82 0.84 0.8 0.9188 1
0.875 0.849056603773585 0.895522388059702 0.963672205012672 0.9 0.888888888888889 0.909090909090909 0.937373737373737 1
0.916666666666667 0.907407407407407 0.924242424242424 0.959315375982043 0.83 0.833333333333333 0.826086956521739 0.906602254428341 1
0.866666666666667 0.830188679245283 0.895522388059702 0.924809912700648 0.86 0.826086956521739 0.888888888888889 0.932769726247987 1
0.841666666666667 0.827586206896552 0.854838709677419 0.917408231368187 0.86 0.814814814814815 0.91304347826087 0.947262479871176 2
0.9 0.921875 0.875 0.971819196428571 0.85 0.884615384615385 0.8125 0.932692307692308 2
0.858333333333333 0.847457627118644 0.868852459016393 0.936649069185885 0.88 0.87719298245614 0.883720930232558 0.940432476540188 2
0.866666666666667 0.895522388059702 0.830188679245283 0.939172064207266 0.85 0.867924528301887 0.829787234042553 0.901645925331192 2
0.891666666666667 0.923076923076923 0.854545454545454 0.955524475524476 0.84 0.890909090909091 0.777777777777778 0.915959595959596 2
0.891666666666667 0.890625 0.892857142857143 0.958426339285714 0.83 0.804347826086957 0.851851851851852 0.933977455716586 2
0.841666666666667 0.830508474576271 0.852459016393443 0.918866351764379 0.87 0.82051282051282 0.901639344262295 0.913408995376208 2
0.858333333333333 0.821428571428571 0.890625 0.950892857142857 0.89 0.906976744186046 0.87719298245614 0.942880456956344 2
0.883333333333333 0.898550724637681 0.862745098039216 0.961068485365161 0.88 0.872727272727273 0.888888888888889 0.951919191919192 2
0.866666666666667 0.842105263157895 0.888888888888889 0.938735728209412 0.89 0.909090909090909 0.875 0.95900974025974 2
0.95 0.948275862068966 0.951612903225806 0.978865406006674 0.88 0.846153846153846 0.916666666666667 0.939903846153846 2
0.875 0.868852459016393 0.88135593220339 0.952764656849125 0.87 0.844444444444444 0.890909090909091 0.938989898989899 2
0.875 0.864406779661017 0.885245901639344 0.947485412614615 0.87 0.836363636363636 0.911111111111111 0.942626262626263 2
0.858333333333333 0.897058823529412 0.807692307692308 0.938348416289593 0.87 0.854166666666667 0.884615384615385 0.929086538461538 2
0.841666666666667 0.814814814814815 0.863636363636364 0.909371492704826 0.9 0.851851851851852 0.956521739130435 0.946859903381642 2
0.875 0.854545454545454 0.892307692307692 0.958881118881119 0.84 0.822222222222222 0.854545454545454 0.942626262626263 2
0.866666666666667 0.864406779661017 0.868852459016393 0.949152542372881 0.85 0.842105263157895 0.86046511627907 0.945736434108527 2
0.908333333333333 0.892857142857143 0.921875 0.963727678571429 0.89 0.792452830188679 1 0.95262946607788 2
0.808333333333333 0.859375 0.75 0.91015625 0.89 0.867924528301887 0.914893617021277 0.962264150943396 2
0.908333333333333 0.898305084745763 0.918032786885246 0.955265351486524 0.85 0.830188679245283 0.872340425531915 0.904857486953031 2
0.891666666666667 0.919354838709677 0.862068965517241 0.942436040044494 0.81 0.901960784313726 0.714285714285714 0.941176470588235 2
0.925 0.920634920634921 0.929824561403509 0.973266499582289 0.87 0.833333333333333 0.903846153846154 0.933894230769231 2
0.875 0.868852459016393 0.88135593220339 0.953320366768547 0.9 0.886363636363636 0.910714285714286 0.954951298701299 2
0.858333333333333 0.873015873015873 0.842105263157895 0.949596212754107 0.84 0.844444444444444 0.836363636363636 0.933737373737374 2
0.916666666666667 0.916666666666667 0.916666666666667 0.967303240740741 0.8 0.769230769230769 0.833333333333333 0.91426282051282 2
0.9 0.91044776119403 0.886792452830189 0.956631934666291 0.86 0.836734693877551 0.882352941176471 0.936774709883954 2
0.916666666666667 0.9 0.933333333333333 0.966111111111111 0.84 0.851063829787234 0.830188679245283 0.93054997992774 2
0.9 0.851851851851852 0.939393939393939 0.962401795735129 0.84 0.86 0.82 0.9412 2
0.791666666666667 0.80327868852459 0.779661016949153 0.879410947485413 0.86 0.808510638297872 0.905660377358491 0.916097952629466 2
0.891666666666667 0.907692307692308 0.872727272727273 0.972587412587413 0.88 0.839285714285714 0.931818181818182 0.954951298701299 2
0.883333333333333 0.888888888888889 0.87719298245614 0.97020328599276 0.86 0.854545454545454 0.866666666666667 0.917575757575758 2
0.866666666666667 0.895522388059702 0.830188679245283 0.958884821177133 0.87 0.827586206896552 0.928571428571429 0.932676518883415 2
0.925 0.929577464788732 0.918367346938776 0.979591836734694 0.88 0.883720930232558 0.87719298245614 0.929824561403509 2
0.95 0.967213114754098 0.932203389830508 0.983606557377049 0.87 0.788461538461538 0.958333333333333 0.925080128205128 2
0.9 0.866666666666667 0.933333333333333 0.953055555555556 0.9 0.911111111111111 0.890909090909091 0.955555555555556 2
0.891666666666667 0.890909090909091 0.892307692307692 0.955244755244755 0.83 0.75 0.892857142857143 0.877029220779221 2
0.9 0.904761904761905 0.894736842105263 0.966304650515177 0.88 0.865384615384615 0.895833333333333 0.935897435897436 2
0.883333333333333 0.91044776119403 0.849056603773585 0.964517037454238 0.92 0.914893617021277 0.924528301886792 0.978321959052589 2
0.9 0.907407407407407 0.893939393939394 0.967171717171717 0.88 0.846153846153846 0.916666666666667 0.950320512820513 2
0.933333333333333 0.933333333333333 0.933333333333333 0.966111111111111 0.9 0.891304347826087 0.907407407407407 0.929951690821256 2
0.841666666666667 0.827586206896552 0.854838709677419 0.931312569521691 0.81 0.826923076923077 0.791666666666667 0.909855769230769 2
0.9 0.883333333333333 0.916666666666667 0.960833333333333 0.92 0.938775510204082 0.901960784313726 0.98359343737495 2
0.875 0.807692307692308 0.926470588235294 0.93947963800905 0.84 0.740740740740741 0.956521739130435 0.929549114331723 2
0.841666666666667 0.873015873015873 0.807017543859649 0.915065441381231 0.88 0.875 0.884615384615385 0.951522435897436 2
0.875 0.882352941176471 0.865384615384615 0.958427601809955 0.8 0.729166666666667 0.865384615384615 0.872195512820513 2
0.883333333333333 0.851851851851852 0.909090909090909 0.932098765432099 0.83 0.775510204081633 0.882352941176471 0.939575830332133 2
0.9 0.91304347826087 0.882352941176471 0.96078431372549 0.9 0.92156862745098 0.877551020408163 0.941576630652261 2
0.925 0.905660377358491 0.940298507462687 0.966488313151225 0.88 0.82 0.94 0.9336 2
0.883333333333333 0.844827586206897 0.919354838709677 0.951890989988877 0.87 0.827586206896552 0.928571428571429 0.952791461412151 2
0.908333333333333 0.941176470588235 0.865384615384615 0.965214932126697 0.83 0.681818181818182 0.946428571428571 0.939123376623377 2
0.883333333333333 0.849056603773585 0.91044776119403 0.955787102224725 0.82 0.833333333333333 0.804347826086957 0.916666666666667 2
0.891666666666667 0.884615384615385 0.897058823529412 0.940893665158371 0.87 0.847826086956522 0.888888888888889 0.934380032206119 2
0.941666666666667 0.946428571428571 0.9375 0.986328125 0.87 0.803921568627451 0.938775510204082 0.912364945978391 2
0.875 0.847457627118644 0.901639344262295 0.938316198944151 0.84 0.791666666666667 0.884615384615385 0.90625 2
0.891666666666667 0.886792452830189 0.895522388059702 0.954660658969304 0.85 0.811320754716981 0.893617021276596 0.933761541549578 2
0.9 0.888888888888889 0.912280701754386 0.973266499582289 0.83 0.854545454545454 0.8 0.926868686868687 2
0.891666666666667 0.884615384615385 0.897058823529412 0.970871040723982 0.81 0.811320754716981 0.808510638297872 0.894821356884785 2
0.891666666666667 0.885245901639344 0.898305084745763 0.96499027507641 0.88 0.82051282051282 0.918032786885246 0.949978982765868 2
0.95 0.933333333333333 0.966666666666667 0.988333333333333 0.84 0.837209302325581 0.842105263157895 0.915544675642595 2
0.866666666666667 0.875 0.857142857142857 0.937220982142857 0.89 0.934782608695652 0.851851851851852 0.933977455716586 2
0.875 0.887096774193548 0.862068965517241 0.958008898776418 0.88 0.788461538461538 0.979166666666667 0.908253205128205 2
0.866666666666667 0.906666666666667 0.8 0.943111111111111 0.93 0.945454545454545 0.911111111111111 0.967676767676768 2
0.9 0.876923076923077 0.927272727272727 0.951888111888112 0.81 0.87037037037037 0.739130434782609 0.898148148148148 2
0.908333333333333 0.927272727272727 0.892307692307692 0.965594405594406 0.81 0.788461538461538 0.833333333333333 0.903445512820513 2
0.908333333333333 0.919354838709677 0.896551724137931 0.968298109010011 0.88 0.895833333333333 0.865384615384615 0.953125 2
0.9 0.872727272727273 0.923076923076923 0.974825174825175 0.82 0.758620689655172 0.904761904761905 0.873563218390805 2
0.9 0.90625 0.892857142857143 0.963169642857143 0.87 0.857142857142857 0.882352941176471 0.943577430972389 2
0.891666666666667 0.870967741935484 0.913793103448276 0.951334816462736 0.85 0.833333333333333 0.865384615384615 0.890625 2
0.9 0.87037037037037 0.924242424242424 0.951739618406285 0.85 0.865384615384615 0.833333333333333 0.92948717948718 2
0.875 0.870967741935484 0.879310344827586 0.934649610678532 0.86 0.830508474576271 0.902439024390244 0.950392724266226 2
0.9 0.888888888888889 0.909090909090909 0.962682379349046 0.87 0.823529411764706 0.918367346938776 0.908763505402161 2
0.908333333333333 0.894736842105263 0.920634920634921 0.971874129768867 0.88 0.884615384615385 0.875 0.961538461538462 2
0.808333333333333 0.775862068965517 0.838709677419355 0.902113459399333 0.89 0.896551724137931 0.880952380952381 0.938834154351396 2
0.875 0.87037037037037 0.878787878787879 0.966329966329966 0.88 0.822222222222222 0.927272727272727 0.943030303030303 2
0.908333333333333 0.890909090909091 0.923076923076923 0.954685314685315 0.85 0.804347826086957 0.888888888888889 0.950080515297907 2
0.858333333333333 0.814814814814815 0.893939393939394 0.926206509539843 0.89 0.85 0.95 0.954583333333333 2
0.866666666666667 0.830508474576271 0.901639344262295 0.953598221728258 0.88 0.955555555555556 0.818181818181818 0.951515151515152 2
0.866666666666667 0.866666666666667 0.866666666666667 0.938611111111111 0.9 0.890909090909091 0.911111111111111 0.96040404040404 2
0.9 0.894736842105263 0.904761904761905 0.944862155388471 0.8 0.784313725490196 0.816326530612245 0.890356142456983 2
0.866666666666667 0.87719298245614 0.857142857142857 0.952380952380952 0.89 0.92 0.86 0.9428 2
0.9 0.903225806451613 0.896551724137931 0.973859844271413 0.84 0.872340425531915 0.811320754716981 0.92974708952228 2
0.85 0.796296296296296 0.893939393939394 0.948092031425365 0.79 0.72 0.86 0.8652 2
0.866666666666667 0.854545454545454 0.876923076923077 0.942937062937063 0.88 0.941176470588235 0.816326530612245 0.946378551420568 2
0.875 0.842105263157895 0.904761904761905 0.935672514619883 0.82 0.745454545454545 0.911111111111111 0.893333333333333 2
0.908333333333333 0.944444444444444 0.854166666666667 0.947048611111111 0.89 0.924528301886792 0.851063829787234 0.957446808510638 2
0.85 0.859375 0.839285714285714 0.941685267857143 0.85 0.879310344827586 0.80952380952381 0.92200328407225 2
0.883333333333333 0.888888888888889 0.87719298245614 0.957393483709273 0.87 0.833333333333333 0.91304347826087 0.943236714975845 2
0.908333333333333 0.942857142857143 0.86 0.969428571428571 0.82 0.836363636363636 0.8 0.91030303030303 2
0.783333333333333 0.78125 0.785714285714286 0.881975446428571 0.85 0.836734693877551 0.862745098039216 0.911164465786314 2
0.883333333333333 0.930555555555556 0.8125 0.957465277777778 0.77 0.869565217391304 0.685185185185185 0.894122383252818 2
0.866666666666667 0.839285714285714 0.890625 0.961774553571429 0.9 0.905660377358491 0.893617021276596 0.973906061822561 2
0.9 0.916666666666667 0.883333333333333 0.965277777777778 0.87 0.901960784313726 0.836734693877551 0.929971988795518 2
0.9 0.903225806451613 0.896551724137931 0.953837597330367 0.86 0.791666666666667 0.923076923076923 0.914663461538462 2
0.883333333333333 0.88135593220339 0.885245901639344 0.948041122534037 0.84 0.806451612903226 0.894736842105263 0.943548387096774 2
0.9 0.907407407407407 0.893939393939394 0.964927048260382 0.9 0.846153846153846 0.958333333333333 0.959535256410256 2
0.858333333333333 0.847457627118644 0.868852459016393 0.954987496526813 0.91 0.931818181818182 0.892857142857143 0.967938311688312 2
0.966666666666667 0.966666666666667 0.966666666666667 0.995 0.82 0.8 0.84 0.916 2
0.875 0.849056603773585 0.895522388059702 0.963108983384962 0.89 0.888888888888889 0.890909090909091 0.936565656565657 2
0.916666666666667 0.907407407407407 0.924242424242424 0.958754208754209 0.83 0.833333333333333 0.826086956521739 0.909017713365539 2
0.875 0.849056603773585 0.895522388059702 0.926217966769924 0.87 0.804347826086957 0.925925925925926 0.938003220611916 2
0.841666666666667 0.827586206896552 0.854838709677419 0.912680756395996 0.89 0.851851851851852 0.934782608695652 0.939210950080515 3
0.908333333333333 0.921875 0.892857142857143 0.971261160714286 0.81 0.807692307692308 0.8125 0.899038461538462 3
0.833333333333333 0.813559322033898 0.852459016393443 0.93248124479022 0.87 0.859649122807018 0.883720930232558 0.946960424316605 3
0.858333333333333 0.880597014925373 0.830188679245283 0.939172064207266 0.87 0.886792452830189 0.851063829787234 0.922119630670413 3
0.9 0.923076923076923 0.872727272727273 0.954685314685315 0.81 0.872727272727273 0.733333333333333 0.913535353535354 3
0.883333333333333 0.875 0.892857142857143 0.955636160714286 0.84 0.826086956521739 0.851851851851852 0.931964573268921 3
0.85 0.830508474576271 0.868852459016393 0.919422061683801 0.86 0.82051282051282 0.885245901639344 0.91046658259773 3
0.85 0.821428571428571 0.875 0.948381696428571 0.9 0.906976744186046 0.894736842105263 0.94328845369237 3
0.866666666666667 0.884057971014493 0.843137254901961 0.961352657004831 0.91 0.890909090909091 0.933333333333333 0.951919191919192 3
0.866666666666667 0.824561403508772 0.904761904761905 0.939571150097466 0.83 0.727272727272727 0.910714285714286 0.922077922077922 3
0.933333333333333 0.931034482758621 0.935483870967742 0.980255839822024 0.88 0.807692307692308 0.958333333333333 0.943910256410256 3
0.883333333333333 0.885245901639344 0.88135593220339 0.953876076687969 0.85 0.777777777777778 0.909090909090909 0.932525252525253 3
0.866666666666667 0.847457627118644 0.885245901639344 0.945540427896638 0.87 0.836363636363636 0.911111111111111 0.938989898989899 3
0.866666666666667 0.897058823529412 0.826923076923077 0.937217194570136 0.87 0.875 0.865384615384615 0.921474358974359 3
0.833333333333333 0.814814814814815 0.848484848484849 0.911335578002245 0.87 0.814814814814815 0.934782608695652 0.935990338164251 3
0.891666666666667 0.872727272727273 0.907692307692308 0.961958041958042 0.86 0.8 0.909090909090909 0.931313131313131 3
0.875 0.864406779661017 0.885245901639344 0.94887468741317 0.84 0.824561403508772 0.86046511627907 0.948184414524684 3
0.9 0.875 0.921875 0.961774553571429 0.88 0.773584905660377 1 0.957446808510638 3
0.808333333333333 0.859375 0.75 0.909319196428572 0.89 0.867924528301887 0.914893617021277 0.961862705740666 3
0.908333333333333 0.915254237288136 0.901639344262295 0.956376771325368 0.84 0.811320754716981 0.872340425531915 0.910879164993978 3
0.891666666666667 0.919354838709677 0.862068965517241 0.940767519466073 0.81 0.764705882352941 0.857142857142857 0.867146858743497 3
0.925 0.920634920634921 0.929824561403509 0.973544973544973 0.89 0.833333333333333 0.942307692307692 0.940705128205128 3
0.891666666666667 0.868852459016393 0.915254237288136 0.955821061405946 0.89 0.886363636363636 0.892857142857143 0.967126623376623 3
0.866666666666667 0.873015873015873 0.859649122807018 0.952380952380952 0.82 0.822222222222222 0.818181818181818 0.943030303030303 3
0.925 0.9375 0.916666666666667 0.967303240740741 0.8 0.769230769230769 0.833333333333333 0.915865384615385 3
0.9 0.91044776119403 0.886792452830189 0.958321599549423 0.84 0.836734693877551 0.843137254901961 0.935174069627851 3
0.916666666666667 0.9 0.933333333333333 0.964444444444444 0.85 0.851063829787234 0.849056603773585 0.928542753914091 3
0.916666666666667 0.888888888888889 0.939393939393939 0.963524130190797 0.86 0.9 0.82 0.9396 3
0.791666666666667 0.80327868852459 0.779661016949153 0.879410947485413 0.85 0.787234042553192 0.905660377358491 0.888799678843838 3
0.883333333333333 0.892307692307692 0.872727272727273 0.970629370629371 0.9 0.839285714285714 0.977272727272727 0.954951298701299 3
0.883333333333333 0.888888888888889 0.87719298245614 0.967975494291284 0.84 0.836363636363636 0.844444444444444 0.916363636363636 3
0.866666666666667 0.895522388059702 0.830188679245283 0.957476767107857 0.88 0.862068965517241 0.904761904761905 0.932676518883415 3
0.916666666666667 0.929577464788732 0.897959183673469 0.975567691865479 0.87 0.86046511627907 0.87719298245614 0.934312525499796 3
0.933333333333333 0.950819672131147 0.915254237288136 0.985273687135315 0.85 0.769230769230769 0.9375 0.916266025641026 3
0.908333333333333 0.883333333333333 0.933333333333333 0.951944444444444 0.9 0.911111111111111 0.890909090909091 0.953535353535354 3
0.891666666666667 0.890909090909091 0.892307692307692 0.952447552447552 0.85 0.772727272727273 0.910714285714286 0.874594155844156 3
0.9 0.904761904761905 0.894736842105263 0.964076858813701 0.59 0.538461538461538 0.645833333333333 0.571714743589744 3
0.883333333333333 0.91044776119403 0.849056603773585 0.960011264432554 0.91 0.914893617021277 0.905660377358491 0.972701726214372 3
0.9 0.907407407407407 0.893939393939394 0.965768799102132 0.9 0.884615384615385 0.916666666666667 0.952724358974359 3
0.925 0.933333333333333 0.916666666666667 0.969166666666667 0.91 0.91304347826087 0.907407407407407 0.923913043478261 3
0.841666666666667 0.827586206896552 0.854838709677419 0.92853170189099 0.83 0.826923076923077 0.833333333333333 0.89463141025641 3
0.9 0.883333333333333 0.916666666666667 0.961666666666667 0.93 0.938775510204082 0.92156862745098 0.979591836734694 3
0.883333333333333 0.826923076923077 0.926470588235294 0.935237556561086 0.82 0.703703703703704 0.956521739130435 0.913848631239936 3
0.833333333333333 0.873015873015873 0.789473684210526 0.917014759120022 0.89 0.833333333333333 0.942307692307692 0.946714743589744 3
0.875 0.882352941176471 0.865384615384615 0.955316742081448 0.81 0.875 0.75 0.930689102564103 3
0.883333333333333 0.851851851851852 0.909090909090909 0.929292929292929 0.84 0.795918367346939 0.882352941176471 0.94077631052421 3
0.9 0.91304347826087 0.882352941176471 0.96050014208582 0.87 0.92156862745098 0.816326530612245 0.945578231292517 3
0.908333333333333 0.886792452830189 0.925373134328358 0.965925091523514 0.88 0.82 0.94 0.9392 3
0.866666666666667 0.844827586206897 0.887096774193548 0.947163515016685 0.86 0.827586206896552 0.904761904761905 0.948275862068966 3
0.908333333333333 0.941176470588235 0.865384615384615 0.959841628959276 0.83 0.659090909090909 0.964285714285714 0.940746753246753 3
0.891666666666667 0.849056603773585 0.925373134328358 0.956068713038581 0.82 0.796296296296296 0.847826086956522 0.904589371980676 3
0.883333333333333 0.865384615384615 0.897058823529412 0.938914027149321 0.86 0.847826086956522 0.87037037037037 0.925523349436393 3
0.916666666666667 0.910714285714286 0.921875 0.983258928571429 0.87 0.803921568627451 0.938775510204082 0.927571028411365 3
0.883333333333333 0.864406779661017 0.901639344262295 0.934981939427619 0.85 0.791666666666667 0.903846153846154 0.896233974358974 3
0.891666666666667 0.886792452830189 0.895522388059702 0.954379048155449 0.85 0.811320754716981 0.893617021276596 0.934162986752308 3
0.883333333333333 0.888888888888889 0.87719298245614 0.97270955165692 0.87 0.890909090909091 0.844444444444444 0.93010101010101 3
0.891666666666667 0.865384615384615 0.911764705882353 0.969457013574661 0.81 0.811320754716981 0.808510638297872 0.889602569249297 3
0.9 0.885245901639344 0.915254237288136 0.967213114754098 0.9 0.846153846153846 0.934426229508197 0.951240016813787 3
0.933333333333333 0.916666666666667 0.95 0.985555555555556 0.84 0.813953488372093 0.859649122807018 0.911464708282334 3
0.866666666666667 0.875 0.857142857142857 0.940569196428571 0.87 0.91304347826087 0.833333333333333 0.927133655394525 3
0.875 0.887096774193548 0.862068965517241 0.956618464961068 0.87 0.788461538461538 0.958333333333333 0.896634615384615 3
0.858333333333333 0.893333333333333 0.8 0.932740740740741 0.8 0.654545454545455 0.977777777777778 0.905050505050505 3
0.891666666666667 0.876923076923077 0.909090909090909 0.947412587412587 0.78 0.814814814814815 0.739130434782609 0.896135265700483 3
0.916666666666667 0.945454545454545 0.892307692307692 0.966153846153846 0.8 0.769230769230769 0.833333333333333 0.905849358974359 3
0.9 0.903225806451613 0.896551724137931 0.96273637374861 0.88 0.895833333333333 0.865384615384615 0.960737179487179 3
0.891666666666667 0.854545454545454 0.923076923076923 0.97006993006993 0.81 0.758620689655172 0.880952380952381 0.858784893267652 3
0.883333333333333 0.890625 0.875 0.967354910714286 0.63 0.285714285714286 0.96078431372549 0.818727490996399 3
0.891666666666667 0.870967741935484 0.913793103448276 0.949666295884316 0.83 0.791666666666667 0.865384615384615 0.877403846153846 3
0.891666666666667 0.87037037037037 0.909090909090909 0.959034792368126 0.83 0.846153846153846 0.8125 0.924679487179487 3
0.866666666666667 0.870967741935484 0.862068965517241 0.932981090100111 0.87 0.830508474576271 0.926829268292683 0.952459694088466 3
0.9 0.888888888888889 0.909090909090909 0.964085297418631 0.87 0.823529411764706 0.918367346938776 0.915166066426571 3
0.925 0.912280701754386 0.936507936507937 0.974380395433027 0.9 0.903846153846154 0.895833333333333 0.964342948717949 3
0.791666666666667 0.741379310344828 0.838709677419355 0.889877641824249 0.87 0.896551724137931 0.833333333333333 0.933497536945813 3
0.875 0.87037037037037 0.878787878787879 0.9668911335578 0.86 0.777777777777778 0.927272727272727 0.934545454545455 3
0.9 0.890909090909091 0.907692307692308 0.956083916083916 0.85 0.804347826086957 0.888888888888889 0.951690821256039 3
0.841666666666667 0.796296296296296 0.878787878787879 0.924523007856341 0.89 0.866666666666667 0.925 0.954166666666667 3
0.875 0.830508474576271 0.918032786885246 0.952486801889414 0.87 0.933333333333333 0.818181818181818 0.94989898989899 3
0.858333333333333 0.866666666666667 0.85 0.940555555555556 0.91 0.890909090909091 0.933333333333333 0.958383838383838 3
0.891666666666667 0.894736842105263 0.888888888888889 0.94541910331384 0.79 0.764705882352941 0.816326530612245 0.889555822328932 3
0.883333333333333 0.894736842105263 0.873015873015873 0.948203842940685 0.88 0.92 0.84 0.9364 3
0.9 0.903225806451613 0.896551724137931 0.974416017797553 0.83 0.851063829787234 0.811320754716981 0.917703733440385 3
0.858333333333333 0.814814814814815 0.893939393939394 0.940516273849607 0.77 0.66 0.88 0.8636 3
0.85 0.818181818181818 0.876923076923077 0.93986013986014 0.89 0.941176470588235 0.836734693877551 0.955582232893157 3
0.875 0.842105263157895 0.904761904761905 0.93984962406015 0.8 0.690909090909091 0.933333333333333 0.894949494949495 3
0.908333333333333 0.930555555555556 0.875 0.945891203703704 0.87 0.849056603773585 0.893617021276596 0.92934564431955 3
0.866666666666667 0.84375 0.892857142857143 0.933314732142857 0.79 0.741379310344828 0.857142857142857 0.856732348111658 3
0.883333333333333 0.888888888888889 0.87719298245614 0.954887218045113 0.87 0.814814814814815 0.934782608695652 0.937600644122383 3
0.908333333333333 0.942857142857143 0.86 0.970571428571429 0.84 0.854545454545454 0.822222222222222 0.908282828282828 3
0.791666666666667 0.78125 0.803571428571429 0.884765625 0.88 0.857142857142857 0.901960784313726 0.923569427771108 3
0.883333333333333 0.930555555555556 0.8125 0.954282407407407 0.81 0.760869565217391 0.851851851851852 0.885668276972625 3
0.875 0.839285714285714 0.90625 0.961495535714286 0.9 0.867924528301887 0.936170212765957 0.972300281011642 3
0.891666666666667 0.9 0.883333333333333 0.9675 0.82 0.823529411764706 0.816326530612245 0.909163665466186 3
0.916666666666667 0.919354838709677 0.913793103448276 0.955506117908788 0.86 0.791666666666667 0.923076923076923 0.910657051282051 3
0.883333333333333 0.864406779661017 0.901639344262295 0.947485412614615 0.86 0.838709677419355 0.894736842105263 0.948217317487267 3
0.9 0.888888888888889 0.909090909090909 0.965768799102132 0.88 0.826923076923077 0.9375 0.956330128205128 3
0.85 0.847457627118644 0.852459016393443 0.956098916365657 0.92 0.909090909090909 0.928571428571429 0.97362012987013 3
0.958333333333333 0.95 0.966666666666667 0.994166666666667 0.82 0.84 0.8 0.9148 3
0.883333333333333 0.849056603773585 0.91044776119403 0.965080259081949 0.89 0.866666666666667 0.909090909090909 0.933333333333333 3
0.908333333333333 0.888888888888889 0.924242424242424 0.956228956228956 0.83 0.851851851851852 0.804347826086957 0.914653784219002 3
0.866666666666667 0.830188679245283 0.895522388059702 0.928470853280766 0.87 0.847826086956522 0.888888888888889 0.933977455716586 3
