1 1 1 1 0.85 0.745454545454545 0.977777777777778 0.876161616161616 5 1
1 1 1 1 0.85 0.745454545454545 0.977777777777778 0.876161616161616 8 1
1 1 1 1 0.85 0.745454545454545 0.977777777777778 0.876161616161616 10 1
1 1 1 1 0.82 0.758620689655172 0.904761904761905 0.840106732348112 5 1
1 1 1 1 0.82 0.758620689655172 0.904761904761905 0.84072249589491 8 1
1 1 1 1 0.82 0.758620689655172 0.904761904761905 0.84072249589491 10 1
1 1 1 1 0.88 0.886792452830189 0.872340425531915 0.881774387796066 5 1
1 1 1 1 0.77 0.716981132075472 0.829787234042553 0.864110798875954 8 1
1 1 1 1 0.74 0.735849056603774 0.74468085106383 0.770774789241269 10 1
1 1 1 1 0.8 0.760869565217391 0.833333333333333 0.824074074074074 5 1
1 1 1 1 0.83 0.760869565217391 0.888888888888889 0.838768115942029 8 1
0.924528301886792 0.875 0.96551724137931 0.966954022988506 0.78 0.673913043478261 0.87037037037037 0.798711755233494 10 1
1 1 1 1 0.79 0.925925925925926 0.630434782608696 0.840579710144927 5 1
1 1 1 1 0.86 0.981481481481482 0.717391304347826 0.889291465378422 8 1
1 1 1 1 0.71 0.925925925925926 0.456521739130435 0.753220611916264 10 1
0.978260869565217 1 0.962962962962963 1 0.86 0.92 0.8 0.927 5 1
1 1 1 1 0.91 0.9 0.92 0.9236 8 1
1 1 1 1 0.91 0.88 0.94 0.9152 10 1
1 1 1 1 0.83 0.666666666666667 1 0.83313325330132 5 1
1 1 1 1 0.69 0.568627450980392 0.816326530612245 0.727490996398559 8 1
1 1 1 1 0.81 0.647058823529412 0.979591836734694 0.824929971988795 10 1
1 1 1 1 0.88 0.843137254901961 0.918367346938776 0.879151660664266 5 1
1 1 1 1 0.83 0.803921568627451 0.857142857142857 0.873949579831933 8 1
1 1 1 1 0.82 0.882352941176471 0.755102040816326 0.868347338935574 10 1
1 1 1 1 0.84 0.837209302325581 0.842105263157895 0.853529171766626 5 1
1 1 1 1 0.82 0.837209302325581 0.807017543859649 0.866381068951448 8 1
0.980392156862745 0.958333333333333 1 1 0.82 0.837209302325581 0.807017543859649 0.852305181558548 10 1
1 1 1 1 0.86 0.807692307692308 0.916666666666667 0.857772435897436 5 1
1 1 1 1 0.85 0.807692307692308 0.895833333333333 0.862379807692308 8 1
1 1 1 1 0.81 0.788461538461538 0.833333333333333 0.827724358974359 10 1
1 1 1 1 0.88 0.84 0.92 0.897 5 1
1 1 1 1 0.9 0.84 0.96 0.9448 8 1
1 1 1 1 0.75 0.74 0.76 0.8132 10 1
1 1 1 1 0.7 0.574074074074074 0.847826086956522 0.722624798711755 5 1
1 1 1 1 0.68 0.555555555555556 0.826086956521739 0.719202898550725 8 1
1 1 1 1 0.7 0.555555555555556 0.869565217391304 0.77133655394525 10 1
1 1 1 1 0.89 0.897959183673469 0.882352941176471 0.897559023609444 5 1
1 1 1 1 0.91 0.897959183673469 0.92156862745098 0.953181272509004 8 1
1 1 1 1 0.65 0.63265306122449 0.666666666666667 0.724889955982393 10 1
1 1 1 1 0.83 0.84 0.82 0.8436 5 1
1 1 1 1 0.85 0.84 0.86 0.8788 8 1
1 1 1 1 0.88 0.9 0.86 0.9006 10 1
1 1 1 1 0.85 0.714285714285714 0.980392156862745 0.877150860344138 5 1
1 1 1 1 0.83 0.857142857142857 0.803921568627451 0.909963985594238 8 1
1 1 1 1 0.82 0.653061224489796 0.980392156862745 0.816526610644258 10 1
0.948717948717949 0.9375 0.956521739130435 0.956521739130435 0.82 0.862745098039216 0.775510204081633 0.854141656662665 5 1
1 1 1 1 0.76 0.705882352941177 0.816326530612245 0.79171668667467 8 1
1 1 1 1 0.75 0.647058823529412 0.857142857142857 0.788515406162465 10 1
1 1 1 1 0.74 0.875 0.65 0.850416666666667 5 1
1 1 1 1 0.87 0.8 0.916666666666667 0.883333333333333 8 1
1 1 1 1 0.87 0.75 0.95 0.887708333333333 10 1
1 1 1 1 0.83 0.808510638297872 0.849056603773585 0.836411079887595 5 1
1 1 1 1 0.83 0.808510638297872 0.849056603773585 0.836411079887595 8 1
1 1 1 1 0.83 0.808510638297872 0.849056603773585 0.836411079887595 10 1
1 1 1 1 0.76 0.857142857142857 0.666666666666667 0.759103641456583 5 1
0.957446808510638 1 0.916666666666667 0.949275362318841 0.81 0.897959183673469 0.725490196078431 0.810724289715886 8 1
1 1 1 1 0.62 0.448979591836735 0.784313725490196 0.627450980392157 10 1
1 1 1 1 0.73 0.771929824561403 0.674418604651163 0.766829865361077 5 1
1 1 1 1 0.75 0.912280701754386 0.534883720930233 0.739902080783354 8 1
1 1 1 1 0.76 0.842105263157895 0.651162790697674 0.79436964504284 10 1
1 1 1 1 0.91 0.894736842105263 0.919354838709677 0.944397283531409 5 1
1 1 1 1 0.9 0.973684210526316 0.854838709677419 0.963709677419355 8 1
1 1 1 1 0.56 0.684210526315789 0.483870967741935 0.643251273344652 10 1
0.976190476190476 0.941176470588235 1 1 0.93 0.927272727272727 0.933333333333333 0.943838383838384 5 1
1 1 1 1 0.9 0.872727272727273 0.933333333333333 0.940606060606061 8 1
1 1 1 1 0.87 0.890909090909091 0.844444444444444 0.91050505050505 10 1
1 1 1 1 0.88 0.844827586206897 0.928571428571429 0.900656814449918 5 1
1 1 1 1 0.82 0.775862068965517 0.880952380952381 0.849343185550082 8 1
1 1 1 1 0.85 0.862068965517241 0.833333333333333 0.923440065681445 10 1
1 1 1 1 0.89 0.955555555555556 0.836363636363636 0.904646464646465 5 1
1 1 1 1 0.85 0.8 0.890909090909091 0.851313131313131 8 1
1 1 1 1 0.85 0.822222222222222 0.872727272727273 0.858787878787879 10 1
1 1 1 1 0.82 0.9 0.74 0.8924 5 1
1 1 1 1 0.83 0.86 0.8 0.8592 8 1
1 1 1 1 0.85 0.88 0.82 0.8668 10 1
1 1 1 1 0.72 0.549019607843137 0.897959183673469 0.764305722288916 5 1
1 1 1 1 0.83 0.823529411764706 0.836734693877551 0.866346538615446 8 1
1 1 1 1 0.67 0.607843137254902 0.73469387755102 0.721288515406162 10 1
1 1 1 1 0.79 0.866666666666667 0.727272727272727 0.816161616161616 5 1
1 1 1 1 0.8 0.822222222222222 0.781818181818182 0.831515151515152 8 1
1 1 1 1 0.77 0.844444444444444 0.709090909090909 0.811111111111111 10 1
1 1 1 1 0.85 0.846153846153846 0.854166666666667 0.856971153846154 5 1
1 1 1 1 0.85 0.846153846153846 0.854166666666667 0.856971153846154 8 1
1 1 1 1 0.85 0.846153846153846 0.854166666666667 0.856971153846154 10 1
1 1 1 1 0.9 0.865384615384615 0.9375 0.909254807692308 5 1
1 1 1 1 0.92 0.884615384615385 0.958333333333333 0.948517628205128 8 1
1 1 1 1 0.93 0.903846153846154 0.958333333333333 0.973758012820513 10 1
1 1 1 1 0.79 0.86 0.72 0.8102 5 1
1 1 1 1 0.78 0.8 0.76 0.7888 8 1
1 1 1 1 0.83 0.8 0.86 0.8684 10 1
1 1 1 1 0.77 0.777777777777778 0.763636363636364 0.839191919191919 5 1
1 1 1 1 0.77 0.777777777777778 0.763636363636364 0.832323232323232 8 1
1 1 1 1 0.77 0.777777777777778 0.763636363636364 0.832323232323232 10 1
1 1 1 1 0.72 0.693877551020408 0.745098039215686 0.732693077230892 5 1
1 1 1 1 0.87 0.836734693877551 0.901960784313726 0.882553021208483 8 1
1 1 1 1 0.85 0.73469387755102 0.96078431372549 0.890356142456983 10 1
1 1 1 1 0.8 0.846153846153846 0.75 0.798076923076923 5 1
1 1 1 1 0.8 0.846153846153846 0.75 0.798076923076923 8 1
1 1 1 1 0.8 0.846153846153846 0.75 0.798076923076923 10 1
0.978260869565217 1 0.947368421052632 0.961988304093567 0.77 0.792452830188679 0.74468085106383 0.830590124448013 5 1
0.978260869565217 0.962962962962963 1 0.975633528265107 0.83 0.886792452830189 0.765957446808511 0.845644319550381 8 1
1 1 1 1 0.84 0.830188679245283 0.851063829787234 0.855279004415897 10 1
1 1 1 1 0.83 0.80952380952381 0.844827586206897 0.833743842364532 5 1
1 1 1 1 0.83 0.80952380952381 0.844827586206897 0.834564860426929 8 1
1 1 1 1 0.83 0.80952380952381 0.844827586206897 0.834564860426929 10 1
1 1 1 1 0.84 0.784313725490196 0.897959183673469 0.863945578231293 5 1
1 1 1 1 0.84 0.784313725490196 0.897959183673469 0.863945578231293 8 1
1 1 1 1 0.84 0.784313725490196 0.897959183673469 0.863945578231293 10 1
1 1 1 1 0.76 0.6 0.955555555555556 0.803434343434343 5 1
1 1 1 1 0.83 0.745454545454545 0.933333333333333 0.872323232323232 8 1
1 1 1 1 0.63 0.527272727272727 0.755555555555556 0.625050505050505 10 1
1 1 1 1 0.76 0.685185185185185 0.847826086956522 0.820450885668277 5 1
1 1 1 1 0.84 0.814814814814815 0.869565217391304 0.902979066022544 8 1
1 1 1 1 0.81 0.722222222222222 0.91304347826087 0.884460547504026 10 1
1 1 1 1 0.85 0.704545454545455 0.964285714285714 0.941761363636364 5 1
1 1 1 1 0.8 0.727272727272727 0.857142857142857 0.89549512987013 8 1
1 1 1 1 0.87 0.795454545454545 0.928571428571429 0.94825487012987 10 1
1 1 1 1 0.92 0.931818181818182 0.910714285714286 0.952516233766234 5 1
1 1 1 1 0.79 0.818181818181818 0.767857142857143 0.835227272727273 8 1
1 1 1 1 0.64 0.727272727272727 0.571428571428571 0.737215909090909 10 1
1 1 1 1 0.76 0.787234042553192 0.735849056603774 0.792051384985949 5 1
1 1 1 1 0.78 0.702127659574468 0.849056603773585 0.820152549177037 8 1
1 1 1 1 0.81 0.829787234042553 0.792452830188679 0.835808912083501 10 1
1 1 1 1 0.86 0.863636363636364 0.857142857142857 0.90523538961039 5 1
1 1 1 1 0.86 0.863636363636364 0.857142857142857 0.88961038961039 8 1
1 1 1 1 0.85 0.818181818181818 0.875 0.850243506493507 10 1
1 1 1 1 0.82 0.807692307692308 0.833333333333333 0.835536858974359 5 1
1 1 1 1 0.82 0.807692307692308 0.833333333333333 0.835136217948718 8 1
1 1 1 1 0.82 0.807692307692308 0.833333333333333 0.835536858974359 10 1
1 1 1 1 0.73 0.773584905660377 0.680851063829787 0.750501806503412 5 1
1 1 1 1 0.8 0.754716981132076 0.851063829787234 0.880570052187876 8 1
0.976744186046512 1 0.947368421052632 1 0.76 0.849056603773585 0.659574468085106 0.8014853472501 10 1
1 1 1 1 0.79 0.741379310344828 0.857142857142857 0.811986863711002 5 1
0.977777777777778 0.944444444444444 1 0.958847736625514 0.7 0.655172413793103 0.761904761904762 0.763546798029557 8 1
1 1 1 1 0.79 0.793103448275862 0.785714285714286 0.832101806239737 10 1
1 1 1 1 0.87 0.853658536585366 0.88135593220339 0.88900372054568 5 1
0.973684210526316 0.947368421052632 1 0.969529085872576 0.73 0.682926829268293 0.76271186440678 0.792062835882596 8 1
1 1 1 1 0.84 0.804878048780488 0.864406779661017 0.868540719305498 10 1
1 1 1 1 0.86 0.789473684210526 0.903225806451613 0.842105263157895 5 1
1 1 1 1 0.81 0.736842105263158 0.854838709677419 0.79393039049236 8 1
1 1 1 1 0.85 0.789473684210526 0.887096774193548 0.838285229202037 10 1
1 1 1 1 0.88 0.9 0.86 0.8804 5 1
1 1 1 1 0.81 0.82 0.8 0.823 8 1
1 1 1 1 0.69 0.7 0.68 0.7908 10 1
1 1 1 1 0.82 0.857142857142857 0.784313725490196 0.847539015606243 5 1
1 1 1 1 0.86 0.877551020408163 0.843137254901961 0.903761504601841 8 1
0.977272727272727 1 0.961538461538462 1 0.78 0.714285714285714 0.843137254901961 0.810124049619848 10 1
1 1 1 1 0.8 0.775510204081633 0.823529411764706 0.849539815926371 5 1
1 1 1 1 0.74 0.795918367346939 0.686274509803922 0.737895158063225 8 1
1 1 1 1 0.7 0.693877551020408 0.705882352941177 0.675070028011205 10 1
1 1 1 1 0.78 0.767857142857143 0.795454545454545 0.875 5 1
1 1 1 1 0.78 0.732142857142857 0.840909090909091 0.799512987012987 8 1
1 1 1 1 0.77 0.732142857142857 0.818181818181818 0.799512987012987 10 1
1 1 1 1 0.71 0.807692307692308 0.604166666666667 0.734975961538462 5 1
1 1 1 1 0.71 0.884615384615385 0.520833333333333 0.735777243589744 8 1
1 1 1 1 0.53 0.596153846153846 0.458333333333333 0.539463141025641 10 1
1 1 1 1 0.81 0.8125 0.807692307692308 0.831730769230769 5 1
1 1 1 1 0.81 0.8125 0.807692307692308 0.831730769230769 8 1
1 1 1 1 0.81 0.8125 0.807692307692308 0.831730769230769 10 1
1 1 1 1 0.84 0.972972972972973 0.761904761904762 0.883740883740884 5 1
1 1 1 1 0.76 0.918918918918919 0.666666666666667 0.828399828399828 8 1
1 1 1 1 0.71 0.72972972972973 0.698412698412698 0.813599313599314 10 1
1 1 1 1 0.73 0.938775510204082 0.529411764705882 0.844137655062025 5 1
1 1 1 1 0.74 0.775510204081633 0.705882352941177 0.753501400560224 8 1
1 1 1 1 0.74 0.775510204081633 0.705882352941177 0.760504201680672 10 1
1 1 1 1 0.78 0.844444444444444 0.727272727272727 0.806060606060606 5 1
1 1 1 1 0.74 0.688888888888889 0.781818181818182 0.812323232323232 8 1
0.975 0.95 1 0.95875 0.7 0.688888888888889 0.709090909090909 0.722626262626263 10 1
1 1 1 1 0.79 0.775510204081633 0.803921568627451 0.806322529011605 5 1
1 1 1 1 0.8 0.73469387755102 0.862745098039216 0.818927571028411 8 1
1 1 1 1 0.78 0.795918367346939 0.764705882352941 0.797919167667067 10 1
1 1 1 1 0.83 0.767441860465116 0.87719298245614 0.822317421460628 5 1
1 1 1 1 0.83 0.767441860465116 0.87719298245614 0.822317421460628 8 1
1 1 1 1 0.83 0.767441860465116 0.87719298245614 0.822317421460628 10 1
1 1 1 1 0.89 0.883720930232558 0.894736842105263 0.954304365565075 5 1
1 1 1 1 0.83 0.767441860465116 0.87719298245614 0.910852713178295 8 1
1 1 1 1 0.85 0.790697674418605 0.894736842105263 0.910240718074255 10 1
1 1 1 1 0.78 0.755102040816326 0.803921568627451 0.803721488595438 5 1
1 1 1 1 0.76 0.755102040816326 0.764705882352941 0.805122048819528 8 1
1 1 1 1 0.76 0.755102040816326 0.764705882352941 0.797719087635054 10 1
1 1 1 1 0.81 0.839285714285714 0.772727272727273 0.801542207792208 5 1
1 1 1 1 0.82 0.857142857142857 0.772727272727273 0.848417207792208 8 1
1 1 1 1 0.84 0.857142857142857 0.818181818181818 0.879464285714286 10 1
1 1 1 1 0.53 0.630434782608696 0.444444444444444 0.568840579710145 5 1
1 1 1 1 0.71 0.891304347826087 0.555555555555556 0.732085346215781 8 1
1 1 1 1 0.74 0.739130434782609 0.740740740740741 0.797101449275362 10 1
1 1 1 1 0.85 0.925925925925926 0.760869565217391 0.924919484702093 5 1
0.979166666666667 1 0.952380952380952 1 0.87 0.962962962962963 0.760869565217391 0.874798711755233 8 1
1 1 1 1 0.9 0.981481481481482 0.804347826086957 0.892310789049919 10 1
1 1 1 1 0.81 0.730769230769231 0.895833333333333 0.830929487179487 5 1
1 1 1 1 0.81 0.730769230769231 0.895833333333333 0.830929487179487 8 1
1 1 1 1 0.81 0.730769230769231 0.895833333333333 0.830929487179487 10 1
1 1 1 1 0.82 0.843137254901961 0.795918367346939 0.845138055222089 5 1
1 1 1 1 0.81 0.823529411764706 0.795918367346939 0.845738295318127 8 1
1 1 1 1 0.82 0.843137254901961 0.795918367346939 0.852140856342537 10 1
1 1 1 1 0.85 0.680851063829787 1 0.868325973504617 5 1
1 1 1 1 0.8 0.723404255319149 0.867924528301887 0.844841429144922 8 1
1 1 1 1 0.74 0.74468085106383 0.735849056603774 0.813930148534725 10 1
1 1 1 1 0.84 0.91304347826087 0.777777777777778 0.866143317230274 5 1
1 1 1 1 0.76 0.826086956521739 0.703703703703704 0.824074074074074 8 1
1 1 1 1 0.82 0.826086956521739 0.814814814814815 0.840780998389694 10 1
1 1 1 1 0.79 0.866666666666667 0.727272727272727 0.86989898989899 5 1
1 1 1 1 0.77 0.755555555555556 0.781818181818182 0.832323232323232 8 1
1 1 1 1 0.77 0.844444444444444 0.709090909090909 0.848686868686869 10 1
1 1 1 1 0.83 0.807692307692308 0.854166666666667 0.826923076923077 5 1
1 1 1 1 0.83 0.807692307692308 0.854166666666667 0.826923076923077 8 1
1 1 1 1 0.83 0.807692307692308 0.854166666666667 0.826923076923077 10 1
1 1 1 1 0.83 0.76 0.9 0.8424 5 1
1 1 1 1 0.81 0.76 0.86 0.8494 8 1
1 1 1 1 0.78 0.66 0.9 0.8182 10 1
1 1 1 1 0.84 0.767441860465116 0.894736842105263 0.868625050999592 5 1
1 1 1 1 0.84 0.767441860465116 0.894736842105263 0.863525091799266 8 1
1 1 1 1 0.83 0.813953488372093 0.842105263157895 0.890860873113015 10 1
1 1 1 1 0.8 0.693877551020408 0.901960784313726 0.818327330932373 5 1
1 1 1 1 0.77 0.775510204081633 0.764705882352941 0.820128051220488 8 1
1 1 1 1 0.88 0.897959183673469 0.862745098039216 0.91296518607443 10 1
1 1 1 1 0.75 0.647058823529412 0.857142857142857 0.776110444177671 5 1
1 1 1 1 0.69 0.647058823529412 0.73469387755102 0.723889555822329 8 1
1 1 1 1 0.72 0.568627450980392 0.877551020408163 0.830332132853141 10 1
1 1 1 1 0.86 0.813953488372093 0.894736842105263 0.873521011831905 5 1
1 1 1 1 0.84 0.744186046511628 0.912280701754386 0.870257037943696 8 1
1 1 1 1 0.85 0.767441860465116 0.912280701754386 0.886984904120767 10 1
1 1 1 1 0.76 0.74468085106383 0.773584905660377 0.76876756322762 5 1
1 1 1 1 0.68 0.638297872340426 0.716981132075472 0.738859895624247 8 1
1 1 1 1 0.66 0.638297872340426 0.679245283018868 0.729425933360096 10 1
1 1 1 1 0.71 0.41304347826087 0.962962962962963 0.68719806763285 5 1
1 1 1 1 0.71 0.41304347826087 0.962962962962963 0.692431561996779 8 1
1 1 1 1 0.71 0.41304347826087 0.962962962962963 0.692431561996779 10 1
1 1 1 1 0.9 0.895833333333333 0.903846153846154 0.915665064102564 5 1
1 1 1 1 0.71 0.666666666666667 0.75 0.79286858974359 8 1
1 1 1 1 0.92 0.9375 0.903846153846154 0.953926282051282 10 1
1 1 1 1 0.83 0.907407407407407 0.739130434782609 0.86292270531401 5 1
1 1 1 1 0.83 0.907407407407407 0.739130434782609 0.862117552334944 8 1
1 1 1 1 0.83 0.907407407407407 0.739130434782609 0.862520128824477 10 1
1 1 1 1 0.71 0.68 0.74 0.7494 5 1
1 1 1 1 0.71 0.68 0.74 0.7424 8 1
1 1 1 1 0.71 0.68 0.74 0.7424 10 1
1 1 1 1 0.82 0.826086956521739 0.814814814814815 0.826288244766506 5 1
1 1 1 1 0.82 0.804347826086957 0.833333333333333 0.831723027375201 8 1
1 1 1 1 0.87 0.869565217391304 0.87037037037037 0.871779388083736 10 1
1 1 1 1 0.92 0.890909090909091 0.955555555555556 0.92 5 1
1 1 1 1 0.85 0.8 0.911111111111111 0.886262626262626 8 1
0.977272727272727 0.944444444444444 1 0.952991452991453 0.66 0.581818181818182 0.755555555555556 0.688686868686869 10 1
1 1 1 1 0.75 0.652173913043478 0.833333333333333 0.770531400966184 5 1
1 1 1 1 0.74 0.608695652173913 0.851851851851852 0.774959742351047 8 1
1 1 1 1 0.69 0.652173913043478 0.722222222222222 0.693035426731079 10 1
1 1 1 1 0.77 0.936170212765957 0.622641509433962 0.803693295865114 5 1
1 1 1 1 0.79 0.914893617021277 0.679245283018868 0.82637494981935 8 1
1 1 1 1 0.68 0.808510638297872 0.566037735849057 0.699116820553994 10 1
1 1 1 1 0.84 0.826923076923077 0.854166666666667 0.857772435897436 5 1
0.978723404255319 0.96 1 0.976363636363636 0.84 0.865384615384615 0.8125 0.847355769230769 8 1
1 1 1 1 0.9 0.884615384615385 0.916666666666667 0.911458333333333 10 1
1 1 1 1 0.85 0.862068965517241 0.833333333333333 0.850574712643678 5 1
1 1 1 1 0.79 0.793103448275862 0.785714285714286 0.799671592775041 8 1
1 1 1 1 0.81 0.810344827586207 0.80952380952381 0.812192118226601 10 1
1 1 1 1 0.83 0.846153846153846 0.8125 0.855168269230769 5 1
1 1 1 1 0.81 0.826923076923077 0.791666666666667 0.87099358974359 8 1
1 1 1 1 0.64 0.673076923076923 0.604166666666667 0.662860576923077 10 1
1 1 1 1 0.74 0.644444444444444 0.818181818181818 0.763030303030303 5 1
1 1 1 1 0.8 0.755555555555556 0.836363636363636 0.845252525252525 8 1
1 1 1 1 0.79 0.688888888888889 0.872727272727273 0.83959595959596 10 1
1 1 1 1 0.75 0.781818181818182 0.711111111111111 0.844848484848485 5 1
1 1 1 1 0.85 0.890909090909091 0.8 0.911111111111111 8 1
1 1 1 1 0.95 1 0.888888888888889 0.976565656565657 10 1
1 1 1 1 0.75 0.65 0.9 0.788333333333333 5 1
1 1 1 1 0.74 0.633333333333333 0.9 0.786666666666667 8 1
1 1 1 1 0.61 0.466666666666667 0.825 0.70625 10 1
1 1 1 1 0.89 0.9 0.875 0.896458333333333 5 1
1 1 1 1 0.86 0.866666666666667 0.85 0.879791666666667 8 1
1 1 1 1 0.88 0.883333333333333 0.875 0.88625 10 1
0.978723404255319 0.941176470588235 1 1 0.75 0.56140350877193 1 0.793553651570787 5 1
1 1 1 1 0.76 0.578947368421053 1 0.784577723378213 8 1
1 1 1 1 0.7 0.473684210526316 1 0.763157894736842 10 1
1 1 1 1 0.8 0.884615384615385 0.708333333333333 0.840144230769231 5 1
1 1 1 1 0.8 0.923076923076923 0.666666666666667 0.865785256410256 8 1
1 1 1 1 0.82 0.865384615384615 0.770833333333333 0.824919871794872 10 1
1 1 1 1 0.89 0.810344827586207 1 0.951970443349754 5 1
1 1 1 1 0.88 0.810344827586207 0.976190476190476 0.917487684729064 8 1
1 1 1 1 0.86 0.775862068965517 0.976190476190476 0.90927750410509 10 1
1 1 1 1 0.78 0.696428571428571 0.886363636363636 0.799310064935065 5 1
1 1 1 1 0.78 0.696428571428571 0.886363636363636 0.799310064935065 8 1
1 1 1 1 0.78 0.696428571428571 0.886363636363636 0.799310064935065 10 1
0.928571428571429 0.888888888888889 1 0.966666666666667 0.93 0.872340425531915 0.981132075471698 0.94239261340827 5 1
1 1 1 1 0.87 0.957446808510638 0.792452830188679 0.921316740264954 8 1
1 1 1 1 0.82 0.936170212765957 0.716981132075472 0.842432757928543 10 1
1 1 1 1 0.82 0.849056603773585 0.787234042553192 0.844239261340827 5 1
1 1 1 1 0.88 0.943396226415094 0.808510638297872 0.903653151344841 8 1
1 1 1 1 0.78 0.943396226415094 0.595744680851064 0.830590124448013 10 1
1 1 1 1 0.87 0.84 0.9 0.8792 5 1
1 1 1 1 0.84 0.74 0.94 0.873 8 1
1 1 1 1 0.69 0.62 0.76 0.742 10 1
1 1 1 1 0.81 0.818181818181818 0.8 0.873939393939394 5 1
1 1 1 1 0.84 0.8 0.888888888888889 0.86989898989899 8 1
1 1 1 1 0.86 0.872727272727273 0.844444444444444 0.867070707070707 10 1
1 1 1 1 0.68 0.714285714285714 0.636363636363636 0.735795454545454 5 1
1 1 1 1 0.72 0.785714285714286 0.636363636363636 0.799512987012987 8 1
1 1 1 1 0.73 0.803571428571429 0.636363636363636 0.751826298701299 10 1
1 1 1 1 0.81 0.890909090909091 0.711111111111111 0.817373737373737 5 1
1 1 1 1 0.81 0.890909090909091 0.711111111111111 0.808080808080808 8 1
1 1 1 1 0.8 0.836363636363636 0.755555555555556 0.820808080808081 10 1
1 1 1 1 0.85 0.763636363636364 0.955555555555556 0.885050505050505 5 2
1 1 1 1 0.85 0.763636363636364 0.955555555555556 0.876161616161616 8 2
1 1 1 1 0.85 0.763636363636364 0.955555555555556 0.884646464646465 10 2
1 1 1 1 0.86 0.793103448275862 0.952380952380952 0.869868637110016 5 2
1 1 1 1 0.84 0.775862068965517 0.928571428571429 0.860221674876847 8 2
1 1 1 1 0.84 0.775862068965517 0.928571428571429 0.852216748768473 10 2
1 1 1 1 0.85 0.867924528301887 0.829787234042553 0.864512244078683 5 2
1 1 1 1 0.75 0.679245283018868 0.829787234042553 0.834002408671216 8 2
1 1 1 1 0.73 0.60377358490566 0.872340425531915 0.76836611802489 10 2
1 1 1 1 0.81 0.739130434782609 0.87037037037037 0.806360708534621 5 2
1 1 1 1 0.82 0.739130434782609 0.888888888888889 0.837761674718197 8 2
1 1 1 1 0.83 0.760869565217391 0.888888888888889 0.843800322061192 10 2
1 1 1 1 0.83 0.925925925925926 0.717391304347826 0.870169082125604 5 2
1 1 1 1 0.86 0.944444444444444 0.760869565217391 0.876610305958132 8 2
1 1 1 1 0.86 0.925925925925926 0.782608695652174 0.867552334943639 10 2
1 1 1 1 0.77 0.84 0.7 0.7836 5 2
1 1 1 1 0.79 0.86 0.72 0.7976 8 2
1 1 1 1 0.79 0.78 0.8 0.8134 10 2
1 1 1 1 0.82 0.705882352941177 0.938775510204082 0.827931172468988 5 2
0.977777777777778 0.944444444444444 1 0.987654320987654 0.7 0.549019607843137 0.857142857142857 0.714285714285714 8 2
1 1 1 1 0.76 0.568627450980392 0.959183673469388 0.76890756302521 10 2
1 1 1 1 0.8 0.705882352941177 0.897959183673469 0.809323729491797 5 2
1 1 1 1 0.89 0.862745098039216 0.918367346938776 0.912765106042417 8 2
1 1 1 1 0.83 0.803921568627451 0.857142857142857 0.867146858743498 10 2
1 1 1 1 0.91 0.930232558139535 0.894736842105263 0.943084455324357 5 2
1 1 1 1 0.85 0.883720930232558 0.824561403508772 0.864545083639331 8 2
1 1 1 1 0.91 0.930232558139535 0.894736842105263 0.936352509179927 10 2
1 1 1 1 0.82 0.788461538461538 0.854166666666667 0.841746794871795 5 2
1 1 1 1 0.79 0.692307692307692 0.895833333333333 0.857772435897436 8 2
1 1 1 1 0.86 0.846153846153846 0.875 0.872395833333333 10 2
1 1 1 1 0.84 0.8 0.88 0.8942 5 2
1 1 1 1 0.86 0.8 0.92 0.9084 8 2
1 1 1 1 0.93 0.9 0.96 0.9544 10 2
1 1 1 1 0.64 0.518518518518518 0.782608695652174 0.645933977455717 5 2
1 1 1 1 0.63 0.537037037037037 0.739130434782609 0.70048309178744 8 2
1 1 1 1 0.68 0.518518518518518 0.869565217391304 0.697866344605475 10 2
1 1 1 1 0.87 0.897959183673469 0.843137254901961 0.878351340536214 5 2
0.980769230769231 1 0.96 1 0.87 0.918367346938776 0.823529411764706 0.905362144857943 8 2
1 1 1 1 0.9 0.897959183673469 0.901960784313726 0.928371348539416 10 2
1 1 1 1 0.85 0.86 0.84 0.8962 5 2
1 1 1 1 0.87 0.88 0.86 0.8664 8 2
1 1 1 1 0.87 0.86 0.88 0.8904 10 2
1 1 1 1 0.83 0.714285714285714 0.941176470588235 0.827731092436975 5 2
1 1 1 1 0.84 0.714285714285714 0.96078431372549 0.8609443777511 8 2
1 1 1 1 0.83 0.693877551020408 0.96078431372549 0.843537414965986 10 2
1 1 1 1 0.74 0.647058823529412 0.836734693877551 0.75890356142457 5 2
1 1 1 1 0.75 0.666666666666667 0.836734693877551 0.792517006802721 8 2
1 1 1 1 0.77 0.666666666666667 0.877551020408163 0.826730692276911 10 2
1 1 1 1 0.74 0.85 0.666666666666667 0.818333333333333 5 2
1 1 1 1 0.87 0.775 0.933333333333333 0.916875 8 2
1 1 1 1 0.8 0.825 0.783333333333333 0.865833333333333 10 2
1 1 1 1 0.85 0.829787234042553 0.867924528301887 0.84885588117222 5 2
1 1 1 1 0.85 0.829787234042553 0.867924528301887 0.84885588117222 8 2
1 1 1 1 0.85 0.829787234042553 0.867924528301887 0.84885588117222 10 2
1 1 1 1 0.86 0.877551020408163 0.843137254901961 0.914565826330532 5 2
1 1 1 1 0.84 0.877551020408163 0.803921568627451 0.843537414965986 8 2
1 1 1 1 0.84 0.877551020408163 0.803921568627451 0.862144857943177 10 2
1 1 1 1 0.77 0.859649122807018 0.651162790697674 0.783557731538148 5 2
1 1 1 1 0.78 0.842105263157895 0.697674418604651 0.828233374133007 8 2
1 1 1 1 0.78 0.771929824561403 0.790697674418605 0.82578539371685 10 2
1 1 1 1 0.9 0.921052631578947 0.887096774193548 0.94248726655348 5 2
1 1 1 1 0.92 0.947368421052632 0.903225806451613 0.954159592529711 8 2
1 1 1 1 0.86 0.947368421052632 0.806451612903226 0.947156196943973 10 2
1 1 1 1 0.8 0.781818181818182 0.822222222222222 0.832323232323232 5 2
1 1 1 1 0.84 0.872727272727273 0.8 0.925252525252525 8 2
1 1 1 1 0.87 0.872727272727273 0.866666666666667 0.880808080808081 10 2
1 1 1 1 0.86 0.810344827586207 0.928571428571429 0.882594417077176 5 2
1 1 1 1 0.86 0.827586206896552 0.904761904761905 0.89983579638752 8 2
1 1 1 1 0.81 0.844827586206897 0.761904761904762 0.860016420361248 10 2
1 1 1 1 0.68 0.711111111111111 0.654545454545455 0.766060606060606 5 2
1 1 1 1 0.78 0.911111111111111 0.672727272727273 0.828686868686869 8 2
1 1 1 1 0.82 0.822222222222222 0.818181818181818 0.862626262626263 10 2
1 1 1 1 0.82 0.84 0.8 0.8514 5 2
1 1 1 1 0.8 0.84 0.76 0.8456 8 2
1 1 1 1 0.84 0.9 0.78 0.8898 10 2
1 1 1 1 0.76 0.627450980392157 0.897959183673469 0.755102040816326 5 2
1 1 1 1 0.88 0.823529411764706 0.938775510204082 0.889555822328932 8 2
1 1 1 1 0.88 0.823529411764706 0.938775510204082 0.890356142456983 10 2
1 1 1 1 0.76 0.844444444444444 0.690909090909091 0.803838383838384 5 2
1 1 1 1 0.74 0.733333333333333 0.745454545454545 0.793535353535354 8 2
1 1 1 1 0.74 0.8 0.690909090909091 0.773939393939394 10 2
1 1 1 1 0.85 0.865384615384615 0.833333333333333 0.86738782051282 5 2
1 1 1 1 0.85 0.865384615384615 0.833333333333333 0.86738782051282 8 2
1 1 1 1 0.85 0.865384615384615 0.833333333333333 0.86738782051282 10 2
1 1 1 1 0.79 0.711538461538462 0.875 0.866386217948718 5 2
1 1 1 1 0.9 0.846153846153846 0.958333333333333 0.928084935897436 8 2
0.978723404255319 1 0.958333333333333 1 0.79 0.769230769230769 0.8125 0.828525641025641 10 2
1 1 1 1 0.78 0.74 0.82 0.7842 5 2
1 1 1 1 0.8 0.74 0.86 0.816 8 2
1 1 1 1 0.8 0.76 0.84 0.863 10 2
1 1 1 1 0.77 0.8 0.745454545454545 0.83979797979798 5 2
1 1 1 1 0.77 0.8 0.745454545454545 0.84020202020202 8 2
1 1 1 1 0.78 0.8 0.763636363636364 0.84020202020202 10 2
1 1 1 1 0.81 0.714285714285714 0.901960784313726 0.837334933973589 5 2
1 1 1 1 0.85 0.795918367346939 0.901960784313726 0.883553421368547 8 2
1 1 1 1 0.86 0.755102040816326 0.96078431372549 0.881752701080432 10 2
1 1 1 1 0.82 0.846153846153846 0.791666666666667 0.831730769230769 5 2
1 1 1 1 0.82 0.846153846153846 0.791666666666667 0.831730769230769 8 2
1 1 1 1 0.82 0.846153846153846 0.791666666666667 0.831730769230769 10 2
1 1 1 1 0.81 0.830188679245283 0.787234042553192 0.829787234042553 5 2
0.978260869565217 0.962962962962963 1 1 0.81 0.849056603773585 0.765957446808511 0.846848655158571 8 2
1 1 1 1 0.83 0.886792452830189 0.765957446808511 0.850260939381774 10 2
1 1 1 1 0.78 0.714285714285714 0.827586206896552 0.830459770114943 5 2
1 1 1 1 0.8 0.785714285714286 0.810344827586207 0.831896551724138 8 2
1 1 1 1 0.8 0.785714285714286 0.810344827586207 0.832307060755337 10 2
1 1 1 1 0.84 0.784313725490196 0.897959183673469 0.87234893957583 5 2
1 1 1 1 0.84 0.784313725490196 0.897959183673469 0.872749099639856 8 2
1 1 1 1 0.84 0.784313725490196 0.897959183673469 0.872749099639856 10 2
1 1 1 1 0.73 0.563636363636364 0.933333333333333 0.751919191919192 5 2
1 1 1 1 0.71 0.509090909090909 0.955555555555556 0.768888888888889 8 2
1 1 1 1 0.8 0.672727272727273 0.955555555555556 0.828282828282828 10 2
1 1 1 1 0.84 0.814814814814815 0.869565217391304 0.857085346215781 5 2
1 1 1 1 0.87 0.87037037037037 0.869565217391304 0.894927536231884 8 2
1 1 1 1 0.83 0.796296296296296 0.869565217391304 0.896940418679549 10 2
0.971428571428571 0.9 1 1 0.8 0.636363636363636 0.928571428571429 0.894683441558442 5 2
1 1 1 1 0.88 0.772727272727273 0.964285714285714 0.927353896103896 8 2
1 1 1 1 0.86 0.75 0.946428571428571 0.939529220779221 10 2
1 1 1 1 0.86 0.818181818181818 0.892857142857143 0.87987012987013 5 2
0.978260869565217 0.956521739130435 1 0.975425330812854 0.9 0.840909090909091 0.946428571428571 0.904423701298701 8 2
1 1 1 1 0.91 0.863636363636364 0.946428571428571 0.910714285714286 10 2
1 1 1 1 0.76 0.702127659574468 0.811320754716981 0.775592131674027 5 2
1 1 1 1 0.79 0.765957446808511 0.811320754716981 0.850662384584504 8 2
1 1 1 1 0.77 0.787234042553192 0.754716981132076 0.798675230830992 10 2
1 1 1 1 0.85 0.795454545454545 0.892857142857143 0.893871753246753 5 2
1 1 1 1 0.87 0.886363636363636 0.857142857142857 0.900568181818182 8 2
1 1 1 1 0.65 0.636363636363636 0.660714285714286 0.686891233766234 10 2
1 1 1 1 0.81 0.807692307692308 0.8125 0.838942307692308 5 2
1 1 1 1 0.81 0.807692307692308 0.8125 0.838942307692308 8 2
1 1 1 1 0.81 0.807692307692308 0.8125 0.839342948717949 10 2
1 1 1 1 0.78 0.792452830188679 0.765957446808511 0.845443596949016 5 2
1 1 1 1 0.75 0.773584905660377 0.723404255319149 0.829787234042553 8 2
1 1 1 1 0.78 0.792452830188679 0.765957446808511 0.855078281814532 10 2
1 1 1 1 0.85 0.879310344827586 0.80952380952381 0.905788177339901 5 2
1 1 1 1 0.88 0.862068965517241 0.904761904761905 0.90948275862069 8 2
1 1 1 1 0.66 0.706896551724138 0.595238095238095 0.680213464696223 10 2
0.973684210526316 1 0.947368421052632 0.983379501385041 0.9 0.902439024390244 0.898305084745763 0.957833815626292 5 2
1 1 1 1 0.81 0.75609756097561 0.847457627118644 0.873501446878876 8 2
1 1 1 1 0.71 0.804878048780488 0.644067796610169 0.740388590326581 10 2
1 1 1 1 0.81 0.710526315789474 0.870967741935484 0.790747028862479 5 2
1 1 1 1 0.83 0.736842105263158 0.887096774193548 0.812393887945671 8 2
1 1 1 1 0.84 0.763157894736842 0.887096774193548 0.838497453310696 10 2
1 1 1 1 0.9 0.9 0.9 0.9138 5 2
0.977272727272727 1 0.947368421052632 0.968421052631579 0.86 0.88 0.84 0.8816 8 2
1 1 1 1 0.86 0.92 0.8 0.9196 10 2
1 1 1 1 0.85 0.877551020408163 0.823529411764706 0.871548619447779 5 2
1 1 1 1 0.84 0.836734693877551 0.843137254901961 0.858343337334934 8 2
1 1 1 1 0.7 0.816326530612245 0.588235294117647 0.752100840336134 10 2
1 1 1 1 0.83 0.775510204081633 0.882352941176471 0.869147659063625 5 2
1 1 1 1 0.72 0.795918367346939 0.647058823529412 0.740896358543417 8 2
1 1 1 1 0.65 0.693877551020408 0.607843137254902 0.671868747499 10 2
1 1 1 1 0.84 0.785714285714286 0.909090909090909 0.846590909090909 5 2
1 1 1 1 0.71 0.660714285714286 0.772727272727273 0.817775974025974 8 2
1 1 1 1 0.77 0.732142857142857 0.818181818181818 0.840503246753247 10 2
1 1 1 1 0.62 0.865384615384615 0.354166666666667 0.629607371794872 5 2
1 1 1 1 0.68 0.692307692307692 0.666666666666667 0.684294871794872 8 2
1 1 1 1 0.78 0.846153846153846 0.708333333333333 0.768629807692308 10 2
1 1 1 1 0.79 0.770833333333333 0.807692307692308 0.811298076923077 5 2
1 1 1 1 0.78 0.75 0.807692307692308 0.816105769230769 8 2
1 1 1 1 0.78 0.75 0.807692307692308 0.815304487179487 10 2
1 1 1 1 0.83 0.864864864864865 0.80952380952381 0.888674388674389 5 2
1 1 1 1 0.78 0.918918918918919 0.698412698412698 0.83976833976834 8 2
1 1 1 1 0.81 0.864864864864865 0.777777777777778 0.852638352638353 10 2
1 1 1 1 0.74 0.775510204081633 0.705882352941177 0.747899159663866 5 2
1 1 1 1 0.74 0.775510204081633 0.705882352941177 0.740696278511405 8 2
1 1 1 1 0.74 0.775510204081633 0.705882352941177 0.755102040816326 10 2
1 1 1 1 0.8 0.822222222222222 0.781818181818182 0.841414141414141 5 2
1 1 1 1 0.66 0.733333333333333 0.6 0.681818181818182 8 2
1 1 1 1 0.81 0.8 0.818181818181818 0.852929292929293 10 2
1 1 1 1 0.76 0.775510204081633 0.745098039215686 0.816726690676271 5 2
1 1 1 1 0.78 0.775510204081633 0.784313725490196 0.798319327731092 8 2
1 1 1 1 0.83 0.775510204081633 0.882352941176471 0.839135654261705 10 2
1 1 1 1 0.89 0.86046511627907 0.912280701754386 0.883108935128519 5 2
1 1 1 1 0.89 0.86046511627907 0.912280701754386 0.883108935128519 8 2
1 1 1 1 0.89 0.86046511627907 0.912280701754386 0.883108935128519 10 2
1 1 1 1 0.9 0.837209302325581 0.947368421052632 0.939616483068135 5 2
0.978260869565217 0.96 1 1 0.8 0.767441860465116 0.824561403508772 0.849245206038352 8 2
1 1 1 1 0.9 0.86046511627907 0.929824561403509 0.944920440636475 10 2
1 1 1 1 0.78 0.755102040816326 0.803921568627451 0.810324129651861 5 2
1 1 1 1 0.78 0.755102040816326 0.803921568627451 0.809923969587835 8 2
1 1 1 1 0.77 0.755102040816326 0.784313725490196 0.802120848339336 10 2
1 1 1 1 0.75 0.803571428571429 0.681818181818182 0.779423701298701 5 2
0.98 0.966666666666667 1 1 0.69 0.75 0.613636363636364 0.713474025974026 8 2
1 1 1 1 0.75 0.857142857142857 0.613636363636364 0.750202922077922 10 2
1 1 1 1 0.74 0.891304347826087 0.611111111111111 0.787238325281804 5 2
1 1 1 1 0.7 0.891304347826087 0.537037037037037 0.730676328502415 8 2
0.928571428571429 0.961538461538462 0.875 0.948317307692308 0.71 0.804347826086957 0.62962962962963 0.772342995169082 10 2
1 1 1 1 0.84 0.944444444444444 0.717391304347826 0.856884057971015 5 2
1 1 1 1 0.83 0.925925925925926 0.717391304347826 0.838365539452496 8 2
1 1 1 1 0.88 0.981481481481482 0.760869565217391 0.902979066022544 10 2
1 1 1 1 0.82 0.75 0.895833333333333 0.868589743589744 5 2
1 1 1 1 0.82 0.75 0.895833333333333 0.868589743589744 8 2
1 1 1 1 0.82 0.75 0.895833333333333 0.868589743589744 10 2
1 1 1 1 0.8 0.784313725490196 0.816326530612245 0.823529411764706 5 2
1 1 1 1 0.8 0.784313725490196 0.816326530612245 0.823529411764706 8 2
1 1 1 1 0.8 0.784313725490196 0.816326530612245 0.823529411764706 10 2
1 1 1 1 0.84 0.680851063829787 0.981132075471698 0.915295062224006 5 2
1 1 1 1 0.83 0.723404255319149 0.924528301886792 0.842633480529908 8 2
1 1 1 1 0.77 0.723404255319149 0.811320754716981 0.858289843436371 10 2
1 1 1 1 0.73 0.804347826086957 0.666666666666667 0.757648953301127 5 2
1 1 1 1 0.81 0.891304347826087 0.740740740740741 0.82085346215781 8 2
1 1 1 1 0.84 0.847826086956522 0.833333333333333 0.845410628019324 10 2
1 1 1 1 0.8 0.888888888888889 0.727272727272727 0.814949494949495 5 2
1 1 1 1 0.78 0.866666666666667 0.709090909090909 0.846464646464646 8 2
1 1 1 1 0.8 0.866666666666667 0.745454545454545 0.869090909090909 10 2
1 1 1 1 0.83 0.826923076923077 0.833333333333333 0.838741987179487 5 2
1 1 1 1 0.83 0.826923076923077 0.833333333333333 0.830128205128205 8 2
1 1 1 1 0.83 0.826923076923077 0.833333333333333 0.838741987179487 10 2
1 1 1 1 0.83 0.76 0.9 0.8444 5 2
1 1 1 1 0.83 0.84 0.82 0.8966 8 2
1 1 1 1 0.83 0.76 0.9 0.8564 10 2
1 1 1 1 0.85 0.790697674418605 0.894736842105263 0.858425132598939 5 2
1 1 1 1 0.83 0.697674418604651 0.929824561403509 0.919420644634843 8 2
1 1 1 1 0.83 0.813953488372093 0.842105263157895 0.883312933496532 10 2
1 1 1 1 0.76 0.795918367346939 0.725490196078431 0.763705482192877 5 2
1 1 1 1 0.84 0.775510204081633 0.901960784313726 0.876950780312125 8 2
1 1 1 1 0.85 0.816326530612245 0.882352941176471 0.893957583033213 10 2
1 1 1 1 0.73 0.588235294117647 0.877551020408163 0.705282112845138 5 2
1 1 1 1 0.76 0.627450980392157 0.897959183673469 0.774709883953581 8 2
1 1 1 1 0.75 0.647058823529412 0.857142857142857 0.816326530612245 10 2
1 1 1 1 0.84 0.744186046511628 0.912280701754386 0.863729090167279 5 2
1 1 1 1 0.85 0.744186046511628 0.929824561403509 0.842309261525908 8 2
1 1 1 1 0.82 0.697674418604651 0.912280701754386 0.866993064055488 10 2
1 1 1 1 0.74 0.659574468085106 0.811320754716981 0.765154556403051 5 2
1 1 1 1 0.69 0.617021276595745 0.754716981132076 0.7442794058611 8 2
1 1 1 1 0.84 0.808510638297872 0.867924528301887 0.842432757928543 10 2
1 1 1 1 0.71 0.41304347826087 0.962962962962963 0.692834138486312 5 2
1 1 1 1 0.71 0.41304347826087 0.962962962962963 0.692834138486312 8 2
1 1 1 1 0.71 0.41304347826087 0.962962962962963 0.692834138486312 10 2
1 1 1 1 0.88 0.854166666666667 0.903846153846154 0.911057692307692 5 2
1 1 1 1 0.87 0.833333333333333 0.903846153846154 0.885817307692308 8 2
1 1 1 1 0.86 0.833333333333333 0.884615384615385 0.892628205128205 10 2
1 1 1 1 0.81 0.907407407407407 0.695652173913043 0.838566827697262 5 2
1 1 1 1 0.81 0.907407407407407 0.695652173913043 0.840579710144927 8 2
1 1 1 1 0.8 0.888888888888889 0.695652173913043 0.838566827697262 10 2
1 1 1 1 0.74 0.72 0.76 0.755 5 2
1 1 1 1 0.74 0.72 0.76 0.755 8 2
1 1 1 1 0.74 0.72 0.76 0.755 10 2
1 1 1 1 0.78 0.760869565217391 0.796296296296296 0.795893719806763 5 2
1 1 1 1 0.74 0.630434782608696 0.833333333333333 0.744967793880837 8 2
1 1 1 1 0.81 0.804347826086957 0.814814814814815 0.830314009661836 10 2
1 1 1 1 0.78 0.690909090909091 0.888888888888889 0.817777777777778 5 2
1 1 1 1 0.78 0.672727272727273 0.911111111111111 0.848282828282828 8 2
1 1 1 1 0.73 0.581818181818182 0.911111111111111 0.77050505050505 10 2
1 1 1 1 0.75 0.630434782608696 0.851851851851852 0.759057971014493 5 2
1 1 1 1 0.73 0.58695652173913 0.851851851851852 0.744162640901771 8 2
1 1 1 1 0.73 0.630434782608696 0.814814814814815 0.740539452495974 10 2
1 1 1 1 0.77 0.936170212765957 0.622641509433962 0.787434765154556 5 2
1 1 1 1 0.78 0.914893617021277 0.660377358490566 0.808309915696507 8 2
1 1 1 1 0.76 0.893617021276596 0.641509433962264 0.815535929345644 10 2
1 1 1 1 0.86 0.865384615384615 0.854166666666667 0.888221153846154 5 2
1 1 1 1 0.85 0.884615384615385 0.8125 0.849358974358974 8 2
1 1 1 1 0.84 0.865384615384615 0.8125 0.849358974358974 10 2
1 1 1 1 0.75 0.844827586206897 0.619047619047619 0.752052545155993 5 2
0.96 0.923076923076923 1 1 0.79 0.793103448275862 0.785714285714286 0.820197044334975 8 2
1 1 1 1 0.8 0.810344827586207 0.785714285714286 0.825533661740558 10 2
1 1 1 1 0.76 0.75 0.770833333333333 0.806891025641026 5 2
1 1 1 1 0.78 0.865384615384615 0.6875 0.8359375 8 2
1 1 1 1 0.79 0.884615384615385 0.6875 0.788060897435897 10 2
1 1 1 1 0.83 0.711111111111111 0.927272727272727 0.857777777777778 5 2
1 1 1 1 0.77 0.666666666666667 0.854545454545454 0.765656565656566 8 2
1 1 1 1 0.84 0.755555555555556 0.909090909090909 0.894949494949495 10 2
1 1 1 1 0.81 0.872727272727273 0.733333333333333 0.87030303030303 5 2
1 1 1 1 0.81 0.890909090909091 0.711111111111111 0.891919191919192 8 2
1 1 1 1 0.74 0.745454545454545 0.733333333333333 0.770707070707071 10 2
1 1 1 1 0.78 0.65 0.975 0.84 5 2
1 1 1 1 0.74 0.633333333333333 0.9 0.78 8 2
1 1 1 1 0.71 0.633333333333333 0.825 0.798333333333333 10 2
1 1 1 1 0.85 0.866666666666667 0.825 0.848333333333333 5 2
1 1 1 1 0.85 0.866666666666667 0.825 0.842708333333333 8 2
1 1 1 1 0.85 0.866666666666667 0.825 0.847916666666667 10 2
1 1 1 1 0.75 0.578947368421053 0.976744186046512 0.786005711954304 5 2
1 1 1 1 0.74 0.543859649122807 1 0.775193798449612 8 2
1 1 1 1 0.68 0.456140350877193 0.976744186046512 0.747450020399837 10 2
1 1 1 1 0.79 0.865384615384615 0.708333333333333 0.860777243589744 5 2
1 1 1 1 0.68 0.692307692307692 0.666666666666667 0.783653846153846 8 2
1 1 1 1 0.85 0.884615384615385 0.8125 0.869791666666667 10 2
1 1 1 1 0.86 0.758620689655172 1 0.963875205254516 5 2
1 1 1 1 0.87 0.862068965517241 0.880952380952381 0.925492610837438 8 2
1 1 1 1 0.87 0.793103448275862 0.976190476190476 0.889573070607553 10 2
1 1 1 1 0.79 0.714285714285714 0.886363636363636 0.797077922077922 5 2
1 1 1 1 0.79 0.714285714285714 0.886363636363636 0.797077922077922 8 2
1 1 1 1 0.79 0.714285714285714 0.886363636363636 0.797077922077922 10 2
1 1 1 1 0.85 0.914893617021277 0.792452830188679 0.870132476916901 5 2
1 1 1 1 0.86 0.893617021276596 0.830188679245283 0.907065435568045 8 2
1 1 1 1 0.83 0.872340425531915 0.792452830188679 0.942994781212364 10 2
1 1 1 1 0.8 0.811320754716981 0.787234042553192 0.840626254516258 5 2
1 1 1 1 0.86 0.943396226415094 0.765957446808511 0.882978723404255 8 2
1 1 1 1 0.88 0.943396226415094 0.808510638297872 0.918105178643115 10 2
1 1 1 1 0.79 0.72 0.86 0.8196 5 2
1 1 1 1 0.82 0.76 0.88 0.875 8 2
1 1 1 1 0.86 0.8 0.92 0.87 10 2
1 1 1 1 0.85 0.8 0.911111111111111 0.863838383838384 5 2
1 1 1 1 0.88 0.890909090909091 0.866666666666667 0.888484848484849 8 2
1 1 1 1 0.87 0.872727272727273 0.866666666666667 0.896161616161616 10 2
1 1 1 1 0.73 0.785714285714286 0.659090909090909 0.771915584415584 5 2
1 1 1 1 0.77 0.785714285714286 0.75 0.816964285714286 8 2
1 1 1 1 0.75 0.821428571428571 0.659090909090909 0.749188311688312 10 2
1 1 1 1 0.79 0.854545454545454 0.711111111111111 0.806868686868687 5 2
1 1 1 1 0.75 0.781818181818182 0.711111111111111 0.824040404040404 8 2
1 1 1 1 0.77 0.781818181818182 0.755555555555556 0.798383838383838 10 2
1 1 1 1 0.84 0.727272727272727 0.977777777777778 0.897777777777778 5 3
1 1 1 1 0.85 0.745454545454545 0.977777777777778 0.905858585858586 8 3
1 1 1 1 0.85 0.745454545454545 0.977777777777778 0.905858585858586 10 3
1 1 1 1 0.83 0.793103448275862 0.880952380952381 0.8435960591133 5 3
1 1 1 1 0.83 0.793103448275862 0.880952380952381 0.844622331691297 8 3
1 1 1 1 0.84 0.810344827586207 0.880952380952381 0.845648604269294 10 3
1 1 1 1 0.84 0.849056603773585 0.829787234042553 0.840826977117624 5 3
1 1 1 1 0.81 0.830188679245283 0.787234042553192 0.851866720192694 8 3
1 1 1 1 0.78 0.773584905660377 0.787234042553192 0.789241268566841 10 3
1 1 1 1 0.83 0.782608695652174 0.87037037037037 0.840982286634461 5 3
1 1 1 1 0.84 0.782608695652174 0.888888888888889 0.842995169082126 8 3
1 1 1 1 0.84 0.782608695652174 0.888888888888889 0.841787439613527 10 3
1 1 1 1 0.82 1 0.608695652173913 0.855273752012882 5 3
1 1 1 1 0.85 1 0.673913043478261 0.886876006441224 8 3
1 1 1 1 0.82 1 0.608695652173913 0.850442834138486 10 3
1 1 1 1 0.84 0.82 0.86 0.8536 5 3
1 1 1 1 0.91 0.88 0.94 0.923 8 3
1 1 1 1 0.91 0.88 0.94 0.9242 10 3
1 1 1 1 0.84 0.705882352941177 0.979591836734694 0.846938775510204 5 3
1 1 1 1 0.82 0.686274509803922 0.959183673469388 0.870548219287715 8 3
1 1 1 1 0.71 0.529411764705882 0.897959183673469 0.741296518607443 10 3
1 1 1 1 0.83 0.843137254901961 0.816326530612245 0.844137655062025 5 3
1 1 1 1 0.84 0.823529411764706 0.857142857142857 0.871148459383754 8 3
1 1 1 1 0.84 0.823529411764706 0.857142857142857 0.862545018007203 10 3
1 1 1 1 0.87 0.883720930232558 0.859649122807018 0.88984088127295 5 3
1 1 1 1 0.87 0.883720930232558 0.859649122807018 0.896776825785394 8 3
1 1 1 1 0.85 0.837209302325581 0.859649122807018 0.863321093431253 10 3
1 1 1 1 0.88 0.846153846153846 0.916666666666667 0.88681891025641 5 3
1 1 1 1 0.83 0.788461538461538 0.875 0.850360576923077 8 3
1 1 1 1 0.81 0.75 0.875 0.837740384615385 10 3
1 1 1 1 0.89 0.84 0.94 0.9208 5 3
1 1 1 1 0.89 0.84 0.94 0.9164 8 3
1 1 1 1 0.83 0.82 0.84 0.9164 10 3
1 1 1 1 0.69 0.666666666666667 0.717391304347826 0.715982286634461 5 3
0.976744186046512 1 0.956521739130435 1 0.71 0.666666666666667 0.760869565217391 0.714170692431562 8 3
1 1 1 1 0.71 0.685185185185185 0.739130434782609 0.705716586151369 10 3
1 1 1 1 0.87 0.918367346938776 0.823529411764706 0.88515406162465 5 3
1 1 1 1 0.92 0.918367346938776 0.92156862745098 0.937174869947979 8 3
1 1 1 1 0.89 0.877551020408163 0.901960784313726 0.892757102841136 10 3
1 1 1 1 0.83 0.82 0.84 0.8364 5 3
1 1 1 1 0.85 0.86 0.84 0.8586 8 3
1 1 1 1 0.78 0.94 0.62 0.8192 10 3
1 1 1 1 0.78 0.612244897959184 0.941176470588235 0.776710684273709 5 3
1 1 1 1 0.78 0.612244897959184 0.941176470588235 0.776710684273709 8 3
1 1 1 1 0.78 0.612244897959184 0.941176470588235 0.776710684273709 10 3
1 1 1 1 0.85 0.823529411764706 0.877551020408163 0.863545418167267 5 3
1 1 1 1 0.82 0.803921568627451 0.836734693877551 0.853541416566627 8 3
1 1 1 1 0.64 0.705882352941177 0.571428571428571 0.673269307723089 10 3
1 1 1 1 0.88 0.725 0.983333333333333 0.851666666666667 5 3
1 1 1 1 0.87 0.775 0.933333333333333 0.89125 8 3
1 1 1 1 0.88 0.75 0.966666666666667 0.8725 10 3
1 1 1 1 0.77 0.765957446808511 0.773584905660377 0.775592131674027 5 3
1 1 1 1 0.77 0.765957446808511 0.773584905660377 0.775592131674027 8 3
1 1 1 1 0.77 0.765957446808511 0.773584905660377 0.775592131674027 10 3
1 1 1 1 0.79 0.857142857142857 0.725490196078431 0.798319327731092 5 3
1 1 1 1 0.81 0.857142857142857 0.764705882352941 0.814725890356142 8 3
1 1 1 1 0.78 0.816326530612245 0.745098039215686 0.804921968787515 10 3
0.975609756097561 0.96 1 0.975 0.73 0.859649122807018 0.558139534883721 0.722358221134231 5 3
1 1 1 1 0.77 0.912280701754386 0.581395348837209 0.756833945328437 8 3
1 1 1 1 0.77 0.859649122807018 0.651162790697674 0.754181966544268 10 3
1 1 1 1 0.84 0.921052631578947 0.790322580645161 0.880517826825127 5 3
1 1 1 1 0.83 0.842105263157895 0.82258064516129 0.918718166383701 8 3
1 1 1 1 0.88 0.921052631578947 0.854838709677419 0.934847198641766 10 3
1 1 1 1 0.8 0.818181818181818 0.777777777777778 0.864848484848485 5 3
1 1 1 1 0.78 0.763636363636364 0.8 0.834343434343434 8 3
1 1 1 1 0.84 0.909090909090909 0.755555555555556 0.92969696969697 10 3
1 1 1 1 0.84 0.793103448275862 0.904761904761905 0.904146141215107 5 3
1 1 1 1 0.85 0.844827586206897 0.857142857142857 0.899630541871921 8 3
1 1 1 1 0.84 0.793103448275862 0.904761904761905 0.916050903119869 10 3
1 1 1 1 0.8 0.933333333333333 0.690909090909091 0.82969696969697 5 3
1 1 1 1 0.77 0.888888888888889 0.672727272727273 0.818585858585859 8 3
1 1 1 1 0.85 0.888888888888889 0.818181818181818 0.871919191919192 10 3
1 1 1 1 0.71 0.56 0.86 0.7124 5 3
1 1 1 1 0.64 0.96 0.32 0.6612 8 3
1 1 1 1 0.7 0.56 0.84 0.7066 10 3
1 1 1 1 0.77 0.647058823529412 0.897959183673469 0.785514205682273 5 3
1 1 1 1 0.88 0.823529411764706 0.938775510204082 0.872749099639856 8 3
1 1 1 1 0.85 0.901960784313726 0.795918367346939 0.885754301720688 10 3
1 1 1 1 0.75 0.8 0.709090909090909 0.772121212121212 5 3
1 1 1 1 0.68 0.711111111111111 0.654545454545455 0.743030303030303 8 3
1 1 1 1 0.73 0.711111111111111 0.745454545454545 0.774545454545455 10 3
1 1 1 1 0.87 0.846153846153846 0.895833333333333 0.867788461538462 5 3
1 1 1 1 0.87 0.846153846153846 0.895833333333333 0.867788461538462 8 3
1 1 1 1 0.87 0.846153846153846 0.895833333333333 0.876602564102564 10 3
1 1 1 1 0.85 0.846153846153846 0.854166666666667 0.865584935897436 5 3
1 1 1 1 0.88 0.807692307692308 0.958333333333333 0.908453525641026 8 3
1 1 1 1 0.92 0.942307692307692 0.895833333333333 0.959334935897436 10 3
1 1 1 1 0.76 0.68 0.84 0.7752 5 3
1 1 1 1 0.78 0.78 0.78 0.7846 8 3
1 1 1 1 0.82 0.72 0.92 0.8948 10 3
1 1 1 1 0.78 0.822222222222222 0.745454545454545 0.83050505050505 5 3
1 1 1 1 0.78 0.822222222222222 0.745454545454545 0.83050505050505 8 3
1 1 1 1 0.78 0.822222222222222 0.745454545454545 0.83050505050505 10 3
1 1 1 1 0.84 0.775510204081633 0.901960784313726 0.857743097238896 5 3
1 1 1 1 0.78 0.673469387755102 0.882352941176471 0.806922769107643 8 3
1 1 1 1 0.82 0.673469387755102 0.96078431372549 0.838735494197679 10 3
1 1 1 1 0.82 0.826923076923077 0.8125 0.829126602564103 5 3
1 1 1 1 0.82 0.826923076923077 0.8125 0.829126602564103 8 3
1 1 1 1 0.82 0.826923076923077 0.8125 0.829126602564103 10 3
1 1 1 1 0.79 0.867924528301887 0.702127659574468 0.823364110798876 5 3
1 1 1 1 0.8 0.754716981132076 0.851063829787234 0.851866720192694 8 3
1 1 1 1 0.77 0.716981132075472 0.829787234042553 0.804496186270574 10 3
1 1 1 1 0.8 0.738095238095238 0.844827586206897 0.821633825944171 5 3
1 1 1 1 0.8 0.738095238095238 0.844827586206897 0.825533661740558 8 3
1 1 1 1 0.8 0.738095238095238 0.844827586206897 0.825944170771757 10 3
1 1 1 1 0.8 0.666666666666667 0.938775510204082 0.808323329331733 5 3
1 1 1 1 0.8 0.666666666666667 0.938775510204082 0.808323329331733 8 3
1 1 1 1 0.8 0.666666666666667 0.938775510204082 0.808323329331733 10 3
1 1 1 1 0.78 0.727272727272727 0.844444444444444 0.826464646464647 5 3
1 1 1 1 0.79 0.672727272727273 0.933333333333333 0.826666666666667 8 3
1 1 1 1 0.78 0.636363636363636 0.955555555555556 0.799191919191919 10 3
1 1 1 1 0.79 0.703703703703704 0.891304347826087 0.845209339774557 5 3
1 1 1 1 0.8 0.814814814814815 0.782608695652174 0.81622383252818 8 3
1 1 1 1 0.78 0.759259259259259 0.804347826086957 0.801932367149758 10 3
1 1 1 1 0.85 0.727272727272727 0.946428571428571 0.953936688311688 5 3
1 1 1 1 0.79 0.659090909090909 0.892857142857143 0.878449675324675 8 3
1 1 1 1 0.88 0.772727272727273 0.964285714285714 0.940949675324675 10 3
1 1 1 1 0.67 0.909090909090909 0.482142857142857 0.728084415584416 5 3
1 1 1 1 0.68 0.931818181818182 0.482142857142857 0.719561688311688 8 3
1 1 1 1 0.79 0.863636363636364 0.732142857142857 0.818790584415584 10 3
1 1 1 1 0.74 0.829787234042553 0.660377358490566 0.780008028904055 5 3
1 1 1 1 0.77 0.872340425531915 0.679245283018868 0.828984343637094 8 3
1 1 1 1 0.76 0.765957446808511 0.754716981132076 0.816539542352469 10 3
1 1 1 1 0.82 0.840909090909091 0.803571428571429 0.849431818181818 5 3
1 1 1 1 0.79 0.795454545454545 0.785714285714286 0.852881493506494 8 3
1 1 1 1 0.72 0.772727272727273 0.678571428571429 0.798904220779221 10 3
1 1 1 1 0.82 0.807692307692308 0.833333333333333 0.832532051282051 5 3
1 1 1 1 0.82 0.807692307692308 0.833333333333333 0.832532051282051 8 3
1 1 1 1 0.82 0.807692307692308 0.833333333333333 0.832532051282051 10 3
1 1 1 1 0.77 0.754716981132076 0.787234042553192 0.816539542352469 5 3
1 1 1 1 0.74 0.754716981132076 0.723404255319149 0.827780008028904 8 3
1 1 1 1 0.81 0.754716981132076 0.872340425531915 0.840024086712164 10 3
1 1 1 1 0.87 0.862068965517241 0.880952380952381 0.88752052545156 5 3
1 1 1 1 0.89 0.844827586206897 0.952380952380952 0.927750410509031 8 3
1 1 1 1 0.91 0.862068965517241 0.976190476190476 0.922208538587849 10 3
1 1 1 1 0.87 0.829268292682927 0.898305084745763 0.892724266225713 5 3
1 1 1 1 0.62 0.658536585365854 0.593220338983051 0.680446465481604 8 3
0.973684210526316 0.947368421052632 1 0.958448753462604 0.76 0.682926829268293 0.813559322033898 0.824720959073997 10 3
1 1 1 1 0.82 0.710526315789474 0.887096774193548 0.810483870967742 5 3
1 1 1 1 0.82 0.710526315789474 0.887096774193548 0.798811544991511 8 3
1 1 1 1 0.78 0.763157894736842 0.790322580645161 0.815789473684211 10 3
1 1 1 1 0.63 0.72 0.54 0.6298 5 3
1 1 1 1 0.7 0.9 0.5 0.7372 8 3
1 1 1 1 0.71 0.96 0.46 0.7352 10 3
1 1 1 1 0.74 0.693877551020408 0.784313725490196 0.787314925970388 5 3
1 1 1 1 0.69 0.693877551020408 0.686274509803922 0.733093237294918 8 3
1 1 1 1 0.86 0.857142857142857 0.862745098039216 0.881752701080432 10 3
1 1 1 1 0.75 0.795918367346939 0.705882352941177 0.74889955982393 5 3
1 1 1 1 0.75 0.795918367346939 0.705882352941177 0.74889955982393 8 3
1 1 1 1 0.75 0.795918367346939 0.705882352941177 0.74889955982393 10 3
1 1 1 1 0.7 0.589285714285714 0.840909090909091 0.757102272727273 5 3
1 1 1 1 0.68 0.625 0.75 0.744926948051948 8 3
1 1 1 1 0.84 0.767857142857143 0.931818181818182 0.852678571428571 10 3
1 1 1 1 0.66 0.865384615384615 0.4375 0.693509615384615 5 3
1 1 1 1 0.71 0.903846153846154 0.5 0.747195512820513 8 3
1 1 1 1 0.76 0.769230769230769 0.75 0.805889423076923 10 3
1 1 1 1 0.79 0.770833333333333 0.807692307692308 0.814903846153846 5 3
1 1 1 1 0.79 0.770833333333333 0.807692307692308 0.814903846153846 8 3
1 1 1 1 0.79 0.770833333333333 0.807692307692308 0.812900641025641 10 3
1 1 1 1 0.76 0.918918918918919 0.666666666666667 0.827327327327327 5 3
1 1 1 1 0.76 0.918918918918919 0.666666666666667 0.823466323466323 8 3
1 1 1 1 0.84 0.837837837837838 0.841269841269841 0.859287859287859 10 3
1 1 1 1 0.61 0.224489795918367 0.980392156862745 0.612444977991196 5 3
1 1 1 1 0.61 0.224489795918367 0.980392156862745 0.612444977991196 8 3
1 1 1 1 0.61 0.224489795918367 0.980392156862745 0.612444977991196 10 3
1 1 1 1 0.79 0.888888888888889 0.709090909090909 0.80989898989899 5 3
1 1 1 1 0.75 0.755555555555556 0.745454545454545 0.816161616161616 8 3
1 1 1 1 0.8 0.866666666666667 0.745454545454545 0.856969696969697 10 3
1 1 1 1 0.81 0.816326530612245 0.803921568627451 0.833533413365346 5 3
0.930232558139535 0.947368421052632 0.916666666666667 0.970394736842105 0.81 0.795918367346939 0.823529411764706 0.834733893557423 8 3
1 1 1 1 0.78 0.775510204081633 0.784313725490196 0.796918767507003 10 3
1 1 1 1 0.82 0.744186046511628 0.87719298245614 0.817217462260302 5 3
1 1 1 1 0.82 0.744186046511628 0.87719298245614 0.817217462260302 8 3
1 1 1 1 0.82 0.744186046511628 0.87719298245614 0.817217462260302 10 3
1 1 1 1 0.85 0.837209302325581 0.859649122807018 0.938800489596083 5 3
1 1 1 1 0.84 0.767441860465116 0.894736842105263 0.923296613627091 8 3
1 1 1 1 0.74 0.720930232558139 0.754385964912281 0.805181558547532 10 3
1 1 1 1 0.74 0.73469387755102 0.745098039215686 0.775910364145658 5 3
1 1 1 1 0.75 0.755102040816326 0.745098039215686 0.775910364145658 8 3
1 1 1 1 0.75 0.755102040816326 0.745098039215686 0.770108043217287 10 3
1 1 1 1 0.78 0.946428571428571 0.568181818181818 0.760551948051948 5 3
1 1 1 1 0.75 0.839285714285714 0.636363636363636 0.743709415584416 8 3
1 1 1 1 0.74 0.857142857142857 0.590909090909091 0.727678571428571 10 3
1 1 1 1 0.78 0.847826086956522 0.722222222222222 0.796296296296296 5 3
1 1 1 1 0.81 0.869565217391304 0.759259259259259 0.822866344605475 8 3
1 1 1 1 0.75 0.847826086956522 0.666666666666667 0.801127214170692 10 3
1 1 1 1 0.88 0.962962962962963 0.782608695652174 0.869967793880837 5 3
1 1 1 1 0.85 0.944444444444444 0.739130434782609 0.858896940418679 8 3
1 1 1 1 0.87 0.962962962962963 0.760869565217391 0.882045088566828 10 3
1 1 1 1 0.8 0.730769230769231 0.875 0.832532051282051 5 3
1 1 1 1 0.8 0.730769230769231 0.875 0.832532051282051 8 3
1 1 1 1 0.8 0.730769230769231 0.875 0.832532051282051 10 3
1 1 1 1 0.81 0.803921568627451 0.816326530612245 0.84233693477391 5 3
1 1 1 1 0.81 0.803921568627451 0.816326530612245 0.84233693477391 8 3
1 1 1 1 0.81 0.803921568627451 0.816326530612245 0.84233693477391 10 3
1 1 1 1 0.82 0.638297872340426 0.981132075471698 0.869931754315536 5 3
1 1 1 1 0.78 0.851063829787234 0.716981132075472 0.828984343637094 8 3
1 1 1 1 0.8 0.659574468085106 0.924528301886792 0.82476916900843 10 3
1 1 1 1 0.86 0.847826086956522 0.87037037037037 0.872383252818035 5 3
1 1 1 1 0.74 0.826086956521739 0.666666666666667 0.738929146537842 8 3
1 1 1 1 0.86 0.847826086956522 0.87037037037037 0.880636070853462 10 3
1 1 1 1 0.8 0.888888888888889 0.727272727272727 0.839191919191919 5 3
1 1 1 1 0.78 0.844444444444444 0.727272727272727 0.81010101010101 8 3
1 1 1 1 0.79 0.822222222222222 0.763636363636364 0.848686868686869 10 3
1 1 1 1 0.83 0.807692307692308 0.854166666666667 0.828926282051282 5 3
1 1 1 1 0.83 0.807692307692308 0.854166666666667 0.828926282051282 8 3
1 1 1 1 0.83 0.807692307692308 0.854166666666667 0.828926282051282 10 3
1 1 1 1 0.8 0.76 0.84 0.8106 5 3
1 1 1 1 0.81 0.72 0.9 0.838 8 3
1 1 1 1 0.81 0.72 0.9 0.8574 10 3
1 1 1 1 0.83 0.790697674418605 0.859649122807018 0.825173398612811 5 3
1 1 1 1 0.83 0.790697674418605 0.859649122807018 0.825173398612811 8 3
1 1 1 1 0.83 0.790697674418605 0.859649122807018 0.825173398612811 10 3
1 1 1 1 0.77 0.612244897959184 0.92156862745098 0.785914365746298 5 3
1 1 1 1 0.88 0.836734693877551 0.92156862745098 0.922168867547019 8 3
1 1 1 1 0.66 0.795918367346939 0.529411764705882 0.747899159663866 10 3
1 1 1 1 0.8 0.745098039215686 0.857142857142857 0.82312925170068 5 3
1 1 1 1 0.74 0.607843137254902 0.877551020408163 0.82312925170068 8 3
1 1 1 1 0.71 0.627450980392157 0.795918367346939 0.744497799119648 10 3
0.981132075471698 1 0.966666666666667 0.980434782608696 0.85 0.813953488372093 0.87719298245614 0.849245206038352 5 3
1 1 1 1 0.85 0.790697674418605 0.894736842105263 0.88718890248878 8 3
1 1 1 1 0.84 0.767441860465116 0.894736842105263 0.837617299061608 10 3
1 1 1 1 0.78 0.787234042553192 0.773584905660377 0.797470895222802 5 3
1 1 1 1 0.84 0.851063829787234 0.830188679245283 0.902850260939382 8 3
1 1 1 1 0.81 0.74468085106383 0.867924528301887 0.793255720594139 10 3
1 1 1 1 0.71 0.41304347826087 0.962962962962963 0.688003220611916 5 3
1 1 1 1 0.71 0.41304347826087 0.962962962962963 0.688003220611916 8 3
1 1 1 1 0.71 0.41304347826087 0.962962962962963 0.688003220611916 10 3
1 1 1 1 0.84 0.895833333333333 0.788461538461538 0.890024038461539 5 3
1 1 1 1 0.86 0.895833333333333 0.826923076923077 0.889222756410256 8 3
1 1 1 1 0.85 0.875 0.826923076923077 0.911458333333333 10 3
1 1 1 1 0.8 0.777777777777778 0.826086956521739 0.814009661835749 5 3
1 1 1 1 0.8 0.777777777777778 0.826086956521739 0.814009661835749 8 3
1 1 1 1 0.8 0.777777777777778 0.826086956521739 0.815418679549114 10 3
1 1 1 1 0.75 0.7 0.8 0.7616 5 3
1 1 1 1 0.75 0.7 0.8 0.7612 8 3
1 1 1 1 0.75 0.7 0.8 0.7612 10 3
0.931818181818182 0.958333333333333 0.9 0.972916666666667 0.88 0.869565217391304 0.888888888888889 0.945652173913043 5 3
0.931818181818182 0.958333333333333 0.9 0.972916666666667 0.89 0.891304347826087 0.888888888888889 0.955314009661836 8 3
0.931818181818182 0.958333333333333 0.9 0.972916666666667 0.89 0.891304347826087 0.888888888888889 0.958937198067633 10 3
1 1 1 1 0.62 0.563636363636364 0.688888888888889 0.680606060606061 5 3
0.977272727272727 0.944444444444444 1 1 0.7 0.636363636363636 0.777777777777778 0.714141414141414 8 3
1 1 1 1 0.79 0.690909090909091 0.911111111111111 0.846464646464646 10 3
1 1 1 1 0.79 0.739130434782609 0.833333333333333 0.811392914653784 5 3
1 1 1 1 0.63 0.543478260869565 0.703703703703704 0.692834138486312 8 3
1 1 1 1 0.79 0.739130434782609 0.833333333333333 0.818438003220612 10 3
1 1 1 1 0.77 0.936170212765957 0.622641509433962 0.803492573263749 5 3
1 1 1 1 0.76 0.914893617021277 0.622641509433962 0.798675230830992 8 3
1 1 1 1 0.74 0.893617021276596 0.60377358490566 0.787836210357286 10 3
1 1 1 1 0.84 0.884615384615385 0.791666666666667 0.839142628205128 5 3
1 1 1 1 0.84 0.846153846153846 0.833333333333333 0.881410256410256 8 3
1 1 1 1 0.85 0.865384615384615 0.833333333333333 0.849759615384615 10 3
1 1 1 1 0.81 0.827586206896552 0.785714285714286 0.821018062397373 5 3
1 1 1 1 0.79 0.706896551724138 0.904761904761905 0.827380952380952 8 3
1 1 1 1 0.81 0.793103448275862 0.833333333333333 0.821428571428571 10 3
1 1 1 1 0.79 0.807692307692308 0.770833333333333 0.829126602564103 5 3
1 1 1 1 0.79 0.826923076923077 0.75 0.798477564102564 8 3
1 1 1 1 0.71 0.711538461538462 0.708333333333333 0.762019230769231 10 3
1 1 1 1 0.79 0.755555555555556 0.818181818181818 0.784848484848485 5 3
1 1 1 1 0.83 0.711111111111111 0.927272727272727 0.878585858585859 8 3
1 1 1 1 0.82 0.755555555555556 0.872727272727273 0.823636363636364 10 3
1 1 1 1 0.77 0.745454545454545 0.8 0.807474747474747 5 3
1 1 1 1 0.91 0.963636363636364 0.844444444444444 0.955151515151515 8 3
1 1 1 1 0.93 0.981818181818182 0.866666666666667 0.972121212121212 10 3
0.979591836734694 0.941176470588235 1 1 0.71 0.6 0.875 0.766458333333333 5 3
1 1 1 1 0.71 0.616666666666667 0.85 0.757291666666667 8 3
1 1 1 1 0.71 0.683333333333333 0.75 0.762916666666667 10 3
1 1 1 1 0.8 0.833333333333333 0.75 0.819583333333333 5 3
1 1 1 1 0.8 0.833333333333333 0.75 0.83125 8 3
1 1 1 1 0.83 0.833333333333333 0.825 0.847083333333333 10 3
1 1 1 1 0.78 0.631578947368421 0.976744186046512 0.820073439412485 5 3
1 1 1 1 0.73 0.526315789473684 1 0.798245614035088 8 3
1 1 1 1 0.61 0.56140350877193 0.674418604651163 0.673398612811098 10 3
1 1 1 1 0.81 0.903846153846154 0.708333333333333 0.812900641025641 5 3
1 1 1 1 0.81 0.903846153846154 0.708333333333333 0.853766025641026 8 3
1 1 1 1 0.83 0.903846153846154 0.75 0.879807692307692 10 3
0.975609756097561 0.947368421052632 1 1 0.88 0.810344827586207 0.976190476190476 0.951149425287356 5 3
1 1 1 1 0.85 0.758620689655172 0.976190476190476 0.897372742200328 8 3
1 1 1 1 0.83 0.793103448275862 0.880952380952381 0.908456486042693 10 3
1 1 1 1 0.78 0.714285714285714 0.863636363636364 0.793628246753247 5 3
1 1 1 1 0.78 0.714285714285714 0.863636363636364 0.793628246753247 8 3
1 1 1 1 0.78 0.714285714285714 0.863636363636364 0.793628246753247 10 3
1 1 1 1 0.83 0.893617021276596 0.773584905660377 0.849458048976315 5 3
1 1 1 1 0.95 0.914893617021277 0.981132075471698 0.976114010437575 8 3
1 1 1 1 0.9 0.957446808510638 0.849056603773585 0.921918908069049 10 3
1 1 1 1 0.83 0.924528301886792 0.723404255319149 0.866318747490967 5 3
1 1 1 1 0.85 0.886792452830189 0.808510638297872 0.878161380971497 8 3
1 1 1 1 0.86 0.962264150943396 0.74468085106383 0.889401846647933 10 3
1 1 1 1 0.85 0.9 0.8 0.9014 5 3
1 1 1 1 0.89 0.84 0.94 0.9212 8 3
1 1 1 1 0.85 0.78 0.92 0.856 10 3
1 1 1 1 0.83 0.818181818181818 0.844444444444444 0.863838383838384 5 3
1 1 1 1 0.83 0.8 0.866666666666667 0.84969696969697 8 3
1 1 1 1 0.84 0.836363636363636 0.844444444444444 0.855353535353535 10 3
1 1 1 1 0.7 0.732142857142857 0.659090909090909 0.746753246753247 5 3
0.975 1 0.954545454545455 1 0.82 0.875 0.75 0.89163961038961 8 3
1 1 1 1 0.68 0.714285714285714 0.636363636363636 0.696022727272727 10 3
1 1 1 1 0.82 0.890909090909091 0.733333333333333 0.80969696969697 5 3
1 1 1 1 0.82 0.890909090909091 0.733333333333333 0.822626262626263 8 3
1 1 1 1 0.66 0.672727272727273 0.644444444444444 0.73979797979798 10 3
