1 1 1 1 0.92 0.910714285714286 0.931818181818182 0.928977272727273 5 1
1 1 1 1 0.92 0.910714285714286 0.931818181818182 0.949269480519481 8 1
1 1 1 1 0.92 0.910714285714286 0.931818181818182 0.956574675324675 10 1
0.959459459459459 0.971428571428571 0.948717948717949 0.990476190476191 0.9 0.851063829787234 0.943396226415094 0.967081493376154 5 1
1 1 1 1 0.8 0.787234042553192 0.811320754716981 0.82517061421116 8 1
1 1 1 1 0.86 0.787234042553192 0.924528301886792 0.887193898032918 10 1
1 1 1 1 0.93 0.96078431372549 0.897959183673469 0.960984393757503 5 1
1 1 1 1 0.91 0.901960784313726 0.918367346938776 0.919967987194878 8 1
1 1 1 1 0.93 0.980392156862745 0.877551020408163 0.961984793917567 10 1
1 1 1 1 0.85 0.9 0.8 0.868 5 1
1 1 1 1 0.85 0.9 0.8 0.844 8 1
1 1 1 1 0.81 0.9 0.72 0.8596 10 1
0.962962962962963 0.972972972972973 0.954545454545455 0.994471744471744 0.87 0.787234042553192 0.943396226415094 0.932155760738659 5 1
0.962962962962963 0.972972972972973 0.954545454545455 0.994471744471744 0.88 0.808510638297872 0.943396226415094 0.928542753914091 8 1
1 1 1 1 0.82 0.765957446808511 0.867924528301887 0.839421918908069 10 1
1 1 1 1 0.88 0.886792452830189 0.872340425531915 0.878362103572862 5 1
1 1 1 1 0.89 0.905660377358491 0.872340425531915 0.887796065837013 8 1
1 1 1 1 0.85 0.867924528301887 0.829787234042553 0.875752709755118 10 1
1 1 1 1 0.9 0.849056603773585 0.957446808510638 0.920513849859494 5 1
1 1 1 1 0.89 0.830188679245283 0.957446808510638 0.926736250501806 8 1
1 1 1 1 0.9 0.830188679245283 0.978723404255319 0.914492171818547 10 1
1 1 1 1 0.84 0.884615384615385 0.791666666666667 0.861177884615385 5 1
1 1 1 1 0.84 0.865384615384615 0.8125 0.865184294871795 8 1
1 1 1 1 0.8 0.865384615384615 0.729166666666667 0.862179487179487 10 1
1 1 1 1 0.82 0.733333333333333 0.890909090909091 0.80969696969697 5 1
1 1 1 1 0.85 0.822222222222222 0.872727272727273 0.844444444444444 8 1
0.987341772151899 1 0.975 0.98301282051282 0.76 0.8 0.727272727272727 0.777777777777778 10 1
1 1 1 1 0.86 0.878048780487805 0.847457627118644 0.905539479123605 5 1
1 1 1 1 0.91 0.902439024390244 0.915254237288136 0.906366267052501 8 1
1 1 1 1 0.86 0.829268292682927 0.88135593220339 0.909466721785862 10 1
1 1 1 1 0.88 0.944444444444444 0.804347826086957 0.899959742351047 5 1
1 1 1 1 0.91 0.925925925925926 0.891304347826087 0.921698872785829 8 1
0.986486486486487 0.970588235294118 1 1 0.92 0.962962962962963 0.869565217391304 0.923913043478261 10 1
1 1 1 1 0.87 0.92 0.82 0.8836 5 1
1 1 1 1 0.82 0.88 0.76 0.8484 8 1
1 1 1 1 0.73 0.74 0.72 0.8244 10 1
0.946666666666667 0.95 0.942857142857143 0.992142857142857 0.85 0.906976744186046 0.807017543859649 0.92125662994696 5 1
1 1 1 1 0.83 0.837209302325581 0.824561403508772 0.85046919624643 8 1
1 1 1 1 0.82 0.883720930232558 0.771929824561403 0.835985312117503 10 1
1 1 1 1 0.86 0.872340425531915 0.849056603773585 0.922521075873143 5 1
1 1 1 1 0.9 0.893617021276596 0.905660377358491 0.921517462866319 8 1
1 1 1 1 0.93 0.872340425531915 0.981132075471698 0.966880770774789 10 1
0.901408450704225 0.875 0.923076923076923 0.97275641025641 0.85 0.875 0.826923076923077 0.941907051282051 5 1
1 1 1 1 0.77 0.833333333333333 0.711538461538462 0.838942307692308 8 1
1 1 1 1 0.8 0.833333333333333 0.769230769230769 0.832932692307692 10 1
1 1 1 1 0.82 0.927272727272727 0.688888888888889 0.816363636363636 5 1
1 1 1 1 0.83 0.909090909090909 0.733333333333333 0.84 8 1
1 1 1 1 0.82 0.872727272727273 0.755555555555556 0.842222222222222 10 1
1 1 1 1 0.87 0.818181818181818 0.910714285714286 0.909293831168831 5 1
1 1 1 1 0.88 0.795454545454545 0.946428571428571 0.91112012987013 8 1
1 1 1 1 0.83 0.795454545454545 0.857142857142857 0.872159090909091 10 1
1 1 1 1 0.88 0.826923076923077 0.9375 0.883814102564103 5 1
1 1 1 1 0.85 0.75 0.958333333333333 0.867788461538461 8 1
1 1 1 1 0.86 0.769230769230769 0.958333333333333 0.895432692307692 10 1
1 1 1 1 0.77 0.888888888888889 0.630434782608696 0.794484702093398 5 1
1 1 1 1 0.89 0.888888888888889 0.891304347826087 0.913647342995169 8 1
1 1 1 1 0.83 0.888888888888889 0.760869565217391 0.819041867954911 10 1
1 1 1 1 0.8 0.914893617021277 0.69811320754717 0.822962665596146 5 1
1 1 1 1 0.79 0.851063829787234 0.735849056603774 0.838418305901245 8 1
1 1 1 1 0.81 0.893617021276596 0.735849056603774 0.832195905258932 10 1
0.938271604938272 0.938775510204082 0.9375 0.98405612244898 0.8 0.956521739130435 0.666666666666667 0.944444444444444 5 1
0.925925925925926 0.938775510204082 0.90625 0.98405612244898 0.81 0.956521739130435 0.685185185185185 0.942834138486312 8 1
0.925925925925926 0.938775510204082 0.90625 0.98405612244898 0.81 0.956521739130435 0.685185185185185 0.943236714975845 10 1
1 1 1 1 0.84 0.773584905660377 0.914893617021277 0.846647932557206 5 1
1 1 1 1 0.83 0.792452830188679 0.872340425531915 0.838819751103974 8 1
1 1 1 1 0.82 0.735849056603774 0.914893617021277 0.857286230429546 10 1
1 1 1 1 0.81 0.86046511627907 0.771929824561403 0.841493268053856 5 1
1 1 1 1 0.8 0.790697674418605 0.807017543859649 0.829049367605059 8 1
1 1 1 1 0.74 0.581395348837209 0.859649122807018 0.776417788657691 10 1
1 1 1 1 0.85 0.857142857142857 0.840909090909091 0.881087662337662 5 1
1 1 1 1 0.93 0.928571428571429 0.931818181818182 0.959618506493507 8 1
1 1 1 1 0.86 0.839285714285714 0.886363636363636 0.888392857142857 10 1
1 1 1 1 0.89 0.963636363636364 0.8 0.903030303030303 5 1
1 1 1 1 0.89 0.945454545454545 0.822222222222222 0.906262626262626 8 1
1 1 1 1 0.9 0.981818181818182 0.8 0.923232323232323 10 1
1 1 1 1 0.86 0.86 0.86 0.8736 5 1
1 1 1 1 0.86 0.84 0.88 0.8848 8 1
1 1 1 1 0.8 0.82 0.78 0.8406 10 1
0.943661971830986 0.935483870967742 0.95 0.979838709677419 0.9 0.862745098039216 0.938775510204082 0.944777911164466 5 1
0.943661971830986 0.935483870967742 0.95 0.987903225806452 0.88 0.803921568627451 0.959183673469388 0.942376950780312 8 1
0.943661971830986 0.935483870967742 0.95 0.989516129032258 0.88 0.803921568627451 0.959183673469388 0.942376950780312 10 1
1 1 1 1 0.95 0.925925925925926 0.978260869565217 0.951690821256039 5 1
1 1 1 1 0.89 0.851851851851852 0.934782608695652 0.910628019323672 8 1
1 1 1 1 0.92 0.888888888888889 0.956521739130435 0.931159420289855 10 1
1 1 1 1 0.77 0.75 0.791666666666667 0.83974358974359 5 1
1 1 1 1 0.81 0.769230769230769 0.854166666666667 0.863782051282051 8 1
1 1 1 1 0.81 0.769230769230769 0.854166666666667 0.866386217948718 10 1
1 1 1 1 0.85 0.981818181818182 0.688888888888889 0.85979797979798 5 1
1 1 1 1 0.79 0.927272727272727 0.622222222222222 0.844646464646465 8 1
1 1 1 1 0.77 0.890909090909091 0.622222222222222 0.865252525252525 10 1
0.972972972972973 1 0.951219512195122 0.988913525498891 0.85 0.857142857142857 0.843137254901961 0.937575030012005 5 1
1 1 1 1 0.73 0.755102040816326 0.705882352941177 0.755702280912365 8 1
1 1 1 1 0.74 0.714285714285714 0.764705882352941 0.764105642256903 10 1
1 1 1 1 0.73 0.769230769230769 0.6875 0.752003205128205 5 1
1 1 1 1 0.72 0.769230769230769 0.666666666666667 0.73838141025641 8 1
1 1 1 1 0.75 0.788461538461538 0.708333333333333 0.76161858974359 10 1
1 1 1 1 0.78 0.843137254901961 0.714285714285714 0.817527010804322 5 1
1 1 1 1 0.8 0.862745098039216 0.73469387755102 0.841536614645858 8 1
1 1 1 1 0.84 0.882352941176471 0.795918367346939 0.860544217687075 10 1
0.934210526315789 0.979166666666667 0.857142857142857 0.982886904761905 0.87 0.907407407407407 0.826086956521739 0.933574879227053 5 1
1 1 1 1 0.87 0.87037037037037 0.869565217391304 0.868760064412238 8 1
1 1 1 1 0.86 0.851851851851852 0.869565217391304 0.865740740740741 10 1
1 1 1 1 0.78 0.651162790697674 0.87719298245614 0.824153406772746 5 1
1 1 1 1 0.74 0.558139534883721 0.87719298245614 0.782741738066095 8 1
1 1 1 1 0.78 0.627906976744186 0.894736842105263 0.777233782129743 10 1
0.9375 0.954545454545455 0.916666666666667 0.952020202020202 0.9 0.925 0.883333333333333 0.974166666666667 5 1
0.925 0.954545454545455 0.888888888888889 0.951388888888889 0.89 0.9 0.883333333333333 0.972916666666667 8 1
1 1 1 1 0.8 0.8 0.8 0.851875 10 1
0.972602739726027 0.971428571428571 0.973684210526316 0.994736842105263 0.79 0.803921568627451 0.775510204081633 0.879951980792317 5 1
0.972602739726027 0.971428571428571 0.973684210526316 0.994736842105263 0.79 0.823529411764706 0.755102040816326 0.877951180472189 8 1
0.972602739726027 0.971428571428571 0.973684210526316 0.994736842105263 0.8 0.843137254901961 0.755102040816326 0.877551020408163 10 1
0.972602739726027 0.944444444444444 1 0.995495495495496 0.83 0.818181818181818 0.839285714285714 0.841112012987013 5 1
1 1 1 1 0.83 0.909090909090909 0.767857142857143 0.859983766233766 8 1
1 1 1 1 0.85 0.931818181818182 0.785714285714286 0.855113636363636 10 1
1 1 1 1 0.87 0.844827586206897 0.904761904761905 0.896551724137931 5 1
0.984126984126984 0.967741935483871 1 1 0.81 0.775862068965517 0.857142857142857 0.843185550082102 8 1
0.984126984126984 1 0.96875 1 0.85 0.896551724137931 0.785714285714286 0.919950738916256 10 1
1 1 1 1 0.89 0.867924528301887 0.914893617021277 0.886391007627459 5 1
1 1 1 1 0.81 0.811320754716981 0.808510638297872 0.830590124448013 8 1
1 1 1 1 0.81 0.811320754716981 0.808510638297872 0.839421918908069 10 1
1 1 1 1 0.74 0.755555555555556 0.727272727272727 0.745858585858586 5 1
1 1 1 1 0.72 0.733333333333333 0.709090909090909 0.750909090909091 8 1
1 1 1 1 0.71 0.711111111111111 0.709090909090909 0.763636363636364 10 1
1 1 1 1 0.91 0.880952380952381 0.931034482758621 0.919540229885058 5 1
0.955882352941177 1 0.911764705882353 0.980103806228374 0.79 0.857142857142857 0.741379310344828 0.856937602627258 8 1
1 1 1 1 0.87 0.80952380952381 0.913793103448276 0.88136288998358 10 1
0.939024390243902 0.911764705882353 0.958333333333333 0.977941176470588 0.9 0.840909090909091 0.946428571428571 0.971185064935065 5 1
0.939024390243902 0.911764705882353 0.958333333333333 0.979166666666667 0.89 0.818181818181818 0.946428571428571 0.972808441558442 8 1
0.939024390243902 0.911764705882353 0.958333333333333 0.979166666666667 0.89 0.818181818181818 0.946428571428571 0.972808441558442 10 1
1 1 1 1 0.79 0.773584905660377 0.808510638297872 0.800883179446006 5 1
1 1 1 1 0.84 0.773584905660377 0.914893617021277 0.865114411882778 8 1
1 1 1 1 0.74 0.716981132075472 0.765957446808511 0.805299076676034 10 1
1 1 1 1 0.76 0.7 0.82 0.7772 5 1
1 1 1 1 0.78 0.64 0.92 0.78 8 1
1 1 1 1 0.78 0.7 0.86 0.7894 10 1
1 1 1 1 0.81 0.830188679245283 0.787234042553192 0.864311521477318 5 1
1 1 1 1 0.88 0.867924528301887 0.893617021276596 0.889602569249297 8 1
1 1 1 1 0.88 0.867924528301887 0.893617021276596 0.887394620634283 10 1
1 1 1 1 0.87 0.875 0.865384615384615 0.867788461538462 5 1
1 1 1 1 0.89 0.895833333333333 0.884615384615385 0.944110576923077 8 1
1 1 1 1 0.89 0.916666666666667 0.865384615384615 0.935096153846154 10 1
0.986842105263158 0.976190476190476 1 1 0.88 0.9 0.86 0.9238 5 1
1 1 1 1 0.91 0.94 0.88 0.916 8 1
0.986842105263158 1 0.970588235294118 0.982142857142857 0.89 0.94 0.84 0.9172 10 1
1 1 1 1 0.79 0.68 0.9 0.828 5 1
1 1 1 1 0.78 0.68 0.88 0.8464 8 1
1 1 1 1 0.75 0.6 0.9 0.8396 10 1
0.960526315789474 0.941176470588235 0.976190476190476 0.991596638655462 0.85 0.75609756097561 0.915254237288136 0.934683753617197 5 1
0.960526315789474 0.941176470588235 0.976190476190476 0.992296918767507 0.85 0.75609756097561 0.915254237288136 0.927656056221579 8 1
0.960526315789474 0.941176470588235 0.976190476190476 0.992296918767507 0.85 0.75609756097561 0.915254237288136 0.929309632079372 10 1
1 1 1 1 0.86 0.872340425531915 0.849056603773585 0.874749096748294 5 1
1 1 1 1 0.85 0.872340425531915 0.830188679245283 0.856282617422722 8 1
1 1 1 1 0.89 0.851063829787234 0.924528301886792 0.876555600160578 10 1
0.926470588235294 0.911764705882353 0.941176470588235 0.97318339100346 0.86 0.854166666666667 0.865384615384615 0.952724358974359 5 1
1 1 1 1 0.85 0.8125 0.884615384615385 0.856169871794872 8 1
1 1 1 1 0.81 0.75 0.865384615384615 0.82431891025641 10 1
0.946666666666667 0.942857142857143 0.95 0.988571428571429 0.87 0.86046511627907 0.87719298245614 0.955528355773154 5 1
1 1 1 1 0.76 0.813953488372093 0.719298245614035 0.774989800081599 8 1
1 1 1 1 0.8 0.813953488372093 0.789473684210526 0.808241534067727 10 1
1 1 1 1 0.76 0.577777777777778 0.909090909090909 0.76040404040404 5 1
1 1 1 1 0.77 0.577777777777778 0.927272727272727 0.79030303030303 8 1
1 1 1 1 0.77 0.6 0.909090909090909 0.783030303030303 10 1
1 1 1 1 0.85 0.875 0.833333333333333 0.886666666666667 5 1
1 1 1 1 0.88 0.925 0.85 0.888541666666667 8 1
1 1 1 1 0.83 0.875 0.8 0.87 10 1
1 1 1 1 0.88 0.836734693877551 0.92156862745098 0.905562224889956 5 1
1 1 1 1 0.89 0.836734693877551 0.941176470588235 0.897959183673469 8 1
1 1 1 1 0.9 0.857142857142857 0.941176470588235 0.907563025210084 10 1
1 1 1 1 0.88 0.807017543859649 0.976744186046512 0.917380660954712 5 1
1 1 1 1 0.87 0.842105263157895 0.906976744186046 0.937168502651979 8 1
1 1 1 1 0.89 0.859649122807018 0.930232558139535 0.912892696858425 10 1
1 1 1 1 0.88 0.854166666666667 0.903846153846154 0.896434294871795 5 1
1 1 1 1 0.81 0.791666666666667 0.826923076923077 0.887620192307692 8 1
1 1 1 1 0.87 0.8125 0.923076923076923 0.924679487179487 10 1
1 1 1 1 0.86 0.814814814814815 0.91304347826087 0.905394524959742 5 1
1 1 1 1 0.87 0.851851851851852 0.891304347826087 0.876006441223833 8 1
1 1 1 1 0.88 0.87037037037037 0.891304347826087 0.911433172302738 10 1
0.985714285714286 1 0.972972972972973 0.983210483210483 0.86 0.925925925925926 0.782608695652174 0.844806763285024 5 1
1 1 1 1 0.9 0.888888888888889 0.91304347826087 0.905394524959742 8 1
1 1 1 1 0.82 0.796296296296296 0.847826086956522 0.861916264090177 10 1
0.914285714285714 0.885714285714286 0.942857142857143 0.980408163265306 0.89 0.9 0.88 0.9512 5 1
1 1 1 1 0.83 0.82 0.84 0.8856 8 1
1 1 1 1 0.87 0.88 0.86 0.8894 10 1
1 1 1 1 0.81 0.674418604651163 0.912280701754386 0.811709506323949 5 1
1 1 1 1 0.79 0.744186046511628 0.824561403508772 0.834353325173399 8 1
1 1 1 1 0.88 0.813953488372093 0.929824561403509 0.895960832313341 10 1
0.975 0.972972972972973 0.976744186046512 0.984915147705845 0.87 0.872340425531915 0.867924528301887 0.951826575672421 5 1
0.95 0.972972972972973 0.930232558139535 0.985543683218102 0.85 0.851063829787234 0.849056603773585 0.951425130469691 8 1
1 1 1 1 0.8 0.765957446808511 0.830188679245283 0.798675230830992 10 1
1 1 1 1 0.85 0.791666666666667 0.903846153846154 0.872996794871795 5 1
1 1 1 1 0.87 0.75 0.980769230769231 0.887019230769231 8 1
1 1 1 1 0.82 0.6875 0.942307692307692 0.878405448717949 10 1
0.947368421052632 0.918918918918919 0.974358974358974 0.975051975051975 0.85 0.857142857142857 0.843137254901961 0.949179671868748 5 1
0.960526315789474 0.945945945945946 0.974358974358974 0.992376992376992 0.88 0.877551020408163 0.882352941176471 0.963585434173669 8 1
0.960526315789474 0.945945945945946 0.974358974358974 0.993762993762994 0.88 0.877551020408163 0.882352941176471 0.965186074429772 10 1
0.969230769230769 0.966666666666667 0.971428571428571 0.994285714285714 0.93 0.906976744186046 0.947368421052632 0.986944104447164 5 1
0.969230769230769 0.966666666666667 0.971428571428571 0.993333333333333 0.93 0.930232558139535 0.929824561403509 0.98531211750306 8 1
1 1 1 1 0.86 0.837209302325581 0.87719298245614 0.891268869849041 10 1
0.957746478873239 0.970588235294118 0.945945945945946 0.980127186009539 0.89 0.844444444444444 0.927272727272727 0.962424242424242 5 1
0.957746478873239 0.970588235294118 0.945945945945946 0.987281399046105 0.9 0.844444444444444 0.945454545454545 0.963636363636364 8 1
1 1 1 1 0.86 0.822222222222222 0.890909090909091 0.86969696969697 10 1
1 1 1 1 0.88 0.807692307692308 0.958333333333333 0.894030448717949 5 1
1 1 1 1 0.85 0.884615384615385 0.8125 0.874599358974359 8 1
1 1 1 1 0.88 0.846153846153846 0.916666666666667 0.912259615384615 10 1
0.924050632911392 0.906976744186046 0.944444444444444 0.98578811369509 0.85 0.8125 0.884615384615385 0.953926282051282 5 1
1 1 1 1 0.85 0.75 0.942307692307692 0.85536858974359 8 1
1 1 1 1 0.76 0.708333333333333 0.807692307692308 0.795873397435898 10 1
1 1 1 1 0.82 0.708333333333333 0.923076923076923 0.812900641025641 5 1
1 1 1 1 0.84 0.75 0.923076923076923 0.83573717948718 8 1
1 1 1 1 0.82 0.75 0.884615384615385 0.873397435897436 10 1
1 1 1 1 0.82 0.847826086956522 0.796296296296296 0.833735909822866 5 1
1 1 1 1 0.83 0.804347826086957 0.851851851851852 0.844404186795491 8 1
1 1 1 1 0.85 0.826086956521739 0.87037037037037 0.885466988727858 10 1
1 1 1 1 0.75 0.5625 0.923076923076923 0.765224358974359 5 1
1 1 1 1 0.8 0.6875 0.903846153846154 0.815304487179487 8 1
1 1 1 1 0.79 0.666666666666667 0.903846153846154 0.83213141025641 10 1
1 1 1 1 0.83 0.808510638297872 0.849056603773585 0.86109995985548 5 1
1 1 1 1 0.87 0.829787234042553 0.905660377358491 0.901043757527098 8 1
1 1 1 1 0.88 0.829787234042553 0.924528301886792 0.901846647932557 10 1
0.939393939393939 0.909090909090909 0.96969696969697 0.986225895316804 0.83 0.783333333333333 0.9 0.90625 5 1
1 1 1 1 0.81 0.816666666666667 0.8 0.811458333333333 8 1
1 1 1 1 0.84 0.833333333333333 0.85 0.861875 10 1
0.893333333333333 0.921052631578947 0.864864864864865 0.972972972972973 0.73 0.666666666666667 0.788461538461538 0.78886217948718 5 1
0.893333333333333 0.921052631578947 0.864864864864865 0.973684210526316 0.7 0.645833333333333 0.75 0.786858974358974 8 1
0.906666666666667 0.947368421052632 0.864864864864865 0.972972972972973 0.73 0.6875 0.769230769230769 0.790865384615385 10 1
1 1 1 1 0.81 0.72 0.9 0.8532 5 1
1 1 1 1 0.83 0.8 0.86 0.8664 8 1
1 1 1 1 0.8 0.7 0.9 0.8676 10 1
1 1 1 1 0.64 0.490566037735849 0.808510638297872 0.649538338016861 5 1
1 1 1 1 0.71 0.584905660377358 0.851063829787234 0.729024488157367 8 1
1 1 1 1 0.73 0.622641509433962 0.851063829787234 0.753512645523886 10 1
1 1 1 1 0.87 0.867924528301887 0.872340425531915 0.885387394620634 5 1
1 1 1 1 0.87 0.886792452830189 0.851063829787234 0.875953432356483 8 1
1 1 1 1 0.86 0.867924528301887 0.851063829787234 0.874347651545564 10 1
1 1 1 1 0.83 0.933333333333333 0.745454545454545 0.888484848484848 5 1
1 1 1 1 0.83 0.888888888888889 0.781818181818182 0.873535353535353 8 1
1 1 1 1 0.81 0.911111111111111 0.727272727272727 0.867878787878788 10 1
0.957142857142857 0.972222222222222 0.941176470588235 0.980392156862745 0.92 0.924528301886792 0.914893617021277 0.970293054997993 5 1
1 1 1 1 0.85 0.867924528301887 0.829787234042553 0.900843034925733 8 1
1 1 1 1 0.86 0.867924528301887 0.851063829787234 0.902047370533922 10 1
1 1 1 1 0.77 0.87037037037037 0.652173913043478 0.817028985507246 5 1
1 1 1 1 0.89 0.907407407407407 0.869565217391304 0.922705314009662 8 1
1 1 1 1 0.87 0.851851851851852 0.891304347826087 0.911030595813205 10 1
1 1 1 1 0.81 0.862745098039216 0.755102040816326 0.848739495798319 5 1
1 1 1 1 0.83 0.901960784313726 0.755102040816326 0.851540616246499 8 1
1 1 1 1 0.84 0.862745098039216 0.816326530612245 0.878351340536215 10 1
1 1 1 1 0.83 0.755555555555556 0.890909090909091 0.857373737373737 5 1
1 1 1 1 0.78 0.733333333333333 0.818181818181818 0.797979797979798 8 1
1 1 1 1 0.83 0.8 0.854545454545454 0.855959595959596 10 1
1 1 1 1 0.91 0.916666666666667 0.9 0.917083333333333 5 1
1 1 1 1 0.91 0.916666666666667 0.9 0.927291666666667 8 1
1 1 1 1 0.88 0.883333333333333 0.875 0.91125 10 1
1 1 1 1 0.88 0.92156862745098 0.836734693877551 0.929571828731493 5 1
1 1 1 1 0.94 0.92156862745098 0.959183673469388 0.939975990396158 8 1
1 1 1 1 0.94 0.92156862745098 0.959183673469388 0.957583033213285 10 1
0.902777777777778 0.838709677419355 0.951219512195122 0.963021243115657 0.95 0.983333333333333 0.9 0.996666666666667 5 1
1 1 1 1 0.92 0.933333333333333 0.9 0.934583333333333 8 1
1 1 1 1 0.95 0.983333333333333 0.9 0.963125 10 1
0.951219512195122 0.918918918918919 0.977777777777778 0.994594594594595 0.89 0.879310344827586 0.904761904761905 0.91256157635468 5 1
1 1 1 1 0.84 0.844827586206897 0.833333333333333 0.866584564860427 8 1
1 1 1 1 0.83 0.844827586206897 0.80952380952381 0.860837438423645 10 1
0.973684210526316 0.973684210526316 0.973684210526316 0.990997229916898 0.89 0.843137254901961 0.938775510204082 0.97719087635054 5 1
1 1 1 1 0.85 0.803921568627451 0.897959183673469 0.902360944377751 8 1
1 1 1 1 0.8 0.705882352941177 0.897959183673469 0.857543017206883 10 1
1 1 1 1 0.93 0.891304347826087 0.962962962962963 0.935587761674718 5 1
1 1 1 1 0.91 0.847826086956522 0.962962962962963 0.936392914653784 8 1
1 1 1 1 0.93 0.891304347826087 0.962962962962963 0.935587761674718 10 1
1 1 1 1 0.85 0.859649122807018 0.837209302325581 0.89922480620155 5 1
0.986842105263158 0.970588235294118 1 0.98249299719888 0.88 0.87719298245614 0.883720930232558 0.915952672378621 8 1
1 1 1 1 0.84 0.842105263157895 0.837209302325581 0.873113015095879 10 1
0.945205479452055 0.952380952380952 0.935483870967742 0.986943164362519 0.91 0.955555555555556 0.872727272727273 0.974949494949495 5 1
1 1 1 1 0.78 0.777777777777778 0.781818181818182 0.843232323232323 8 1
1 1 1 1 0.74 0.866666666666667 0.636363636363636 0.76040404040404 10 1
1 1 1 1 0.85 0.854545454545454 0.844444444444444 0.854343434343434 5 1
1 1 1 1 0.82 0.836363636363636 0.8 0.861414141414141 8 1
0.987179487179487 0.973684210526316 1 0.983881578947368 0.74 0.745454545454545 0.733333333333333 0.785454545454545 10 1
1 1 1 1 0.81 0.833333333333333 0.788461538461538 0.83573717948718 5 1
1 1 1 1 0.88 0.875 0.884615384615385 0.88661858974359 8 1
1 1 1 1 0.85 0.833333333333333 0.865384615384615 0.882411858974359 10 1
1 1 1 1 0.86 0.918367346938776 0.803921568627451 0.880352140856343 5 1
1 1 1 1 0.85 0.877551020408163 0.823529411764706 0.887154861944778 8 1
1 1 1 1 0.9 0.959183673469388 0.843137254901961 0.926970788315326 10 1
0.944444444444444 0.941176470588235 0.947368421052632 0.989938080495356 0.82 0.8 0.844444444444444 0.933737373737374 5 1
1 1 1 1 0.8 0.763636363636364 0.844444444444444 0.813535353535353 8 1
1 1 1 1 0.72 0.745454545454545 0.688888888888889 0.76020202020202 10 1
0.924050632911392 0.926829268292683 0.921052631578947 0.985879332477535 0.9 0.942307692307692 0.854166666666667 0.97636217948718 5 1
1 1 1 1 0.85 0.884615384615385 0.8125 0.866386217948718 8 1
1 1 1 1 0.85 0.884615384615385 0.8125 0.868589743589744 10 1
1 1 1 1 0.85 0.928571428571429 0.75 0.847402597402597 5 1
1 1 1 1 0.8 0.839285714285714 0.75 0.838474025974026 8 1
1 1 1 1 0.88 0.928571428571429 0.818181818181818 0.868506493506494 10 1
1 1 1 1 0.78 0.731707317073171 0.813559322033898 0.780074410913601 5 1
0.972972972972973 0.948717948717949 1 0.980586080586081 0.79 0.682926829268293 0.864406779661017 0.810872261264986 8 1
1 1 1 1 0.77 0.731707317073171 0.796610169491525 0.834229020256304 10 1
1 1 1 1 0.89 0.92 0.86 0.8936 5 1
1 1 1 1 0.89 0.92 0.86 0.8926 8 1
1 1 1 1 0.87 0.9 0.84 0.8756 10 1
0.925 0.96078431372549 0.862068965517241 0.970926301555105 0.92 0.897959183673469 0.941176470588235 0.982392957182873 5 1
0.925 0.96078431372549 0.862068965517241 0.974306964164976 0.91 0.897959183673469 0.92156862745098 0.980792316926771 8 1
0.925 0.96078431372549 0.862068965517241 0.974306964164976 0.91 0.897959183673469 0.92156862745098 0.979591836734694 10 1
1 1 1 1 0.91 0.892857142857143 0.931818181818182 0.956574675324675 5 2
1 1 1 1 0.91 0.892857142857143 0.931818181818182 0.956574675324675 8 2
1 1 1 1 0.78 0.892857142857143 0.636363636363636 0.867694805194805 10 2
0.959459459459459 0.971428571428571 0.948717948717949 0.990476190476191 0.9 0.851063829787234 0.943396226415094 0.966680048173424 5 2
1 1 1 1 0.85 0.851063829787234 0.849056603773585 0.901846647932557 8 2
0.986486486486487 1 0.974358974358974 1 0.82 0.787234042553192 0.849056603773585 0.841629867523083 10 2
1 1 1 1 0.88 0.92156862745098 0.836734693877551 0.897759103641457 5 2
1 1 1 1 0.9 0.901960784313726 0.897959183673469 0.932773109243698 8 2
1 1 1 1 0.91 0.941176470588235 0.877551020408163 0.968187274909964 10 2
1 1 1 1 0.84 0.9 0.78 0.855 5 2
1 1 1 1 0.84 0.9 0.78 0.838 8 2
1 1 1 1 0.81 0.88 0.74 0.8368 10 2
0.962962962962963 0.972972972972973 0.954545454545455 0.994471744471744 0.89 0.851063829787234 0.924528301886792 0.928542753914091 5 2
0.962962962962963 0.972972972972973 0.954545454545455 0.994471744471744 0.87 0.808510638297872 0.924528301886792 0.927338418305901 8 2
1 1 1 1 0.83 0.787234042553192 0.867924528301887 0.869128863910076 10 2
1 1 1 1 0.88 0.905660377358491 0.851063829787234 0.894821356884785 5 2
1 1 1 1 0.9 0.924528301886792 0.872340425531915 0.912083500602168 8 2
1 1 1 1 0.67 0.584905660377358 0.765957446808511 0.750903251706142 10 2
1 1 1 1 0.91 0.867924528301887 0.957446808510638 0.927739863508631 5 2
1 1 1 1 0.9 0.849056603773585 0.957446808510638 0.926535527900442 8 2
1 1 1 1 0.91 0.867924528301887 0.957446808510638 0.928141308711361 10 2
1 1 1 1 0.81 0.903846153846154 0.708333333333333 0.852564102564103 5 2
1 1 1 1 0.86 0.884615384615385 0.833333333333333 0.896233974358974 8 2
1 1 1 1 0.86 0.942307692307692 0.770833333333333 0.88301282051282 10 2
1 1 1 1 0.8 0.755555555555556 0.836363636363636 0.825858585858586 5 2
1 1 1 1 0.82 0.755555555555556 0.872727272727273 0.836565656565657 8 2
1 1 1 1 0.87 0.844444444444444 0.890909090909091 0.89959595959596 10 2
1 1 1 1 0.92 0.902439024390244 0.932203389830508 0.935923935510542 5 2
1 1 1 1 0.9 0.926829268292683 0.88135593220339 0.926415874328235 8 2
1 1 1 1 0.91 0.926829268292683 0.898305084745763 0.919801570897065 10 2
1 1 1 1 0.89 0.944444444444444 0.826086956521739 0.89170692431562 5 2
0.986486486486487 0.970588235294118 1 1 0.91 0.962962962962963 0.847826086956522 0.92914653784219 8 2
1 1 1 1 0.88 0.907407407407407 0.847826086956522 0.918276972624799 10 2
1 1 1 1 0.87 0.92 0.82 0.8826 5 2
1 1 1 1 0.88 0.96 0.8 0.8974 8 2
1 1 1 1 0.84 0.86 0.82 0.8774 10 2
0.946666666666667 0.95 0.942857142857143 0.992142857142857 0.86 0.906976744186046 0.824561403508772 0.91921664626683 5 2
1 1 1 1 0.82 0.837209302325581 0.807017543859649 0.84312525499796 8 2
1 1 1 1 0.8 0.837209302325581 0.771929824561403 0.833333333333333 10 2
1 1 1 1 0.89 0.893617021276596 0.886792452830189 0.933360096346849 5 2
1 1 1 1 0.9 0.829787234042553 0.962264150943396 0.96447209955841 8 2
1 1 1 1 0.87 0.808510638297872 0.924528301886792 0.934162986752308 10 2
0.901408450704225 0.875 0.923076923076923 0.971153846153846 0.85 0.854166666666667 0.846153846153846 0.943108974358974 5 2
1 1 1 1 0.72 0.770833333333333 0.673076923076923 0.768429487179487 8 2
1 1 1 1 0.75 0.729166666666667 0.769230769230769 0.81270032051282 10 2
1 1 1 1 0.8 0.890909090909091 0.688888888888889 0.828080808080808 5 2
1 1 1 1 0.66 0.6 0.733333333333333 0.694949494949495 8 2
1 1 1 1 0.78 0.8 0.755555555555556 0.772929292929293 10 2
1 1 1 1 0.87 0.75 0.964285714285714 0.905844155844156 5 2
1 1 1 1 0.86 0.795454545454545 0.910714285714286 0.88474025974026 8 2
1 1 1 1 0.78 0.772727272727273 0.785714285714286 0.848214285714286 10 2
1 1 1 1 0.83 0.788461538461538 0.875 0.838942307692308 5 2
1 1 1 1 0.9 0.884615384615385 0.916666666666667 0.922676282051282 8 2
1 1 1 1 0.76 0.826923076923077 0.6875 0.794471153846154 10 2
1 1 1 1 0.84 0.814814814814815 0.869565217391304 0.858091787439614 5 2
1 1 1 1 0.82 0.87037037037037 0.760869565217391 0.844001610305958 8 2
1 1 1 1 0.83 0.759259259259259 0.91304347826087 0.860708534621578 10 2
1 1 1 1 0.78 0.914893617021277 0.660377358490566 0.787635487755921 5 2
1 1 1 1 0.81 0.936170212765957 0.69811320754717 0.858490566037736 8 2
1 1 1 1 0.85 0.914893617021277 0.792452830188679 0.907466880770775 10 2
0.938271604938272 0.938775510204082 0.9375 0.982142857142857 0.81 0.91304347826087 0.722222222222222 0.938003220611916 5 2
0.925925925925926 0.938775510204082 0.90625 0.982780612244898 0.82 0.91304347826087 0.740740740740741 0.936795491143317 8 2
0.925925925925926 0.938775510204082 0.90625 0.98405612244898 0.81 0.91304347826087 0.722222222222222 0.938003220611916 10 2
1 1 1 1 0.83 0.754716981132076 0.914893617021277 0.865515857085508 5 2
1 1 1 1 0.84 0.792452830188679 0.893617021276596 0.861501405058209 8 2
1 1 1 1 0.81 0.754716981132076 0.872340425531915 0.826575672420715 10 2
1 1 1 1 0.87 0.86046511627907 0.87719298245614 0.898000815993472 5 2
1 1 1 1 0.78 0.883720930232558 0.701754385964912 0.826397388820889 8 2
1 1 1 1 0.81 0.883720930232558 0.754385964912281 0.851081191350469 10 2
1 1 1 1 0.9 0.892857142857143 0.909090909090909 0.908685064935065 5 2
1 1 1 1 0.88 0.875 0.886363636363636 0.888392857142857 8 2
1 1 1 1 0.87 0.857142857142857 0.886363636363636 0.897727272727273 10 2
1 1 1 1 0.89 0.945454545454545 0.822222222222222 0.876767676767677 5 2
1 1 1 1 0.86 0.945454545454545 0.755555555555556 0.874545454545455 8 2
1 1 1 1 0.85 0.945454545454545 0.733333333333333 0.893333333333333 10 2
1 1 1 1 0.85 0.9 0.8 0.8654 5 2
1 1 1 1 0.81 0.76 0.86 0.829 8 2
1 1 1 1 0.63 0.44 0.82 0.644 10 2
0.943661971830986 0.935483870967742 0.95 0.979838709677419 0.89 0.843137254901961 0.938775510204082 0.942777110844338 5 2
0.943661971830986 0.935483870967742 0.95 0.987903225806452 0.87 0.803921568627451 0.938775510204082 0.946378551420568 8 2
0.943661971830986 0.935483870967742 0.95 0.989516129032258 0.87 0.803921568627451 0.938775510204082 0.944777911164466 10 2
1 1 1 1 0.9 0.851851851851852 0.956521739130435 0.91304347826087 5 2
1 1 1 1 0.93 0.907407407407407 0.956521739130435 0.940619967793881 8 2
1 1 1 1 0.91 0.87037037037037 0.956521739130435 0.922302737520129 10 2
1 1 1 1 0.81 0.769230769230769 0.854166666666667 0.833133012820513 5 2
1 1 1 1 0.81 0.75 0.875 0.852564102564103 8 2
1 1 1 1 0.8 0.730769230769231 0.875 0.859775641025641 10 2
1 1 1 1 0.82 0.981818181818182 0.622222222222222 0.834747474747475 5 2
1 1 1 1 0.82 0.927272727272727 0.688888888888889 0.868686868686869 8 2
1 1 1 1 0.84 0.945454545454545 0.711111111111111 0.88 10 2
0.972972972972973 1 0.951219512195122 0.988913525498891 0.85 0.857142857142857 0.843137254901961 0.943177270908363 5 2
1 1 1 1 0.72 0.775510204081633 0.666666666666667 0.74249699879952 8 2
1 1 1 1 0.72 0.755102040816326 0.686274509803922 0.739895958383353 10 2
1 1 1 1 0.72 0.730769230769231 0.708333333333333 0.743790064102564 5 2
1 1 1 1 0.74 0.769230769230769 0.708333333333333 0.737179487179487 8 2
1 1 1 1 0.73 0.730769230769231 0.729166666666667 0.772235576923077 10 2
1 1 1 1 0.82 0.882352941176471 0.755102040816326 0.84593837535014 5 2
1 1 1 1 0.82 0.862745098039216 0.775510204081633 0.832533013205282 8 2
1 1 1 1 0.81 0.901960784313726 0.714285714285714 0.839335734293717 10 2
0.947368421052632 0.979166666666667 0.892857142857143 0.988839285714286 0.88 0.907407407407407 0.847826086956522 0.925925925925926 5 2
1 1 1 1 0.86 0.87037037037037 0.847826086956522 0.874798711755233 8 2
1 1 1 1 0.82 0.87037037037037 0.760869565217391 0.844202898550725 10 2
1 1 1 1 0.83 0.697674418604651 0.929824561403509 0.830885352917177 5 2
1 1 1 1 0.82 0.651162790697674 0.947368421052632 0.81109751121991 8 2
1 1 1 1 0.84 0.697674418604651 0.947368421052632 0.858833129334965 10 2
0.925 0.954545454545455 0.888888888888889 0.951388888888889 0.9 0.9 0.9 0.972916666666667 5 2
1 1 1 1 0.88 0.8 0.933333333333333 0.909583333333333 8 2
1 1 1 1 0.9 0.85 0.933333333333333 0.910833333333333 10 2
0.972602739726027 0.971428571428571 0.973684210526316 0.994736842105263 0.79 0.803921568627451 0.775510204081633 0.879151660664266 5 2
0.972602739726027 0.971428571428571 0.973684210526316 0.995488721804511 0.79 0.803921568627451 0.775510204081633 0.874749899959984 8 2
1 1 1 1 0.77 0.803921568627451 0.73469387755102 0.77250900360144 10 2
1 1 1 1 0.78 0.840909090909091 0.732142857142857 0.83989448051948 5 2
1 1 1 1 0.8 0.863636363636364 0.75 0.868506493506494 8 2
1 1 1 1 0.84 0.840909090909091 0.839285714285714 0.866071428571429 10 2
1 1 1 1 0.89 0.879310344827586 0.904761904761905 0.92508210180624 5 2
1 1 1 1 0.82 0.862068965517241 0.761904761904762 0.850574712643678 8 2
1 1 1 1 0.85 0.862068965517241 0.833333333333333 0.904967159277504 10 2
1 1 1 1 0.85 0.867924528301887 0.829787234042553 0.858289843436371 5 2
1 1 1 1 0.89 0.905660377358491 0.872340425531915 0.898835808912084 8 2
1 1 1 1 0.83 0.792452830188679 0.872340425531915 0.83821758329988 10 2
1 1 1 1 0.73 0.777777777777778 0.690909090909091 0.741616161616162 5 2
1 1 1 1 0.7 0.733333333333333 0.672727272727273 0.746262626262626 8 2
1 1 1 1 0.69 0.733333333333333 0.654545454545455 0.743838383838384 10 2
1 1 1 1 0.9 0.857142857142857 0.931034482758621 0.935960591133005 5 2
1 1 1 1 0.9 0.80952380952381 0.96551724137931 0.923029556650246 8 2
1 1 1 1 0.65 0.523809523809524 0.741379310344828 0.648809523809524 10 2
0.939024390243902 0.911764705882353 0.958333333333333 0.979779411764706 0.9 0.840909090909091 0.946428571428571 0.970779220779221 5 2
0.939024390243902 0.911764705882353 0.958333333333333 0.981004901960784 0.9 0.840909090909091 0.946428571428571 0.971590909090909 8 2
0.939024390243902 0.911764705882353 0.958333333333333 0.982230392156863 0.9 0.840909090909091 0.946428571428571 0.971996753246753 10 2
1 1 1 1 0.72 0.69811320754717 0.74468085106383 0.778000802890406 5 2
1 1 1 1 0.81 0.716981132075472 0.914893617021277 0.845242874347652 8 2
1 1 1 1 0.7 0.679245283018868 0.723404255319149 0.782015254917704 10 2
1 1 1 1 0.79 0.72 0.86 0.795 5 2
1 1 1 1 0.65 0.6 0.7 0.7262 8 2
0.971830985915493 1 0.95 0.989516129032258 0.69 0.64 0.74 0.7622 10 2
1 1 1 1 0.82 0.735849056603774 0.914893617021277 0.827177840224809 5 2
1 1 1 1 0.75 0.679245283018868 0.829787234042553 0.823163388197511 8 2
0.986111111111111 0.967741935483871 1 1 0.8 0.716981132075472 0.893617021276596 0.832195905258932 10 2
1 1 1 1 0.87 0.895833333333333 0.846153846153846 0.869391025641026 5 2
1 1 1 1 0.85 0.875 0.826923076923077 0.921073717948718 8 2
1 1 1 1 0.87 0.916666666666667 0.826923076923077 0.93770032051282 10 2
1 1 1 1 0.9 0.92 0.88 0.917 5 2
1 1 1 1 0.88 0.94 0.82 0.9336 8 2
1 1 1 1 0.91 0.94 0.88 0.9176 10 2
1 1 1 1 0.78 0.8 0.76 0.8152 5 2
1 1 1 1 0.84 0.76 0.92 0.8694 8 2
1 1 1 1 0.83 0.74 0.92 0.857 10 2
0.960526315789474 0.941176470588235 0.976190476190476 0.992296918767507 0.86 0.75609756097561 0.932203389830508 0.932616783794957 5 2
0.960526315789474 0.941176470588235 0.976190476190476 0.992296918767507 0.84 0.731707317073171 0.915254237288136 0.926002480363787 8 2
0.960526315789474 0.941176470588235 0.976190476190476 0.992296918767507 0.85 0.75609756097561 0.915254237288136 0.926829268292683 10 2
1 1 1 1 0.87 0.872340425531915 0.867924528301887 0.875953432356483 5 2
1 1 1 1 0.87 0.851063829787234 0.886792452830189 0.902649538338017 8 2
1 1 1 1 0.89 0.851063829787234 0.924528301886792 0.882175832998796 10 2
0.926470588235294 0.911764705882353 0.941176470588235 0.974048442906574 0.86 0.854166666666667 0.865384615384615 0.956330128205128 5 2
1 1 1 1 0.87 0.854166666666667 0.884615384615385 0.874198717948718 8 2
0.985294117647059 1 0.970588235294118 0.978806228373702 0.73 0.708333333333333 0.75 0.762820512820513 10 2
0.946666666666667 0.942857142857143 0.95 0.989285714285714 0.86 0.86046511627907 0.859649122807018 0.952672378620971 5 2
0.946666666666667 0.942857142857143 0.95 0.990714285714286 0.88 0.86046511627907 0.894736842105263 0.957160342717258 8 2
1 1 1 1 0.83 0.720930232558139 0.912280701754386 0.850265197878417 10 2
1 1 1 1 0.77 0.6 0.909090909090909 0.771717171717172 5 2
1 1 1 1 0.75 0.577777777777778 0.890909090909091 0.744848484848485 8 2
1 1 1 1 0.77 0.6 0.909090909090909 0.762828282828283 10 2
1 1 1 1 0.85 0.925 0.8 0.884166666666667 5 2
1 1 1 1 0.87 0.925 0.833333333333333 0.897083333333333 8 2
1 1 1 1 0.84 0.875 0.816666666666667 0.879166666666667 10 2
1 1 1 1 0.9 0.877551020408163 0.92156862745098 0.906162464985994 5 2
1 1 1 1 0.9 0.857142857142857 0.941176470588235 0.908163265306122 8 2
1 1 1 1 0.84 0.816326530612245 0.862745098039216 0.89015606242497 10 2
1 1 1 1 0.86 0.771929824561403 0.976744186046512 0.896776825785394 5 2
1 1 1 1 0.89 0.824561403508772 0.976744186046512 0.915136678906569 8 2
1 1 1 1 0.86 0.789473684210526 0.953488372093023 0.927376580987352 10 2
1 1 1 1 0.89 0.833333333333333 0.942307692307692 0.932491987179487 5 2
1 1 1 1 0.9 0.854166666666667 0.942307692307692 0.922075320512821 8 2
1 1 1 1 0.9 0.854166666666667 0.942307692307692 0.938501602564102 10 2
1 1 1 1 0.88 0.851851851851852 0.91304347826087 0.904790660225443 5 2
1 1 1 1 0.88 0.851851851851852 0.91304347826087 0.899959742351047 8 2
1 1 1 1 0.88 0.87037037037037 0.891304347826087 0.917471819645733 10 2
0.971428571428571 0.96969696969697 0.972972972972973 0.997542997542998 0.87 0.888888888888889 0.847826086956522 0.935587761674718 5 2
1 1 1 1 0.89 0.888888888888889 0.891304347826087 0.925523349436393 8 2
1 1 1 1 0.83 0.777777777777778 0.891304347826087 0.89975845410628 10 2
0.914285714285714 0.885714285714286 0.942857142857143 0.980408163265306 0.88 0.9 0.86 0.9536 5 2
1 1 1 1 0.82 0.74 0.9 0.865 8 2
1 1 1 1 0.82 0.86 0.78 0.8498 10 2
1 1 1 1 0.78 0.697674418604651 0.842105263157895 0.844349245206038 5 2
1 1 1 1 0.89 0.837209302325581 0.929824561403509 0.925744594043248 8 2
0.987012987012987 1 0.976744186046512 1 0.82 0.720930232558139 0.894736842105263 0.893512851897185 10 2
0.975 0.972972972972973 0.976744186046512 0.984915147705845 0.86 0.872340425531915 0.849056603773585 0.9542352468888 5 2
0.9625 0.972972972972973 0.953488372093023 0.984915147705845 0.85 0.851063829787234 0.849056603773585 0.95383380168607 8 2
1 1 1 1 0.79 0.787234042553192 0.792452830188679 0.793857888398234 10 2
0.9375 0.939393939393939 0.936170212765957 0.989684074790458 0.87 0.75 0.980769230769231 0.936298076923077 5 2
1 1 1 1 0.83 0.729166666666667 0.923076923076923 0.86338141025641 8 2
1 1 1 1 0.86 0.729166666666667 0.980769230769231 0.846153846153846 10 2
0.960526315789474 0.945945945945946 0.974358974358974 0.992376992376992 0.9 0.897959183673469 0.901960784313726 0.952380952380952 5 2
0.960526315789474 0.945945945945946 0.974358974358974 0.994455994455994 0.89 0.897959183673469 0.882352941176471 0.963585434173669 8 2
0.960526315789474 0.945945945945946 0.974358974358974 0.995148995148995 0.91 0.918367346938776 0.901960784313726 0.967587034813926 10 2
0.969230769230769 0.966666666666667 0.971428571428571 0.994285714285714 0.94 0.930232558139535 0.947368421052632 0.985720114239086 5 2
0.969230769230769 0.966666666666667 0.971428571428571 0.992380952380952 0.92 0.906976744186046 0.929824561403509 0.987760097919217 8 2
1 1 1 1 0.86 0.790697674418605 0.912280701754386 0.87780497756018 10 2
0.957746478873239 0.970588235294118 0.945945945945946 0.985691573926868 0.89 0.844444444444444 0.927272727272727 0.961616161616162 5 2
0.957746478873239 0.970588235294118 0.945945945945946 0.987281399046105 0.89 0.844444444444444 0.927272727272727 0.96 8 2
0.957746478873239 0.970588235294118 0.945945945945946 0.987281399046105 0.89 0.844444444444444 0.927272727272727 0.96040404040404 10 2
1 1 1 1 0.88 0.826923076923077 0.9375 0.904647435897436 5 2
1 1 1 1 0.89 0.807692307692308 0.979166666666667 0.913060897435897 8 2
1 1 1 1 0.92 0.884615384615385 0.958333333333333 0.945512820512821 10 2
0.924050632911392 0.906976744186046 0.944444444444444 0.986434108527132 0.86 0.833333333333333 0.884615384615385 0.956330128205128 5 2
1 1 1 1 0.86 0.729166666666667 0.980769230769231 0.856770833333333 8 2
1 1 1 1 0.86 0.770833333333333 0.942307692307692 0.89863782051282 10 2
1 1 1 1 0.85 0.770833333333333 0.923076923076923 0.861778846153846 5 2
1 1 1 1 0.85 0.75 0.942307692307692 0.870192307692308 8 2
1 1 1 1 0.89 0.8125 0.961538461538462 0.918269230769231 10 2
1 1 1 1 0.78 0.804347826086957 0.759259259259259 0.793880837359098 5 2
1 1 1 1 0.83 0.804347826086957 0.851851851851852 0.837761674718197 8 2
1 1 1 1 0.81 0.804347826086957 0.814814814814815 0.842391304347826 10 2
1 1 1 1 0.77 0.604166666666667 0.923076923076923 0.778044871794872 5 2
1 1 1 1 0.76 0.666666666666667 0.846153846153846 0.778044871794872 8 2
1 1 1 1 0.79 0.666666666666667 0.903846153846154 0.787259615384615 10 2
1 1 1 1 0.9 0.872340425531915 0.924528301886792 0.906663990365315 5 2
1 1 1 1 0.86 0.808510638297872 0.905660377358491 0.88317944600562 8 2
1 1 1 1 0.85 0.851063829787234 0.849056603773585 0.84965877157768 10 2
0.924242424242424 0.909090909090909 0.939393939393939 0.986225895316804 0.81 0.766666666666667 0.875 0.910416666666667 5 2
1 1 1 1 0.85 0.833333333333333 0.875 0.876666666666667 8 2
1 1 1 1 0.84 0.816666666666667 0.875 0.864166666666667 10 2
0.893333333333333 0.921052631578947 0.864864864864865 0.971550497866287 0.77 0.708333333333333 0.826923076923077 0.811298076923077 5 2
0.893333333333333 0.921052631578947 0.864864864864865 0.97226173541963 0.74 0.6875 0.788461538461538 0.810096153846154 8 2
0.906666666666667 0.947368421052632 0.864864864864865 0.972972972972973 0.74 0.6875 0.788461538461538 0.811698717948718 10 2
1 1 1 1 0.79 0.72 0.86 0.828 5 2
1 1 1 1 0.76 0.8 0.72 0.8212 8 2
1 1 1 1 0.75 0.78 0.72 0.833 10 2
0.971428571428571 0.96969696969697 0.972972972972973 0.993447993447994 0.75 0.622641509433962 0.893617021276596 0.754716981132075 5 2
0.971428571428571 0.96969696969697 0.972972972972973 0.999180999180999 0.77 0.660377358490566 0.893617021276596 0.792653552790044 8 2
1 1 1 1 0.66 0.471698113207547 0.872340425531915 0.701726214371738 10 2
1 1 1 1 0.79 0.811320754716981 0.765957446808511 0.853071055800883 5 2
1 1 1 1 0.87 0.886792452830189 0.851063829787234 0.880570052187876 8 2
1 1 1 1 0.86 0.886792452830189 0.829787234042553 0.88317944600562 10 2
1 1 1 1 0.82 0.933333333333333 0.727272727272727 0.896161616161616 5 2
1 1 1 1 0.83 0.911111111111111 0.763636363636364 0.871919191919192 8 2
1 1 1 1 0.84 0.933333333333333 0.763636363636364 0.906666666666667 10 2
0.942857142857143 0.972222222222222 0.911764705882353 0.97875816993464 0.91 0.924528301886792 0.893617021276596 0.971898835808912 5 2
1 1 1 1 0.83 0.886792452830189 0.765957446808511 0.875953432356483 8 2
1 1 1 1 0.86 0.867924528301887 0.851063829787234 0.876756322761943 10 2
1 1 1 1 0.84 0.888888888888889 0.782608695652174 0.87902576489533 5 2
1 1 1 1 0.85 0.87037037037037 0.826086956521739 0.850644122383253 8 2
1 1 1 1 0.89 0.962962962962963 0.804347826086957 0.899355877616747 10 2
1 1 1 1 0.77 0.823529411764706 0.714285714285714 0.772709083633453 5 2
1 1 1 1 0.82 0.862745098039216 0.775510204081633 0.84593837535014 8 2
1 1 1 1 0.8 0.803921568627451 0.795918367346939 0.825330132052821 10 2
1 1 1 1 0.78 0.733333333333333 0.818181818181818 0.790707070707071 5 2
1 1 1 1 0.81 0.777777777777778 0.836363636363636 0.858787878787879 8 2
0.984848484848485 1 0.967741935483871 0.977880184331797 0.74 0.688888888888889 0.781818181818182 0.81010101010101 10 2
1 1 1 1 0.91 0.9 0.925 0.916875 5 2
1 1 1 1 0.9 0.9 0.9 0.90375 8 2
1 1 1 1 0.9 0.9 0.9 0.918125 10 2
1 1 1 1 0.93 0.92156862745098 0.938775510204082 0.939175670268107 5 2
1 1 1 1 0.94 0.92156862745098 0.959183673469388 0.958783513405362 8 2
1 1 1 1 0.93 0.901960784313726 0.959183673469388 0.939175670268107 10 2
0.888888888888889 0.806451612903226 0.951219512195122 0.96066089693155 0.95 0.983333333333333 0.9 0.990833333333333 5 2
1 1 1 1 0.91 0.966666666666667 0.825 0.924583333333333 8 2
1 1 1 1 0.9 0.916666666666667 0.875 0.938541666666667 10 2
1 1 1 1 0.85 0.827586206896552 0.880952380952381 0.868226600985222 5 2
1 1 1 1 0.82 0.775862068965517 0.880952380952381 0.854679802955665 8 2
1 1 1 1 0.83 0.810344827586207 0.857142857142857 0.867816091954023 10 2
0.973684210526316 0.973684210526316 0.973684210526316 0.990997229916898 0.9 0.843137254901961 0.959183673469388 0.977991196478591 5 2
1 1 1 1 0.86 0.882352941176471 0.836734693877551 0.885954381752701 8 2
1 1 1 1 0.8 0.745098039215686 0.857142857142857 0.866746698679472 10 2
1 1 1 1 0.93 0.91304347826087 0.944444444444444 0.927938808373591 5 2
1 1 1 1 0.91 0.869565217391304 0.944444444444444 0.915056360708535 8 2
1 1 1 1 0.91 0.869565217391304 0.944444444444444 0.923309178743961 10 2
0.947368421052632 0.970588235294118 0.928571428571429 0.997899159663866 0.9 0.894736842105263 0.906976744186046 0.964096287229702 5 2
1 1 1 1 0.88 0.842105263157895 0.930232558139535 0.886168910648715 8 2
1 1 1 1 0.84 0.807017543859649 0.883720930232558 0.893512851897185 10 2
0.958904109589041 0.952380952380952 0.967741935483871 0.987711213517665 0.92 0.955555555555556 0.890909090909091 0.972929292929293 5 2
0.986301369863014 1 0.967741935483871 1 0.89 0.844444444444444 0.927272727272727 0.917373737373737 8 2
1 1 1 1 0.9 0.844444444444444 0.945454545454545 0.922020202020202 10 2
1 1 1 1 0.82 0.818181818181818 0.822222222222222 0.826060606060606 5 2
1 1 1 1 0.83 0.818181818181818 0.844444444444444 0.842020202020202 8 2
1 1 1 1 0.83 0.854545454545454 0.8 0.887878787878788 10 2
1 1 1 1 0.83 0.833333333333333 0.826923076923077 0.876201923076923 5 2
1 1 1 1 0.84 0.916666666666667 0.769230769230769 0.911057692307692 8 2
1 1 1 1 0.8 0.833333333333333 0.769230769230769 0.841947115384616 10 2
1 1 1 1 0.87 0.918367346938776 0.823529411764706 0.88875550220088 5 2
1 1 1 1 0.87 0.918367346938776 0.823529411764706 0.92296918767507 8 2
1 1 1 1 0.91 0.938775510204082 0.882352941176471 0.941576630652261 10 2
0.944444444444444 0.941176470588235 0.947368421052632 0.991486068111455 0.78 0.727272727272727 0.844444444444444 0.895757575757576 5 2
1 1 1 1 0.77 0.727272727272727 0.822222222222222 0.789494949494949 8 2
1 1 1 1 0.78 0.727272727272727 0.844444444444444 0.810909090909091 10 2
0.924050632911392 0.926829268292683 0.921052631578947 0.985879332477535 0.9 0.923076923076923 0.875 0.977163461538462 5 2
1 1 1 1 0.84 0.865384615384615 0.8125 0.885817307692308 8 2
1 1 1 1 0.82 0.846153846153846 0.791666666666667 0.884615384615385 10 2
1 1 1 1 0.87 0.946428571428571 0.772727272727273 0.870332792207792 5 2
1 1 1 1 0.88 0.928571428571429 0.818181818181818 0.873376623376623 8 2
1 1 1 1 0.87 0.928571428571429 0.795454545454545 0.873173701298701 10 2
1 1 1 1 0.77 0.780487804878049 0.76271186440678 0.780487804878049 5 2
1 1 1 1 0.8 0.75609756097561 0.830508474576271 0.818106655642828 8 2
1 1 1 1 0.78 0.707317073170732 0.830508474576271 0.817073170731707 10 2
1 1 1 1 0.88 0.9 0.86 0.8862 5 2
1 1 1 1 0.89 0.92 0.86 0.8918 8 2
1 1 1 1 0.89 0.92 0.86 0.9002 10 2
0.925 0.96078431372549 0.862068965517241 0.969574036511156 0.93 0.897959183673469 0.96078431372549 0.97999199679872 5 2
0.925 0.96078431372549 0.862068965517241 0.972954699121028 0.93 0.897959183673469 0.96078431372549 0.978791516606643 8 2
0.925 0.96078431372549 0.862068965517241 0.972278566599053 0.93 0.897959183673469 0.96078431372549 0.978791516606643 10 2
1 1 1 1 0.93 0.928571428571429 0.931818181818182 0.936688311688312 5 3
1 1 1 1 0.9 0.875 0.931818181818182 0.92775974025974 8 3
1 1 1 1 0.9 0.875 0.931818181818182 0.918831168831169 10 3
0.959459459459459 0.971428571428571 0.948717948717949 0.988278388278388 0.9 0.872340425531915 0.924528301886792 0.964271376957045 5 3
1 1 1 1 0.78 0.808510638297872 0.754716981132076 0.811922922521076 8 3
1 1 1 1 0.83 0.787234042553192 0.867924528301887 0.902850260939382 10 3
1 1 1 1 0.88 0.901960784313726 0.857142857142857 0.938775510204082 5 3
0.986111111111111 1 0.973684210526316 0.983359133126935 0.85 0.92156862745098 0.775510204081633 0.913165266106443 8 3
1 1 1 1 0.91 0.96078431372549 0.857142857142857 0.953581432573029 10 3
1 1 1 1 0.84 0.9 0.78 0.8522 5 3
1 1 1 1 0.85 0.9 0.8 0.855 8 3
1 1 1 1 0.83 0.9 0.76 0.8464 10 3
0.962962962962963 0.972972972972973 0.954545454545455 0.994471744471744 0.87 0.787234042553192 0.943396226415094 0.924126856684063 5 3
0.962962962962963 0.972972972972973 0.954545454545455 0.994471744471744 0.86 0.765957446808511 0.943396226415094 0.916499397832196 8 3
1 1 1 1 0.86 0.829787234042553 0.886792452830189 0.879164993978322 10 3
1 1 1 1 0.9 0.905660377358491 0.893617021276596 0.897631473303894 5 3
1 1 1 1 0.89 0.905660377358491 0.872340425531915 0.887796065837013 8 3
1 1 1 1 0.9 0.905660377358491 0.893617021276596 0.907065435568045 10 3
1 1 1 1 0.89 0.849056603773585 0.936170212765957 0.909273384183059 5 3
1 1 1 1 0.92 0.867924528301887 0.978723404255319 0.928342031312726 8 3
1 1 1 1 0.87 0.811320754716981 0.936170212765957 0.91910879164994 10 3
1 1 1 1 0.84 0.923076923076923 0.75 0.841746794871795 5 3
1 1 1 1 0.85 0.923076923076923 0.770833333333333 0.897235576923077 8 3
1 1 1 1 0.82 0.884615384615385 0.75 0.85957532051282 10 3
1 1 1 1 0.83 0.822222222222222 0.836363636363636 0.826060606060606 5 3
1 1 1 1 0.85 0.822222222222222 0.872727272727273 0.851111111111111 8 3
1 1 1 1 0.8 0.755555555555556 0.836363636363636 0.795959595959596 10 3
1 1 1 1 0.86 0.853658536585366 0.864406779661017 0.87680859859446 5 3
1 1 1 1 0.88 0.926829268292683 0.847457627118644 0.904505994212484 8 3
1 1 1 1 0.92 0.951219512195122 0.898305084745763 0.919388176932617 10 3
1 1 1 1 0.87 0.87037037037037 0.869565217391304 0.8756038647343 5 3
1 1 1 1 0.91 0.962962962962963 0.847826086956522 0.930958132045088 8 3
1 1 1 1 0.9 0.962962962962963 0.826086956521739 0.935386473429952 10 3
1 1 1 1 0.72 0.82 0.62 0.7484 5 3
1 1 1 1 0.83 0.84 0.82 0.8836 8 3
1 1 1 1 0.77 0.92 0.62 0.7996 10 3
0.933333333333333 0.95 0.914285714285714 0.992142857142857 0.82 0.813953488372093 0.824561403508772 0.909424724602203 5 3
1 1 1 1 0.84 0.837209302325581 0.842105263157895 0.852917176662587 8 3
1 1 1 1 0.75 0.767441860465116 0.736842105263158 0.775193798449612 10 3
1 1 1 1 0.88 0.829787234042553 0.924528301886792 0.919710959454034 5 3
1 1 1 1 0.93 0.872340425531915 0.981132075471698 0.966880770774789 8 3
1 1 1 1 0.86 0.851063829787234 0.867924528301887 0.897230028101164 10 3
0.901408450704225 0.875 0.923076923076923 0.97275641025641 0.82 0.875 0.769230769230769 0.92988782051282 5 3
1 1 1 1 0.74 0.833333333333333 0.653846153846154 0.827524038461538 8 3
1 1 1 1 0.8 0.833333333333333 0.769230769230769 0.826522435897436 10 3
1 1 1 1 0.85 0.927272727272727 0.755555555555556 0.84 5 3
1 1 1 1 0.83 0.909090909090909 0.733333333333333 0.842424242424242 8 3
1 1 1 1 0.81 0.872727272727273 0.733333333333333 0.816363636363636 10 3
1 1 1 1 0.77 0.772727272727273 0.767857142857143 0.80174512987013 5 3
1 1 1 1 0.89 0.795454545454545 0.964285714285714 0.892451298701299 8 3
1 1 1 1 0.89 0.818181818181818 0.946428571428571 0.922483766233766 10 3
1 1 1 1 0.84 0.826923076923077 0.854166666666667 0.891426282051282 5 3
1 1 1 1 0.9 0.903846153846154 0.895833333333333 0.914463141025641 8 3
1 1 1 1 0.86 0.807692307692308 0.916666666666667 0.91786858974359 10 3
1 1 1 1 0.85 0.888888888888889 0.804347826086957 0.85829307568438 5 3
1 1 1 1 0.93 0.981481481481482 0.869565217391304 0.946658615136876 8 3
1 1 1 1 0.91 0.888888888888889 0.934782608695652 0.923913043478261 10 3
1 1 1 1 0.78 0.978723404255319 0.60377358490566 0.809514251304697 5 3
1 1 1 1 0.76 0.829787234042553 0.69811320754717 0.804496186270574 8 3
1 1 1 1 0.76 0.914893617021277 0.622641509433962 0.788438378161381 10 3
0.925925925925926 0.938775510204082 0.90625 0.985331632653061 0.82 0.934782608695652 0.722222222222222 0.943639291465378 5 3
0.925925925925926 0.938775510204082 0.90625 0.985331632653061 0.84 0.934782608695652 0.759259259259259 0.939210950080515 8 3
0.925925925925926 0.938775510204082 0.90625 0.98469387755102 0.84 0.934782608695652 0.759259259259259 0.940016103059581 10 3
1 1 1 1 0.83 0.754716981132076 0.914893617021277 0.875351264552389 5 3
1 1 1 1 0.83 0.773584905660377 0.893617021276596 0.846447209955841 8 3
1 1 1 1 0.81 0.735849056603774 0.893617021276596 0.841429144921718 10 3
1 1 1 1 0.81 0.883720930232558 0.754385964912281 0.838025295797634 5 3
1 1 1 1 0.79 0.790697674418605 0.789473684210526 0.818237454100367 8 3
1 1 1 1 0.74 0.697674418604651 0.771929824561403 0.785393716850265 10 3
1 1 1 1 0.91 0.910714285714286 0.909090909090909 0.927150974025974 5 3
1 1 1 1 0.89 0.892857142857143 0.886363636363636 0.907670454545454 8 3
1 1 1 1 0.89 0.892857142857143 0.886363636363636 0.905438311688312 10 3
1 1 1 1 0.88 0.945454545454545 0.8 0.898787878787879 5 3
1 1 1 1 0.86 0.927272727272727 0.777777777777778 0.892727272727273 8 3
1 1 1 1 0.87 0.963636363636364 0.755555555555556 0.888484848484848 10 3
1 1 1 1 0.83 0.78 0.88 0.8472 5 3
1 1 1 1 0.86 0.84 0.88 0.8972 8 3
1 1 1 1 0.87 0.82 0.92 0.8792 10 3
0.929577464788732 0.903225806451613 0.95 0.979032258064516 0.87 0.823529411764706 0.918367346938776 0.944777911164466 5 3
0.943661971830986 0.935483870967742 0.95 0.987903225806452 0.86 0.803921568627451 0.918367346938776 0.951580632252901 8 3
0.943661971830986 0.935483870967742 0.95 0.989516129032258 0.87 0.823529411764706 0.918367346938776 0.951980792316927 10 3
1 1 1 1 0.91 0.851851851851852 0.978260869565217 0.932971014492754 5 3
1 1 1 1 0.92 0.87037037037037 0.978260869565217 0.924315619967794 8 3
1 1 1 1 0.92 0.87037037037037 0.978260869565217 0.922906602254428 10 3
1 1 1 1 0.82 0.807692307692308 0.833333333333333 0.8515625 5 3
1 1 1 1 0.85 0.865384615384615 0.833333333333333 0.87119391025641 8 3
1 1 1 1 0.79 0.769230769230769 0.8125 0.852964743589744 10 3
1 1 1 1 0.88 1 0.733333333333333 0.896969696969697 5 3
1 1 1 1 0.81 0.927272727272727 0.666666666666667 0.846262626262626 8 3
1 1 1 1 0.82 0.945454545454545 0.666666666666667 0.859191919191919 10 3
0.972972972972973 0.96969696969697 0.975609756097561 0.992609016999261 0.81 0.795918367346939 0.823529411764706 0.915966386554622 5 3
1 1 1 1 0.82 0.755102040816326 0.882352941176471 0.829131652661064 8 3
1 1 1 1 0.79 0.73469387755102 0.843137254901961 0.793917567026811 10 3
1 1 1 1 0.73 0.769230769230769 0.6875 0.735977564102564 5 3
1 1 1 1 0.72 0.730769230769231 0.708333333333333 0.738782051282051 8 3
1 1 1 1 0.74 0.769230769230769 0.708333333333333 0.762219551282051 10 3
1 1 1 1 0.86 0.901960784313726 0.816326530612245 0.87515006002401 5 3
1 1 1 1 0.8 0.882352941176471 0.714285714285714 0.81672669067627 8 3
1 1 1 1 0.81 0.862745098039216 0.755102040816326 0.855542216886755 10 3
0.894736842105263 0.9375 0.821428571428571 0.978422619047619 0.9 0.907407407407407 0.891304347826087 0.931561996779388 5 3
1 1 1 1 0.82 0.833333333333333 0.804347826086957 0.831320450885668 8 3
1 1 1 1 0.79 0.796296296296296 0.782608695652174 0.836755233494364 10 3
1 1 1 1 0.8 0.720930232558139 0.859649122807018 0.802529579763362 5 3
1 1 1 1 0.8 0.651162790697674 0.912280701754386 0.801305589555284 8 3
1 1 1 1 0.78 0.627906976744186 0.894736842105263 0.795797633618931 10 3
0.9125 0.931818181818182 0.888888888888889 0.952651515151515 0.91 0.9 0.916666666666667 0.972916666666667 5 3
1 1 1 1 0.91 0.875 0.933333333333333 0.925625 8 3
1 1 1 1 0.9 0.875 0.916666666666667 0.9275 10 3
0.972602739726027 0.971428571428571 0.973684210526316 0.993233082706767 0.78 0.823529411764706 0.73469387755102 0.88515406162465 5 3
0.972602739726027 0.971428571428571 0.973684210526316 0.993233082706767 0.78 0.823529411764706 0.73469387755102 0.881552621048419 8 3
0.986301369863014 1 0.973684210526316 1 0.79 0.843137254901961 0.73469387755102 0.837535014005602 10 3
0.986301369863014 1 0.972972972972973 1 0.76 0.840909090909091 0.696428571428571 0.814529220779221 5 3
1 1 1 1 0.81 0.886363636363636 0.75 0.865665584415584 8 3
1 1 1 1 0.83 0.840909090909091 0.821428571428571 0.855722402597403 10 3
1 1 1 1 0.85 0.862068965517241 0.833333333333333 0.880131362889984 5 3
1 1 1 1 0.86 0.913793103448276 0.785714285714286 0.861658456486043 8 3
1 1 1 1 0.8 0.827586206896552 0.761904761904762 0.886288998357964 10 3
1 1 1 1 0.86 0.830188679245283 0.893617021276596 0.882978723404255 5 3
1 1 1 1 0.86 0.830188679245283 0.893617021276596 0.901445202729827 8 3
1 1 1 1 0.84 0.830188679245283 0.851063829787234 0.862304295463669 10 3
1 1 1 1 0.72 0.711111111111111 0.727272727272727 0.728686868686869 5 3
1 1 1 1 0.69 0.688888888888889 0.690909090909091 0.726868686868687 8 3
1 1 1 1 0.7 0.733333333333333 0.672727272727273 0.730909090909091 10 3
1 1 1 1 0.89 0.857142857142857 0.913793103448276 0.910714285714286 5 3
1 1 1 1 0.82 0.738095238095238 0.879310344827586 0.840311986863711 8 3
1 1 1 1 0.71 0.619047619047619 0.775862068965517 0.758210180623974 10 3
0.939024390243902 0.911764705882353 0.958333333333333 0.978553921568627 0.9 0.840909090909091 0.946428571428571 0.967126623376623 5 3
0.939024390243902 0.911764705882353 0.958333333333333 0.980392156862745 0.9 0.840909090909091 0.946428571428571 0.971996753246753 8 3
0.939024390243902 0.911764705882353 0.958333333333333 0.980392156862745 0.9 0.840909090909091 0.946428571428571 0.972402597402597 10 3
1 1 1 1 0.79 0.754716981132076 0.829787234042553 0.810919309514251 5 3
1 1 1 1 0.7 0.622641509433962 0.787234042553192 0.776796467282216 8 3
1 1 1 1 0.75 0.735849056603774 0.765957446808511 0.792854275391409 10 3
1 1 1 1 0.77 0.68 0.86 0.7562 5 3
1 1 1 1 0.76 0.66 0.86 0.771 8 3
1 1 1 1 0.78 0.66 0.9 0.786 10 3
1 1 1 1 0.88 0.867924528301887 0.893617021276596 0.886190285026094 5 3
1 1 1 1 0.84 0.924528301886792 0.74468085106383 0.897631473303894 8 3
0.972222222222222 1 0.951219512195122 0.966955153422502 0.8 0.811320754716981 0.787234042553192 0.804094741067844 10 3
1 1 1 1 0.88 0.895833333333333 0.865384615384615 0.898036858974359 5 3
1 1 1 1 0.87 0.9375 0.807692307692308 0.888221153846154 8 3
1 1 1 1 0.9 0.916666666666667 0.884615384615385 0.937099358974359 10 3
1 1 1 1 0.9 0.9 0.9 0.9068 5 3
1 1 1 1 0.91 0.94 0.88 0.9176 8 3
1 1 1 1 0.89 0.96 0.82 0.9504 10 3
1 1 1 1 0.81 0.7 0.92 0.8354 5 3
1 1 1 1 0.83 0.74 0.92 0.8446 8 3
1 1 1 1 0.81 0.7 0.92 0.866 10 3
0.960526315789474 0.941176470588235 0.976190476190476 0.992296918767507 0.86 0.780487804878049 0.915254237288136 0.934270359652749 5 3
0.960526315789474 0.941176470588235 0.976190476190476 0.992296918767507 0.86 0.780487804878049 0.915254237288136 0.930549813972716 8 3
0.960526315789474 0.941176470588235 0.976190476190476 0.992296918767507 0.86 0.780487804878049 0.915254237288136 0.93178999586606 10 3
1 1 1 1 0.82 0.872340425531915 0.773584905660377 0.819349658771578 5 3
1 1 1 1 0.8 0.872340425531915 0.735849056603774 0.834604576475311 8 3
1 1 1 1 0.73 0.851063829787234 0.622641509433962 0.789843436370935 10 3
0.926470588235294 0.911764705882353 0.941176470588235 0.974913494809689 0.86 0.854166666666667 0.865384615384615 0.954727564102564 5 3
1 1 1 1 0.86 0.833333333333333 0.884615384615385 0.86338141025641 8 3
1 1 1 1 0.8 0.708333333333333 0.884615384615385 0.803084935897436 10 3
0.946666666666667 0.942857142857143 0.95 0.988571428571429 0.87 0.86046511627907 0.87719298245614 0.95593635250918 5 3
0.946666666666667 0.942857142857143 0.95 0.990714285714286 0.88 0.86046511627907 0.894736842105263 0.957568339453284 8 3
1 1 1 1 0.8 0.837209302325581 0.771929824561403 0.826601387188903 10 3
1 1 1 1 0.78 0.6 0.927272727272727 0.774343434343434 5 3
1 1 1 1 0.77 0.644444444444444 0.872727272727273 0.802020202020202 8 3
1 1 1 1 0.76 0.6 0.890909090909091 0.766464646464646 10 3
1 1 1 1 0.87 0.925 0.833333333333333 0.913333333333333 5 3
1 1 1 1 0.88 0.925 0.85 0.906666666666667 8 3
1 1 1 1 0.88 0.9 0.866666666666667 0.904791666666667 10 3
1 1 1 1 0.91 0.857142857142857 0.96078431372549 0.915566226490596 5 3
1 1 1 1 0.86 0.857142857142857 0.862745098039216 0.929971988795518 8 3
1 1 1 1 0.9 0.897959183673469 0.901960784313726 0.897959183673469 10 3
1 1 1 1 0.91 0.894736842105263 0.930232558139535 0.944308445532436 5 3
1 1 1 1 0.87 0.824561403508772 0.930232558139535 0.918196654426765 8 3
1 1 1 1 0.89 0.824561403508772 0.976744186046512 0.922072623419013 10 3
1 1 1 1 0.91 0.854166666666667 0.961538461538462 0.926081730769231 5 3
1 1 1 1 0.88 0.8125 0.942307692307692 0.92588141025641 8 3
0.987012987012987 0.975 1 0.983108108108108 0.88 0.875 0.884615384615385 0.924078525641026 10 3
1 1 1 1 0.74 0.833333333333333 0.630434782608696 0.761272141706924 5 3
1 1 1 1 0.81 0.907407407407407 0.695652173913043 0.810185185185185 8 3
1 1 1 1 0.85 0.944444444444444 0.739130434782609 0.847020933977456 10 3
0.971428571428571 0.96969696969697 0.972972972972973 0.993447993447994 0.92 0.925925925925926 0.91304347826087 0.968196457326892 5 3
1 1 1 1 0.89 0.888888888888889 0.891304347826087 0.932568438003221 8 3
1 1 1 1 0.87 0.833333333333333 0.91304347826087 0.909822866344606 10 3
0.928571428571429 0.885714285714286 0.971428571428571 0.978775510204082 0.89 0.9 0.88 0.954 5 3
1 1 1 1 0.81 0.74 0.88 0.855 8 3
1 1 1 1 0.86 0.88 0.84 0.8814 10 3
0.948051948051948 0.941176470588235 0.953488372093023 0.964432284541724 0.75 0.651162790697674 0.824561403508772 0.789881680946552 5 3
1 1 1 1 0.85 0.767441860465116 0.912280701754386 0.899428804569563 8 3
1 1 1 1 0.85 0.744186046511628 0.929824561403509 0.880660954712362 10 3
0.975 0.972972972972973 0.976744186046512 0.984915147705845 0.86 0.872340425531915 0.849056603773585 0.949819349658772 5 3
0.9625 0.972972972972973 0.953488372093023 0.984915147705845 0.84 0.829787234042553 0.849056603773585 0.951425130469691 8 3
1 1 1 1 0.8 0.787234042553192 0.811320754716981 0.805098354074669 10 3
0.95 0.96969696969697 0.936170212765957 0.99097356544165 0.85 0.75 0.942307692307692 0.92988782051282 5 3
1 1 1 1 0.85 0.791666666666667 0.903846153846154 0.867588141025641 8 3
1 1 1 1 0.85 0.729166666666667 0.961538461538462 0.87099358974359 10 3
0.960526315789474 0.945945945945946 0.974358974358974 0.993069993069993 0.9 0.897959183673469 0.901960784313726 0.953181272509004 5 3
0.960526315789474 0.945945945945946 0.974358974358974 0.993762993762994 0.88 0.877551020408163 0.882352941176471 0.957583033213285 8 3
0.960526315789474 0.945945945945946 0.974358974358974 0.995148995148995 0.88 0.857142857142857 0.901960784313726 0.961184473789516 10 3
0.969230769230769 0.966666666666667 0.971428571428571 0.994285714285714 0.93 0.906976744186046 0.947368421052632 0.983272133822929 5 3
0.969230769230769 0.966666666666667 0.971428571428571 0.991428571428571 0.95 0.930232558139535 0.964912280701754 0.982864137086903 8 3
1 1 1 1 0.8 0.767441860465116 0.824561403508772 0.817625458996328 10 3
0.957746478873239 0.970588235294118 0.945945945945946 0.983306836248013 0.9 0.844444444444444 0.945454545454545 0.963636363636364 5 3
0.957746478873239 0.970588235294118 0.945945945945946 0.990461049284579 0.89 0.844444444444444 0.927272727272727 0.966464646464646 8 3
0.957746478873239 0.970588235294118 0.945945945945946 0.990461049284579 0.89 0.844444444444444 0.927272727272727 0.965656565656566 10 3
1 1 1 1 0.83 0.826923076923077 0.833333333333333 0.868990384615385 5 3
1 1 1 1 0.86 0.807692307692308 0.916666666666667 0.88301282051282 8 3
1 1 1 1 0.88 0.788461538461538 0.979166666666667 0.898036858974359 10 3
0.924050632911392 0.906976744186046 0.944444444444444 0.986434108527132 0.86 0.833333333333333 0.884615384615385 0.95713141025641 5 3
1 1 1 1 0.82 0.6875 0.942307692307692 0.818108974358974 8 3
1 1 1 1 0.84 0.791666666666667 0.884615384615385 0.892227564102564 10 3
1 1 1 1 0.79 0.6875 0.884615384615385 0.8125 5 3
1 1 1 1 0.91 0.895833333333333 0.923076923076923 0.913461538461539 8 3
1 1 1 1 0.88 0.833333333333333 0.923076923076923 0.907051282051282 10 3
1 1 1 1 0.84 0.782608695652174 0.888888888888889 0.848631239935588 5 3
1 1 1 1 0.83 0.760869565217391 0.888888888888889 0.859500805152979 8 3
1 1 1 1 0.87 0.869565217391304 0.87037037037037 0.901368760064412 10 3
1 1 1 1 0.79 0.666666666666667 0.903846153846154 0.79667467948718 5 3
1 1 1 1 0.83 0.770833333333333 0.884615384615385 0.841746794871795 8 3
1 1 1 1 0.8 0.708333333333333 0.884615384615385 0.842347756410256 10 3
1 1 1 1 0.9 0.872340425531915 0.924528301886792 0.931152147731835 5 3
1 1 1 1 0.87 0.829787234042553 0.905660377358491 0.874949819349659 8 3
1 1 1 1 0.88 0.851063829787234 0.905660377358491 0.882175832998796 10 3
0.954545454545455 0.939393939393939 0.96969696969697 0.987144168962351 0.82 0.783333333333333 0.875 0.906666666666667 5 3
1 1 1 1 0.79 0.783333333333333 0.8 0.797708333333333 8 3
0.954545454545455 0.939393939393939 0.96969696969697 0.995408631772268 0.72 0.683333333333333 0.775 0.764375 10 3
0.893333333333333 0.921052631578947 0.864864864864865 0.968705547652916 0.74 0.666666666666667 0.807692307692308 0.799278846153846 5 3
0.906666666666667 0.947368421052632 0.864864864864865 0.973684210526316 0.73 0.645833333333333 0.807692307692308 0.794471153846154 8 3
0.906666666666667 0.947368421052632 0.864864864864865 0.974395448079659 0.73 0.645833333333333 0.807692307692308 0.798477564102564 10 3
0.960526315789474 1 0.926829268292683 0.962369337979094 0.75 0.7 0.8 0.8364 5 3
1 1 1 1 0.86 0.78 0.94 0.8652 8 3
1 1 1 1 0.8 0.72 0.88 0.8504 10 3
0.957142857142857 0.939393939393939 0.972972972972973 0.99017199017199 0.74 0.584905660377358 0.914893617021277 0.73203532717784 5 3
1 1 1 1 0.71 0.528301886792453 0.914893617021277 0.734243275792854 8 3
1 1 1 1 0.71 0.566037735849057 0.872340425531915 0.711963067041349 10 3
1 1 1 1 0.79 0.773584905660377 0.808510638297872 0.841027699718988 5 3
1 1 1 1 0.88 0.886792452830189 0.872340425531915 0.88438378161381 8 3
1 1 1 1 0.76 0.773584905660377 0.74468085106383 0.820955439582497 10 3
1 1 1 1 0.76 0.933333333333333 0.618181818181818 0.824242424242424 5 3
1 1 1 1 0.77 0.822222222222222 0.727272727272727 0.812121212121212 8 3
1 1 1 1 0.76 0.777777777777778 0.745454545454545 0.805050505050505 10 3
0.957142857142857 0.972222222222222 0.941176470588235 0.980392156862745 0.91 0.924528301886792 0.893617021276596 0.971898835808912 5 3
1 1 1 1 0.84 0.886792452830189 0.787234042553192 0.893817743877961 8 3
1 1 1 1 0.77 0.867924528301887 0.659574468085106 0.862705740666399 10 3
1 1 1 1 0.84 0.87037037037037 0.804347826086957 0.87962962962963 5 3
1 1 1 1 0.85 0.888888888888889 0.804347826086957 0.894726247987118 8 3
1 1 1 1 0.74 0.833333333333333 0.630434782608696 0.814009661835749 10 3
1 1 1 1 0.8 0.823529411764706 0.775510204081633 0.82953181272509 5 3
1 1 1 1 0.86 0.882352941176471 0.836734693877551 0.877551020408163 8 3
1 1 1 1 0.78 0.823529411764706 0.73469387755102 0.822529011604642 10 3
1 1 1 1 0.74 0.688888888888889 0.781818181818182 0.767676767676768 5 3
1 1 1 1 0.69 0.622222222222222 0.745454545454545 0.752929292929293 8 3
1 1 1 1 0.8 0.711111111111111 0.872727272727273 0.81959595959596 10 3
1 1 1 1 0.92 0.933333333333333 0.9 0.913333333333333 5 3
1 1 1 1 0.88 0.883333333333333 0.875 0.903541666666667 8 3
1 1 1 1 0.8 0.766666666666667 0.85 0.870625 10 3
1 1 1 1 0.9 0.941176470588235 0.857142857142857 0.897158863545418 5 3
1 1 1 1 0.92 0.92156862745098 0.918367346938776 0.938375350140056 8 3
1 1 1 1 0.95 0.941176470588235 0.959183673469388 0.94937975190076 10 3
0.888888888888889 0.806451612903226 0.951219512195122 0.963021243115657 0.96 0.983333333333333 0.925 0.995416666666667 5 3
1 1 1 1 0.94 0.966666666666667 0.9 0.968958333333333 8 3
1 1 1 1 0.95 0.95 0.95 0.968125 10 3
1 1 1 1 0.8 0.758620689655172 0.857142857142857 0.803776683087028 5 3
1 1 1 1 0.87 0.862068965517241 0.880952380952381 0.895320197044335 8 3
1 1 1 1 0.81 0.775862068965517 0.857142857142857 0.849753694581281 10 3
0.973684210526316 0.973684210526316 0.973684210526316 0.990997229916898 0.88 0.843137254901961 0.918367346938776 0.973989595838335 5 3
1 1 1 1 0.83 0.784313725490196 0.877551020408163 0.871348539415766 8 3
1 1 1 1 0.77 0.686274509803922 0.857142857142857 0.8359343737495 10 3
1 1 1 1 0.93 0.869565217391304 0.981481481481482 0.925322061191626 5 3
1 1 1 1 0.93 0.869565217391304 0.981481481481482 0.935990338164251 8 3
1 1 1 1 0.93 0.869565217391304 0.981481481481482 0.935990338164251 10 3
1 1 1 1 0.85 0.87719298245614 0.813953488372093 0.88453692370461 5 3
1 1 1 1 0.87 0.87719298245614 0.86046511627907 0.916360669114647 8 3
1 1 1 1 0.8 0.754385964912281 0.86046511627907 0.851489188086495 10 3
0.958904109589041 0.952380952380952 0.967741935483871 0.980030721966206 0.64 0.822222222222222 0.490909090909091 0.762020202020202 5 3
1 1 1 1 0.65 0.222222222222222 1 0.622222222222222 8 3
1 1 1 1 0.55 0 1 0.5 10 3
1 1 1 1 0.82 0.8 0.844444444444444 0.820808080808081 5 3
1 1 1 1 0.82 0.818181818181818 0.822222222222222 0.845454545454545 8 3
1 1 1 1 0.83 0.818181818181818 0.844444444444444 0.828484848484849 10 3
1 1 1 1 0.77 0.729166666666667 0.807692307692308 0.797475961538462 5 3
1 1 1 1 0.84 0.895833333333333 0.788461538461538 0.872596153846154 8 3
1 1 1 1 0.86 0.854166666666667 0.865384615384615 0.897636217948718 10 3
1 1 1 1 0.84 0.857142857142857 0.823529411764706 0.89515806322529 5 3
1 1 1 1 0.9 0.897959183673469 0.901960784313726 0.937174869947979 8 3
0.9875 1 0.971428571428571 0.992380952380952 0.8 0.775510204081633 0.823529411764706 0.858543417366947 10 3
0.944444444444444 0.941176470588235 0.947368421052632 0.988390092879257 0.84 0.818181818181818 0.866666666666667 0.941010101010101 5 3
1 1 1 1 0.76 0.763636363636364 0.755555555555556 0.814141414141414 8 3
1 1 1 1 0.82 0.781818181818182 0.866666666666667 0.87030303030303 10 3
0.924050632911392 0.926829268292683 0.921052631578947 0.985879332477535 0.9 0.903846153846154 0.895833333333333 0.973958333333333 5 3
1 1 1 1 0.82 0.788461538461538 0.854166666666667 0.907451923076923 8 3
1 1 1 1 0.87 0.903846153846154 0.833333333333333 0.90625 10 3
1 1 1 1 0.88 0.910714285714286 0.840909090909091 0.875811688311688 5 3
1 1 1 1 0.8 0.767857142857143 0.840909090909091 0.852678571428571 8 3
1 1 1 1 0.86 0.910714285714286 0.795454545454545 0.890422077922078 10 3
1 1 1 1 0.81 0.829268292682927 0.796610169491525 0.817693261678379 5 3
1 1 1 1 0.81 0.804878048780488 0.813559322033898 0.834642414220752 8 3
1 1 1 1 0.72 0.707317073170732 0.728813559322034 0.756924348904506 10 3
1 1 1 1 0.88 0.92 0.84 0.8944 5 3
1 1 1 1 0.89 0.92 0.86 0.884 8 3
1 1 1 1 0.88 0.9 0.86 0.8848 10 3
0.925 0.96078431372549 0.862068965517241 0.970926301555105 0.92 0.897959183673469 0.941176470588235 0.983193277310924 5 3
0.925 0.96078431372549 0.862068965517241 0.973630831643002 0.91 0.897959183673469 0.92156862745098 0.980792316926771 8 3
0.925 0.96078431372549 0.862068965517241 0.974306964164976 0.91 0.897959183673469 0.92156862745098 0.980792316926771 10 3
