1 1 1 1 0.92 0.96 0.88 0.9144 5 1
1 1 1 1 0.92 0.92 0.92 0.9384 8 1
1 1 1 1 0.91 0.92 0.9 0.9542 10 1
1 1 1 1 0.79 0.73469387755102 0.843137254901961 0.786514605842337 5 1
1 1 1 1 0.79 0.693877551020408 0.882352941176471 0.836134453781513 8 1
1 1 1 1 0.8 0.73469387755102 0.862745098039216 0.810924369747899 10 1
1 1 1 1 0.83 0.754716981132076 0.914893617021277 0.862103572862304 5 1
1 1 1 1 0.91 0.924528301886792 0.893617021276596 0.93095142513047 8 1
1 1 1 1 0.86 0.811320754716981 0.914893617021277 0.878562826174227 10 1
1 1 1 1 0.86 0.851063829787234 0.867924528301887 0.857687675632276 5 1
1 1 1 1 0.87 0.829787234042553 0.905660377358491 0.885989562424729 8 1
1 1 1 1 0.75 0.638297872340426 0.849056603773585 0.819751103974308 10 1
1 1 1 1 0.76 0.583333333333333 0.923076923076923 0.773036858974359 5 1
1 1 1 1 0.77 0.645833333333333 0.884615384615385 0.813501602564103 8 1
1 1 1 1 0.82 0.729166666666667 0.903846153846154 0.856370192307692 10 1
1 1 1 1 0.93 0.9375 0.923076923076923 0.953926282051282 5 1
1 1 1 1 0.88 0.958333333333333 0.807692307692308 0.9375 8 1
1 1 1 1 0.87 0.9375 0.807692307692308 0.90645032051282 10 1
1 1 1 1 0.92 0.886363636363636 0.946428571428571 0.911728896103896 5 1
1 1 1 1 0.9 0.886363636363636 0.910714285714286 0.920251623376623 8 1
1 1 1 1 0.9 0.909090909090909 0.892857142857143 0.896103896103896 10 1
1 1 1 1 0.9 0.857142857142857 0.941176470588235 0.950380152060824 5 1
1 1 1 1 0.9 0.918367346938776 0.882352941176471 0.893557422969188 8 1
1 1 1 1 0.88 0.897959183673469 0.862745098039216 0.918567426970788 10 1
0.967741935483871 0.958333333333333 0.973684210526316 0.982456140350877 0.82 0.826923076923077 0.8125 0.921875 5 1
1 1 1 1 0.79 0.730769230769231 0.854166666666667 0.799679487179487 8 1
1 1 1 1 0.68 0.596153846153846 0.770833333333333 0.721955128205128 10 1
1 1 1 1 0.79 0.62962962962963 0.978260869565217 0.812399355877617 5 1
1 1 1 1 0.79 0.62962962962963 0.978260869565217 0.812399355877617 8 1
1 1 1 1 0.79 0.62962962962963 0.978260869565217 0.812399355877617 10 1
0.952380952380952 0.941176470588235 0.96551724137931 0.99290060851927 0.86 0.928571428571429 0.810344827586207 0.947454844006568 5 1
0.968253968253968 0.970588235294118 0.96551724137931 0.991886409736308 0.87 0.928571428571429 0.827586206896552 0.955254515599343 8 1
0.968253968253968 0.970588235294118 0.96551724137931 0.990872210953347 0.86 0.928571428571429 0.810344827586207 0.958128078817734 10 1
1 1 1 1 0.87 0.851063829787234 0.886792452830189 0.893215576073866 5 1
1 1 1 1 0.9 0.914893617021277 0.886792452830189 0.908470493777599 8 1
1 1 1 1 0.9 0.936170212765957 0.867924528301887 0.91870734644721 10 1
1 1 1 1 0.82 0.716981132075472 0.936170212765957 0.826575672420715 5 1
1 1 1 1 0.82 0.716981132075472 0.936170212765957 0.826575672420715 8 1
1 1 1 1 0.82 0.716981132075472 0.936170212765957 0.826575672420715 10 1
1 1 1 1 0.83 0.754716981132076 0.914893617021277 0.856282617422722 5 1
1 1 1 1 0.85 0.830188679245283 0.872340425531915 0.889401846647933 8 1
1 1 1 1 0.81 0.735849056603774 0.893617021276596 0.87254114813328 10 1
1 1 1 1 0.86 0.909090909090909 0.821428571428571 0.86525974025974 5 1
1 1 1 1 0.87 0.909090909090909 0.839285714285714 0.874188311688312 8 1
1 1 1 1 0.85 0.931818181818182 0.785714285714286 0.858766233766234 10 1
1 1 1 1 0.84 0.723404255319149 0.943396226415094 0.832195905258932 5 1
1 1 1 1 0.79 0.787234042553192 0.792452830188679 0.845644319550381 8 1
1 1 1 1 0.84 0.723404255319149 0.943396226415094 0.866318747490967 10 1
1 1 1 1 0.81 0.836734693877551 0.784313725490196 0.815926370548219 5 1
1 1 1 1 0.85 0.877551020408163 0.823529411764706 0.880352140856343 8 1
1 1 1 1 0.8 0.857142857142857 0.745098039215686 0.821928771508603 10 1
0.981481481481482 1 0.95 0.982352941176471 0.85 0.925925925925926 0.760869565217391 0.934782608695652 5 1
1 1 1 1 0.84 0.925925925925926 0.739130434782609 0.834541062801932 8 1
1 1 1 1 0.84 0.962962962962963 0.695652173913043 0.834943639291465 10 1
1 1 1 1 0.86 0.80952380952381 0.896551724137931 0.880747126436782 5 1
1 1 1 1 0.87 0.857142857142857 0.879310344827586 0.88115763546798 8 1
1 1 1 1 0.82 0.738095238095238 0.879310344827586 0.842364532019705 10 1
1 1 1 1 0.75 0.649122807017544 0.883720930232558 0.800081599347205 5 1
1 1 1 1 0.73 0.666666666666667 0.813953488372093 0.788861689106487 8 1
1 1 1 1 0.78 0.701754385964912 0.883720930232558 0.826805385556916 10 1
1 1 1 1 0.89 0.927272727272727 0.844444444444444 0.882020202020202 5 1
1 1 1 1 0.81 0.781818181818182 0.844444444444444 0.822222222222222 8 1
1 1 1 1 0.86 0.927272727272727 0.777777777777778 0.896565656565657 10 1
1 1 1 1 0.78 0.91304347826087 0.666666666666667 0.823470209339775 5 1
1 1 1 1 0.69 0.91304347826087 0.5 0.756038647342995 8 1
1 1 1 1 0.79 0.91304347826087 0.685185185185185 0.840378421900161 10 1
1 1 1 1 0.82 0.857142857142857 0.784313725490196 0.83313325330132 5 1
1 1 1 1 0.86 0.877551020408163 0.843137254901961 0.881952781112445 8 1
1 1 1 1 0.85 0.857142857142857 0.843137254901961 0.871148459383754 10 1
1 1 1 1 0.84 0.76 0.92 0.8492 5 1
1 1 1 1 0.84 0.76 0.92 0.8492 8 1
1 1 1 1 0.84 0.78 0.9 0.839 10 1
1 1 1 1 0.7 0.829268292682927 0.610169491525424 0.770979743695742 5 1
1 1 1 1 0.78 0.75609756097561 0.796610169491525 0.806324927656056 8 1
1 1 1 1 0.77 0.731707317073171 0.796610169491525 0.823480777180653 10 1
1 1 1 1 0.92 0.886792452830189 0.957446808510638 0.92934564431955 5 1
1 1 1 1 0.8 0.716981132075472 0.893617021276596 0.832798073063027 8 1
1 1 1 1 0.88 0.849056603773585 0.914893617021277 0.933761541549578 10 1
0.953846153846154 0.935483870967742 0.970588235294118 0.99146110056926 0.84 0.796296296296296 0.891304347826087 0.911835748792271 5 1
0.953846153846154 0.935483870967742 0.970588235294118 0.99146110056926 0.83 0.777777777777778 0.891304347826087 0.904589371980676 8 1
1 1 1 1 0.79 0.740740740740741 0.847826086956522 0.796296296296296 10 1
0.909090909090909 0.9 0.92 0.98 0.88 0.96078431372549 0.795918367346939 0.95438175270108 5 1
1 1 1 1 0.82 0.882352941176471 0.755102040816326 0.85874349739896 8 1
0.909090909090909 0.9 0.92 0.981333333333333 0.88 0.941176470588235 0.816326530612245 0.961584633853541 10 1
1 1 1 1 0.87 0.822222222222222 0.909090909090909 0.890909090909091 5 1
0.962962962962963 0.925925925925926 1 0.978737997256516 0.84 0.822222222222222 0.854545454545454 0.861414141414141 8 1
1 1 1 1 0.84 0.844444444444444 0.836363636363636 0.87010101010101 10 1
1 1 1 1 0.86 0.857142857142857 0.862745098039216 0.87875150060024 5 1
1 1 1 1 0.77 0.714285714285714 0.823529411764706 0.812925170068027 8 1
1 1 1 1 0.84 0.857142857142857 0.823529411764706 0.866346538615446 10 1
1 1 1 1 0.83 0.849056603773585 0.808510638297872 0.829586511441188 5 1
1 1 1 1 0.8 0.773584905660377 0.829787234042553 0.81372942593336 8 1
1 1 1 1 0.82 0.849056603773585 0.787234042553192 0.844239261340827 10 1
0.852459016393443 0.861111111111111 0.84 0.961111111111111 0.89 0.896551724137931 0.880952380952381 0.932266009852217 5 1
0.934426229508197 0.944444444444444 0.92 0.983333333333333 0.84 0.862068965517241 0.80952380952381 0.898193760262726 8 1
0.934426229508197 0.944444444444444 0.92 0.981111111111111 0.83 0.862068965517241 0.785714285714286 0.899014778325123 10 1
0.982456140350877 1 0.967741935483871 1 0.86 0.787234042553192 0.924528301886792 0.88478522681654 5 1
1 1 1 1 0.89 0.893617021276596 0.886792452830189 0.891208350060217 8 1
1 1 1 1 0.88 0.787234042553192 0.962264150943396 0.88398233641108 10 1
0.964912280701754 0.935483870967742 1 1 0.85 0.75 0.942307692307692 0.876201923076923 5 1
1 1 1 1 0.84 0.770833333333333 0.903846153846154 0.862780448717949 8 1
1 1 1 1 0.85 0.770833333333333 0.923076923076923 0.888020833333333 10 1
1 1 1 1 0.78 0.8 0.755555555555556 0.798383838383838 5 1
1 1 1 1 0.71 0.690909090909091 0.733333333333333 0.731717171717172 8 1
1 1 1 1 0.75 0.727272727272727 0.777777777777778 0.750505050505051 10 1
0.984615384615385 0.975609756097561 1 1 0.91 0.907407407407407 0.91304347826087 0.939412238325282 5 1
1 1 1 1 0.9 0.851851851851852 0.956521739130435 0.9170692431562 8 1
1 1 1 1 0.9 0.925925925925926 0.869565217391304 0.970209339774557 10 1
1 1 1 1 0.85 0.704545454545455 0.964285714285714 0.844561688311688 5 1
1 1 1 1 0.86 0.681818181818182 1 0.878246753246753 8 1
1 1 1 1 0.86 0.681818181818182 1 0.861201298701299 10 1
1 1 1 1 0.9 0.909090909090909 0.892857142857143 0.95413961038961 5 1
1 1 1 1 0.92 0.931818181818182 0.910714285714286 0.959618506493507 8 1
1 1 1 1 0.87 0.886363636363636 0.857142857142857 0.942775974025974 10 1
0.946428571428571 0.962962962962963 0.931034482758621 0.98978288633461 0.83 0.770833333333333 0.884615384615385 0.900641025641026 5 1
0.946428571428571 0.962962962962963 0.931034482758621 0.991060025542784 0.84 0.770833333333333 0.903846153846154 0.887419871794872 8 1
1 1 1 1 0.67 0.625 0.711538461538462 0.709535256410256 10 1
0.95 0.933333333333333 0.966666666666667 0.984444444444444 0.89 0.866666666666667 0.909090909090909 0.943434343434343 5 1
1 1 1 1 0.72 0.755555555555556 0.690909090909091 0.747878787878788 8 1
1 1 1 1 0.71 0.711111111111111 0.709090909090909 0.807676767676768 10 1
1 1 1 1 0.76 0.781818181818182 0.733333333333333 0.761212121212121 5 1
1 1 1 1 0.76 0.8 0.711111111111111 0.750707070707071 8 1
1 1 1 1 0.75 0.781818181818182 0.711111111111111 0.755151515151515 10 1
1 1 1 1 0.89 0.943396226415094 0.829787234042553 0.904054596547571 5 1
1 1 1 1 0.87 0.962264150943396 0.765957446808511 0.910879164993978 8 1
1 1 1 1 0.87 0.943396226415094 0.787234042553192 0.902448815736652 10 1
1 1 1 1 0.82 0.722222222222222 0.934782608695652 0.86634460547504 5 1
1 1 1 1 0.82 0.814814814814815 0.826086956521739 0.835950080515298 8 1
1 1 1 1 0.8 0.685185185185185 0.934782608695652 0.848027375201288 10 1
0.918367346938776 0.909090909090909 0.925925925925926 0.973063973063973 0.91 0.891304347826087 0.925925925925926 0.947262479871176 5 1
0.918367346938776 0.909090909090909 0.925925925925926 0.973063973063973 0.91 0.891304347826087 0.925925925925926 0.947262479871176 8 1
1 1 1 1 0.85 0.847826086956522 0.851851851851852 0.852657004830918 10 1
1 1 1 1 0.91 0.973684210526316 0.870967741935484 0.934634974533107 5 1
1 1 1 1 0.92 0.947368421052632 0.903225806451613 0.961799660441426 8 1
1 1 1 1 0.84 0.868421052631579 0.82258064516129 0.920840407470289 10 1
1 1 1 1 0.83 0.777777777777778 0.891304347826087 0.868760064412238 5 1
1 1 1 1 0.83 0.759259259259259 0.91304347826087 0.89573268921095 8 1
1 1 1 1 0.82 0.759259259259259 0.891304347826087 0.91304347826087 10 1
1 1 1 1 0.87 0.82 0.92 0.8742 5 1
1 1 1 1 0.82 0.74 0.9 0.8748 8 1
1 1 1 1 0.87 0.82 0.92 0.912 10 1
1 1 1 1 0.75 0.795918367346939 0.705882352941177 0.761904761904762 5 1
1 1 1 1 0.56 0.489795918367347 0.627450980392157 0.580832332933173 8 1
1 1 1 1 0.61 0.63265306122449 0.588235294117647 0.63625450180072 10 1
1 1 1 1 0.77 0.82 0.72 0.7888 5 1
1 1 1 1 0.77 0.82 0.72 0.7888 8 1
1 1 1 1 0.77 0.82 0.72 0.7884 10 1
1 1 1 1 0.82 0.74468085106383 0.886792452830189 0.829185066238458 5 1
1 1 1 1 0.73 0.74468085106383 0.716981132075472 0.818546768366118 8 1
1 1 1 1 0.85 0.787234042553192 0.905660377358491 0.876354877559213 10 1
0.941176470588235 0.954545454545455 0.931034482758621 0.973354231974922 0.79 0.82 0.76 0.8624 5 1
0.92156862745098 0.909090909090909 0.931034482758621 0.984326018808777 0.75 0.8 0.7 0.8608 8 1
1 1 1 1 0.66 0.76 0.56 0.6632 10 1
0.983606557377049 1 0.96551724137931 0.993534482758621 0.86 0.794871794871795 0.901639344262295 0.85708280790248 5 1
1 1 1 1 0.85 0.794871794871795 0.885245901639344 0.862547288776797 8 1
1 1 1 1 0.85 0.769230769230769 0.901639344262295 0.8572929802438 10 1
1 1 1 1 0.88 0.872340425531915 0.886792452830189 0.894018466479326 5 1
1 1 1 1 0.88 0.872340425531915 0.886792452830189 0.888799678843838 8 1
1 1 1 1 0.87 0.872340425531915 0.867924528301887 0.895624247290245 10 1
1 1 1 1 0.86 0.880952380952381 0.844827586206897 0.891215106732348 5 1
1 1 1 1 0.89 0.833333333333333 0.931034482758621 0.916871921182266 8 1
1 1 1 1 0.82 0.857142857142857 0.793103448275862 0.909072249589491 10 1
1 1 1 1 0.86 0.829787234042553 0.886792452830189 0.853071055800883 5 1
1 1 1 1 0.82 0.723404255319149 0.905660377358491 0.806704134885588 8 1
1 1 1 1 0.79 0.680851063829787 0.886792452830189 0.788839823364111 10 1
1 1 1 1 0.89 0.829268292682927 0.932203389830508 0.897478296816866 5 1
1 1 1 1 0.87 0.853658536585366 0.88135593220339 0.881976023150062 8 1
1 1 1 1 0.87 0.804878048780488 0.915254237288136 0.881769326167838 10 1
1 1 1 1 0.91 0.86046511627907 0.947368421052632 0.940636474908201 5 1
1 1 1 1 0.87 0.837209302325581 0.894736842105263 0.903304773561811 8 1
1 1 1 1 0.89 0.837209302325581 0.929824561403509 0.917176662586699 10 1
1 1 1 1 0.91 0.877551020408163 0.941176470588235 0.942577030812325 5 1
1 1 1 1 0.93 0.897959183673469 0.96078431372549 0.95438175270108 8 1
1 1 1 1 0.92 0.877551020408163 0.96078431372549 0.936374549819928 10 1
1 1 1 1 0.91 0.909090909090909 0.911111111111111 0.923232323232323 5 1
1 1 1 1 0.88 0.909090909090909 0.844444444444444 0.901818181818182 8 1
1 1 1 1 0.85 0.909090909090909 0.777777777777778 0.929090909090909 10 1
1 1 1 1 0.84 0.872340425531915 0.811320754716981 0.878964271376957 5 1
1 1 1 1 0.85 0.829787234042553 0.867924528301887 0.885788839823364 8 1
1 1 1 1 0.86 0.851063829787234 0.867924528301887 0.863107185869129 10 1
1 1 1 1 0.92 0.909090909090909 0.933333333333333 0.915959595959596 5 1
1 1 1 1 0.91 0.981818181818182 0.822222222222222 0.92949494949495 8 1
1 1 1 1 0.93 0.981818181818182 0.866666666666667 0.92989898989899 10 1
1 1 1 1 0.77 0.785714285714286 0.75 0.809253246753247 5 1
1 1 1 1 0.86 0.803571428571429 0.931818181818182 0.899350649350649 8 1
1 1 1 1 0.82 0.875 0.75 0.86038961038961 10 1
0.925925925925926 0.962962962962963 0.888888888888889 0.98079561042524 0.86 0.755102040816326 0.96078431372549 0.9343737494998 5 1
1 1 1 1 0.77 0.693877551020408 0.843137254901961 0.809323729491797 8 1
1 1 1 1 0.79 0.693877551020408 0.882352941176471 0.800120048019208 10 1
1 1 1 1 0.78 0.763157894736842 0.790322580645161 0.828310696095076 5 1
1 1 1 1 0.78 0.736842105263158 0.806451612903226 0.830432937181664 8 1
1 1 1 1 0.77 0.710526315789474 0.806451612903226 0.820246179966044 10 1
1 1 1 1 0.8 0.6875 0.903846153846154 0.802283653846154 5 1
1 1 1 1 0.83 0.729166666666667 0.923076923076923 0.840544871794872 8 1
1 1 1 1 0.81 0.729166666666667 0.884615384615385 0.817908653846154 10 1
0.953125 0.923076923076923 0.973684210526316 0.982793522267207 0.91 0.954545454545455 0.875 0.970373376623377 5 1
1 1 1 1 0.79 0.818181818181818 0.767857142857143 0.83989448051948 8 1
1 1 1 1 0.86 0.954545454545455 0.785714285714286 0.918019480519481 10 1
0.951612903225806 0.9375 0.966666666666667 0.988541666666667 0.83 0.75 0.916666666666667 0.940705128205128 5 1
1 1 1 1 0.78 0.692307692307692 0.875 0.809695512820513 8 1
1 1 1 1 0.81 0.730769230769231 0.895833333333333 0.828926282051282 10 1
1 1 1 1 0.82 0.777777777777778 0.854545454545454 0.86969696969697 5 1
1 1 1 1 0.83 0.8 0.854545454545454 0.87010101010101 8 1
1 1 1 1 0.81 0.755555555555556 0.854545454545454 0.86969696969697 10 1
1 1 1 1 0.75 0.558139534883721 0.894736842105263 0.760097919216646 5 1
1 1 1 1 0.83 0.674418604651163 0.947368421052632 0.842513259893921 8 1
1 1 1 1 0.78 0.674418604651163 0.859649122807018 0.789677682578539 10 1
1 1 1 1 0.78 0.588235294117647 0.979591836734694 0.818727490996399 5 1
1 1 1 1 0.79 0.666666666666667 0.918367346938776 0.845338135254102 8 1
1 1 1 1 0.78 0.607843137254902 0.959183673469388 0.836534613845538 10 1
1 1 1 1 0.84 0.914893617021277 0.773584905660377 0.861300682456845 5 1
1 1 1 1 0.8 0.829787234042553 0.773584905660377 0.845845042151746 8 1
1 1 1 1 0.86 0.851063829787234 0.867924528301887 0.923926134082698 10 1
1 1 1 1 0.82 0.833333333333333 0.807692307692308 0.828525641025641 5 1
1 1 1 1 0.83 0.833333333333333 0.826923076923077 0.844751602564103 8 1
1 1 1 1 0.83 0.833333333333333 0.826923076923077 0.834935897435897 10 1
1 1 1 1 0.86 0.74 0.98 0.8674 5 1
1 1 1 1 0.86 0.74 0.98 0.8674 8 1
1 1 1 1 0.86 0.74 0.98 0.8674 10 1
1 1 1 1 0.91 0.844444444444444 0.963636363636364 0.930505050505051 5 1
1 1 1 1 0.91 0.844444444444444 0.963636363636364 0.951515151515151 8 1
1 1 1 1 0.96 0.933333333333333 0.981818181818182 0.986060606060606 10 1
1 1 1 1 0.79 0.733333333333333 0.836363636363636 0.860808080808081 5 1
1 1 1 1 0.87 0.933333333333333 0.818181818181818 0.905656565656566 8 1
1 1 1 1 0.86 0.933333333333333 0.8 0.946262626262626 10 1
1 1 1 1 0.76 0.824561403508772 0.674418604651163 0.752549979600163 5 1
1 1 1 1 0.75 0.719298245614035 0.790697674418605 0.763157894736842 8 1
1 1 1 1 0.75 0.736842105263158 0.767441860465116 0.761525907792738 10 1
1 1 1 1 0.85 0.877551020408163 0.823529411764706 0.869147659063625 5 1
1 1 1 1 0.88 0.918367346938776 0.843137254901961 0.878351340536214 8 1
1 1 1 1 0.86 0.877551020408163 0.843137254901961 0.855142056822729 10 1
1 1 1 1 0.86 0.877551020408163 0.843137254901961 0.898959583833533 5 1
1 1 1 1 0.8 0.755102040816326 0.843137254901961 0.864745898359344 8 1
1 1 1 1 0.84 0.755102040816326 0.92156862745098 0.887555022008804 10 1
1 1 1 1 0.83 0.673076923076923 1 0.87119391025641 5 1
1 1 1 1 0.84 0.711538461538462 0.979166666666667 0.905448717948718 8 1
1 1 1 1 0.85 0.75 0.958333333333333 0.912259615384615 10 1
1 1 1 1 0.79 0.745098039215686 0.836734693877551 0.804321728691477 5 1
1 1 1 1 0.8 0.764705882352941 0.836734693877551 0.805122048819528 8 1
1 1 1 1 0.8 0.764705882352941 0.836734693877551 0.805522208883553 10 1
0.967213114754098 1 0.909090909090909 0.981351981351981 0.92 0.931818181818182 0.910714285714286 0.97362012987013 5 1
1 1 1 1 0.81 0.863636363636364 0.767857142857143 0.869724025974026 8 1
1 1 1 1 0.78 0.840909090909091 0.732142857142857 0.824066558441558 10 1
1 1 1 1 0.83 0.769230769230769 0.895833333333333 0.871594551282051 5 1
1 1 1 1 0.84 0.769230769230769 0.916666666666667 0.863982371794872 8 1
0.96551724137931 0.935483870967742 1 0.954599761051374 0.77 0.807692307692308 0.729166666666667 0.80849358974359 10 1
1 1 1 1 0.84 0.807017543859649 0.883720930232558 0.8625050999592 5 1
1 1 1 1 0.84 0.807017543859649 0.883720930232558 0.868421052631579 8 1
0.983870967741935 0.967741935483871 1 1 0.85 0.807017543859649 0.906976744186046 0.878008975928192 10 1
1 1 1 1 0.87 0.836363636363636 0.911111111111111 0.88020202020202 5 1
1 1 1 1 0.88 0.927272727272727 0.822222222222222 0.873939393939394 8 1
1 1 1 1 0.88 0.872727272727273 0.888888888888889 0.894949494949495 10 1
1 1 1 1 0.74 0.782608695652174 0.703703703703704 0.760265700483092 5 1
0.980769230769231 1 0.96 1 0.77 0.782608695652174 0.759259259259259 0.813405797101449 8 1
1 1 1 1 0.77 0.826086956521739 0.722222222222222 0.811191626409018 10 1
1 1 1 1 0.76 0.677966101694915 0.878048780487805 0.784415047540306 5 1
1 1 1 1 0.79 0.796610169491525 0.780487804878049 0.824514262091773 8 1
1 1 1 1 0.78 0.796610169491525 0.75609756097561 0.823480777180653 10 1
1 1 1 1 0.86 0.875 0.840909090909091 0.850243506493507 5 1
1 1 1 1 0.76 0.821428571428571 0.681818181818182 0.799512987012987 8 1
1 1 1 1 0.82 0.803571428571429 0.840909090909091 0.84963474025974 10 1
1 1 1 1 0.83 0.852459016393443 0.794871794871795 0.836906263135771 5 1
1 1 1 1 0.82 0.786885245901639 0.871794871794872 0.859184531315679 8 1
1 1 1 1 0.8 0.786885245901639 0.82051282051282 0.842580916351408 10 1
1 1 1 1 0.77 0.709090909090909 0.844444444444444 0.796363636363636 5 1
1 1 1 1 0.76 0.690909090909091 0.844444444444444 0.802424242424242 8 1
1 1 1 1 0.67 0.618181818181818 0.733333333333333 0.733939393939394 10 1
1 1 1 1 0.92 0.924528301886792 0.914893617021277 0.945804897631473 5 1
1 1 1 1 0.91 0.924528301886792 0.893617021276596 0.949016459253312 8 1
1 1 1 1 0.93 0.943396226415094 0.914893617021277 0.958851866720193 10 1
1 1 1 1 0.72 0.64 0.8 0.7456 5 1
1 1 1 1 0.68 0.6 0.76 0.6968 8 1
1 1 1 1 0.77 0.8 0.74 0.8244 10 1
1 1 1 1 0.79 0.927272727272727 0.622222222222222 0.773939393939394 5 1
1 1 1 1 0.79 0.945454545454545 0.6 0.78989898989899 8 1
1 1 1 1 0.74 0.763636363636364 0.711111111111111 0.816161616161616 10 1
1 1 1 1 0.89 0.931818181818182 0.857142857142857 0.892857142857143 5 1
1 1 1 1 0.89 0.931818181818182 0.857142857142857 0.917613636363636 8 1
0.966666666666667 0.972972972972973 0.956521739130435 0.99882491186839 0.87 0.954545454545455 0.803571428571429 0.920657467532468 10 1
0.883333333333333 0.9 0.866666666666667 0.98 0.76 0.8 0.711111111111111 0.848888888888889 5 1
1 1 1 1 0.63 0.545454545454545 0.733333333333333 0.653333333333333 8 1
1 1 1 1 0.69 0.690909090909091 0.688888888888889 0.694949494949495 10 1
1 1 1 1 0.8 0.862745098039216 0.73469387755102 0.818727490996399 5 1
1 1 1 1 0.78 0.803921568627451 0.755102040816326 0.810524209683874 8 1
1 1 1 1 0.76 0.784313725490196 0.73469387755102 0.823929571828731 10 1
0.952380952380952 0.970588235294118 0.931034482758621 0.987829614604463 0.93 0.962962962962963 0.891304347826087 0.987520128824477 5 1
0.952380952380952 0.970588235294118 0.931034482758621 0.99290060851927 0.91 0.944444444444444 0.869565217391304 0.976247987117552 8 1
1 1 1 1 0.87 0.925925925925926 0.804347826086957 0.892512077294686 10 1
1 1 1 1 0.82 0.759259259259259 0.891304347826087 0.853864734299517 5 1
1 1 1 1 0.82 0.722222222222222 0.934782608695652 0.836755233494364 8 1
1 1 1 1 0.81 0.740740740740741 0.891304347826087 0.858091787439613 10 1
1 1 1 1 0.84 0.846153846153846 0.833333333333333 0.845552884615385 5 1
1 1 1 1 0.85 0.846153846153846 0.854166666666667 0.873798076923077 8 1
1 1 1 1 0.88 0.884615384615385 0.875 0.89463141025641 10 1
1 1 1 1 0.73 0.672727272727273 0.8 0.762020202020202 5 1
0.968253968253968 1 0.923076923076923 0.945945945945946 0.75 0.745454545454545 0.755555555555556 0.82040404040404 8 1
1 1 1 1 0.79 0.8 0.777777777777778 0.839191919191919 10 1
1 1 1 1 0.92 0.930232558139535 0.912280701754386 0.937576499388005 5 1
1 1 1 1 0.92 0.906976744186046 0.929824561403509 0.946144430844553 8 1
1 1 1 1 0.94 0.883720930232558 0.982456140350877 0.954100367197062 10 1
1 1 1 1 0.87 0.96 0.78 0.896 5 2
1 1 1 1 0.94 0.94 0.94 0.9538 8 2
1 1 1 1 0.89 0.96 0.82 0.955 10 2
1 1 1 1 0.8 0.714285714285714 0.882352941176471 0.845538215286114 5 2
1 1 1 1 0.8 0.714285714285714 0.882352941176471 0.816126450580232 8 2
1 1 1 1 0.82 0.73469387755102 0.901960784313726 0.855742296918767 10 2
1 1 1 1 0.82 0.716981132075472 0.936170212765957 0.893817743877961 5 2
1 1 1 1 0.81 0.716981132075472 0.914893617021277 0.887595343235648 8 2
1 1 1 1 0.88 0.830188679245283 0.936170212765957 0.922922521075873 10 2
1 1 1 1 0.84 0.787234042553192 0.886792452830189 0.835407466880771 5 2
1 1 1 1 0.83 0.765957446808511 0.886792452830189 0.900040144520273 8 2
1 1 1 1 0.77 0.617021276595745 0.905660377358491 0.765154556403051 10 2
1 1 1 1 0.73 0.541666666666667 0.903846153846154 0.745592948717949 5 2
1 1 1 1 0.79 0.625 0.942307692307692 0.844350961538462 8 2
1 1 1 1 0.73 0.520833333333333 0.923076923076923 0.795072115384615 10 2
1 1 1 1 0.9 0.958333333333333 0.846153846153846 0.942307692307692 5 2
1 1 1 1 0.86 0.958333333333333 0.769230769230769 0.931891025641026 8 2
1 1 1 1 0.88 0.958333333333333 0.807692307692308 0.945713141025641 10 2
1 1 1 1 0.93 0.886363636363636 0.964285714285714 0.932021103896104 5 2
1 1 1 1 0.92 0.931818181818182 0.910714285714286 0.953733766233766 8 2
1 1 1 1 0.91 0.886363636363636 0.928571428571429 0.918831168831169 10 2
1 1 1 1 0.88 0.918367346938776 0.843137254901961 0.898359343737495 5 2
1 1 1 1 0.87 0.877551020408163 0.862745098039216 0.910364145658263 8 2
1 1 1 1 0.92 0.918367346938776 0.92156862745098 0.937174869947979 10 2
0.935483870967742 0.916666666666667 0.947368421052632 0.981359649122807 0.84 0.846153846153846 0.833333333333333 0.922676282051282 5 2
1 1 1 1 0.85 0.788461538461538 0.916666666666667 0.855769230769231 8 2
1 1 1 1 0.79 0.730769230769231 0.854166666666667 0.815504807692308 10 2
1 1 1 1 0.79 0.62962962962963 0.978260869565217 0.803743961352657 5 2
1 1 1 1 0.79 0.62962962962963 0.978260869565217 0.803743961352657 8 2
1 1 1 1 0.79 0.62962962962963 0.978260869565217 0.803743961352657 10 2
0.952380952380952 0.941176470588235 0.96551724137931 0.99290060851927 0.86 0.928571428571429 0.810344827586207 0.949096880131363 5 2
0.968253968253968 0.970588235294118 0.96551724137931 0.991886409736308 0.87 0.928571428571429 0.827586206896552 0.958128078817734 8 2
0.968253968253968 0.970588235294118 0.96551724137931 0.990872210953347 0.86 0.928571428571429 0.810344827586207 0.960591133004926 10 2
1 1 1 1 0.9 0.893617021276596 0.905660377358491 0.917703733440385 5 2
1 1 1 1 0.9 0.936170212765957 0.867924528301887 0.910276997189884 8 2
1 1 1 1 0.92 0.936170212765957 0.905660377358491 0.937374548374147 10 2
1 1 1 1 0.86 0.792452830188679 0.936170212765957 0.870734644720996 5 2
1 1 1 1 0.84 0.754716981132076 0.936170212765957 0.86069851465275 8 2
0.984126984126984 0.962962962962963 1 1 0.84 0.754716981132076 0.936170212765957 0.853673223604978 10 2
1 1 1 1 0.8 0.679245283018868 0.936170212765957 0.849859494179044 5 2
1 1 1 1 0.86 0.811320754716981 0.914893617021277 0.905258932155761 8 2
1 1 1 1 0.82 0.811320754716981 0.829787234042553 0.902649538338017 10 2
1 1 1 1 0.86 0.909090909090909 0.821428571428571 0.86525974025974 5 2
1 1 1 1 0.78 0.909090909090909 0.678571428571429 0.810064935064935 8 2
1 1 1 1 0.84 0.909090909090909 0.785714285714286 0.863636363636364 10 2
1 1 1 1 0.86 0.74468085106383 0.962264150943396 0.859293456443196 5 2
1 1 1 1 0.83 0.680851063829787 0.962264150943396 0.848253713368125 8 2
1 1 1 1 0.84 0.723404255319149 0.943396226415094 0.856081894821357 10 2
1 1 1 1 0.78 0.816326530612245 0.745098039215686 0.859143657462985 5 2
0.983333333333333 0.964285714285714 1 1 0.87 0.938775510204082 0.803921568627451 0.879151660664266 8 2
1 1 1 1 0.82 0.857142857142857 0.784313725490196 0.871348539415766 10 2
0.981481481481482 1 0.95 0.989705882352941 0.87 0.944444444444444 0.782608695652174 0.938405797101449 5 2
1 1 1 1 0.76 0.87037037037037 0.630434782608696 0.779790660225443 8 2
1 1 1 1 0.8 0.944444444444444 0.630434782608696 0.798107890499195 10 2
1 1 1 1 0.88 0.833333333333333 0.913793103448276 0.891420361247947 5 2
1 1 1 1 0.86 0.80952380952381 0.896551724137931 0.917487684729064 8 2
1 1 1 1 0.87 0.857142857142857 0.879310344827586 0.901067323481117 10 2
1 1 1 1 0.74 0.684210526315789 0.813953488372093 0.785393716850265 5 2
1 1 1 1 0.77 0.771929824561403 0.767441860465116 0.766625866993064 8 2
1 1 1 1 0.77 0.684210526315789 0.883720930232558 0.809669522643819 10 2
1 1 1 1 0.88 0.945454545454545 0.8 0.887676767676768 5 2
1 1 1 1 0.82 0.872727272727273 0.755555555555556 0.852525252525252 8 2
1 1 1 1 0.82 0.872727272727273 0.755555555555556 0.863434343434343 10 2
1 1 1 1 0.76 0.91304347826087 0.62962962962963 0.77133655394525 5 2
1 1 1 1 0.77 0.934782608695652 0.62962962962963 0.823671497584541 8 2
1 1 1 1 0.75 0.91304347826087 0.611111111111111 0.827697262479871 10 2
1 1 1 1 0.82 0.857142857142857 0.784313725490196 0.845138055222089 5 2
1 1 1 1 0.85 0.836734693877551 0.862745098039216 0.894957983193277 8 2
1 1 1 1 0.82 0.877551020408163 0.764705882352941 0.876550620248099 10 2
1 1 1 1 0.81 0.68 0.94 0.8194 5 2
1 1 1 1 0.81 0.68 0.94 0.8194 8 2
1 1 1 1 0.81 0.68 0.94 0.8194 10 2
1 1 1 1 0.78 0.878048780487805 0.711864406779661 0.808805291442745 5 2
1 1 1 1 0.81 0.780487804878049 0.830508474576271 0.81314592806945 8 2
1 1 1 1 0.78 0.804878048780488 0.76271186440678 0.794543199669285 10 2
1 1 1 1 0.91 0.905660377358491 0.914893617021277 0.924929747089522 5 2
1 1 1 1 0.78 0.716981132075472 0.851063829787234 0.860096346848655 8 2
0.983870967741935 1 0.967741935483871 1 0.9 0.849056603773585 0.957446808510638 0.920915295062224 10 2
0.953846153846154 0.935483870967742 0.970588235294118 0.99146110056926 0.85 0.814814814814815 0.891304347826087 0.909420289855072 5 2
0.953846153846154 0.935483870967742 0.970588235294118 0.99146110056926 0.84 0.796296296296296 0.891304347826087 0.902979066022544 8 2
1 1 1 1 0.79 0.740740740740741 0.847826086956522 0.796698872785829 10 2
0.909090909090909 0.9 0.92 0.981333333333333 0.88 0.96078431372549 0.795918367346939 0.955182072829132 5 2
1 1 1 1 0.83 0.843137254901961 0.816326530612245 0.843537414965986 8 2
1 1 1 1 0.77 0.784313725490196 0.755102040816326 0.862745098039216 10 2
0.981481481481482 1 0.962962962962963 1 0.8 0.8 0.8 0.834545454545455 5 2
1 1 1 1 0.78 0.777777777777778 0.781818181818182 0.811717171717172 8 2
1 1 1 1 0.82 0.8 0.836363636363636 0.857777777777778 10 2
1 1 1 1 0.78 0.775510204081633 0.784313725490196 0.828731492597039 5 2
0.969230769230769 0.96875 0.96969696969697 0.978219696969697 0.83 0.857142857142857 0.803921568627451 0.866546618647459 8 2
1 1 1 1 0.69 0.714285714285714 0.666666666666667 0.747899159663865 10 2
0.983050847457627 1 0.966666666666667 1 0.77 0.811320754716981 0.723404255319149 0.806904857486953 5 2
1 1 1 1 0.8 0.773584905660377 0.829787234042553 0.822159775190687 8 2
1 1 1 1 0.7 0.679245283018868 0.723404255319149 0.760337213970293 10 2
0.852459016393443 0.861111111111111 0.84 0.96 0.88 0.931034482758621 0.80952380952381 0.940065681444992 5 2
0.934426229508197 0.944444444444444 0.92 0.982222222222222 0.83 0.913793103448276 0.714285714285714 0.900246305418719 8 2
0.934426229508197 0.944444444444444 0.92 0.981111111111111 0.84 0.913793103448276 0.738095238095238 0.903530377668309 10 2
1 1 1 1 0.83 0.680851063829787 0.962264150943396 0.865315134484143 5 2
1 1 1 1 0.9 0.829787234042553 0.962264150943396 0.935768767563228 8 2
0.982456140350877 1 0.967741935483871 0.974565756823821 0.82 0.787234042553192 0.849056603773585 0.901645925331192 10 2
1 1 1 1 0.83 0.729166666666667 0.923076923076923 0.872195512820513 5 2
1 1 1 1 0.82 0.6875 0.942307692307692 0.874198717948718 8 2
1 1 1 1 0.81 0.6875 0.923076923076923 0.867588141025641 10 2
1 1 1 1 0.78 0.8 0.755555555555556 0.784848484848485 5 2
1 1 1 1 0.7 0.672727272727273 0.733333333333333 0.726464646464646 8 2
1 1 1 1 0.76 0.672727272727273 0.866666666666667 0.766464646464647 10 2
1 1 1 1 0.91 0.87037037037037 0.956521739130435 0.946054750402576 5 2
1 1 1 1 0.85 0.888888888888889 0.804347826086957 0.88768115942029 8 2
1 1 1 1 0.91 0.87037037037037 0.956521739130435 0.929951690821256 10 2
1 1 1 1 0.82 0.659090909090909 0.946428571428571 0.816964285714286 5 2
1 1 1 1 0.83 0.727272727272727 0.910714285714286 0.827516233766234 8 2
1 1 1 1 0.76 0.568181818181818 0.910714285714286 0.786728896103896 10 2
1 1 1 1 0.88 0.931818181818182 0.839285714285714 0.915787337662338 5 2
1 1 1 1 0.86 0.840909090909091 0.875 0.909496753246753 8 2
1 1 1 1 0.88 0.886363636363636 0.875 0.945616883116883 10 2
0.946428571428571 0.962962962962963 0.931034482758621 0.98978288633461 0.81 0.770833333333333 0.846153846153846 0.897836538461538 5 2
0.946428571428571 0.962962962962963 0.931034482758621 0.991060025542784 0.83 0.770833333333333 0.884615384615385 0.89823717948718 8 2
1 1 1 1 0.67 0.604166666666667 0.730769230769231 0.707932692307692 10 2
0.95 0.933333333333333 0.966666666666667 0.984444444444444 0.87 0.844444444444444 0.890909090909091 0.941818181818182 5 2
1 1 1 1 0.86 0.866666666666667 0.854545454545454 0.890707070707071 8 2
1 1 1 1 0.85 0.866666666666667 0.836363636363636 0.878989898989899 10 2
1 1 1 1 0.74 0.781818181818182 0.688888888888889 0.735353535353535 5 2
1 1 1 1 0.74 0.763636363636364 0.711111111111111 0.751717171717172 8 2
1 1 1 1 0.74 0.763636363636364 0.711111111111111 0.734747474747475 10 2
1 1 1 1 0.9 0.943396226415094 0.851063829787234 0.90606182256122 5 2
1 1 1 1 0.87 0.886792452830189 0.851063829787234 0.918506623845845 8 2
1 1 1 1 0.88 0.943396226415094 0.808510638297872 0.893215576073866 10 2
1 1 1 1 0.86 0.796296296296296 0.934782608695652 0.88305152979066 5 2
0.983606557377049 1 0.96551724137931 0.980064655172414 0.81 0.777777777777778 0.847826086956522 0.817028985507246 8 2
1 1 1 1 0.83 0.796296296296296 0.869565217391304 0.875 10 2
0.918367346938776 0.909090909090909 0.925925925925926 0.973063973063973 0.87 0.782608695652174 0.944444444444444 0.94122383252818 5 2
0.918367346938776 0.909090909090909 0.925925925925926 0.973063973063973 0.87 0.782608695652174 0.944444444444444 0.94122383252818 8 2
1 1 1 1 0.83 0.782608695652174 0.87037037037037 0.839371980676328 10 2
1 1 1 1 0.91 0.973684210526316 0.870967741935484 0.919567062818336 5 2
1 1 1 1 0.96 0.973684210526316 0.951612903225806 0.997877758913413 8 2
1 1 1 1 0.94 0.973684210526316 0.919354838709677 0.971774193548387 10 2
1 1 1 1 0.83 0.796296296296296 0.869565217391304 0.861312399355878 5 2
1 1 1 1 0.84 0.796296296296296 0.891304347826087 0.852657004830918 8 2
1 1 1 1 0.85 0.814814814814815 0.891304347826087 0.910024154589372 10 2
1 1 1 1 0.83 0.74 0.92 0.8652 5 2
1 1 1 1 0.78 0.74 0.82 0.862 8 2
1 1 1 1 0.82 0.7 0.94 0.868 10 2
1 1 1 1 0.72 0.714285714285714 0.725490196078431 0.717887154861945 5 2
1 1 1 1 0.65 0.612244897959184 0.686274509803922 0.690876350540216 8 2
1 1 1 1 0.77 0.877551020408163 0.666666666666667 0.783113245298119 10 2
1 1 1 1 0.77 0.82 0.72 0.7942 5 2
1 1 1 1 0.77 0.82 0.72 0.7942 8 2
1 1 1 1 0.77 0.82 0.72 0.7938 10 2
1 1 1 1 0.78 0.638297872340426 0.905660377358491 0.837213970293055 5 2
1 1 1 1 0.87 0.829787234042553 0.905660377358491 0.905058209554396 8 2
1 1 1 1 0.83 0.765957446808511 0.886792452830189 0.846045764753111 10 2
0.941176470588235 0.954545454545455 0.931034482758621 0.978056426332288 0.74 0.8 0.68 0.846 5 2
0.941176470588235 0.909090909090909 0.96551724137931 0.993730407523511 0.71 0.82 0.6 0.8332 8 2
1 1 1 1 0.64 0.72 0.56 0.7058 10 2
1 1 1 1 0.83 0.769230769230769 0.868852459016393 0.831441782261454 5 2
0.983606557377049 1 0.96551724137931 0.998922413793103 0.83 0.82051282051282 0.836065573770492 0.851408154686843 8 2
1 1 1 1 0.83 0.82051282051282 0.836065573770492 0.889869693148382 10 2
1 1 1 1 0.87 0.872340425531915 0.867924528301887 0.905660377358491 5 2
1 1 1 1 0.87 0.851063829787234 0.886792452830189 0.912083500602168 8 2
1 1 1 1 0.88 0.893617021276596 0.867924528301887 0.913689281413087 10 2
1 1 1 1 0.82 0.619047619047619 0.96551724137931 0.808087027914614 5 2
1 1 1 1 0.83 0.642857142857143 0.96551724137931 0.83743842364532 8 2
1 1 1 1 0.87 0.714285714285714 0.982758620689655 0.855090311986864 10 2
1 1 1 1 0.82 0.808510638297872 0.830188679245283 0.828582898434364 5 2
1 1 1 1 0.81 0.765957446808511 0.849056603773585 0.81332798073063 8 2
1 1 1 1 0.81 0.74468085106383 0.867924528301887 0.815736651947009 10 2
1 1 1 1 0.9 0.829268292682927 0.949152542372881 0.898925175692435 5 2
1 1 1 1 0.8 0.780487804878049 0.813559322033898 0.828648201736255 8 2
1 1 1 1 0.87 0.829268292682927 0.898305084745763 0.886316659776767 10 2
1 1 1 1 0.93 0.883720930232558 0.964912280701754 0.933088535291718 5 2
1 1 1 1 0.92 0.883720930232558 0.947368421052632 0.931048551611587 8 2
1 1 1 1 0.87 0.790697674418605 0.929824561403509 0.902692778457772 10 2
1 1 1 1 0.9 0.877551020408163 0.92156862745098 0.974189675870348 5 2
1 1 1 1 0.89 0.836734693877551 0.941176470588235 0.959983993597439 8 2
1 1 1 1 0.83 0.775510204081633 0.882352941176471 0.879951980792317 10 2
1 1 1 1 0.88 0.890909090909091 0.866666666666667 0.894141414141414 5 2
1 1 1 1 0.89 0.909090909090909 0.866666666666667 0.929292929292929 8 2
1 1 1 1 0.87 0.890909090909091 0.844444444444444 0.917777777777778 10 2
1 1 1 1 0.84 0.872340425531915 0.811320754716981 0.847450822962665 5 2
1 1 1 1 0.81 0.787234042553192 0.830188679245283 0.83781613809715 8 2
1 1 1 1 0.69 0.617021276595745 0.754716981132076 0.713970293054998 10 2
1 1 1 1 0.86 0.890909090909091 0.822222222222222 0.880808080808081 5 2
1 1 1 1 0.87 0.945454545454545 0.777777777777778 0.916363636363636 8 2
1 1 1 1 0.89 0.890909090909091 0.888888888888889 0.926262626262626 10 2
1 1 1 1 0.78 0.767857142857143 0.795454545454545 0.820819805194805 5 2
1 1 1 1 0.85 0.803571428571429 0.909090909090909 0.888798701298701 8 2
1 1 1 1 0.83 0.803571428571429 0.863636363636364 0.876217532467532 10 2
0.925925925925926 0.962962962962963 0.888888888888889 0.983539094650206 0.84 0.73469387755102 0.941176470588235 0.921168467386955 5 2
1 1 1 1 0.75 0.673469387755102 0.823529411764706 0.754701880752301 8 2
1 1 1 1 0.78 0.775510204081633 0.784313725490196 0.81952781112445 10 2
1 1 1 1 0.78 0.789473684210526 0.774193548387097 0.865874363327674 5 2
1 1 1 1 0.8 0.789473684210526 0.806451612903226 0.822368421052632 8 2
1 1 1 1 0.81 0.815789473684211 0.806451612903226 0.853777589134126 10 2
1 1 1 1 0.81 0.8125 0.807692307692308 0.825721153846154 5 2
1 1 1 1 0.85 0.875 0.826923076923077 0.864383012820513 8 2
1 1 1 1 0.84 0.770833333333333 0.903846153846154 0.840745192307692 10 2
0.984375 0.961538461538462 1 1 0.86 0.772727272727273 0.928571428571429 0.87012987012987 5 2
1 1 1 1 0.86 0.909090909090909 0.821428571428571 0.886160714285714 8 2
1 1 1 1 0.64 0.75 0.553571428571429 0.711850649350649 10 2
0.951612903225806 0.9375 0.966666666666667 0.988541666666667 0.82 0.730769230769231 0.916666666666667 0.941907051282051 5 2
1 1 1 1 0.71 0.692307692307692 0.729166666666667 0.742988782051282 8 2
0.983870967741935 0.96875 1 1 0.76 0.634615384615385 0.895833333333333 0.81650641025641 10 2
1 1 1 1 0.82 0.777777777777778 0.854545454545454 0.845252525252525 5 2
1 1 1 1 0.82 0.777777777777778 0.854545454545454 0.846868686868687 8 2
1 1 1 1 0.83 0.8 0.854545454545454 0.846464646464646 10 2
1 1 1 1 0.82 0.651162790697674 0.947368421052632 0.809465524275806 5 2
1 1 1 1 0.82 0.674418604651163 0.929824561403509 0.794777641778866 8 2
1 1 1 1 0.8 0.674418604651163 0.894736842105263 0.803957568339453 10 2
1 1 1 1 0.8 0.666666666666667 0.938775510204082 0.81312525010004 5 2
1 1 1 1 0.77 0.666666666666667 0.877551020408163 0.827330932372949 8 2
1 1 1 1 0.79 0.588235294117647 1 0.812725090036014 10 2
1 1 1 1 0.85 0.936170212765957 0.773584905660377 0.877960658370132 5 2
1 1 1 1 0.81 0.829787234042553 0.792452830188679 0.832396627860297 8 2
1 1 1 1 0.85 0.872340425531915 0.830188679245283 0.87254114813328 10 2
1 1 1 1 0.84 0.854166666666667 0.826923076923077 0.845152243589744 5 2
1 1 1 1 0.85 0.833333333333333 0.865384615384615 0.847956730769231 8 2
1 1 1 1 0.85 0.833333333333333 0.865384615384615 0.854166666666667 10 2
1 1 1 1 0.87 0.76 0.98 0.8774 5 2
1 1 1 1 0.87 0.76 0.98 0.8774 8 2
1 1 1 1 0.87 0.76 0.98 0.8774 10 2
1 1 1 1 0.82 0.688888888888889 0.927272727272727 0.892929292929293 5 2
1 1 1 1 0.96 0.911111111111111 1 0.953131313131313 8 2
1 1 1 1 0.88 0.822222222222222 0.927272727272727 0.944242424242424 10 2
1 1 1 1 0.87 0.955555555555556 0.8 0.893737373737374 5 2
1 1 1 1 0.87 0.933333333333333 0.818181818181818 0.937171717171717 8 2
1 1 1 1 0.72 0.6 0.818181818181818 0.816969696969697 10 2
1 1 1 1 0.79 0.789473684210526 0.790697674418605 0.79436964504284 5 2
1 1 1 1 0.76 0.719298245614035 0.813953488372093 0.791921664626683 8 2
1 1 1 1 0.76 0.736842105263158 0.790697674418605 0.77437780497756 10 2
1 1 1 1 0.85 0.918367346938776 0.784313725490196 0.864745898359344 5 2
1 1 1 1 0.87 0.918367346938776 0.823529411764706 0.875950380152061 8 2
1 1 1 1 0.88 0.918367346938776 0.843137254901961 0.886554621848739 10 2
1 1 1 1 0.87 0.857142857142857 0.882352941176471 0.903561424569828 5 2
1 1 1 1 0.74 0.775510204081633 0.705882352941177 0.828931572629052 8 2
1 1 1 1 0.89 0.877551020408163 0.901960784313726 0.913165266106443 10 2
1 1 1 1 0.85 0.711538461538462 1 0.901041666666667 5 2
1 1 1 1 0.84 0.711538461538462 0.979166666666667 0.909455128205128 8 2
1 1 1 1 0.84 0.730769230769231 0.958333333333333 0.899839743589744 10 2
1 1 1 1 0.8 0.745098039215686 0.857142857142857 0.818727490996399 5 2
1 1 1 1 0.8 0.745098039215686 0.857142857142857 0.819127651060424 8 2
1 1 1 1 0.8 0.745098039215686 0.857142857142857 0.819127651060424 10 2
0.967213114754098 1 0.909090909090909 0.981351981351981 0.92 0.954545454545455 0.892857142857143 0.97849025974026 5 2
1 1 1 1 0.82 0.863636363636364 0.785714285714286 0.866071428571428 8 2
1 1 1 1 0.83 0.840909090909091 0.821428571428571 0.88088474025974 10 2
1 1 1 1 0.85 0.807692307692308 0.895833333333333 0.868990384615385 5 2
1 1 1 1 0.82 0.807692307692308 0.833333333333333 0.851161858974359 8 2
1 1 1 1 0.88 0.846153846153846 0.916666666666667 0.902043269230769 10 2
1 1 1 1 0.85 0.807017543859649 0.906976744186046 0.8625050999592 5 2
1 1 1 1 0.85 0.824561403508772 0.883720930232558 0.8531211750306 8 2
1 1 1 1 0.79 0.807017543859649 0.767441860465116 0.850673194614443 10 2
1 1 1 1 0.81 0.781818181818182 0.844444444444444 0.854545454545455 5 2
1 1 1 1 0.72 0.618181818181818 0.844444444444444 0.747676767676768 8 2
1 1 1 1 0.9 0.890909090909091 0.911111111111111 0.926464646464647 10 2
1 1 1 1 0.76 0.804347826086957 0.722222222222222 0.795088566827697 5 2
1 1 1 1 0.75 0.826086956521739 0.685185185185185 0.810789049919485 8 2
1 1 1 1 0.75 0.826086956521739 0.685185185185185 0.801529790660225 10 2
1 1 1 1 0.71 0.576271186440678 0.902439024390244 0.762298470442332 5 2
1 1 1 1 0.75 0.813559322033898 0.658536585365854 0.752997106242249 8 2
1 1 1 1 0.74 0.627118644067797 0.902439024390244 0.782761471682513 10 2
1 1 1 1 0.85 0.839285714285714 0.863636363636364 0.879261363636364 5 2
1 1 1 1 0.84 0.839285714285714 0.840909090909091 0.873579545454545 8 2
1 1 1 1 0.8 0.785714285714286 0.818181818181818 0.852678571428572 10 2
1 1 1 1 0.82 0.836065573770492 0.794871794871795 0.848675914249685 5 2
1 1 1 1 0.83 0.770491803278688 0.923076923076923 0.852459016393443 8 2
1 1 1 1 0.86 0.852459016393443 0.871794871794872 0.862126944094157 10 2
1 1 1 1 0.73 0.672727272727273 0.8 0.77010101010101 5 2
1 1 1 1 0.73 0.654545454545455 0.822222222222222 0.768484848484849 8 2
1 1 1 1 0.76 0.709090909090909 0.822222222222222 0.785858585858586 10 2
1 1 1 1 0.89 0.886792452830189 0.893617021276596 0.938177438779607 5 2
1 1 1 1 0.95 0.943396226415094 0.957446808510638 0.976114010437575 8 2
1 1 1 1 0.9 0.905660377358491 0.893617021276596 0.92974708952228 10 2
1 1 1 1 0.75 0.76 0.74 0.75 5 2
1 1 1 1 0.75 0.76 0.74 0.75 8 2
1 1 1 1 0.75 0.76 0.74 0.75 10 2
1 1 1 1 0.8 0.945454545454545 0.622222222222222 0.79959595959596 5 2
1 1 1 1 0.82 0.963636363636364 0.644444444444444 0.819191919191919 8 2
1 1 1 1 0.82 0.927272727272727 0.688888888888889 0.872121212121212 10 2
1 1 1 1 0.89 0.931818181818182 0.857142857142857 0.905438311688312 5 2
1 1 1 1 0.89 0.954545454545455 0.839285714285714 0.923904220779221 8 2
1 1 1 1 0.9 0.909090909090909 0.892857142857143 0.913149350649351 10 2
1 1 1 1 0.69 0.636363636363636 0.755555555555556 0.711515151515152 5 2
1 1 1 1 0.57 0.436363636363636 0.733333333333333 0.612121212121212 8 2
1 1 1 1 0.67 0.581818181818182 0.777777777777778 0.702626262626263 10 2
0.966666666666667 0.961538461538462 0.970588235294118 0.994343891402715 0.81 0.823529411764706 0.795918367346939 0.902360944377751 5 2
1 1 1 1 0.82 0.843137254901961 0.795918367346939 0.837134853941577 8 2
1 1 1 1 0.7 0.666666666666667 0.73469387755102 0.715486194477791 10 2
0.952380952380952 0.970588235294118 0.931034482758621 0.988843813387424 0.92 0.962962962962963 0.869565217391304 0.983494363929147 5 2
0.968253968253968 0.970588235294118 0.96551724137931 0.995943204868154 0.87 0.944444444444444 0.782608695652174 0.964975845410628 8 2
1 1 1 1 0.9 0.925925925925926 0.869565217391304 0.915458937198068 10 2
1 1 1 1 0.8 0.759259259259259 0.847826086956522 0.835547504025765 5 2
1 1 1 1 0.79 0.685185185185185 0.91304347826087 0.838365539452496 8 2
1 1 1 1 0.83 0.777777777777778 0.891304347826087 0.878623188405797 10 2
1 1 1 1 0.85 0.865384615384615 0.833333333333333 0.862980769230769 5 2
1 1 1 1 0.84 0.846153846153846 0.833333333333333 0.876201923076923 8 2
1 1 1 1 0.83 0.826923076923077 0.833333333333333 0.858573717948718 10 2
1 1 1 1 0.75 0.690909090909091 0.822222222222222 0.763838383838384 5 2
0.968253968253968 1 0.923076923076923 0.944906444906445 0.75 0.854545454545454 0.622222222222222 0.763636363636364 8 2
1 1 1 1 0.81 0.8 0.822222222222222 0.848888888888889 10 2
1 1 1 1 0.88 0.906976744186046 0.859649122807018 0.937168502651979 5 2
1 1 1 1 0.77 0.86046511627907 0.701754385964912 0.801305589555284 8 2
0.982758620689655 1 0.964285714285714 0.976785714285714 0.78 0.86046511627907 0.719298245614035 0.836393308853529 10 2
1 1 1 1 0.91 0.9 0.92 0.9426 5 3
1 1 1 1 0.88 0.9 0.86 0.9248 8 3
1 1 1 1 0.89 0.9 0.88 0.9546 10 3
1 1 1 1 0.8 0.795918367346939 0.803921568627451 0.814325730292117 5 3
1 1 1 1 0.8 0.73469387755102 0.862745098039216 0.800720288115246 8 3
1 1 1 1 0.77 0.714285714285714 0.823529411764706 0.785714285714286 10 3
1 1 1 1 0.88 0.867924528301887 0.893617021276596 0.946808510638298 5 3
1 1 1 1 0.86 0.792452830188679 0.936170212765957 0.912083500602168 8 3
1 1 1 1 0.79 0.679245283018868 0.914893617021277 0.884785226816539 10 3
1 1 1 1 0.82 0.808510638297872 0.830188679245283 0.853673223604978 5 3
1 1 1 1 0.81 0.723404255319149 0.886792452830189 0.831393014853473 8 3
0.982456140350877 0.96 1 1 0.83 0.808510638297872 0.849056603773585 0.875150541951024 10 3
1 1 1 1 0.8 0.708333333333333 0.884615384615385 0.813701923076923 5 3
1 1 1 1 0.75 0.583333333333333 0.903846153846154 0.866185897435897 8 3
1 1 1 1 0.79 0.6875 0.884615384615385 0.83613782051282 10 3
1 1 1 1 0.9 0.916666666666667 0.884615384615385 0.916466346153846 5 3
1 1 1 1 0.91 0.958333333333333 0.865384615384615 0.951923076923077 8 3
1 1 1 1 0.86 0.958333333333333 0.769230769230769 0.868189102564103 10 3
1 1 1 1 0.86 0.863636363636364 0.857142857142857 0.900162337662338 5 3
1 1 1 1 0.91 0.886363636363636 0.928571428571429 0.924715909090909 8 3
1 1 1 1 0.91 0.909090909090909 0.910714285714286 0.913149350649351 10 3
1 1 1 1 0.84 0.857142857142857 0.823529411764706 0.89515806322529 5 3
1 1 1 1 0.85 0.857142857142857 0.843137254901961 0.852941176470588 8 3
1 1 1 1 0.86 0.857142857142857 0.862745098039216 0.912765106042417 10 3
0.967741935483871 0.958333333333333 0.973684210526316 0.982456140350877 0.84 0.807692307692308 0.875 0.913060897435897 5 3
1 1 1 1 0.81 0.730769230769231 0.895833333333333 0.82792467948718 8 3
1 1 1 1 0.81 0.730769230769231 0.895833333333333 0.817708333333333 10 3
1 1 1 1 0.81 0.666666666666667 0.978260869565217 0.821859903381642 5 3
1 1 1 1 0.81 0.666666666666667 0.978260869565217 0.821859903381642 8 3
1 1 1 1 0.81 0.666666666666667 0.978260869565217 0.821859903381642 10 3
0.952380952380952 0.941176470588235 0.96551724137931 0.99290060851927 0.88 0.904761904761905 0.862068965517241 0.944991789819376 5 3
0.968253968253968 0.970588235294118 0.96551724137931 0.990872210953347 0.86 0.904761904761905 0.827586206896552 0.950738916256158 8 3
0.968253968253968 0.970588235294118 0.96551724137931 0.990872210953347 0.86 0.904761904761905 0.827586206896552 0.952380952380952 10 3
1 1 1 1 0.9 0.914893617021277 0.886792452830189 0.915495784825371 5 3
1 1 1 1 0.9 0.893617021276596 0.905660377358491 0.934162986752308 8 3
1 1 1 1 0.89 0.914893617021277 0.867924528301887 0.906663990365315 10 3
1 1 1 1 0.81 0.69811320754717 0.936170212765957 0.817141710156564 5 3
1 1 1 1 0.81 0.69811320754717 0.936170212765957 0.817141710156564 8 3
1 1 1 1 0.81 0.69811320754717 0.936170212765957 0.817141710156564 10 3
1 1 1 1 0.77 0.754716981132076 0.787234042553192 0.810718586912886 5 3
1 1 1 1 0.79 0.886792452830189 0.680851063829787 0.799076676033721 8 3
1 1 1 1 0.78 0.811320754716981 0.74468085106383 0.822159775190687 10 3
1 1 1 1 0.87 0.931818181818182 0.821428571428571 0.884943181818182 5 3
1 1 1 1 0.83 0.931818181818182 0.75 0.849228896103896 8 3
1 1 1 1 0.88 0.931818181818182 0.839285714285714 0.902191558441558 10 3
1 1 1 1 0.85 0.723404255319149 0.962264150943396 0.864512244078683 5 3
1 1 1 1 0.86 0.723404255319149 0.981132075471698 0.859092733841831 8 3
1 1 1 1 0.74 0.702127659574468 0.773584905660377 0.7900441589723 10 3
1 1 1 1 0.79 0.816326530612245 0.764705882352941 0.854341736694678 5 3
1 1 1 1 0.82 0.897959183673469 0.745098039215686 0.896758703481393 8 3
0.983333333333333 0.964285714285714 1 0.981026785714286 0.8 0.816326530612245 0.784313725490196 0.878551420568227 10 3
0.981481481481482 1 0.95 0.986764705882353 0.77 0.87037037037037 0.652173913043478 0.815619967793881 5 3
1 1 1 1 0.69 0.907407407407407 0.434782608695652 0.726247987117552 8 3
0.981481481481482 0.970588235294118 1 1 0.72 0.87037037037037 0.543478260869565 0.743558776167472 10 3
1 1 1 1 0.88 0.833333333333333 0.913793103448276 0.875821018062397 5 3
1 1 1 1 0.78 0.738095238095238 0.810344827586207 0.837027914614122 8 3
1 1 1 1 0.86 0.80952380952381 0.896551724137931 0.887931034482759 10 3
1 1 1 1 0.75 0.666666666666667 0.86046511627907 0.795797633618931 5 3
1 1 1 1 0.73 0.666666666666667 0.813953488372093 0.795593635250918 8 3
1 1 1 1 0.74 0.719298245614035 0.767441860465116 0.856793145654835 10 3
1 1 1 1 0.83 0.927272727272727 0.711111111111111 0.854949494949495 5 3
1 1 1 1 0.82 0.927272727272727 0.688888888888889 0.847474747474747 8 3
1 1 1 1 0.8 0.854545454545454 0.733333333333333 0.828888888888889 10 3
1 1 1 1 0.8 0.91304347826087 0.703703703703704 0.811392914653784 5 3
1 1 1 1 0.68 0.826086956521739 0.555555555555556 0.802737520128824 8 3
1 1 1 1 0.72 0.869565217391304 0.592592592592593 0.7914653784219 10 3
1 1 1 1 0.83 0.877551020408163 0.784313725490196 0.842537014805922 5 3
1 1 1 1 0.83 0.877551020408163 0.784313725490196 0.852741096438575 8 3
1 1 1 1 0.85 0.877551020408163 0.823529411764706 0.87515006002401 10 3
1 1 1 1 0.84 0.76 0.92 0.8484 5 3
1 1 1 1 0.84 0.76 0.92 0.8484 8 3
1 1 1 1 0.84 0.72 0.96 0.8492 10 3
1 1 1 1 0.78 0.804878048780488 0.76271186440678 0.801984291029351 5 3
1 1 1 1 0.78 0.804878048780488 0.76271186440678 0.789169078131459 8 3
1 1 1 1 0.72 0.780487804878049 0.677966101694915 0.806118230673832 10 3
1 1 1 1 0.9 0.886792452830189 0.914893617021277 0.917302288237656 5 3
0.983870967741935 1 0.967741935483871 1 0.9 0.867924528301887 0.936170212765957 0.934363709353673 8 3
1 1 1 1 0.91 0.849056603773585 0.978723404255319 0.970293054997993 10 3
0.953846153846154 0.935483870967742 0.970588235294118 0.990512333965844 0.83 0.777777777777778 0.891304347826087 0.913848631239936 5 3
0.953846153846154 0.935483870967742 0.970588235294118 0.99146110056926 0.82 0.740740740740741 0.91304347826087 0.906199677938808 8 3
1 1 1 1 0.76 0.722222222222222 0.804347826086957 0.781400966183575 10 3
0.909090909090909 0.9 0.92 0.985333333333333 0.86 0.941176470588235 0.775510204081633 0.936374549819928 5 3
0.909090909090909 0.9 0.92 0.985333333333333 0.88 0.941176470588235 0.816326530612245 0.961984793917567 8 3
1 1 1 1 0.81 0.784313725490196 0.836734693877551 0.814125650260104 10 3
1 1 1 1 0.88 0.844444444444444 0.909090909090909 0.887272727272727 5 3
1 1 1 1 0.84 0.8 0.872727272727273 0.844040404040404 8 3
1 1 1 1 0.82 0.8 0.836363636363636 0.837171717171717 10 3
1 1 1 1 0.79 0.714285714285714 0.862745098039216 0.820328131252501 5 3
1 1 1 1 0.8 0.73469387755102 0.862745098039216 0.836734693877551 8 3
1 1 1 1 0.81 0.73469387755102 0.882352941176471 0.837935174069628 10 3
1 1 1 1 0.83 0.849056603773585 0.808510638297872 0.838418305901244 5 3
1 1 1 1 0.81 0.849056603773585 0.765957446808511 0.829185066238458 8 3
1 1 1 1 0.71 0.660377358490566 0.765957446808511 0.778803693295865 10 3
0.852459016393443 0.861111111111111 0.84 0.957777777777778 0.86 0.931034482758621 0.761904761904762 0.90927750410509 5 3
0.918032786885246 0.944444444444444 0.88 0.982222222222222 0.84 0.913793103448276 0.738095238095238 0.87807881773399 8 3
0.934426229508197 0.944444444444444 0.92 0.983333333333333 0.85 0.913793103448276 0.761904761904762 0.88136288998358 10 3
1 1 1 1 0.9 0.829787234042553 0.962264150943396 0.921316740264954 5 3
1 1 1 1 0.89 0.829787234042553 0.943396226415094 0.931955038137294 8 3
1 1 1 1 0.79 0.74468085106383 0.830188679245283 0.847049377759936 10 3
1 1 1 1 0.84 0.8125 0.865384615384615 0.859975961538462 5 3
1 1 1 1 0.84 0.791666666666667 0.884615384615385 0.863982371794872 8 3
1 1 1 1 0.81 0.729166666666667 0.884615384615385 0.854366987179487 10 3
1 1 1 1 0.7 0.763636363636364 0.622222222222222 0.722828282828283 5 3
1 1 1 1 0.76 0.745454545454545 0.777777777777778 0.771717171717172 8 3
1 1 1 1 0.72 0.709090909090909 0.733333333333333 0.758383838383838 10 3
1 1 1 1 0.91 0.907407407407407 0.91304347826087 0.954911433172303 5 3
1 1 1 1 0.85 0.907407407407407 0.782608695652174 0.868357487922705 8 3
1 1 1 1 0.87 0.925925925925926 0.804347826086957 0.962359098228664 10 3
1 1 1 1 0.79 0.681818181818182 0.875 0.818587662337662 5 3
1 1 1 1 0.84 0.727272727272727 0.928571428571429 0.863027597402597 8 3
1 1 1 1 0.84 0.636363636363636 1 0.837662337662338 10 3
1 1 1 1 0.88 0.909090909090909 0.857142857142857 0.907467532467532 5 3
1 1 1 1 0.89 0.863636363636364 0.910714285714286 0.917410714285714 8 3
1 1 1 1 0.89 0.840909090909091 0.928571428571429 0.914569805194805 10 3
0.946428571428571 0.962962962962963 0.931034482758621 0.988505747126437 0.86 0.791666666666667 0.923076923076923 0.909054487179487 5 3
0.946428571428571 0.962962962962963 0.931034482758621 0.98978288633461 0.83 0.75 0.903846153846154 0.895032051282051 8 3
0.946428571428571 0.962962962962963 0.931034482758621 0.988505747126437 0.83 0.75 0.903846153846154 0.893429487179487 10 3
0.95 0.933333333333333 0.966666666666667 0.986666666666667 0.89 0.866666666666667 0.909090909090909 0.94020202020202 5 3
0.983333333333333 1 0.966666666666667 1 0.71 0.733333333333333 0.690909090909091 0.771717171717172 8 3
0.966666666666667 0.966666666666667 0.966666666666667 0.998888888888889 0.64 0.688888888888889 0.6 0.657979797979798 10 3
1 1 1 1 0.74 0.709090909090909 0.777777777777778 0.772929292929293 5 3
1 1 1 1 0.73 0.763636363636364 0.688888888888889 0.744242424242424 8 3
0.956521739130435 0.956521739130435 0.956521739130435 0.974480151228733 0.75 0.8 0.688888888888889 0.750505050505051 10 3
1 1 1 1 0.87 0.924528301886792 0.808510638297872 0.911682055399438 5 3
1 1 1 1 0.9 0.943396226415094 0.851063829787234 0.925531914893617 8 3
1 1 1 1 0.84 0.830188679245283 0.851063829787234 0.888197511039743 10 3
1 1 1 1 0.8 0.666666666666667 0.956521739130435 0.818840579710145 5 3
1 1 1 1 0.84 0.759259259259259 0.934782608695652 0.856280193236715 8 3
1 1 1 1 0.69 0.685185185185185 0.695652173913043 0.730676328502415 10 3
0.918367346938776 0.909090909090909 0.925925925925926 0.971380471380471 0.89 0.869565217391304 0.907407407407407 0.944847020933977 5 3
0.918367346938776 0.909090909090909 0.925925925925926 0.971380471380471 0.89 0.869565217391304 0.907407407407407 0.944847020933977 8 3
1 1 1 1 0.81 0.782608695652174 0.833333333333333 0.817230273752013 10 3
1 1 1 1 0.92 0.947368421052632 0.903225806451613 0.968590831918506 5 3
1 1 1 1 0.88 0.973684210526316 0.82258064516129 0.932088285229202 8 3
1 1 1 1 0.94 1 0.903225806451613 0.958616298811545 10 3
1 1 1 1 0.88 0.851851851851852 0.91304347826087 0.882447665056361 5 3
1 1 1 1 0.85 0.814814814814815 0.891304347826087 0.878220611916264 8 3
1 1 1 1 0.88 0.87037037037037 0.891304347826087 0.899959742351047 10 3
1 1 1 1 0.81 0.74 0.88 0.8466 5 3
1 1 1 1 0.82 0.76 0.88 0.85 8 3
1 1 1 1 0.83 0.76 0.9 0.8982 10 3
1 1 1 1 0.73 0.714285714285714 0.745098039215686 0.721688675470188 5 3
1 1 1 1 0.68 0.653061224489796 0.705882352941177 0.690276110444178 8 3
1 1 1 1 0.79 0.897959183673469 0.686274509803922 0.805322128851541 10 3
1 1 1 1 0.78 0.82 0.74 0.7914 5 3
1 1 1 1 0.78 0.82 0.74 0.7914 8 3
1 1 1 1 0.78 0.82 0.74 0.7914 10 3
1 1 1 1 0.82 0.723404255319149 0.905660377358491 0.858691288639101 5 3
1 1 1 1 0.83 0.765957446808511 0.886792452830189 0.817543155359294 8 3
1 1 1 1 0.8 0.723404255319149 0.867924528301887 0.822159775190687 10 3
0.92156862745098 0.909090909090909 0.931034482758621 0.974921630094044 0.76 0.76 0.76 0.8476 5 3
0.941176470588235 0.954545454545455 0.931034482758621 0.979623824451411 0.79 0.78 0.8 0.8576 8 3
0.941176470588235 0.954545454545455 0.931034482758621 0.978056426332288 0.8 0.78 0.82 0.8564 10 3
1 1 1 1 0.84 0.794871794871795 0.868852459016393 0.862126944094157 5 3
1 1 1 1 0.81 0.794871794871795 0.819672131147541 0.814417822614544 8 3
1 1 1 1 0.84 0.82051282051282 0.852459016393443 0.870954182429592 10 3
1 1 1 1 0.88 0.851063829787234 0.905660377358491 0.910276997189884 5 3
1 1 1 1 0.86 0.851063829787234 0.867924528301887 0.909674829385789 8 3
1 1 1 1 0.89 0.872340425531915 0.905660377358491 0.903653151344841 10 3
0.980769230769231 0.964285714285714 1 0.979910714285714 0.89 0.857142857142857 0.913793103448276 0.917077175697865 5 3
1 1 1 1 0.87 0.880952380952381 0.862068965517241 0.905172413793104 8 3
1 1 1 1 0.81 0.857142857142857 0.775862068965517 0.875205254515599 10 3
1 1 1 1 0.82 0.808510638297872 0.830188679245283 0.835808912083501 5 3
1 1 1 1 0.85 0.765957446808511 0.924528301886792 0.874749096748294 8 3
1 1 1 1 0.75 0.765957446808511 0.735849056603774 0.74347651545564 10 3
1 1 1 1 0.89 0.853658536585366 0.915254237288136 0.898305084745763 5 3
1 1 1 1 0.85 0.75609756097561 0.915254237288136 0.86151302190988 8 3
1 1 1 1 0.87 0.804878048780488 0.915254237288136 0.892930963207937 10 3
1 1 1 1 0.92 0.883720930232558 0.947368421052632 0.962668298653611 5 3
1 1 1 1 0.88 0.813953488372093 0.929824561403509 0.913708690330477 8 3
1 1 1 1 0.92 0.883720930232558 0.947368421052632 0.935740514075887 10 3
1 1 1 1 0.93 0.918367346938776 0.941176470588235 0.936774709883954 5 3
1 1 1 1 0.92 0.877551020408163 0.96078431372549 0.944577831132453 8 3
1 1 1 1 0.92 0.877551020408163 0.96078431372549 0.963585434173669 10 3
1 1 1 1 0.89 0.890909090909091 0.888888888888889 0.924242424242424 5 3
1 1 1 1 0.9 0.909090909090909 0.888888888888889 0.913737373737374 8 3
1 1 1 1 0.9 0.909090909090909 0.888888888888889 0.930909090909091 10 3
1 1 1 1 0.76 0.787234042553192 0.735849056603774 0.799879566439181 5 3
1 1 1 1 0.81 0.851063829787234 0.773584905660377 0.82557205941389 8 3
1 1 1 1 0.81 0.851063829787234 0.773584905660377 0.827378562826174 10 3
1 1 1 1 0.86 0.890909090909091 0.822222222222222 0.87959595959596 5 3
1 1 1 1 0.82 0.818181818181818 0.822222222222222 0.875555555555556 8 3
1 1 1 1 0.91 0.909090909090909 0.911111111111111 0.948686868686869 10 3
1 1 1 1 0.87 0.839285714285714 0.909090909090909 0.911525974025974 5 3
1 1 1 1 0.77 0.803571428571429 0.727272727272727 0.795454545454546 8 3
1 1 1 1 0.77 0.785714285714286 0.75 0.772321428571428 10 3
0.925925925925926 0.962962962962963 0.888888888888889 0.976680384087791 0.86 0.755102040816326 0.96078431372549 0.919967987194878 5 3
1 1 1 1 0.75 0.653061224489796 0.843137254901961 0.752901160464186 8 3
1 1 1 1 0.8 0.755102040816326 0.843137254901961 0.799719887955182 10 3
1 1 1 1 0.8 0.815789473684211 0.790322580645161 0.839134125636672 5 3
1 1 1 1 0.67 0.605263157894737 0.709677419354839 0.752971137521222 8 3
1 1 1 1 0.85 0.815789473684211 0.870967741935484 0.894524617996604 10 3
1 1 1 1 0.86 0.833333333333333 0.884615384615385 0.871995192307692 5 3
1 1 1 1 0.86 0.8125 0.903846153846154 0.865584935897436 8 3
1 1 1 1 0.84 0.791666666666667 0.884615384615385 0.862580128205128 10 3
0.953125 0.923076923076923 0.973684210526316 0.982793522267207 0.9 0.931818181818182 0.875 0.970373376623377 5 3
1 1 1 1 0.86 0.863636363636364 0.857142857142857 0.905032467532468 8 3
1 1 1 1 0.87 0.931818181818182 0.821428571428571 0.88961038961039 10 3
1 1 1 1 0.77 0.653846153846154 0.895833333333333 0.80068108974359 5 3
1 1 1 1 0.76 0.653846153846154 0.875 0.825721153846154 8 3
1 1 1 1 0.76 0.653846153846154 0.875 0.816907051282051 10 3
1 1 1 1 0.83 0.8 0.854545454545454 0.852121212121212 5 3
1 1 1 1 0.84 0.8 0.872727272727273 0.852121212121212 8 3
1 1 1 1 0.84 0.8 0.872727272727273 0.852121212121212 10 3
1 1 1 1 0.8 0.697674418604651 0.87719298245614 0.7890656874745 5 3
1 1 1 1 0.77 0.651162790697674 0.859649122807018 0.758057935536516 8 3
1 1 1 1 0.88 0.837209302325581 0.912280701754386 0.89188086495308 10 3
1 1 1 1 0.79 0.647058823529412 0.938775510204082 0.84093637454982 5 3
1 1 1 1 0.78 0.647058823529412 0.918367346938776 0.829731892757103 8 3
1 1 1 1 0.8 0.607843137254902 1 0.815126050420168 10 3
1 1 1 1 0.86 0.893617021276596 0.830188679245283 0.897029305499799 5 3
0.984615384615385 0.973684210526316 1 0.981968810916179 0.85 0.914893617021277 0.792452830188679 0.885387394620634 8 3
1 1 1 1 0.85 0.851063829787234 0.849056603773585 0.84885588117222 10 3
1 1 1 1 0.83 0.833333333333333 0.826923076923077 0.838141025641026 5 3
1 1 1 1 0.85 0.833333333333333 0.865384615384615 0.846153846153846 8 3
1 1 1 1 0.83 0.833333333333333 0.826923076923077 0.836538461538462 10 3
1 1 1 1 0.86 0.74 0.98 0.8796 5 3
1 1 1 1 0.87 0.76 0.98 0.8796 8 3
1 1 1 1 0.87 0.76 0.98 0.8796 10 3
1 1 1 1 0.87 0.777777777777778 0.945454545454545 0.925858585858586 5 3
1 1 1 1 0.9 0.822222222222222 0.963636363636364 0.920606060606061 8 3
1 1 1 1 0.94 0.955555555555556 0.927272727272727 0.938181818181818 10 3
1 1 1 1 0.83 0.777777777777778 0.872727272727273 0.841212121212121 5 3
1 1 1 1 0.9 0.933333333333333 0.872727272727273 0.922828282828283 8 3
1 1 1 1 0.81 0.8 0.818181818181818 0.863838383838384 10 3
1 1 1 1 0.65 0.701754385964912 0.581395348837209 0.641574867401061 5 3
1 1 1 1 0.7 0.754385964912281 0.627906976744186 0.690126478988168 8 3
1 1 1 1 0.66 0.771929824561403 0.511627906976744 0.668706650346797 10 3
1 1 1 1 0.84 0.897959183673469 0.784313725490196 0.854741896758703 5 3
0.982456140350877 1 0.966666666666667 1 0.8 0.877551020408163 0.725490196078431 0.866746698679472 8 3
1 1 1 1 0.84 0.897959183673469 0.784313725490196 0.855542216886755 10 3
1 1 1 1 0.75 0.714285714285714 0.784313725490196 0.834733893557423 5 3
1 1 1 1 0.88 0.857142857142857 0.901960784313726 0.919567827130852 8 3
1 1 1 1 0.8 0.836734693877551 0.764705882352941 0.857543017206883 10 3
1 1 1 1 0.87 0.846153846153846 0.895833333333333 0.892628205128205 5 3
1 1 1 1 0.82 0.711538461538462 0.9375 0.899639423076923 8 3
1 1 1 1 0.84 0.711538461538462 0.979166666666667 0.884815705128205 10 3
1 1 1 1 0.8 0.725490196078431 0.877551020408163 0.806522609043617 5 3
1 1 1 1 0.8 0.725490196078431 0.877551020408163 0.806522609043617 8 3
1 1 1 1 0.8 0.725490196078431 0.877551020408163 0.806522609043617 10 3
0.967213114754098 1 0.909090909090909 0.981351981351981 0.92 0.931818181818182 0.910714285714286 0.974025974025974 5 3
1 1 1 1 0.75 0.840909090909091 0.678571428571429 0.827719155844156 8 3
1 1 1 1 0.83 0.863636363636364 0.803571428571429 0.874391233766234 10 3
1 1 1 1 0.83 0.807692307692308 0.854166666666667 0.857572115384615 5 3
1 1 1 1 0.81 0.75 0.875 0.852764423076923 8 3
1 1 1 1 0.86 0.884615384615385 0.833333333333333 0.887219551282051 10 3
1 1 1 1 0.87 0.842105263157895 0.906976744186046 0.898408812729498 5 3
1 1 1 1 0.78 0.736842105263158 0.837209302325581 0.857201142390861 8 3
1 1 1 1 0.88 0.859649122807018 0.906976744186046 0.90452876376989 10 3
1 1 1 1 0.82 0.727272727272727 0.933333333333333 0.890909090909091 5 3
1 1 1 1 0.91 0.872727272727273 0.955555555555556 0.932121212121212 8 3
1 1 1 1 0.88 0.854545454545454 0.911111111111111 0.910505050505051 10 3
1 1 1 1 0.78 0.826086956521739 0.740740740740741 0.807568438003221 5 3
1 1 1 1 0.76 0.804347826086957 0.722222222222222 0.782004830917874 8 3
1 1 1 1 0.8 0.804347826086957 0.796296296296296 0.822262479871176 10 3
1 1 1 1 0.74 0.711864406779661 0.780487804878049 0.790409260024804 5 3
1 1 1 1 0.73 0.728813559322034 0.731707317073171 0.765605622157916 8 3
1 1 1 1 0.76 0.745762711864407 0.780487804878049 0.790822653989252 10 3
1 1 1 1 0.81 0.767857142857143 0.863636363636364 0.842126623376623 5 3
1 1 1 1 0.8 0.821428571428571 0.772727272727273 0.848417207792208 8 3
1 1 1 1 0.81 0.803571428571429 0.818181818181818 0.856331168831169 10 3
0.95 0.96 0.942857142857143 0.958285714285714 0.83 0.836065573770492 0.82051282051282 0.861706599411518 5 3
1 1 1 1 0.84 0.819672131147541 0.871794871794872 0.871164354770912 8 3
1 1 1 1 0.79 0.819672131147541 0.743589743589744 0.840689365279529 10 3
1 1 1 1 0.74 0.672727272727273 0.822222222222222 0.738989898989899 5 3
1 1 1 1 0.77 0.727272727272727 0.822222222222222 0.788686868686869 8 3
1 1 1 1 0.77 0.727272727272727 0.822222222222222 0.805656565656566 10 3
1 1 1 1 0.91 0.924528301886792 0.893617021276596 0.950421517462866 5 3
0.983870967741935 0.966666666666667 1 1 0.95 0.943396226415094 0.957446808510638 0.957246085909273 8 3
1 1 1 1 0.89 0.849056603773585 0.936170212765957 0.933560818948214 10 3
1 1 1 1 0.71 0.7 0.72 0.7514 5 3
1 1 1 1 0.74 0.74 0.74 0.7448 8 3
0.981818181818182 0.96875 1 1 0.65 0.6 0.7 0.6828 10 3
1 1 1 1 0.79 0.927272727272727 0.622222222222222 0.773939393939394 5 3
1 1 1 1 0.73 0.781818181818182 0.666666666666667 0.776161616161616 8 3
1 1 1 1 0.84 0.963636363636364 0.688888888888889 0.84 10 3
1 1 1 1 0.9 0.931818181818182 0.875 0.909902597402597 5 3
1 1 1 1 0.91 0.931818181818182 0.892857142857143 0.909293831168831 8 3
1 1 1 1 0.9 0.931818181818182 0.875 0.917816558441558 10 3
1 1 1 1 0.73 0.727272727272727 0.733333333333333 0.73010101010101 5 3
1 1 1 1 0.66 0.6 0.733333333333333 0.68 8 3
1 1 1 1 0.65 0.581818181818182 0.733333333333333 0.699191919191919 10 3
0.95 0.961538461538462 0.941176470588235 0.990950226244344 0.86 0.882352941176471 0.836734693877551 0.924169667867147 5 3
1 1 1 1 0.8 0.843137254901961 0.755102040816326 0.813525410164066 8 3
1 1 1 1 0.75 0.803921568627451 0.693877551020408 0.837134853941577 10 3
0.952380952380952 0.970588235294118 0.931034482758621 0.986815415821501 0.93 0.962962962962963 0.891304347826087 0.98389694041868 5 3
0.952380952380952 0.970588235294118 0.931034482758621 0.989858012170385 0.92 0.944444444444444 0.891304347826087 0.982286634460548 8 3
1 1 1 1 0.93 0.944444444444444 0.91304347826087 0.926328502415459 10 3
1 1 1 1 0.8 0.722222222222222 0.891304347826087 0.813003220611916 5 3
1 1 1 1 0.78 0.740740740740741 0.826086956521739 0.816022544283414 8 3
1 1 1 1 0.87 0.796296296296296 0.956521739130435 0.903180354267311 10 3
1 1 1 1 0.84 0.846153846153846 0.833333333333333 0.848557692307692 5 3
1 1 1 1 0.87 0.884615384615385 0.854166666666667 0.889022435897436 8 3
1 1 1 1 0.86 0.846153846153846 0.875 0.87880608974359 10 3
1 1 1 1 0.73 0.672727272727273 0.8 0.775151515151515 5 3
1 1 1 1 0.76 0.709090909090909 0.822222222222222 0.800808080808081 8 3
1 1 1 1 0.73 0.690909090909091 0.777777777777778 0.816969696969697 10 3
0.948275862068966 0.966666666666667 0.928571428571429 0.995238095238095 0.93 0.976744186046512 0.894736842105263 0.991840065279478 5 3
1 1 1 1 0.92 0.906976744186046 0.929824561403509 0.943492452060383 8 3
1 1 1 1 0.92 0.953488372093023 0.894736842105263 0.941452468380253 10 3
