1 1 1 1 0.86 0.849056603773585 0.872340425531915 0.873946206342834 5 1
1 1 1 1 0.86 0.849056603773585 0.872340425531915 0.875150541951024 8 1
1 1 1 1 0.86 0.849056603773585 0.872340425531915 0.873946206342834 10 1
1 1 1 1 0.86 0.795918367346939 0.92156862745098 0.85874349739896 5 1
1 1 1 1 0.86 0.795918367346939 0.92156862745098 0.85874349739896 8 1
1 1 1 1 0.86 0.795918367346939 0.92156862745098 0.85874349739896 10 1
0.95 0.882352941176471 1 1 0.8 0.75 0.846153846153846 0.819711538461538 5 1
1 1 1 1 0.84 0.770833333333333 0.903846153846154 0.852564102564103 8 1
1 1 1 1 0.85 0.770833333333333 0.923076923076923 0.861177884615385 10 1
1 1 1 1 0.88 0.88 0.88 0.8976 5 1
1 1 1 1 0.89 0.9 0.88 0.9076 8 1
1 1 1 1 0.85 0.9 0.8 0.918 10 1
1 1 1 1 0.85 0.642857142857143 1 0.841748768472906 5 1
1 1 1 1 0.84 0.619047619047619 1 0.830049261083744 8 1
1 1 1 1 0.84 0.619047619047619 1 0.841748768472906 10 1
1 1 1 1 0.84 0.692307692307692 1 0.87900641025641 5 1
1 1 1 1 0.87 0.75 1 0.901041666666667 8 1
1 1 1 1 0.79 0.807692307692308 0.770833333333333 0.86318108974359 10 1
0.85 0.764705882352941 0.91304347826087 0.941176470588235 0.84 0.804347826086957 0.87037037037037 0.907004830917874 5 1
0.85 0.764705882352941 0.91304347826087 0.964194373401535 0.85 0.826086956521739 0.87037037037037 0.89975845410628 8 1
1 1 1 1 0.83 0.804347826086957 0.851851851851852 0.831924315619968 10 1
1 1 1 1 0.83 0.903846153846154 0.75 0.870392628205128 5 1
1 1 1 1 0.81 0.846153846153846 0.770833333333333 0.87900641025641 8 1
1 1 1 1 0.8 0.884615384615385 0.708333333333333 0.853966346153846 10 1
1 1 1 1 0.82 0.679245283018868 0.978723404255319 0.860096346848655 5 1
1 1 1 1 0.76 0.754716981132076 0.765957446808511 0.787234042553191 8 1
1 1 1 1 0.79 0.622641509433962 0.978723404255319 0.841027699718988 10 1
1 1 1 1 0.87 0.862745098039216 0.877551020408163 0.909363745498199 5 1
1 1 1 1 0.79 0.882352941176471 0.693877551020408 0.86734693877551 8 1
1 1 1 1 0.86 0.823529411764706 0.897959183673469 0.921168467386955 10 1
1 1 1 1 0.91 0.895833333333333 0.923076923076923 0.930288461538462 5 1
1 1 1 1 0.89 0.875 0.903846153846154 0.927483974358974 8 1
1 1 1 1 0.91 0.916666666666667 0.903846153846154 0.935096153846154 10 1
1 1 1 1 0.67 0.625 0.711538461538462 0.754206730769231 5 1
1 1 1 1 0.72 0.604166666666667 0.826923076923077 0.78926282051282 8 1
1 1 1 1 0.72 0.645833333333333 0.788461538461538 0.760416666666667 10 1
0.95 0.916666666666667 1 0.97265625 0.66 0.744186046511628 0.596491228070175 0.693798449612403 5 1
1 1 1 1 0.73 0.883720930232558 0.614035087719298 0.743574051407589 8 1
1 1 1 1 0.79 0.790697674418605 0.789473684210526 0.847409220726234 10 1
1 1 1 1 0.85 0.891304347826087 0.814814814814815 0.910628019323672 5 1
1 1 1 1 0.84 0.891304347826087 0.796296296296296 0.910628019323672 8 1
1 1 1 1 0.86 0.891304347826087 0.833333333333333 0.902375201288245 10 1
1 1 1 1 0.77 0.66 0.88 0.7844 5 1
1 1 1 1 0.75 0.64 0.86 0.7768 8 1
1 1 1 1 0.59 0.54 0.64 0.6626 10 1
1 1 1 1 0.87 0.859649122807018 0.883720930232558 0.890248878008976 5 1
1 1 1 1 0.87 0.859649122807018 0.883720930232558 0.891472868217054 8 1
1 1 1 1 0.87 0.859649122807018 0.883720930232558 0.892288861689107 10 1
1 1 1 1 0.83 0.875 0.8 0.843333333333333 5 1
1 1 1 1 0.74 0.775 0.716666666666667 0.759375 8 1
1 1 1 1 0.79 0.775 0.8 0.870625 10 1
1 1 1 1 0.92 0.927272727272727 0.911111111111111 0.936969696969697 5 1
1 1 1 1 0.85 0.854545454545454 0.844444444444444 0.896767676767677 8 1
1 1 1 1 0.88 0.872727272727273 0.888888888888889 0.915959595959596 10 1
1 1 1 1 0.83 0.75 0.931818181818182 0.876217532467532 5 1
1 1 1 1 0.74 0.785714285714286 0.681818181818182 0.769480519480519 8 1
1 1 1 1 0.65 0.714285714285714 0.568181818181818 0.71387987012987 10 1
1 1 1 1 0.83 0.833333333333333 0.826923076923077 0.847956730769231 5 1
1 1 1 1 0.82 0.854166666666667 0.788461538461538 0.863782051282051 8 1
1 1 1 1 0.81 0.833333333333333 0.788461538461538 0.846153846153846 10 1
0.975 0.958333333333333 1 1 0.78 0.759259259259259 0.804347826086957 0.840378421900161 5 1
1 1 1 1 0.8 0.722222222222222 0.891304347826087 0.871578099838969 8 1
1 1 1 1 0.81 0.888888888888889 0.717391304347826 0.863325281803543 10 1
1 1 1 1 0.79 0.7 0.88 0.8136 5 1
1 1 1 1 0.77 0.7 0.84 0.7892 8 1
1 1 1 1 0.78 0.68 0.88 0.8316 10 1
1 1 1 1 0.8 0.869565217391304 0.740740740740741 0.829307568438003 5 1
1 1 1 1 0.83 0.891304347826087 0.777777777777778 0.851449275362319 8 1
1 1 1 1 0.84 0.934782608695652 0.759259259259259 0.871175523349436 10 1
1 1 1 1 0.77 0.811320754716981 0.723404255319149 0.847450822962666 5 1
1 1 1 1 0.78 0.886792452830189 0.659574468085106 0.816138097149739 8 1
1 1 1 1 0.74 0.679245283018868 0.808510638297872 0.830389401846648 10 1
1 1 1 1 0.9 0.843137254901961 0.959183673469388 0.900760304121649 5 1
1 1 1 1 0.9 0.843137254901961 0.959183673469388 0.899159663865546 8 1
1 1 1 1 0.9 0.843137254901961 0.959183673469388 0.900760304121649 10 1
1 1 1 1 0.72 0.705882352941177 0.73469387755102 0.752701080432173 5 1
1 1 1 1 0.71 0.725490196078431 0.693877551020408 0.736694677871148 8 1
1 1 1 1 0.71 0.686274509803922 0.73469387755102 0.758303321328531 10 1
1 1 1 1 0.86 0.916666666666667 0.807692307692308 0.885817307692308 5 1
1 1 1 1 0.7 0.875 0.538461538461538 0.766025641025641 8 1
1 1 1 1 0.82 0.770833333333333 0.865384615384615 0.853365384615385 10 1
1 1 1 1 0.77 0.72 0.82 0.7764 5 1
1 1 1 1 0.77 0.72 0.82 0.7736 8 1
1 1 1 1 0.76 0.72 0.8 0.7708 10 1
1 1 1 1 0.81 0.711538461538462 0.916666666666667 0.85176282051282 5 1
1 1 1 1 0.9 0.865384615384615 0.9375 0.930889423076923 8 1
1 1 1 1 0.81 0.711538461538462 0.916666666666667 0.868990384615385 10 1
1 1 1 1 0.75 0.785714285714286 0.704545454545455 0.742491883116883 5 1
1 1 1 1 0.82 0.857142857142857 0.772727272727273 0.82426948051948 8 1
1 1 1 1 0.76 0.803571428571429 0.704545454545455 0.772118506493506 10 1
1 1 1 1 0.83 0.829268292682927 0.830508474576271 0.829681686647375 5 1
1 1 1 1 0.73 0.829268292682927 0.661016949152542 0.779247622984704 8 1
1 1 1 1 0.8 0.902439024390244 0.728813559322034 0.850764778834229 10 1
1 1 1 1 0.7 0.722222222222222 0.673913043478261 0.744162640901771 5 1
1 1 1 1 0.75 0.648148148148148 0.869565217391304 0.805958132045089 8 1
0.975 0.95 1 1 0.77 0.666666666666667 0.891304347826087 0.837962962962963 10 1
1 1 1 1 0.8 0.833333333333333 0.760869565217391 0.826489533011272 5 1
1 1 1 1 0.82 0.796296296296296 0.847826086956522 0.864734299516908 8 1
1 1 1 1 0.83 0.814814814814815 0.847826086956522 0.914452495974235 10 1
1 1 1 1 0.85 0.864406779661017 0.829268292682927 0.871641174038859 5 1
1 1 1 1 0.82 0.847457627118644 0.780487804878049 0.855725506407606 8 1
1 1 1 1 0.89 0.949152542372881 0.804878048780488 0.924348904505994 10 1
1 1 1 1 0.85 0.75 0.928571428571429 0.833198051948052 5 1
1 1 1 1 0.76 0.659090909090909 0.839285714285714 0.777800324675325 8 1
0.975 0.909090909090909 1 1 0.86 0.727272727272727 0.964285714285714 0.872564935064935 10 1
1 1 1 1 0.87 0.782608695652174 0.944444444444444 0.887278582930757 5 1
1 1 1 1 0.87 0.782608695652174 0.944444444444444 0.887278582930757 8 1
1 1 1 1 0.87 0.782608695652174 0.944444444444444 0.887278582930757 10 1
0.975 0.933333333333333 1 0.997333333333333 0.74 0.58 0.9 0.7604 5 1
1 1 1 1 0.7 0.52 0.88 0.7366 8 1
1 1 1 1 0.74 0.6 0.88 0.7608 10 1
1 1 1 1 0.85 0.790697674418605 0.894736842105263 0.864137086903305 5 1
0.975 1 0.954545454545455 0.970959595959596 0.88 0.86046511627907 0.894736842105263 0.914932680538556 8 1
1 1 1 1 0.89 0.906976744186046 0.87719298245614 0.913708690330477 10 1
1 1 1 1 0.75 0.692307692307692 0.8125 0.814503205128205 5 1
1 1 1 1 0.66 0.557692307692308 0.770833333333333 0.729567307692308 8 1
1 1 1 1 0.83 0.807692307692308 0.854166666666667 0.845352564102564 10 1
1 1 1 1 0.85 0.87037037037037 0.826086956521739 0.846618357487923 5 1
1 1 1 1 0.84 0.851851851851852 0.826086956521739 0.863929146537842 8 1
1 1 1 1 0.81 0.796296296296296 0.826086956521739 0.828099838969404 10 1
1 1 1 1 0.89 0.9 0.875 0.89625 5 1
1 1 1 1 0.88 0.866666666666667 0.9 0.9175 8 1
1 1 1 1 0.88 0.866666666666667 0.9 0.931666666666667 10 1
1 1 1 1 0.9 0.904761904761905 0.896551724137931 0.905788177339901 5 1
1 1 1 1 0.79 0.80952380952381 0.775862068965517 0.849343185550082 8 1
1 1 1 1 0.9 0.880952380952381 0.913793103448276 0.913382594417077 10 1
1 1 1 1 0.84 0.69047619047619 0.948275862068966 0.827586206896552 5 1
0.975 0.944444444444444 1 0.965909090909091 0.81 0.69047619047619 0.896551724137931 0.813218390804598 8 1
1 1 1 1 0.81 0.642857142857143 0.931034482758621 0.833743842364532 10 1
1 1 1 1 0.78 0.875 0.692307692307692 0.815705128205128 5 1
1 1 1 1 0.79 0.833333333333333 0.75 0.794070512820513 8 1
1 1 1 1 0.81 0.875 0.75 0.840544871794872 10 1
1 1 1 1 0.78 0.596153846153846 0.979166666666667 0.793669871794872 5 1
1 1 1 1 0.6 0.5 0.708333333333333 0.643229166666667 8 1
1 1 1 1 0.76 0.538461538461538 1 0.792668269230769 10 1
1 1 1 1 0.81 0.787234042553192 0.830188679245283 0.81372942593336 5 1
1 1 1 1 0.81 0.787234042553192 0.830188679245283 0.816940987555199 8 1
1 1 1 1 0.81 0.787234042553192 0.830188679245283 0.81493376154155 10 1
1 1 1 1 0.72 0.654545454545455 0.8 0.774141414141414 5 1
1 1 1 1 0.82 0.8 0.844444444444444 0.854545454545455 8 1
1 1 1 1 0.84 0.8 0.888888888888889 0.858181818181818 10 1
1 1 1 1 0.83 0.843137254901961 0.816326530612245 0.834133653461385 5 1
1 1 1 1 0.9 0.92156862745098 0.877551020408163 0.904361744697879 8 1
1 1 1 1 0.76 0.764705882352941 0.755102040816326 0.834333733493397 10 1
1 1 1 1 0.81 0.851063829787234 0.773584905660377 0.841228422320353 5 1
1 1 1 1 0.85 0.808510638297872 0.886792452830189 0.853071055800883 8 1
1 1 1 1 0.85 0.829787234042553 0.867924528301887 0.881573665194701 10 1
1 1 1 1 0.86 0.944444444444444 0.8125 0.923177083333333 5 1
1 1 1 1 0.84 0.888888888888889 0.8125 0.935112847222222 8 1
0.975 1 0.947368421052632 1 0.78 0.888888888888889 0.71875 0.893663194444444 10 1
1 1 1 1 0.81 0.8 0.82 0.8276 5 1
1 1 1 1 0.79 0.84 0.74 0.8406 8 1
1 1 1 1 0.78 0.78 0.78 0.8448 10 1
0.975 1 0.952380952380952 0.968671679197995 0.61 0.590909090909091 0.625 0.683441558441559 5 1
1 1 1 1 0.74 0.681818181818182 0.785714285714286 0.756087662337662 8 1
1 1 1 1 0.83 0.818181818181818 0.839285714285714 0.859375 10 1
1 1 1 1 0.74 0.607843137254902 0.877551020408163 0.774309723889556 5 1
0.975 1 0.956521739130435 0.973145780051151 0.86 0.803921568627451 0.918367346938776 0.892156862745098 8 1
1 1 1 1 0.87 0.823529411764706 0.918367346938776 0.912164865946378 10 1
1 1 1 1 0.87 0.790697674418605 0.929824561403509 0.885352917176663 5 1
1 1 1 1 0.87 0.790697674418605 0.929824561403509 0.883720930232558 8 1
1 1 1 1 0.87 0.790697674418605 0.929824561403509 0.883720930232558 10 1
1 1 1 1 0.87 0.772727272727273 0.946428571428571 0.874188311688312 5 1
1 1 1 1 0.87 0.75 0.964285714285714 0.864042207792208 8 1
1 1 1 1 0.87 0.75 0.964285714285714 0.861607142857143 10 1
1 1 1 1 0.85 0.918367346938776 0.784313725490196 0.862545018007203 5 1
1 1 1 1 0.83 0.897959183673469 0.764705882352941 0.860544217687075 8 1
1 1 1 1 0.82 0.877551020408163 0.764705882352941 0.874949979991997 10 1
1 1 1 1 0.76 0.862068965517241 0.619047619047619 0.76867816091954 5 1
1 1 1 1 0.82 0.913793103448276 0.69047619047619 0.798440065681445 8 1
1 1 1 1 0.67 0.724137931034483 0.595238095238095 0.683908045977011 10 1
1 1 1 1 0.8 0.92 0.68 0.8376 5 1
1 1 1 1 0.83 0.92 0.74 0.8392 8 1
1 1 1 1 0.78 0.94 0.62 0.8778 10 1
1 1 1 1 0.81 0.943396226415094 0.659574468085106 0.820353271778402 5 1
1 1 1 1 0.84 0.962264150943396 0.702127659574468 0.842633480529908 8 1
1 1 1 1 0.83 0.905660377358491 0.74468085106383 0.853873946206343 10 1
1 1 1 1 0.69 0.679245283018868 0.702127659574468 0.734243275792854 5 1
1 1 1 1 0.83 0.792452830188679 0.872340425531915 0.865114411882778 8 1
1 1 1 1 0.66 0.735849056603774 0.574468085106383 0.708550782818145 10 1
1 1 1 1 0.72 0.884615384615385 0.541666666666667 0.705328525641026 5 1
1 1 1 1 0.7 0.865384615384615 0.520833333333333 0.701722756410256 8 1
1 1 1 1 0.71 0.923076923076923 0.479166666666667 0.74599358974359 10 1
1 1 1 1 0.81 0.78 0.84 0.8308 5 1
1 1 1 1 0.8 0.78 0.82 0.8692 8 1
1 1 1 1 0.83 0.84 0.82 0.8688 10 1
1 1 1 1 0.82 0.714285714285714 0.92156862745098 0.824929971988795 5 1
1 1 1 1 0.81 0.673469387755102 0.941176470588235 0.822729091636655 8 1
1 1 1 1 0.56 0.489795918367347 0.627450980392157 0.595038015206082 10 1
1 1 1 1 0.79 0.818181818181818 0.767857142857143 0.823457792207792 5 1
1 1 1 1 0.79 0.818181818181818 0.767857142857143 0.823457792207792 8 1
1 1 1 1 0.79 0.818181818181818 0.767857142857143 0.823457792207792 10 1
1 1 1 1 0.76 0.75 0.770833333333333 0.783052884615385 5 1
1 1 1 1 0.83 0.75 0.916666666666667 0.863581730769231 8 1
1 1 1 1 0.84 0.807692307692308 0.875 0.845352564102564 10 1
1 1 1 1 0.85 0.8 0.9 0.8506 5 1
1 1 1 1 0.86 0.82 0.9 0.8708 8 1
1 1 1 1 0.75 0.82 0.68 0.8122 10 1
1 1 1 1 0.84 0.795454545454545 0.875 0.858766233766234 5 1
1 1 1 1 0.84 0.795454545454545 0.875 0.865665584415584 8 1
1 1 1 1 0.84 0.795454545454545 0.875 0.858766233766234 10 1
1 1 1 1 0.82 0.765957446808511 0.867924528301887 0.893617021276596 5 1
0.975 0.95 1 0.9975 0.84 0.808510638297872 0.867924528301887 0.893416298675231 8 1
1 1 1 1 0.84 0.808510638297872 0.867924528301887 0.905660377358491 10 1
0.975 0.95 1 1 0.78 0.8 0.755555555555556 0.797575757575758 5 1
1 1 1 1 0.76 0.709090909090909 0.822222222222222 0.766868686868687 8 1
1 1 1 1 0.67 0.6 0.755555555555556 0.733131313131313 10 1
1 1 1 1 0.84 0.697674418604651 0.947368421052632 0.848021215830273 5 1
1 1 1 1 0.84 0.697674418604651 0.947368421052632 0.848021215830273 8 1
1 1 1 1 0.84 0.697674418604651 0.947368421052632 0.847613219094247 10 1
1 1 1 1 0.71 0.545454545454545 0.839285714285714 0.70900974025974 5 1
1 1 1 1 0.85 0.795454545454545 0.892857142857143 0.86323051948052 8 1
1 1 1 1 0.79 0.840909090909091 0.75 0.84862012987013 10 1
1 1 1 1 0.86 0.918367346938776 0.803921568627451 0.858743497398959 5 1
1 1 1 1 0.87 0.857142857142857 0.882352941176471 0.878551420568227 8 1
1 1 1 1 0.83 0.877551020408163 0.784313725490196 0.860744297719088 10 1
1 1 1 1 0.88 0.897959183673469 0.862745098039216 0.897759103641457 5 1
1 1 1 1 0.88 0.897959183673469 0.862745098039216 0.896758703481393 8 1
1 1 1 1 0.88 0.897959183673469 0.862745098039216 0.896358543417367 10 1
1 1 1 1 0.86 0.944444444444444 0.760869565217391 0.876409017713365 5 1
1 1 1 1 0.86 0.944444444444444 0.760869565217391 0.876409017713365 8 1
1 1 1 1 0.86 0.944444444444444 0.760869565217391 0.876409017713365 10 1
1 1 1 1 0.79 0.851851851851852 0.717391304347826 0.832125603864734 5 1
1 1 1 1 0.87 0.833333333333333 0.91304347826087 0.902777777777778 8 1
1 1 1 1 0.88 0.833333333333333 0.934782608695652 0.900764895330113 10 1
1 1 1 1 0.82 0.717391304347826 0.907407407407407 0.856078904991948 5 1
1 1 1 1 0.82 0.717391304347826 0.907407407407407 0.847222222222222 8 1
1 1 1 1 0.82 0.717391304347826 0.907407407407407 0.846618357487923 10 1
1 1 1 1 0.79 0.724137931034483 0.880952380952381 0.834975369458128 5 1
1 1 1 1 0.84 0.844827586206897 0.833333333333333 0.877873563218391 8 1
1 1 1 1 0.75 0.689655172413793 0.833333333333333 0.844622331691297 10 1
1 1 1 1 0.87 0.8125 0.923076923076923 0.877403846153846 5 1
1 1 1 1 0.88 0.833333333333333 0.923076923076923 0.877403846153846 8 1
1 1 1 1 0.88 0.833333333333333 0.923076923076923 0.877403846153846 10 1
1 1 1 1 0.83 0.765957446808511 0.886792452830189 0.84845443596949 5 1
1 1 1 1 0.83 0.765957446808511 0.886792452830189 0.84885588117222 8 1
1 1 1 1 0.83 0.765957446808511 0.886792452830189 0.84885588117222 10 1
1 1 1 1 0.8 0.74 0.86 0.8406 5 1
1 1 1 1 0.74 0.78 0.7 0.7748 8 1
1 1 1 1 0.81 0.8 0.82 0.8404 10 1
1 1 1 1 0.82 0.767857142857143 0.886363636363636 0.851461038961039 5 1
1 1 1 1 0.58 0.625 0.522727272727273 0.604707792207792 8 1
1 1 1 1 0.88 0.875 0.886363636363636 0.911525974025974 10 1
1 1 1 1 0.64 0.679245283018868 0.595744680851064 0.657567242071457 5 1
1 1 1 1 0.74 0.754716981132076 0.723404255319149 0.7671617824167 8 1
1 1 1 1 0.75 0.735849056603774 0.765957446808511 0.781814532316339 10 1
1 1 1 1 0.82 0.704545454545455 0.910714285714286 0.90137987012987 5 1
1 1 1 1 0.86 0.75 0.946428571428571 0.865665584415584 8 1
1 1 1 1 0.8 0.795454545454545 0.803571428571429 0.863027597402597 10 1
1 1 1 1 0.83 0.909090909090909 0.733333333333333 0.871313131313131 5 1
1 1 1 1 0.83 0.909090909090909 0.733333333333333 0.871313131313131 8 1
1 1 1 1 0.83 0.909090909090909 0.733333333333333 0.871313131313131 10 1
1 1 1 1 0.72 0.694915254237288 0.75609756097561 0.730260438197602 5 1
1 1 1 1 0.72 0.694915254237288 0.75609756097561 0.730260438197602 8 1
1 1 1 1 0.72 0.694915254237288 0.75609756097561 0.730673832162051 10 1
1 1 1 1 0.8 0.783333333333333 0.825 0.84 5 1
1 1 1 1 0.79 0.816666666666667 0.75 0.81125 8 1
1 1 1 1 0.82 0.833333333333333 0.8 0.836458333333333 10 1
1 1 1 1 0.8 0.711538461538462 0.895833333333333 0.852163461538462 5 1
1 1 1 1 0.8 0.711538461538462 0.895833333333333 0.852163461538462 8 1
1 1 1 1 0.8 0.711538461538462 0.895833333333333 0.852163461538462 10 1
1 1 1 1 0.72 0.54 0.9 0.7238 5 1
1 1 1 1 0.64 0.46 0.82 0.6494 8 1
1 1 1 1 0.63 0.5 0.76 0.6328 10 1
1 1 1 1 0.72 0.633333333333333 0.85 0.754375 5 1
1 1 1 1 0.71 0.616666666666667 0.85 0.73625 8 1
1 1 1 1 0.74 0.65 0.875 0.760416666666667 10 1
1 1 1 1 0.65 0.636363636363636 0.666666666666667 0.728888888888889 5 1
1 1 1 1 0.76 0.763636363636364 0.755555555555556 0.814949494949495 8 1
1 1 1 1 0.77 0.763636363636364 0.777777777777778 0.794747474747475 10 1
1 1 1 1 0.78 0.86 0.7 0.791 5 1
1 1 1 1 0.82 0.84 0.8 0.86 8 1
1 1 1 1 0.82 0.86 0.78 0.8784 10 1
1 1 1 1 0.82 0.865384615384615 0.770833333333333 0.85917467948718 5 1
1 1 1 1 0.85 0.846153846153846 0.854166666666667 0.859575320512821 8 1
1 1 1 1 0.64 0.730769230769231 0.541666666666667 0.689302884615385 10 1
1 1 1 1 0.74 0.584905660377358 0.914893617021277 0.810517864311522 5 1
1 1 1 1 0.68 0.528301886792453 0.851063829787234 0.782818145323163 8 1
1 1 1 1 0.7 0.566037735849057 0.851063829787234 0.723805700521879 10 1
1 1 1 1 0.8 0.810344827586207 0.785714285714286 0.838259441707717 5 1
1 1 1 1 0.82 0.844827586206897 0.785714285714286 0.844006568144499 8 1
1 1 1 1 0.82 0.844827586206897 0.785714285714286 0.843185550082102 10 1
1 1 1 1 0.75 0.785714285714286 0.704545454545455 0.789569805194805 5 1
1 1 1 1 0.73 0.75 0.704545454545455 0.790381493506494 8 1
1 1 1 1 0.71 0.678571428571429 0.75 0.772524350649351 10 1
1 1 1 1 0.72 0.810344827586207 0.595238095238095 0.735221674876847 5 1
1 1 1 1 0.71 0.758620689655172 0.642857142857143 0.719211822660098 8 1
1 1 1 1 0.69 0.758620689655172 0.595238095238095 0.65948275862069 10 1
1 1 1 1 0.77 0.660714285714286 0.909090909090909 0.795251623376623 5 1
1 1 1 1 0.72 0.607142857142857 0.863636363636364 0.793831168831169 8 1
1 1 1 1 0.75 0.714285714285714 0.795454545454545 0.807224025974026 10 1
1 1 1 1 0.82 0.795918367346939 0.843137254901961 0.870948379351741 5 1
1 1 1 1 0.79 0.816326530612245 0.764705882352941 0.814925970388155 8 1
1 1 1 1 0.74 0.857142857142857 0.627450980392157 0.767106842737095 10 1
1 1 1 1 0.8 0.709090909090909 0.911111111111111 0.842626262626263 5 1
1 1 1 1 0.8 0.709090909090909 0.911111111111111 0.850909090909091 8 1
1 1 1 1 0.79 0.709090909090909 0.888888888888889 0.852929292929293 10 1
1 1 1 1 0.78 0.920634920634921 0.540540540540541 0.741741741741742 5 1
1 1 1 1 0.67 0.650793650793651 0.702702702702703 0.721364221364221 8 1
1 1 1 1 0.72 0.80952380952381 0.567567567567568 0.697340197340197 10 1
1 1 1 1 0.88 0.886792452830189 0.872340425531915 0.892412685668406 5 2
1 1 1 1 0.88 0.886792452830189 0.872340425531915 0.892011240465676 8 2
1 1 1 1 0.88 0.886792452830189 0.872340425531915 0.892412685668406 10 2
1 1 1 1 0.83 0.795918367346939 0.862745098039216 0.843937575030012 5 2
1 1 1 1 0.83 0.795918367346939 0.862745098039216 0.843137254901961 8 2
1 1 1 1 0.83 0.795918367346939 0.862745098039216 0.843937575030012 10 2
1 1 1 1 0.82 0.791666666666667 0.846153846153846 0.8671875 5 2
1 1 1 1 0.82 0.854166666666667 0.788461538461538 0.860777243589744 8 2
1 1 1 1 0.84 0.791666666666667 0.884615384615385 0.861378205128205 10 2
1 1 1 1 0.87 0.88 0.86 0.917 5 2
1 1 1 1 0.88 0.94 0.82 0.9052 8 2
1 1 1 1 0.88 0.92 0.84 0.9188 10 2
1 1 1 1 0.82 0.595238095238095 0.982758620689655 0.802134646962233 5 2
1 1 1 1 0.82 0.595238095238095 0.982758620689655 0.813628899835796 8 2
1 1 1 1 0.82 0.595238095238095 0.982758620689655 0.813628899835796 10 2
1 1 1 1 0.82 0.673076923076923 0.979166666666667 0.825320512820513 5 2
1 1 1 1 0.87 0.75 1 0.891626602564103 8 2
1 1 1 1 0.8 0.846153846153846 0.75 0.850961538461538 10 2
1 1 1 1 0.73 0.630434782608696 0.814814814814815 0.733896940418679 5 2
1 1 1 1 0.71 0.760869565217391 0.666666666666667 0.719001610305958 8 2
1 1 1 1 0.76 0.695652173913043 0.814814814814815 0.801932367149758 10 2
1 1 1 1 0.81 0.865384615384615 0.75 0.87119391025641 5 2
1 1 1 1 0.72 0.788461538461538 0.645833333333333 0.776041666666667 8 2
1 1 1 1 0.8 0.846153846153846 0.75 0.920472756410256 10 2
1 1 1 1 0.73 0.69811320754717 0.765957446808511 0.762545162585307 5 2
1 1 1 1 0.85 0.849056603773585 0.851063829787234 0.905861099959856 8 2
1 1 1 1 0.75 0.69811320754717 0.808510638297872 0.809514251304697 10 2
1 1 1 1 0.88 0.882352941176471 0.877551020408163 0.918767507002801 5 2
1 1 1 1 0.87 0.901960784313726 0.836734693877551 0.923169267707083 8 2
1 1 1 1 0.9 0.901960784313726 0.897959183673469 0.925370148059224 10 2
1 1 1 1 0.88 0.854166666666667 0.903846153846154 0.934695512820513 5 2
1 1 1 1 0.88 0.854166666666667 0.903846153846154 0.933293269230769 8 2
1 1 1 1 0.88 0.875 0.884615384615385 0.941105769230769 10 2
1 1 1 1 0.82 0.854166666666667 0.788461538461538 0.860376602564103 5 2
1 1 1 1 0.81 0.729166666666667 0.884615384615385 0.841546474358974 8 2
1 1 1 1 0.81 0.75 0.865384615384615 0.867588141025641 10 2
1 1 1 1 0.79 0.86046511627907 0.736842105263158 0.820277437780498 5 2
1 1 1 1 0.64 0.790697674418605 0.526315789473684 0.71358629130967 8 2
1 1 1 1 0.76 0.790697674418605 0.736842105263158 0.772745818033456 10 2
1 1 1 1 0.88 0.934782608695652 0.833333333333333 0.91304347826087 5 2
1 1 1 1 0.88 0.934782608695652 0.833333333333333 0.921698872785829 8 2
1 1 1 1 0.88 0.934782608695652 0.833333333333333 0.913446054750403 10 2
1 1 1 1 0.79 0.68 0.9 0.79 5 2
1 1 1 1 0.79 0.68 0.9 0.79 8 2
1 1 1 1 0.79 0.68 0.9 0.79 10 2
1 1 1 1 0.9 0.912280701754386 0.883720930232558 0.909832721338229 5 2
1 1 1 1 0.9 0.912280701754386 0.883720930232558 0.909832721338229 8 2
1 1 1 1 0.9 0.912280701754386 0.883720930232558 0.910648714810282 10 2
1 1 1 1 0.82 0.85 0.8 0.8525 5 2
1 1 1 1 0.83 0.875 0.8 0.841666666666667 8 2
1 1 1 1 0.8 0.85 0.766666666666667 0.851041666666667 10 2
1 1 1 1 0.86 0.818181818181818 0.911111111111111 0.866868686868687 5 2
1 1 1 1 0.86 0.836363636363636 0.888888888888889 0.889090909090909 8 2
1 1 1 1 0.73 0.781818181818182 0.666666666666667 0.816363636363636 10 2
1 1 1 1 0.8 0.75 0.863636363636364 0.856939935064935 5 2
1 1 1 1 0.86 0.785714285714286 0.954545454545455 0.904423701298701 8 2
1 1 1 1 0.8 0.732142857142857 0.886363636363636 0.80762987012987 10 2
1 1 1 1 0.81 0.833333333333333 0.788461538461538 0.817307692307692 5 2
1 1 1 1 0.8 0.8125 0.788461538461538 0.8125 8 2
1 1 1 1 0.81 0.833333333333333 0.788461538461538 0.825320512820513 10 2
1 1 1 1 0.81 0.759259259259259 0.869565217391304 0.836151368760064 5 2
1 1 1 1 0.76 0.851851851851852 0.652173913043478 0.77878421900161 8 2
1 1 1 1 0.83 0.777777777777778 0.891304347826087 0.854066022544283 10 2
1 1 1 1 0.76 0.74 0.78 0.794 5 2
1 1 1 1 0.79 0.7 0.88 0.8156 8 2
1 1 1 1 0.79 0.74 0.84 0.8236 10 2
1 1 1 1 0.83 0.847826086956522 0.814814814814815 0.856280193236715 5 2
1 1 1 1 0.58 0.521739130434783 0.62962962962963 0.638285024154589 8 2
0.95 1 0.9 1 0.54 0.630434782608696 0.462962962962963 0.577294685990338 10 2
1 1 1 1 0.84 0.830188679245283 0.851063829787234 0.873946206342834 5 2
1 1 1 1 0.82 0.754716981132076 0.893617021276596 0.846848655158571 8 2
1 1 1 1 0.8 0.735849056603774 0.872340425531915 0.877759935768768 10 2
1 1 1 1 0.88 0.803921568627451 0.959183673469388 0.877551020408163 5 2
1 1 1 1 0.88 0.803921568627451 0.959183673469388 0.877551020408163 8 2
1 1 1 1 0.88 0.803921568627451 0.959183673469388 0.877551020408163 10 2
1 1 1 1 0.74 0.803921568627451 0.673469387755102 0.739495798319328 5 2
1 1 1 1 0.7 0.647058823529412 0.755102040816326 0.718687474989996 8 2
1 1 1 1 0.73 0.666666666666667 0.795918367346939 0.738695478191277 10 2
1 1 1 1 0.81 0.791666666666667 0.826923076923077 0.851362179487179 5 2
1 1 1 1 0.68 0.833333333333333 0.538461538461538 0.744991987179487 8 2
1 1 1 1 0.82 0.791666666666667 0.846153846153846 0.853365384615385 10 2
1 1 1 1 0.74 0.66 0.82 0.7646 5 2
1 1 1 1 0.75 0.7 0.8 0.7884 8 2
1 1 1 1 0.74 0.68 0.8 0.7704 10 2
1 1 1 1 0.81 0.711538461538462 0.916666666666667 0.868589743589744 5 2
1 1 1 1 0.84 0.769230769230769 0.916666666666667 0.876402243589744 8 2
1 1 1 1 0.81 0.711538461538462 0.916666666666667 0.86698717948718 10 2
1 1 1 1 0.72 0.785714285714286 0.636363636363636 0.711038961038961 5 2
1 1 1 1 0.71 0.803571428571429 0.590909090909091 0.701907467532467 8 2
0.975 0.956521739130435 1 1 0.73 0.732142857142857 0.727272727272727 0.749594155844156 10 2
1 1 1 1 0.85 0.878048780487805 0.830508474576271 0.909260024803638 5 2
1 1 1 1 0.84 0.853658536585366 0.830508474576271 0.883009508061182 8 2
1 1 1 1 0.78 0.829268292682927 0.745762711864407 0.830095080611823 10 2
1 1 1 1 0.75 0.777777777777778 0.717391304347826 0.756843800322061 5 2
1 1 1 1 0.76 0.666666666666667 0.869565217391304 0.808977455716586 8 2
1 1 1 1 0.79 0.703703703703704 0.891304347826087 0.829710144927536 10 2
1 1 1 1 0.82 0.814814814814815 0.826086956521739 0.848832528180354 5 2
1 1 1 1 0.76 0.703703703703704 0.826086956521739 0.856078904991948 8 2
1 1 1 1 0.79 0.796296296296296 0.782608695652174 0.869162640901771 10 2
1 1 1 1 0.85 0.813559322033898 0.902439024390244 0.873294749896651 5 2
0.975 0.95 1 0.97125 0.9 0.88135593220339 0.926829268292683 0.93737081438611 8 2
1 1 1 1 0.83 0.796610169491525 0.878048780487805 0.857379082265399 10 2
1 1 1 1 0.87 0.75 0.964285714285714 0.874797077922078 5 2
1 1 1 1 0.83 0.727272727272727 0.910714285714286 0.84862012987013 8 2
1 1 1 1 0.84 0.727272727272727 0.928571428571429 0.857751623376623 10 2
1 1 1 1 0.89 0.826086956521739 0.944444444444444 0.888083735909823 5 2
1 1 1 1 0.89 0.826086956521739 0.944444444444444 0.888083735909823 8 2
1 1 1 1 0.89 0.826086956521739 0.944444444444444 0.888486312399356 10 2
1 1 1 1 0.75 0.62 0.88 0.764 5 2
1 1 1 1 0.71 0.54 0.88 0.7364 8 2
1 1 1 1 0.75 0.62 0.88 0.747 10 2
1 1 1 1 0.89 0.837209302325581 0.929824561403509 0.927784577723378 5 2
0.975 0.944444444444444 1 1 0.83 0.837209302325581 0.824561403508772 0.862913096695227 8 2
1 1 1 1 0.9 0.883720930232558 0.912280701754386 0.940432476540188 10 2
1 1 1 1 0.77 0.730769230769231 0.8125 0.798677884615385 5 2
1 1 1 1 0.79 0.788461538461538 0.791666666666667 0.889823717948718 8 2
1 1 1 1 0.73 0.75 0.708333333333333 0.773036858974359 10 2
1 1 1 1 0.83 0.814814814814815 0.847826086956522 0.848027375201288 5 2
1 1 1 1 0.81 0.833333333333333 0.782608695652174 0.805958132045089 8 2
1 1 1 1 0.78 0.796296296296296 0.760869565217391 0.780193236714976 10 2
1 1 1 1 0.88 0.9 0.85 0.8825 5 2
1 1 1 1 0.89 0.883333333333333 0.9 0.92 8 2
1 1 1 1 0.89 0.883333333333333 0.9 0.909791666666667 10 2
1 1 1 1 0.87 0.833333333333333 0.896551724137931 0.892446633825944 5 2
1 1 1 1 0.88 0.880952380952381 0.879310344827586 0.910098522167488 8 2
1 1 1 1 0.87 0.833333333333333 0.896551724137931 0.879310344827586 10 2
1 1 1 1 0.87 0.738095238095238 0.96551724137931 0.841543513957307 5 2
1 1 1 1 0.86 0.714285714285714 0.96551724137931 0.853858784893268 8 2
1 1 1 1 0.85 0.69047619047619 0.96551724137931 0.839490968801314 10 2
1 1 1 1 0.8 0.8125 0.788461538461538 0.829927884615385 5 2
1 1 1 1 0.76 0.770833333333333 0.75 0.772836538461538 8 2
1 1 1 1 0.79 0.854166666666667 0.730769230769231 0.805689102564103 10 2
1 1 1 1 0.76 0.557692307692308 0.979166666666667 0.772836538461538 5 2
1 1 1 1 0.51 0.326923076923077 0.708333333333333 0.547075320512821 8 2
1 1 1 1 0.7 0.673076923076923 0.729166666666667 0.748397435897436 10 2
1 1 1 1 0.81 0.765957446808511 0.849056603773585 0.826977117623444 5 2
1 1 1 1 0.81 0.765957446808511 0.849056603773585 0.826977117623444 8 2
1 1 1 1 0.81 0.765957446808511 0.849056603773585 0.827378562826174 10 2
1 1 1 1 0.85 0.818181818181818 0.888888888888889 0.857373737373737 5 2
1 1 1 1 0.85 0.8 0.911111111111111 0.894545454545455 8 2
1 1 1 1 0.87 0.836363636363636 0.911111111111111 0.873939393939394 10 2
1 1 1 1 0.87 0.882352941176471 0.857142857142857 0.883353341336535 5 2
1 1 1 1 0.71 0.784313725490196 0.63265306122449 0.780912364945978 8 2
1 1 1 1 0.87 0.882352941176471 0.857142857142857 0.880952380952381 10 2
1 1 1 1 0.81 0.851063829787234 0.773584905660377 0.840024086712164 5 2
1 1 1 1 0.81 0.765957446808511 0.849056603773585 0.847250100361301 8 2
1 1 1 1 0.78 0.808510638297872 0.754716981132076 0.867924528301887 10 2
1 1 1 1 0.85 0.944444444444444 0.796875 0.927734375 5 2
1 1 1 1 0.82 0.888888888888889 0.78125 0.877170138888889 8 2
1 1 1 1 0.9 0.888888888888889 0.90625 0.969401041666667 10 2
1 1 1 1 0.77 0.8 0.74 0.7752 5 2
1 1 1 1 0.76 0.72 0.8 0.834 8 2
1 1 1 1 0.81 0.82 0.8 0.8326 10 2
1 1 1 1 0.84 0.863636363636364 0.821428571428571 0.861607142857143 5 2
1 1 1 1 0.84 0.863636363636364 0.821428571428571 0.860592532467533 8 2
1 1 1 1 0.81 0.840909090909091 0.785714285714286 0.861607142857143 10 2
1 1 1 1 0.9 0.862745098039216 0.938775510204082 0.907162865146058 5 2
1 1 1 1 0.89 0.843137254901961 0.938775510204082 0.906162464985994 8 2
1 1 1 1 0.68 0.647058823529412 0.714285714285714 0.75890356142457 10 2
1 1 1 1 0.85 0.744186046511628 0.929824561403509 0.886984904120767 5 2
1 1 1 1 0.85 0.744186046511628 0.929824561403509 0.886984904120767 8 2
1 1 1 1 0.85 0.744186046511628 0.929824561403509 0.887392900856793 10 2
1 1 1 1 0.87 0.75 0.964285714285714 0.864448051948052 5 2
1 1 1 1 0.87 0.772727272727273 0.946428571428571 0.86911525974026 8 2
1 1 1 1 0.86 0.75 0.946428571428571 0.86911525974026 10 2
1 1 1 1 0.86 0.897959183673469 0.823529411764706 0.895958383353341 5 2
1 1 1 1 0.82 0.897959183673469 0.745098039215686 0.823529411764706 8 2
1 1 1 1 0.82 0.877551020408163 0.764705882352941 0.858943577430972 10 2
1 1 1 1 0.76 0.862068965517241 0.619047619047619 0.768062397372742 5 2
1 1 1 1 0.78 0.896551724137931 0.619047619047619 0.777709359605911 8 2
1 1 1 1 0.64 0.620689655172414 0.666666666666667 0.680213464696223 10 2
1 1 1 1 0.8 0.9 0.7 0.8548 5 2
1 1 1 1 0.73 0.92 0.54 0.786 8 2
1 1 1 1 0.82 0.9 0.74 0.8808 10 2
1 1 1 1 0.77 0.867924528301887 0.659574468085106 0.804094741067844 5 2
1 1 1 1 0.64 0.867924528301887 0.382978723404255 0.652749899638699 8 2
1 1 1 1 0.87 0.886792452830189 0.851063829787234 0.909273384183059 10 2
1 1 1 1 0.76 0.905660377358491 0.595744680851064 0.770373344038539 5 2
1 1 1 1 0.76 0.830188679245283 0.680851063829787 0.804094741067844 8 2
1 1 1 1 0.75 0.867924528301887 0.617021276595745 0.831995182657567 10 2
1 1 1 1 0.72 0.846153846153846 0.583333333333333 0.719150641025641 5 2
1 1 1 1 0.72 0.846153846153846 0.583333333333333 0.72636217948718 8 2
1 1 1 1 0.73 0.865384615384615 0.583333333333333 0.725560897435897 10 2
1 1 1 1 0.82 0.8 0.84 0.828 5 2
1 1 1 1 0.86 0.86 0.86 0.8806 8 2
1 1 1 1 0.85 0.82 0.88 0.8654 10 2
1 1 1 1 0.74 0.693877551020408 0.784313725490196 0.774309723889556 5 2
1 1 1 1 0.62 0.551020408163265 0.686274509803922 0.693477390956383 8 2
1 1 1 1 0.83 0.755102040816326 0.901960784313726 0.836934773909564 10 2
1 1 1 1 0.79 0.818181818181818 0.767857142857143 0.797077922077922 5 2
1 1 1 1 0.79 0.818181818181818 0.767857142857143 0.797077922077922 8 2
1 1 1 1 0.79 0.818181818181818 0.767857142857143 0.797077922077922 10 2
1 1 1 1 0.82 0.769230769230769 0.875 0.838541666666667 5 2
1 1 1 1 0.82 0.75 0.895833333333333 0.846955128205128 8 2
1 1 1 1 0.83 0.788461538461538 0.875 0.837740384615385 10 2
1 1 1 1 0.7 0.84 0.56 0.729 5 2
1 1 1 1 0.6 0.48 0.72 0.6388 8 2
1 1 1 1 0.67 0.9 0.44 0.67 10 2
0.975 0.947368421052632 1 1 0.84 0.75 0.910714285714286 0.852475649350649 5 2
1 1 1 1 0.82 0.75 0.875 0.822443181818182 8 2
1 1 1 1 0.84 0.840909090909091 0.839285714285714 0.900162337662338 10 2
1 1 1 1 0.85 0.893617021276596 0.811320754716981 0.893617021276596 5 2
1 1 1 1 0.88 0.829787234042553 0.924528301886792 0.952830188679245 8 2
1 1 1 1 0.79 0.659574468085106 0.905660377358491 0.830590124448013 10 2
1 1 1 1 0.77 0.8 0.733333333333333 0.791717171717172 5 2
1 1 1 1 0.76 0.727272727272727 0.8 0.778787878787879 8 2
1 1 1 1 0.67 0.672727272727273 0.666666666666667 0.74969696969697 10 2
1 1 1 1 0.86 0.744186046511628 0.947368421052632 0.865973072215422 5 2
1 1 1 1 0.86 0.744186046511628 0.947368421052632 0.865973072215422 8 2
1 1 1 1 0.86 0.744186046511628 0.947368421052632 0.865973072215422 10 2
1 1 1 1 0.88 0.818181818181818 0.928571428571429 0.870941558441559 5 2
0.95 0.9 1 0.935 0.81 0.886363636363636 0.75 0.865868506493506 8 2
1 1 1 1 0.82 0.659090909090909 0.946428571428571 0.816152597402597 10 2
1 1 1 1 0.8 0.897959183673469 0.705882352941177 0.83953581432573 5 2
1 1 1 1 0.67 0.591836734693878 0.745098039215686 0.71968787515006 8 2
1 1 1 1 0.84 0.877551020408163 0.803921568627451 0.899159663865546 10 2
1 1 1 1 0.88 0.897959183673469 0.862745098039216 0.896158463385354 5 2
1 1 1 1 0.88 0.897959183673469 0.862745098039216 0.895758303321329 8 2
1 1 1 1 0.88 0.897959183673469 0.862745098039216 0.895758303321329 10 2
1 1 1 1 0.87 0.907407407407407 0.826086956521739 0.934380032206119 5 2
1 1 1 1 0.83 0.87037037037037 0.782608695652174 0.871175523349436 8 2
1 1 1 1 0.87 0.888888888888889 0.847826086956522 0.881239935587762 10 2
1 1 1 1 0.83 0.777777777777778 0.891304347826087 0.869162640901771 5 2
1 1 1 1 0.82 0.759259259259259 0.891304347826087 0.84219001610306 8 2
1 1 1 1 0.64 0.555555555555556 0.739130434782609 0.715177133655395 10 2
1 1 1 1 0.88 0.782608695652174 0.962962962962963 0.896739130434783 5 2
1 1 1 1 0.88 0.782608695652174 0.962962962962963 0.913446054750403 8 2
1 1 1 1 0.88 0.782608695652174 0.962962962962963 0.901167471819646 10 2
1 1 1 1 0.81 0.741379310344828 0.904761904761905 0.851806239737274 5 2
1 1 1 1 0.8 0.706896551724138 0.928571428571429 0.872536945812808 8 2
1 1 1 1 0.84 0.758620689655172 0.952380952380952 0.909688013136289 10 2
1 1 1 1 0.9 0.854166666666667 0.942307692307692 0.897035256410256 5 2
1 1 1 1 0.9 0.854166666666667 0.942307692307692 0.897035256410256 8 2
1 1 1 1 0.9 0.854166666666667 0.942307692307692 0.897035256410256 10 2
1 1 1 1 0.83 0.787234042553192 0.867924528301887 0.870132476916901 5 2
1 1 1 1 0.83 0.787234042553192 0.867924528301887 0.869530309112806 8 2
1 1 1 1 0.83 0.787234042553192 0.867924528301887 0.867121637896427 10 2
1 1 1 1 0.8 0.78 0.82 0.8372 5 2
1 1 1 1 0.74 0.66 0.82 0.796 8 2
1 1 1 1 0.73 0.68 0.78 0.7744 10 2
1 1 1 1 0.83 0.767857142857143 0.909090909090909 0.849228896103896 5 2
1 1 1 1 0.83 0.785714285714286 0.886363636363636 0.868100649350649 8 2
1 1 1 1 0.82 0.767857142857143 0.886363636363636 0.888189935064935 10 2
1 1 1 1 0.68 0.716981132075472 0.638297872340426 0.679446005620233 5 2
1 1 1 1 0.85 0.830188679245283 0.872340425531915 0.889803291850662 8 2
1 1 1 1 0.69 0.735849056603774 0.638297872340426 0.713970293054998 10 2
1 1 1 1 0.87 0.772727272727273 0.946428571428571 0.891233766233766 5 2
1 1 1 1 0.78 0.681818181818182 0.857142857142857 0.817167207792208 8 2
1 1 1 1 0.9 0.840909090909091 0.946428571428571 0.912337662337662 10 2
1 1 1 1 0.86 0.890909090909091 0.822222222222222 0.862020202020202 5 2
1 1 1 1 0.86 0.890909090909091 0.822222222222222 0.870707070707071 8 2
1 1 1 1 0.86 0.890909090909091 0.822222222222222 0.862020202020202 10 2
1 1 1 1 0.71 0.694915254237288 0.731707317073171 0.730053741215378 5 2
1 1 1 1 0.71 0.694915254237288 0.731707317073171 0.724472922695329 8 2
1 1 1 1 0.71 0.694915254237288 0.731707317073171 0.727780074410914 10 2
1 1 1 1 0.79 0.816666666666667 0.75 0.802291666666667 5 2
1 1 1 1 0.77 0.766666666666667 0.775 0.815833333333333 8 2
1 1 1 1 0.78 0.75 0.825 0.81875 10 2
1 1 1 1 0.8 0.711538461538462 0.895833333333333 0.82832532051282 5 2
1 1 1 1 0.8 0.711538461538462 0.895833333333333 0.82832532051282 8 2
1 1 1 1 0.8 0.711538461538462 0.895833333333333 0.82832532051282 10 2
1 1 1 1 0.71 0.5 0.92 0.7216 5 2
1 1 1 1 0.68 0.48 0.88 0.6896 8 2
1 1 1 1 0.69 0.46 0.92 0.7114 10 2
1 1 1 1 0.66 0.55 0.825 0.715 5 2
1 1 1 1 0.58 0.583333333333333 0.575 0.63375 8 2
1 1 1 1 0.7 0.6 0.85 0.745833333333333 10 2
1 1 1 1 0.79 0.818181818181818 0.755555555555556 0.864242424242424 5 2
1 1 1 1 0.77 0.763636363636364 0.777777777777778 0.794747474747475 8 2
1 1 1 1 0.77 0.745454545454545 0.8 0.808686868686869 10 2
1 1 1 1 0.81 0.84 0.78 0.8448 5 2
1 1 1 1 0.8 0.82 0.78 0.7984 8 2
1 1 1 1 0.66 0.74 0.58 0.7128 10 2
1 1 1 1 0.8 0.846153846153846 0.75 0.826121794871795 5 2
0.975 0.952380952380952 1 0.972431077694236 0.87 0.865384615384615 0.875 0.908253205128205 8 2
1 1 1 1 0.83 0.846153846153846 0.8125 0.882411858974359 10 2
1 1 1 1 0.69 0.660377358490566 0.723404255319149 0.737254114813328 5 2
1 1 1 1 0.76 0.60377358490566 0.936170212765957 0.828984343637094 8 2
1 1 1 1 0.69 0.547169811320755 0.851063829787234 0.758731433159374 10 2
1 1 1 1 0.89 0.931034482758621 0.833333333333333 0.887931034482759 5 2
1 1 1 1 0.89 0.931034482758621 0.833333333333333 0.887931034482759 8 2
1 1 1 1 0.89 0.931034482758621 0.833333333333333 0.887931034482759 10 2
1 1 1 1 0.83 0.857142857142857 0.795454545454545 0.857548701298701 5 2
1 1 1 1 0.79 0.785714285714286 0.795454545454545 0.826298701298701 8 2
1 1 1 1 0.77 0.785714285714286 0.75 0.802556818181818 10 2
1 1 1 1 0.64 0.689655172413793 0.571428571428571 0.65927750410509 5 2
1 1 1 1 0.7 0.775862068965517 0.595238095238095 0.671592775041051 8 2
1 1 1 1 0.72 0.793103448275862 0.619047619047619 0.707101806239737 10 2
1 1 1 1 0.73 0.607142857142857 0.886363636363636 0.812702922077922 5 2
1 1 1 1 0.83 0.785714285714286 0.886363636363636 0.903003246753247 8 2
1 1 1 1 0.81 0.75 0.886363636363636 0.90137987012987 10 2
1 1 1 1 0.8 0.816326530612245 0.784313725490196 0.794517807122849 5 2
1 1 1 1 0.8 0.816326530612245 0.784313725490196 0.799919967987195 8 2
1 1 1 1 0.79 0.816326530612245 0.764705882352941 0.794117647058823 10 2
1 1 1 1 0.82 0.727272727272727 0.933333333333333 0.844040404040404 5 2
1 1 1 1 0.82 0.727272727272727 0.933333333333333 0.843232323232323 8 2
1 1 1 1 0.82 0.727272727272727 0.933333333333333 0.844040404040404 10 2
1 1 1 1 0.82 0.857142857142857 0.756756756756757 0.842771342771343 5 2
1 1 1 1 0.82 0.873015873015873 0.72972972972973 0.811883311883312 8 2
1 1 1 1 0.78 0.841269841269841 0.675675675675676 0.812741312741313 10 2
1 1 1 1 0.87 0.886792452830189 0.851063829787234 0.892412685668406 5 3
1 1 1 1 0.87 0.886792452830189 0.851063829787234 0.892412685668406 8 3
1 1 1 1 0.87 0.886792452830189 0.851063829787234 0.892412685668406 10 3
1 1 1 1 0.81 0.714285714285714 0.901960784313726 0.815126050420168 5 3
1 1 1 1 0.81 0.714285714285714 0.901960784313726 0.815126050420168 8 3
1 1 1 1 0.81 0.714285714285714 0.901960784313726 0.815126050420168 10 3
1 1 1 1 0.82 0.75 0.884615384615385 0.854967948717949 5 3
1 1 1 1 0.71 0.75 0.673076923076923 0.76582532051282 8 3
0.95 1 0.91304347826087 0.962915601023018 0.7 0.770833333333333 0.634615384615385 0.729366987179487 10 3
1 1 1 1 0.88 0.86 0.9 0.915 5 3
1 1 1 1 0.88 0.92 0.84 0.8984 8 3
1 1 1 1 0.86 0.92 0.8 0.8824 10 3
1 1 1 1 0.81 0.595238095238095 0.96551724137931 0.830665024630542 5 3
1 1 1 1 0.81 0.595238095238095 0.96551724137931 0.81876026272578 8 3
1 1 1 1 0.81 0.595238095238095 0.96551724137931 0.807266009852217 10 3
1 1 1 1 0.85 0.711538461538462 1 0.884615384615385 5 3
0.975 1 0.954545454545455 0.965909090909091 0.77 0.75 0.791666666666667 0.815304487179487 8 3
1 1 1 1 0.85 0.711538461538462 1 0.869391025641026 10 3
0.85 0.764705882352941 0.91304347826087 0.948849104859335 0.82 0.739130434782609 0.888888888888889 0.909822866344606 5 3
1 1 1 1 0.66 0.739130434782609 0.592592592592593 0.671698872785829 8 3
0.975 0.941176470588235 1 0.946291560102302 0.61 0.478260869565217 0.722222222222222 0.596618357487923 10 3
1 1 1 1 0.8 0.884615384615385 0.708333333333333 0.879807692307692 5 3
1 1 1 1 0.79 0.865384615384615 0.708333333333333 0.815304487179487 8 3
1 1 1 1 0.82 0.884615384615385 0.75 0.868990384615385 10 3
1 1 1 1 0.72 0.584905660377358 0.872340425531915 0.765556001605781 5 3
1 1 1 1 0.82 0.792452830188679 0.851063829787234 0.822360497792051 8 3
1 1 1 1 0.79 0.679245283018868 0.914893617021277 0.858691288639101 10 3
1 1 1 1 0.79 0.823529411764706 0.755102040816326 0.815126050420168 5 3
1 1 1 1 0.61 0.725490196078431 0.489795918367347 0.61344537815126 8 3
0.975 0.954545454545455 1 0.973484848484849 0.75 0.784313725490196 0.714285714285714 0.7953181272509 10 3
1 1 1 1 0.91 0.9375 0.884615384615385 0.948317307692308 5 3
1 1 1 1 0.9 0.916666666666667 0.884615384615385 0.940905448717949 8 3
1 1 1 1 0.9 0.916666666666667 0.884615384615385 0.940705128205128 10 3
0.975 0.944444444444444 1 0.962121212121212 0.75 0.645833333333333 0.846153846153846 0.804487179487179 5 3
1 1 1 1 0.78 0.6875 0.865384615384615 0.808894230769231 8 3
1 1 1 1 0.79 0.75 0.826923076923077 0.839142628205128 10 3
1 1 1 1 0.85 0.837209302325581 0.859649122807018 0.859853121175031 5 3
1 1 1 1 0.79 0.813953488372093 0.771929824561403 0.808649530803753 8 3
1 1 1 1 0.53 0.720930232558139 0.385964912280702 0.552223582211342 10 3
1 1 1 1 0.89 0.91304347826087 0.87037037037037 0.92109500805153 5 3
1 1 1 1 0.89 0.91304347826087 0.87037037037037 0.921497584541063 8 3
1 1 1 1 0.89 0.91304347826087 0.87037037037037 0.921497584541063 10 3
1 1 1 1 0.83 0.78 0.88 0.8492 5 3
1 1 1 1 0.83 0.78 0.88 0.8366 8 3
1 1 1 1 0.83 0.8 0.86 0.8452 10 3
1 1 1 1 0.87 0.894736842105263 0.837209302325581 0.87984496124031 5 3
1 1 1 1 0.87 0.894736842105263 0.837209302325581 0.87984496124031 8 3
1 1 1 1 0.87 0.894736842105263 0.837209302325581 0.880252957976336 10 3
1 1 1 1 0.79 0.85 0.75 0.81875 5 3
1 1 1 1 0.83 0.875 0.8 0.853333333333333 8 3
1 1 1 1 0.79 0.875 0.733333333333333 0.837916666666667 10 3
0.975 0.9375 1 1 0.89 0.854545454545454 0.933333333333333 0.902424242424242 5 3
1 1 1 1 0.89 0.890909090909091 0.888888888888889 0.941212121212121 8 3
1 1 1 1 0.73 0.836363636363636 0.6 0.775757575757576 10 3
1 1 1 1 0.8 0.732142857142857 0.886363636363636 0.868100649350649 5 3
1 1 1 1 0.8 0.678571428571429 0.954545454545455 0.84862012987013 8 3
1 1 1 1 0.62 0.5 0.772727272727273 0.694602272727273 10 3
1 1 1 1 0.83 0.791666666666667 0.865384615384615 0.871594551282051 5 3
1 1 1 1 0.88 0.833333333333333 0.923076923076923 0.909054487179487 8 3
1 1 1 1 0.86 0.833333333333333 0.884615384615385 0.898838141025641 10 3
1 1 1 1 0.84 0.777777777777778 0.91304347826087 0.860708534621578 5 3
1 1 1 1 0.8 0.796296296296296 0.804347826086957 0.856078904991948 8 3
1 1 1 1 0.81 0.666666666666667 0.978260869565217 0.82890499194847 10 3
1 1 1 1 0.8 0.72 0.88 0.8148 5 3
1 1 1 1 0.78 0.68 0.88 0.8352 8 3
1 1 1 1 0.76 0.68 0.84 0.78 10 3
1 1 1 1 0.49 0.652173913043478 0.351851851851852 0.502012882447665 5 3
1 1 1 1 0.49 0.652173913043478 0.351851851851852 0.502012882447665 8 3
1 1 1 1 0.49 0.652173913043478 0.351851851851852 0.502012882447665 10 3
1 1 1 1 0.8 0.716981132075472 0.893617021276596 0.858289843436371 5 3
1 1 1 1 0.66 0.716981132075472 0.595744680851064 0.685668406262545 8 3
1 1 1 1 0.75 0.622641509433962 0.893617021276596 0.781011641910879 10 3
1 1 1 1 0.89 0.823529411764706 0.959183673469388 0.891356542617047 5 3
1 1 1 1 0.89 0.823529411764706 0.959183673469388 0.891356542617047 8 3
1 1 1 1 0.89 0.823529411764706 0.959183673469388 0.891356542617047 10 3
1 1 1 1 0.7 0.686274509803922 0.714285714285714 0.746698679471789 5 3
1 1 1 1 0.67 0.725490196078431 0.612244897959184 0.713885554221689 8 3
1 1 1 1 0.72 0.705882352941177 0.73469387755102 0.753301320528211 10 3
1 1 1 1 0.83 0.770833333333333 0.884615384615385 0.829326923076923 5 3
1 1 1 1 0.79 0.8125 0.769230769230769 0.817107371794872 8 3
1 1 1 1 0.84 0.833333333333333 0.846153846153846 0.870192307692308 10 3
1 1 1 1 0.77 0.7 0.84 0.7708 5 3
1 1 1 1 0.77 0.72 0.82 0.78 8 3
1 1 1 1 0.7 0.82 0.58 0.7394 10 3
0.95 0.882352941176471 1 0.965473145780051 0.79 0.673076923076923 0.916666666666667 0.831330128205128 5 3
1 1 1 1 0.81 0.788461538461538 0.833333333333333 0.850961538461539 8 3
1 1 1 1 0.84 0.75 0.9375 0.915464743589744 10 3
1 1 1 1 0.76 0.767857142857143 0.75 0.756696428571429 5 3
1 1 1 1 0.78 0.857142857142857 0.681818181818182 0.794439935064935 8 3
1 1 1 1 0.78 0.767857142857143 0.795454545454545 0.80762987012987 10 3
1 1 1 1 0.77 0.902439024390244 0.677966101694915 0.867300537412154 5 3
1 1 1 1 0.77 0.804878048780488 0.745762711864407 0.799710624224886 8 3
1 1 1 1 0.76 0.804878048780488 0.728813559322034 0.794336502687061 10 3
0.975 0.95 1 0.96875 0.71 0.740740740740741 0.673913043478261 0.764291465378422 5 3
0.975 0.95 1 0.965 0.73 0.666666666666667 0.804347826086957 0.738325281803543 8 3
1 1 1 1 0.72 0.685185185185185 0.760869565217391 0.8329307568438 10 3
1 1 1 1 0.83 0.833333333333333 0.826086956521739 0.855877616747182 5 3
1 1 1 1 0.87 0.907407407407407 0.826086956521739 0.889492753623188 8 3
0.975 0.956521739130435 1 0.973145780051151 0.79 0.740740740740741 0.847826086956522 0.831320450885668 10 3
1 1 1 1 0.86 0.847457627118644 0.878048780487805 0.90223232740802 5 3
0.975 1 0.95 1 0.7 0.677966101694915 0.731707317073171 0.77139313766019 8 3
1 1 1 1 0.83 0.745762711864407 0.951219512195122 0.867300537412154 10 3
1 1 1 1 0.79 0.613636363636364 0.928571428571429 0.78713474025974 5 3
1 1 1 1 0.79 0.613636363636364 0.928571428571429 0.78713474025974 8 3
1 1 1 1 0.79 0.613636363636364 0.928571428571429 0.78713474025974 10 3
1 1 1 1 0.88 0.804347826086957 0.944444444444444 0.886070853462158 5 3
1 1 1 1 0.88 0.804347826086957 0.944444444444444 0.886070853462158 8 3
1 1 1 1 0.88 0.804347826086957 0.944444444444444 0.886070853462158 10 3
1 1 1 1 0.76 0.62 0.9 0.7696 5 3
1 1 1 1 0.7 0.72 0.68 0.7134 8 3
1 1 1 1 0.74 0.58 0.9 0.7596 10 3
1 1 1 1 0.8 0.744186046511628 0.842105263157895 0.891472868217054 5 3
0.975 1 0.954545454545455 1 0.88 0.837209302325581 0.912280701754386 0.898816809465524 8 3
1 1 1 1 0.89 0.86046511627907 0.912280701754386 0.918808649530804 10 3
1 1 1 1 0.75 0.711538461538462 0.791666666666667 0.813701923076923 5 3
1 1 1 1 0.77 0.711538461538462 0.833333333333333 0.846153846153846 8 3
0.975 0.95 1 1 0.8 0.807692307692308 0.791666666666667 0.843349358974359 10 3
1 1 1 1 0.82 0.814814814814815 0.826086956521739 0.854669887278583 5 3
1 1 1 1 0.82 0.833333333333333 0.804347826086957 0.825885668276973 8 3
1 1 1 1 0.82 0.814814814814815 0.826086956521739 0.834138486312399 10 3
1 1 1 1 0.9 0.916666666666667 0.875 0.918125 5 3
1 1 1 1 0.9 0.9 0.9 0.9175 8 3
1 1 1 1 0.88 0.866666666666667 0.9 0.91875 10 3
1 1 1 1 0.84 0.785714285714286 0.879310344827586 0.894499178981938 5 3
1 1 1 1 0.88 0.80952380952381 0.931034482758621 0.882183908045977 8 3
1 1 1 1 0.87 0.80952380952381 0.913793103448276 0.865353037766831 10 3
1 1 1 1 0.81 0.666666666666667 0.913793103448276 0.829638752052545 5 3
1 1 1 1 0.79 0.595238095238095 0.931034482758621 0.786945812807882 8 3
1 1 1 1 0.86 0.714285714285714 0.96551724137931 0.848522167487685 10 3
1 1 1 1 0.83 0.895833333333333 0.769230769230769 0.852163461538462 5 3
1 1 1 1 0.82 0.854166666666667 0.788461538461538 0.824519230769231 8 3
1 1 1 1 0.8 0.854166666666667 0.75 0.811698717948718 10 3
1 1 1 1 0.76 0.576923076923077 0.958333333333333 0.782852564102564 5 3
1 1 1 1 0.73 0.538461538461538 0.9375 0.747195512820513 8 3
1 1 1 1 0.73 0.519230769230769 0.958333333333333 0.775641025641026 10 3
1 1 1 1 0.8 0.74468085106383 0.849056603773585 0.829385788839823 5 3
1 1 1 1 0.8 0.74468085106383 0.849056603773585 0.828984343637094 8 3
1 1 1 1 0.8 0.74468085106383 0.849056603773585 0.829385788839823 10 3
1 1 1 1 0.82 0.763636363636364 0.888888888888889 0.853535353535354 5 3
1 1 1 1 0.84 0.781818181818182 0.911111111111111 0.87030303030303 8 3
1 1 1 1 0.84 0.8 0.888888888888889 0.863434343434343 10 3
1 1 1 1 0.78 0.843137254901961 0.714285714285714 0.775910364145658 5 3
1 1 1 1 0.77 0.784313725490196 0.755102040816326 0.825130052020808 8 3
1 1 1 1 0.82 0.823529411764706 0.816326530612245 0.871948779511805 10 3
1 1 1 1 0.81 0.765957446808511 0.849056603773585 0.859092733841831 5 3
1 1 1 1 0.72 0.659574468085106 0.773584905660377 0.769971898835809 8 3
1 1 1 1 0.79 0.765957446808511 0.811320754716981 0.833400240867122 10 3
1 1 1 1 0.87 0.916666666666667 0.84375 0.938802083333333 5 3
1 1 1 1 0.87 0.916666666666667 0.84375 0.940104166666667 8 3
1 1 1 1 0.87 0.972222222222222 0.8125 0.922743055555556 10 3
1 1 1 1 0.75 0.76 0.74 0.7476 5 3
1 1 1 1 0.83 0.88 0.78 0.8516 8 3
1 1 1 1 0.77 0.84 0.7 0.852 10 3
1 1 1 1 0.83 0.795454545454545 0.857142857142857 0.863027597402597 5 3
1 1 1 1 0.87 0.818181818181818 0.910714285714286 0.862824675324675 8 3
1 1 1 1 0.7 0.795454545454545 0.625 0.712459415584416 10 3
1 1 1 1 0.77 0.647058823529412 0.897959183673469 0.815126050420168 5 3
1 1 1 1 0.82 0.705882352941177 0.938775510204082 0.851940776310524 8 3
1 1 1 1 0.72 0.588235294117647 0.857142857142857 0.7374949979992 10 3
1 1 1 1 0.83 0.744186046511628 0.894736842105263 0.879232966136271 5 3
1 1 1 1 0.83 0.744186046511628 0.894736842105263 0.879232966136271 8 3
1 1 1 1 0.83 0.744186046511628 0.894736842105263 0.879232966136271 10 3
1 1 1 1 0.84 0.727272727272727 0.928571428571429 0.830154220779221 5 3
1 1 1 1 0.86 0.75 0.946428571428571 0.868912337662338 8 3
1 1 1 1 0.87 0.75 0.964285714285714 0.883522727272727 10 3
1 1 1 1 0.85 0.897959183673469 0.803921568627451 0.883153261304522 5 3
1 1 1 1 0.85 0.897959183673469 0.803921568627451 0.883153261304522 8 3
1 1 1 1 0.85 0.897959183673469 0.803921568627451 0.884353741496599 10 3
1 1 1 1 0.78 0.913793103448276 0.595238095238095 0.77504105090312 5 3
1 1 1 1 0.69 0.724137931034483 0.642857142857143 0.713875205254516 8 3
1 1 1 1 0.79 0.879310344827586 0.666666666666667 0.804187192118227 10 3
1 1 1 1 0.83 0.9 0.76 0.8612 5 3
1 1 1 1 0.82 0.88 0.76 0.8226 8 3
1 1 1 1 0.78 0.86 0.7 0.8314 10 3
1 1 1 1 0.82 0.905660377358491 0.723404255319149 0.823163388197511 5 3
1 1 1 1 0.8 0.962264150943396 0.617021276595745 0.827579285427539 8 3
1 1 1 1 0.8 0.905660377358491 0.680851063829787 0.864110798875953 10 3
1 1 1 1 0.63 0.641509433962264 0.617021276595745 0.645925331192292 5 3
1 1 1 1 0.76 0.811320754716981 0.702127659574468 0.812525090325171 8 3
1 1 1 1 0.54 0.528301886792453 0.553191489361702 0.59353673223605 10 3
1 1 1 1 0.72 0.846153846153846 0.583333333333333 0.730769230769231 5 3
1 1 1 1 0.7 0.865384615384615 0.520833333333333 0.716346153846154 8 3
1 1 1 1 0.65 0.846153846153846 0.4375 0.70713141025641 10 3
1 1 1 1 0.83 0.8 0.86 0.846 5 3
1 1 1 1 0.86 0.86 0.86 0.8888 8 3
1 1 1 1 0.82 0.8 0.84 0.8388 10 3
1 1 1 1 0.83 0.816326530612245 0.843137254901961 0.824729891956783 5 3
1 1 1 1 0.82 0.816326530612245 0.823529411764706 0.860344137655062 8 3
1 1 1 1 0.83 0.775510204081633 0.882352941176471 0.849939975990396 10 3
1 1 1 1 0.78 0.795454545454545 0.767857142857143 0.808441558441558 5 3
1 1 1 1 0.78 0.795454545454545 0.767857142857143 0.808847402597403 8 3
1 1 1 1 0.78 0.795454545454545 0.767857142857143 0.808847402597403 10 3
1 1 1 1 0.8 0.769230769230769 0.833333333333333 0.8125 5 3
1 1 1 1 0.76 0.615384615384615 0.916666666666667 0.769831730769231 8 3
1 1 1 1 0.84 0.826923076923077 0.854166666666667 0.834134615384615 10 3
1 1 1 1 0.79 0.7 0.88 0.8106 5 3
1 1 1 1 0.69 0.68 0.7 0.7022 8 3
0.975 1 0.956521739130435 1 0.74 0.7 0.78 0.7642 10 3
1 1 1 1 0.85 0.795454545454545 0.892857142857143 0.841112012987013 5 3
1 1 1 1 0.83 0.772727272727273 0.875 0.839082792207792 8 3
1 1 1 1 0.83 0.772727272727273 0.875 0.839488636363636 10 3
1 1 1 1 0.81 0.808510638297872 0.811320754716981 0.880168606985147 5 3
1 1 1 1 0.82 0.851063829787234 0.792452830188679 0.902850260939382 8 3
1 1 1 1 0.6 0.574468085106383 0.622641509433962 0.671216378964271 10 3
1 1 1 1 0.71 0.654545454545455 0.777777777777778 0.717373737373737 5 3
1 1 1 1 0.67 0.6 0.755555555555556 0.723232323232323 8 3
1 1 1 1 0.72 0.636363636363636 0.822222222222222 0.744242424242424 10 3
1 1 1 1 0.84 0.697674418604651 0.947368421052632 0.842717258261934 5 3
1 1 1 1 0.84 0.697674418604651 0.947368421052632 0.842717258261934 8 3
1 1 1 1 0.84 0.697674418604651 0.947368421052632 0.841493268053855 10 3
1 1 1 1 0.85 0.886363636363636 0.821428571428571 0.853896103896104 5 3
1 1 1 1 0.88 0.909090909090909 0.857142857142857 0.881493506493506 8 3
1 1 1 1 0.83 0.75 0.892857142857143 0.850243506493507 10 3
1 1 1 1 0.76 0.877551020408163 0.647058823529412 0.779911964785914 5 3
1 1 1 1 0.78 0.877551020408163 0.686274509803922 0.812324929971989 8 3
1 1 1 1 0.58 0.551020408163265 0.607843137254902 0.569427771108443 10 3
1 1 1 1 0.82 0.877551020408163 0.764705882352941 0.852741096438576 5 3
1 1 1 1 0.82 0.877551020408163 0.764705882352941 0.852741096438576 8 3
1 1 1 1 0.82 0.877551020408163 0.764705882352941 0.852741096438576 10 3
1 1 1 1 0.83 0.888888888888889 0.760869565217391 0.82487922705314 5 3
1 1 1 1 0.83 0.888888888888889 0.760869565217391 0.865338164251208 8 3
1 1 1 1 0.83 0.888888888888889 0.760869565217391 0.848631239935588 10 3
0.925 0.933333333333333 0.92 0.986666666666667 0.83 0.777777777777778 0.891304347826087 0.909017713365539 5 3
1 1 1 1 0.83 0.796296296296296 0.869565217391304 0.85426731078905 8 3
1 1 1 1 0.81 0.814814814814815 0.804347826086957 0.848429951690821 10 3
1 1 1 1 0.82 0.760869565217391 0.87037037037037 0.871578099838969 5 3
1 1 1 1 0.82 0.760869565217391 0.87037037037037 0.871578099838969 8 3
1 1 1 1 0.8 0.739130434782609 0.851851851851852 0.860507246376812 10 3
1 1 1 1 0.76 0.689655172413793 0.857142857142857 0.802545155993432 5 3
1 1 1 1 0.76 0.672413793103448 0.880952380952381 0.806855500821018 8 3
1 1 1 1 0.77 0.672413793103448 0.904761904761905 0.807881773399015 10 3
1 1 1 1 0.85 0.791666666666667 0.903846153846154 0.857171474358974 5 3
1 1 1 1 0.85 0.791666666666667 0.903846153846154 0.857171474358974 8 3
1 1 1 1 0.85 0.791666666666667 0.903846153846154 0.857171474358974 10 3
1 1 1 1 0.85 0.765957446808511 0.924528301886792 0.852669610598153 5 3
1 1 1 1 0.85 0.765957446808511 0.924528301886792 0.852669610598153 8 3
1 1 1 1 0.85 0.765957446808511 0.924528301886792 0.85989562424729 10 3
1 1 1 1 0.72 0.82 0.62 0.7392 5 3
1 1 1 1 0.82 0.76 0.88 0.8406 8 3
1 1 1 1 0.74 0.7 0.78 0.7864 10 3
1 1 1 1 0.73 0.767857142857143 0.681818181818182 0.754058441558442 5 3
1 1 1 1 0.83 0.857142857142857 0.795454545454545 0.874797077922078 8 3
1 1 1 1 0.67 0.607142857142857 0.75 0.755275974025974 10 3
1 1 1 1 0.67 0.69811320754717 0.638297872340426 0.676635889201124 5 3
0.975 1 0.952380952380952 1 0.69 0.735849056603774 0.638297872340426 0.707145724608591 8 3
1 1 1 1 0.68 0.716981132075472 0.638297872340426 0.714973906061823 10 3
1 1 1 1 0.9 0.795454545454545 0.982142857142857 0.888392857142857 5 3
1 1 1 1 0.9 0.795454545454545 0.982142857142857 0.888392857142857 8 3
1 1 1 1 0.9 0.795454545454545 0.982142857142857 0.888392857142857 10 3
1 1 1 1 0.63 0.6 0.666666666666667 0.631111111111111 5 3
1 1 1 1 0.63 0.6 0.666666666666667 0.631111111111111 8 3
1 1 1 1 0.63 0.6 0.666666666666667 0.631111111111111 10 3
1 1 1 1 0.63 0.593220338983051 0.682926829268293 0.66039685820587 5 3
1 1 1 1 0.63 0.593220338983051 0.682926829268293 0.666804464654816 8 3
1 1 1 1 0.62 0.576271186440678 0.682926829268293 0.654609342703597 10 3
1 1 1 1 0.77 0.8 0.725 0.785833333333333 5 3
1 1 1 1 0.8 0.783333333333333 0.825 0.871041666666667 8 3
1 1 1 1 0.73 0.766666666666667 0.675 0.793333333333333 10 3
1 1 1 1 0.79 0.653846153846154 0.9375 0.832532051282051 5 3
1 1 1 1 0.79 0.653846153846154 0.9375 0.833333333333333 8 3
1 1 1 1 0.79 0.653846153846154 0.9375 0.832932692307692 10 3
1 1 1 1 0.72 0.52 0.92 0.7508 5 3
1 1 1 1 0.7 0.6 0.8 0.7348 8 3
1 1 1 1 0.78 0.6 0.96 0.7934 10 3
1 1 1 1 0.71 0.783333333333333 0.6 0.708541666666667 5 3
0.975 0.941176470588235 1 0.964194373401535 0.75 0.783333333333333 0.7 0.753125 8 3
1 1 1 1 0.75 0.783333333333333 0.7 0.758541666666667 10 3
1 1 1 1 0.75 0.690909090909091 0.822222222222222 0.807474747474747 5 3
1 1 1 1 0.73 0.709090909090909 0.755555555555556 0.778383838383838 8 3
1 1 1 1 0.79 0.763636363636364 0.822222222222222 0.793535353535354 10 3
1 1 1 1 0.8 0.82 0.78 0.8024 5 3
1 1 1 1 0.74 0.72 0.76 0.8112 8 3
1 1 1 1 0.76 0.76 0.76 0.7848 10 3
1 1 1 1 0.81 0.865384615384615 0.75 0.854967948717949 5 3
1 1 1 1 0.86 0.865384615384615 0.854166666666667 0.885416666666667 8 3
1 1 1 1 0.84 0.865384615384615 0.8125 0.884615384615385 10 3
0.975 1 0.952380952380952 1 0.69 0.528301886792453 0.872340425531915 0.711762344439984 5 3
0.975 0.947368421052632 1 1 0.68 0.528301886792453 0.851063829787234 0.725612203934163 8 3
1 1 1 1 0.73 0.622641509433962 0.851063829787234 0.787434765154556 10 3
1 1 1 1 0.87 0.896551724137931 0.833333333333333 0.890394088669951 5 3
1 1 1 1 0.87 0.896551724137931 0.833333333333333 0.890804597701149 8 3
1 1 1 1 0.87 0.896551724137931 0.833333333333333 0.890804597701149 10 3
1 1 1 1 0.73 0.75 0.704545454545455 0.765827922077922 5 3
1 1 1 1 0.76 0.75 0.772727272727273 0.822849025974026 8 3
1 1 1 1 0.76 0.732142857142857 0.795454545454545 0.780641233766234 10 3
1 1 1 1 0.63 0.637931034482759 0.619047619047619 0.644499178981938 5 3
1 1 1 1 0.68 0.568965517241379 0.833333333333333 0.702791461412151 8 3
1 1 1 1 0.61 0.482758620689655 0.785714285714286 0.647783251231527 10 3
1 1 1 1 0.82 0.732142857142857 0.931818181818182 0.845779220779221 5 3
1 1 1 1 0.84 0.767857142857143 0.931818181818182 0.878449675324675 8 3
1 1 1 1 0.87 0.875 0.863636363636364 0.90523538961039 10 3
1 1 1 1 0.79 0.795918367346939 0.784313725490196 0.789315726290516 5 3
1 1 1 1 0.77 0.755102040816326 0.784313725490196 0.785914365746298 8 3
1 1 1 1 0.79 0.795918367346939 0.784313725490196 0.788715486194478 10 3
1 1 1 1 0.8 0.690909090909091 0.933333333333333 0.833737373737374 5 3
1 1 1 1 0.81 0.709090909090909 0.933333333333333 0.833737373737374 8 3
1 1 1 1 0.81 0.709090909090909 0.933333333333333 0.833737373737374 10 3
1 1 1 1 0.81 0.888888888888889 0.675675675675676 0.794723294723295 5 3
1 1 1 1 0.85 0.873015873015873 0.810810810810811 0.839339339339339 8 3
1 1 1 1 0.75 0.920634920634921 0.459459459459459 0.721364221364221 10 3
