1 1 1 1 0.87 0.846153846153846 0.895833333333333 0.866786858974359 5 1
1 1 1 1 0.87 0.846153846153846 0.895833333333333 0.866786858974359 8 1
1 1 1 1 0.86 0.846153846153846 0.875 0.866786858974359 10 1
1 1 1 1 0.83 0.905660377358491 0.74468085106383 0.831593737454837 5 1
1 1 1 1 0.8 0.867924528301887 0.723404255319149 0.800682456844641 8 1
1 1 1 1 0.81 0.886792452830189 0.723404255319149 0.822561220393416 10 1
1 1 1 1 0.78 0.706896551724138 0.880952380952381 0.801724137931034 5 1
1 1 1 1 0.78 0.706896551724138 0.880952380952381 0.801724137931034 8 1
1 1 1 1 0.78 0.706896551724138 0.880952380952381 0.801724137931034 10 1
1 1 1 1 0.79 0.857142857142857 0.741379310344828 0.827791461412151 5 1
1 1 1 1 0.83 0.857142857142857 0.810344827586207 0.86863711001642 8 1
1 1 1 1 0.86 0.833333333333333 0.879310344827586 0.877668308702791 10 1
1 1 1 1 0.84 0.839285714285714 0.840909090909091 0.900974025974026 5 1
1 1 1 1 0.84 0.839285714285714 0.840909090909091 0.90036525974026 8 1
1 1 1 1 0.85 0.839285714285714 0.863636363636364 0.90036525974026 10 1
1 1 1 1 0.78 0.764705882352941 0.795918367346939 0.861144457783113 5 1
1 1 1 1 0.78 0.764705882352941 0.795918367346939 0.860344137655062 8 1
1 1 1 1 0.78 0.764705882352941 0.795918367346939 0.860344137655062 10 1
1 1 1 1 0.82 0.666666666666667 0.961538461538462 0.845753205128205 5 1
1 1 1 1 0.82 0.666666666666667 0.961538461538462 0.83613782051282 8 1
1 1 1 1 0.81 0.666666666666667 0.942307692307692 0.828926282051282 10 1
1 1 1 1 0.68 0.785714285714286 0.545454545454545 0.665584415584416 5 1
1 1 1 1 0.68 0.785714285714286 0.545454545454545 0.665584415584416 8 1
1 1 1 1 0.68 0.785714285714286 0.545454545454545 0.665584415584416 10 1
1 1 1 1 0.9 0.785714285714286 0.982758620689655 0.893267651888342 5 1
1 1 1 1 0.9 0.785714285714286 0.982758620689655 0.913382594417077 8 1
1 1 1 1 0.9 0.785714285714286 0.982758620689655 0.913382594417077 10 1
1 1 1 1 0.89 0.84 0.94 0.89 5 1
1 1 1 1 0.89 0.84 0.94 0.89 8 1
1 1 1 1 0.89 0.84 0.94 0.89 10 1
1 1 1 1 0.84 0.682926829268293 0.949152542372881 0.841876808598594 5 1
1 1 1 1 0.85 0.707317073170732 0.949152542372881 0.853245142620918 8 1
1 1 1 1 0.84 0.682926829268293 0.949152542372881 0.841876808598594 10 1
1 1 1 1 0.76 0.775510204081633 0.745098039215686 0.780912364945978 5 1
1 1 1 1 0.76 0.775510204081633 0.745098039215686 0.780912364945978 8 1
1 1 1 1 0.76 0.775510204081633 0.745098039215686 0.780912364945978 10 1
1 1 1 1 0.85 0.769230769230769 0.9375 0.891826923076923 5 1
1 1 1 1 0.85 0.769230769230769 0.9375 0.88301282051282 8 1
1 1 1 1 0.85 0.769230769230769 0.9375 0.88301282051282 10 1
1 1 1 1 0.84 0.862745098039216 0.816326530612245 0.83953581432573 5 1
1 1 1 1 0.84 0.862745098039216 0.816326530612245 0.83953581432573 8 1
1 1 1 1 0.84 0.862745098039216 0.816326530612245 0.83953581432573 10 1
1 1 1 1 0.84 0.78 0.9 0.8924 5 1
1 1 1 1 0.84 0.78 0.9 0.8924 8 1
1 1 1 1 0.84 0.78 0.9 0.8932 10 1
1 1 1 1 0.81 0.75 0.865384615384615 0.844951923076923 5 1
1 1 1 1 0.82 0.75 0.884615384615385 0.846554487179487 8 1
1 1 1 1 0.82 0.75 0.884615384615385 0.846955128205128 10 1
1 1 1 1 0.83 0.74 0.92 0.8728 5 1
1 1 1 1 0.83 0.74 0.92 0.8738 8 1
1 1 1 1 0.83 0.74 0.92 0.8738 10 1
1 1 1 1 0.77 0.6 0.909090909090909 0.826060606060606 5 1
1 1 1 1 0.76 0.577777777777778 0.909090909090909 0.826060606060606 8 1
1 1 1 1 0.76 0.577777777777778 0.909090909090909 0.826060606060606 10 1
1 1 1 1 0.8 0.659090909090909 0.910714285714286 0.844155844155844 5 1
1 1 1 1 0.81 0.659090909090909 0.928571428571429 0.846185064935065 8 1
1 1 1 1 0.81 0.659090909090909 0.928571428571429 0.833198051948052 10 1
1 1 1 1 0.73 0.724137931034483 0.738095238095238 0.75615763546798 5 1
1 1 1 1 0.66 0.637931034482759 0.69047619047619 0.678571428571429 8 1
1 1 1 1 0.64 0.637931034482759 0.642857142857143 0.677339901477833 10 1
1 1 1 1 0.76 0.761904761904762 0.758620689655172 0.838054187192118 5 1
1 1 1 1 0.72 0.714285714285714 0.724137931034483 0.780377668308703 8 1
1 1 1 1 0.76 0.69047619047619 0.810344827586207 0.8435960591133 10 1
1 1 1 1 0.8 0.82 0.78 0.9084 5 1
1 1 1 1 0.8 0.82 0.78 0.9088 8 1
1 1 1 1 0.8 0.82 0.78 0.9084 10 1
1 1 1 1 0.84 0.767857142857143 0.931818181818182 0.907467532467533 5 1
1 1 1 1 0.84 0.767857142857143 0.931818181818182 0.907467532467533 8 1
1 1 1 1 0.84 0.767857142857143 0.931818181818182 0.907467532467533 10 1
1 1 1 1 0.82 0.847826086956522 0.796296296296296 0.869363929146538 5 1
1 1 1 1 0.82 0.847826086956522 0.796296296296296 0.869363929146538 8 1
1 1 1 1 0.82 0.847826086956522 0.796296296296296 0.870571658615137 10 1
1 1 1 1 0.63 0.677966101694915 0.560975609756098 0.674038859032658 5 1
1 1 1 1 0.69 0.644067796610169 0.75609756097561 0.759198015708971 8 1
1 1 1 1 0.75 0.796610169491525 0.682926829268293 0.812525837122778 10 1
1 1 1 1 0.85 0.829787234042553 0.867924528301887 0.875150541951024 5 1
1 1 1 1 0.85 0.829787234042553 0.867924528301887 0.874347651545564 8 1
1 1 1 1 0.84 0.808510638297872 0.867924528301887 0.875150541951024 10 1
1 1 1 1 0.77 0.833333333333333 0.711538461538462 0.827323717948718 5 1
0.958333333333333 0.928571428571429 1 0.953571428571429 0.85 0.8125 0.884615384615385 0.903044871794872 8 1
1 1 1 1 0.82 0.8125 0.826923076923077 0.855168269230769 10 1
1 1 1 1 0.83 0.851851851851852 0.804347826086957 0.826288244766506 5 1
1 1 1 1 0.83 0.851851851851852 0.804347826086957 0.826288244766506 8 1
1 1 1 1 0.83 0.851851851851852 0.804347826086957 0.826288244766506 10 1
1 1 1 1 0.8 0.826923076923077 0.770833333333333 0.844350961538462 5 1
1 1 1 1 0.8 0.826923076923077 0.770833333333333 0.852163461538462 8 1
1 1 1 1 0.8 0.826923076923077 0.770833333333333 0.852564102564103 10 1
1 1 1 1 0.82 0.884615384615385 0.75 0.907652243589744 5 1
1 1 1 1 0.82 0.884615384615385 0.75 0.907652243589744 8 1
1 1 1 1 0.82 0.884615384615385 0.75 0.907652243589744 10 1
1 1 1 1 0.8 0.755102040816326 0.843137254901961 0.836734693877551 5 1
1 1 1 1 0.81 0.775510204081633 0.843137254901961 0.834333733493397 8 1
1 1 1 1 0.81 0.775510204081633 0.843137254901961 0.834333733493397 10 1
1 1 1 1 0.78 0.673469387755102 0.882352941176471 0.831732693077231 5 1
1 1 1 1 0.78 0.673469387755102 0.882352941176471 0.832132853141257 8 1
1 1 1 1 0.78 0.673469387755102 0.882352941176471 0.832132853141257 10 1
1 1 1 1 0.82 0.793103448275862 0.857142857142857 0.864942528735632 5 1
1 1 1 1 0.82 0.793103448275862 0.857142857142857 0.864942528735632 8 1
1 1 1 1 0.82 0.793103448275862 0.857142857142857 0.864942528735632 10 1
1 1 1 1 0.8 0.807017543859649 0.790697674418605 0.803957568339453 5 1
1 1 1 1 0.8 0.807017543859649 0.790697674418605 0.803957568339453 8 1
1 1 1 1 0.8 0.807017543859649 0.790697674418605 0.803957568339453 10 1
1 1 1 1 0.73 0.627906976744186 0.807017543859649 0.725826193390453 5 1
1 1 1 1 0.73 0.627906976744186 0.807017543859649 0.717462260301918 8 1
1 1 1 1 0.73 0.627906976744186 0.807017543859649 0.728886168910649 10 1
1 1 1 1 0.83 0.87719298245614 0.767441860465116 0.820889432884537 5 1
1 1 1 1 0.83 0.87719298245614 0.767441860465116 0.818849449204406 8 1
1 1 1 1 0.83 0.87719298245614 0.767441860465116 0.820277437780498 10 1
1 1 1 1 0.82 0.814814814814815 0.826086956521739 0.82890499194847 5 1
1 1 1 1 0.82 0.814814814814815 0.826086956521739 0.829307568438003 8 1
1 1 1 1 0.82 0.814814814814815 0.826086956521739 0.829307568438003 10 1
1 1 1 1 0.82 0.716666666666667 0.975 0.869375 5 1
1 1 1 1 0.82 0.716666666666667 0.975 0.869375 8 1
1 1 1 1 0.82 0.716666666666667 0.975 0.8775 10 1
1 1 1 1 0.8 0.707317073170732 0.864406779661017 0.836502687060769 5 1
1 1 1 1 0.81 0.731707317073171 0.864406779661017 0.835055808185201 8 1
1 1 1 1 0.81 0.731707317073171 0.864406779661017 0.835055808185201 10 1
1 1 1 1 0.82 0.784313725490196 0.857142857142857 0.862745098039216 5 1
1 1 1 1 0.82 0.784313725490196 0.857142857142857 0.848339335734294 8 1
1 1 1 1 0.82 0.784313725490196 0.857142857142857 0.847939175670268 10 1
1 1 1 1 0.76 0.521739130434783 0.962962962962963 0.780394524959742 5 1
1 1 1 1 0.76 0.521739130434783 0.962962962962963 0.789452495974235 8 1
1 1 1 1 0.76 0.521739130434783 0.962962962962963 0.779991948470209 10 1
1 1 1 1 0.8 0.795454545454545 0.803571428571429 0.808847402597403 5 1
1 1 1 1 0.8 0.795454545454545 0.803571428571429 0.809253246753247 8 1
1 1 1 1 0.8 0.795454545454545 0.803571428571429 0.806818181818182 10 1
1 1 1 1 0.77 0.64 0.9 0.8176 5 1
1 1 1 1 0.77 0.64 0.9 0.8172 8 1
1 1 1 1 0.77 0.64 0.9 0.8172 10 1
1 1 1 1 0.74 0.647058823529412 0.836734693877551 0.732292917166867 5 1
1 1 1 1 0.74 0.647058823529412 0.836734693877551 0.738295318127251 8 1
1 1 1 1 0.74 0.647058823529412 0.836734693877551 0.732292917166867 10 1
1 1 1 1 0.78 0.672131147540984 0.948717948717949 0.844262295081967 5 1
1 1 1 1 0.78 0.672131147540984 0.948717948717949 0.850357292980244 8 1
1 1 1 1 0.78 0.672131147540984 0.948717948717949 0.850357292980244 10 1
1 1 1 1 0.74 0.645833333333333 0.826923076923077 0.75761217948718 5 1
1 1 1 1 0.74 0.645833333333333 0.826923076923077 0.757211538461539 8 1
1 1 1 1 0.74 0.645833333333333 0.826923076923077 0.757211538461539 10 1
1 1 1 1 0.89 0.825 0.933333333333333 0.941666666666667 5 1
1 1 1 1 0.89 0.825 0.933333333333333 0.94125 8 1
1 1 1 1 0.89 0.825 0.933333333333333 0.94 10 1
1 1 1 1 0.85 0.8 0.890909090909091 0.90020202020202 5 1
1 1 1 1 0.85 0.8 0.890909090909091 0.89979797979798 8 1
1 1 1 1 0.85 0.8 0.890909090909091 0.900606060606061 10 1
1 1 1 1 0.76 0.48936170212766 1 0.74468085106383 5 1
1 1 1 1 0.76 0.48936170212766 1 0.74468085106383 8 1
1 1 1 1 0.76 0.48936170212766 1 0.74468085106383 10 1
1 1 1 1 0.81 0.782608695652174 0.833333333333333 0.849838969404187 5 1
1 1 1 1 0.81 0.782608695652174 0.833333333333333 0.849838969404187 8 1
1 1 1 1 0.81 0.782608695652174 0.833333333333333 0.849838969404187 10 1
1 1 1 1 0.75 0.571428571428571 0.92156862745098 0.796118447378952 5 1
1 1 1 1 0.76 0.591836734693878 0.92156862745098 0.796518607442977 8 1
1 1 1 1 0.75 0.571428571428571 0.92156862745098 0.795718287314926 10 1
1 1 1 1 0.67 0.686274509803922 0.653061224489796 0.683273309323729 5 1
1 1 1 1 0.64 0.647058823529412 0.63265306122449 0.627050820328131 8 1
1 1 1 1 0.55 0.549019607843137 0.551020408163265 0.57843137254902 10 1
1 1 1 1 0.77 0.659574468085106 0.867924528301887 0.787434765154556 5 1
1 1 1 1 0.76 0.659574468085106 0.849056603773585 0.792854275391409 8 1
1 1 1 1 0.77 0.659574468085106 0.867924528301887 0.792854275391409 10 1
1 1 1 1 0.87 0.805555555555556 0.90625 0.898871527777778 5 1
1 1 1 1 0.86 0.777777777777778 0.90625 0.897135416666667 8 1
1 1 1 1 0.87 0.805555555555556 0.90625 0.898871527777778 10 1
1 1 1 1 0.79 0.604166666666667 0.961538461538462 0.838141025641026 5 1
1 1 1 1 0.79 0.604166666666667 0.961538461538462 0.838141025641026 8 1
1 1 1 1 0.8 0.625 0.961538461538462 0.838141025641026 10 1
1 1 1 1 0.63 0.617021276595745 0.641509433962264 0.627258129265355 5 1
0.916666666666667 0.846153846153846 1 0.947552447552448 0.84 0.808510638297872 0.867924528301887 0.863107185869129 8 1
1 1 1 1 0.68 0.787234042553192 0.584905660377358 0.722601364913689 10 1
0.958333333333333 0.923076923076923 1 0.972027972027972 0.77 0.619047619047619 0.879310344827586 0.788998357963875 5 1
1 1 1 1 0.6 0.619047619047619 0.586206896551724 0.622742200328407 8 1
1 1 1 1 0.77 0.738095238095238 0.793103448275862 0.798850574712644 10 1
1 1 1 1 0.86 0.795454545454545 0.910714285714286 0.855113636363636 5 1
1 1 1 1 0.85 0.795454545454545 0.892857142857143 0.854707792207792 8 1
1 1 1 1 0.85 0.795454545454545 0.892857142857143 0.855113636363636 10 1
1 1 1 1 0.82 0.84 0.8 0.8478 5 1
1 1 1 1 0.82 0.84 0.8 0.8478 8 1
1 1 1 1 0.82 0.84 0.8 0.8478 10 1
1 1 1 1 0.87 0.755555555555556 0.963636363636364 0.875757575757576 5 1
1 1 1 1 0.87 0.777777777777778 0.945454545454545 0.884040404040404 8 1
1 1 1 1 0.88 0.822222222222222 0.927272727272727 0.909090909090909 10 1
1 1 1 1 0.78 0.949152542372881 0.536585365853659 0.859859446052088 5 1
1 1 1 1 0.77 0.932203389830508 0.536585365853659 0.86151302190988 8 1
1 1 1 1 0.77 0.932203389830508 0.536585365853659 0.860272840016536 10 1
1 1 1 1 0.79 0.705882352941177 0.877551020408163 0.87515006002401 5 1
1 1 1 1 0.79 0.705882352941177 0.877551020408163 0.87515006002401 8 1
1 1 1 1 0.79 0.705882352941177 0.877551020408163 0.87515006002401 10 1
1 1 1 1 0.86 0.927272727272727 0.777777777777778 0.89979797979798 5 1
1 1 1 1 0.87 0.927272727272727 0.8 0.91010101010101 8 1
1 1 1 1 0.87 0.927272727272727 0.8 0.90020202020202 10 1
1 1 1 1 0.88 0.849056603773585 0.914893617021277 0.877960658370132 5 1
1 1 1 1 0.88 0.849056603773585 0.914893617021277 0.877960658370132 8 1
1 1 1 1 0.88 0.849056603773585 0.914893617021277 0.877960658370132 10 1
1 1 1 1 0.72 0.627450980392157 0.816326530612245 0.739095638255302 5 1
1 1 1 1 0.73 0.627450980392157 0.836734693877551 0.74609843937575 8 1
1 1 1 1 0.73 0.627450980392157 0.836734693877551 0.745698279311725 10 1
1 1 1 1 0.78 0.816326530612245 0.745098039215686 0.778111244497799 5 1
1 1 1 1 0.81 0.795918367346939 0.823529411764706 0.807723089235694 8 1
1 1 1 1 0.78 0.816326530612245 0.745098039215686 0.778111244497799 10 1
1 1 1 1 0.78 0.612244897959184 0.941176470588235 0.861144457783113 5 1
1 1 1 1 0.77 0.612244897959184 0.92156862745098 0.860544217687075 8 1
1 1 1 1 0.77 0.612244897959184 0.92156862745098 0.861144457783113 10 1
1 1 1 1 0.73 0.846153846153846 0.655737704918033 0.816309373686423 5 1
1 1 1 1 0.74 0.846153846153846 0.672131147540984 0.814627994955864 8 1
1 1 1 1 0.73 0.846153846153846 0.655737704918033 0.814627994955864 10 1
1 1 1 1 0.83 0.836734693877551 0.823529411764706 0.877951180472189 5 1
1 1 1 1 0.83 0.836734693877551 0.823529411764706 0.87875150060024 8 1
1 1 1 1 0.83 0.836734693877551 0.823529411764706 0.87875150060024 10 1
1 1 1 1 0.78 0.638297872340426 0.905660377358491 0.783621035728623 5 1
1 1 1 1 0.77 0.638297872340426 0.886792452830189 0.774789241268567 8 1
1 1 1 1 0.77 0.638297872340426 0.886792452830189 0.783621035728623 10 1
1 1 1 1 0.78 0.836734693877551 0.725490196078431 0.823529411764706 5 1
1 1 1 1 0.78 0.836734693877551 0.725490196078431 0.850340136054422 8 1
1 1 1 1 0.78 0.816326530612245 0.745098039215686 0.82953181272509 10 1
1 1 1 1 0.77 0.804347826086957 0.740740740740741 0.793075684380032 5 1
1 1 1 1 0.77 0.804347826086957 0.740740740740741 0.793478260869565 8 1
1 1 1 1 0.78 0.804347826086957 0.759259259259259 0.793075684380032 10 1
1 1 1 1 0.72 0.851851851851852 0.565217391304348 0.756441223832528 5 1
1 1 1 1 0.72 0.851851851851852 0.565217391304348 0.751207729468599 8 1
1 1 1 1 0.72 0.851851851851852 0.565217391304348 0.756441223832528 10 1
1 1 1 1 0.64 0.58974358974359 0.672131147540984 0.677385456073981 5 1
1 1 1 1 0.48 0.512820512820513 0.459016393442623 0.516603614964271 8 1
1 1 1 1 0.89 0.871794871794872 0.901639344262295 0.937368642286675 10 1
1 1 1 1 0.82 0.777777777777778 0.854545454545454 0.858989898989899 5 1
1 1 1 1 0.82 0.866666666666667 0.781818181818182 0.882626262626263 8 1
1 1 1 1 0.72 0.666666666666667 0.763636363636364 0.789494949494949 10 1
1 1 1 1 0.77 0.760869565217391 0.777777777777778 0.808977455716586 5 1
1 1 1 1 0.77 0.760869565217391 0.777777777777778 0.808574879227053 8 1
1 1 1 1 0.77 0.760869565217391 0.777777777777778 0.808977455716586 10 1
1 1 1 1 0.8 0.759259259259259 0.847826086956522 0.806561996779388 5 1
1 1 1 1 0.8 0.759259259259259 0.847826086956522 0.813204508856683 8 1
1 1 1 1 0.8 0.759259259259259 0.847826086956522 0.814613526570048 10 1
1 1 1 1 0.85 0.844827586206897 0.857142857142857 0.876847290640394 5 1
1 1 1 1 0.85 0.844827586206897 0.857142857142857 0.876847290640394 8 1
1 1 1 1 0.85 0.844827586206897 0.857142857142857 0.876847290640394 10 1
1 1 1 1 0.73 0.58 0.88 0.7238 5 1
1 1 1 1 0.73 0.58 0.88 0.7238 8 1
1 1 1 1 0.73 0.58 0.88 0.7246 10 1
1 1 1 1 0.8 0.636363636363636 0.928571428571429 0.796469155844156 5 1
1 1 1 1 0.8 0.636363636363636 0.928571428571429 0.796469155844156 8 1
1 1 1 1 0.8 0.636363636363636 0.928571428571429 0.797077922077922 10 1
1 1 1 1 0.75 0.566037735849057 0.957446808510638 0.816539542352469 5 1
1 1 1 1 0.75 0.566037735849057 0.957446808510638 0.816940987555199 8 1
1 1 1 1 0.75 0.566037735849057 0.957446808510638 0.816940987555199 10 1
1 1 1 1 0.76 0.795918367346939 0.725490196078431 0.774709883953582 5 1
1 1 1 1 0.76 0.795918367346939 0.725490196078431 0.769707883153261 8 1
1 1 1 1 0.76 0.795918367346939 0.725490196078431 0.769707883153261 10 1
1 1 1 1 0.82 0.769230769230769 0.875 0.875801282051282 5 1
1 1 1 1 0.82 0.769230769230769 0.875 0.875400641025641 8 1
1 1 1 1 0.82 0.769230769230769 0.875 0.875400641025641 10 1
1 1 1 1 0.85 0.843137254901961 0.857142857142857 0.861144457783113 5 1
1 1 1 1 0.85 0.843137254901961 0.857142857142857 0.861144457783113 8 1
1 1 1 1 0.85 0.843137254901961 0.857142857142857 0.861144457783113 10 1
1 1 1 1 0.76 0.754716981132076 0.765957446808511 0.760337213970293 5 1
1 1 1 1 0.76 0.754716981132076 0.765957446808511 0.760337213970293 8 1
1 1 1 1 0.76 0.754716981132076 0.765957446808511 0.760337213970293 10 1
1 1 1 1 0.79 0.781818181818182 0.8 0.841414141414141 5 1
1 1 1 1 0.63 0.654545454545455 0.6 0.661212121212121 8 1
1 1 1 1 0.71 0.690909090909091 0.733333333333333 0.745454545454545 10 1
1 1 1 1 0.84 0.723404255319149 0.943396226415094 0.85006021678041 5 1
1 1 1 1 0.84 0.723404255319149 0.943396226415094 0.85006021678041 8 1
1 1 1 1 0.84 0.723404255319149 0.943396226415094 0.85006021678041 10 1
1 1 1 1 0.8 0.785714285714286 0.818181818181818 0.805194805194805 5 1
1 1 1 1 0.8 0.785714285714286 0.818181818181818 0.796672077922078 8 1
1 1 1 1 0.8 0.785714285714286 0.818181818181818 0.816355519480519 10 1
1 1 1 1 0.77 0.636363636363636 0.933333333333333 0.901818181818182 5 1
1 1 1 1 0.77 0.636363636363636 0.933333333333333 0.901414141414141 8 1
1 1 1 1 0.77 0.636363636363636 0.933333333333333 0.901818181818182 10 1
1 1 1 1 0.91 0.942307692307692 0.875 0.915064102564103 5 1
1 1 1 1 0.76 0.730769230769231 0.791666666666667 0.836538461538461 8 1
1 1 1 1 0.93 0.961538461538462 0.895833333333333 0.948317307692308 10 1
1 1 1 1 0.74 0.725490196078431 0.755102040816326 0.753101240496199 5 1
1 1 1 1 0.72 0.725490196078431 0.714285714285714 0.744097639055622 8 1
1 1 1 1 0.72 0.725490196078431 0.714285714285714 0.744497799119648 10 1
1 1 1 1 0.82 0.82 0.82 0.8496 5 1
1 1 1 1 0.83 0.82 0.84 0.8496 8 1
1 1 1 1 0.83 0.82 0.84 0.8496 10 1
1 1 1 1 0.71 0.703703703703704 0.717391304347826 0.710547504025765 5 1
1 1 1 1 0.71 0.703703703703704 0.717391304347826 0.710547504025765 8 1
1 1 1 1 0.71 0.703703703703704 0.717391304347826 0.710547504025765 10 1
1 1 1 1 0.83 0.903846153846154 0.75 0.85556891025641 5 1
1 1 1 1 0.83 0.903846153846154 0.75 0.854967948717949 8 1
1 1 1 1 0.83 0.903846153846154 0.75 0.854967948717949 10 1
1 1 1 1 0.67 0.693877551020408 0.647058823529412 0.723489395758303 5 1
1 1 1 1 0.66 0.591836734693878 0.725490196078431 0.71328531412565 8 1
1 1 1 1 0.67 0.63265306122449 0.705882352941177 0.68547418967587 10 1
1 1 1 1 0.74 0.78 0.7 0.74 5 1
1 1 1 1 0.74 0.78 0.7 0.74 8 1
1 1 1 1 0.74 0.78 0.7 0.74 10 1
1 1 1 1 0.73 0.76 0.7 0.7378 5 1
1 1 1 1 0.72 0.76 0.68 0.7378 8 1
1 1 1 1 0.71 0.76 0.66 0.731 10 1
0.958333333333333 0.923076923076923 1 1 0.8 0.830188679245283 0.765957446808511 0.840626254516258 5 1
1 1 1 1 0.73 0.886792452830189 0.553191489361702 0.773785628261742 8 1
1 1 1 1 0.73 0.773584905660377 0.680851063829787 0.74468085106383 10 1
1 1 1 1 0.83 0.857142857142857 0.795454545454545 0.843344155844156 5 1
1 1 1 1 0.83 0.857142857142857 0.795454545454545 0.843344155844156 8 1
1 1 1 1 0.83 0.857142857142857 0.795454545454545 0.843344155844156 10 1
1 1 1 1 0.84 0.833333333333333 0.847826086956522 0.882045088566828 5 1
1 1 1 1 0.84 0.851851851851852 0.826086956521739 0.884661835748792 8 1
1 1 1 1 0.84 0.851851851851852 0.826086956521739 0.884259259259259 10 1
1 1 1 1 0.85 0.846153846153846 0.854166666666667 0.866185897435897 5 2
1 1 1 1 0.85 0.846153846153846 0.854166666666667 0.866185897435897 8 2
1 1 1 1 0.85 0.846153846153846 0.854166666666667 0.866185897435897 10 2
1 1 1 1 0.81 0.886792452830189 0.723404255319149 0.821356884785227 5 2
1 1 1 1 0.76 0.811320754716981 0.702127659574468 0.792653552790044 8 2
1 1 1 1 0.73 0.679245283018868 0.787234042553192 0.824167001204336 10 2
1 1 1 1 0.78 0.724137931034483 0.857142857142857 0.798645320197044 5 2
1 1 1 1 0.78 0.724137931034483 0.857142857142857 0.799055829228243 8 2
1 1 1 1 0.78 0.724137931034483 0.857142857142857 0.799055829228243 10 2
1 1 1 1 0.85 0.761904761904762 0.913793103448276 0.87192118226601 5 2
1 1 1 1 0.81 0.714285714285714 0.879310344827586 0.835180623973727 8 2
1 1 1 1 0.85 0.857142857142857 0.844827586206897 0.888752052545156 10 2
1 1 1 1 0.85 0.875 0.818181818181818 0.90036525974026 5 2
1 1 1 1 0.85 0.875 0.818181818181818 0.905844155844156 8 2
1 1 1 1 0.85 0.875 0.818181818181818 0.90625 10 2
1 1 1 1 0.78 0.745098039215686 0.816326530612245 0.835534213685474 5 2
1 1 1 1 0.78 0.745098039215686 0.816326530612245 0.836734693877551 8 2
1 1 1 1 0.78 0.745098039215686 0.816326530612245 0.836734693877551 10 2
1 1 1 1 0.84 0.6875 0.980769230769231 0.838942307692308 5 2
1 1 1 1 0.84 0.6875 0.980769230769231 0.8359375 8 2
1 1 1 1 0.81 0.666666666666667 0.942307692307692 0.844751602564103 10 2
1 1 1 1 0.73 0.803571428571429 0.636363636363636 0.729707792207792 5 2
1 1 1 1 0.72 0.803571428571429 0.613636363636364 0.725649350649351 8 2
1 1 1 1 0.74 0.821428571428571 0.636363636363636 0.726258116883117 10 2
1 1 1 1 0.91 0.785714285714286 1 0.916256157635468 5 2
1 1 1 1 0.91 0.785714285714286 1 0.916256157635468 8 2
1 1 1 1 0.91 0.785714285714286 1 0.916256157635468 10 2
1 1 1 1 0.84 0.74 0.94 0.8394 5 2
1 1 1 1 0.84 0.74 0.94 0.8394 8 2
1 1 1 1 0.84 0.74 0.94 0.8394 10 2
1 1 1 1 0.85 0.682926829268293 0.966101694915254 0.841463414634146 5 2
1 1 1 1 0.84 0.707317073170732 0.932203389830508 0.851178172798677 8 2
1 1 1 1 0.85 0.682926829268293 0.966101694915254 0.841463414634146 10 2
1 1 1 1 0.75 0.795918367346939 0.705882352941177 0.758703481392557 5 2
1 1 1 1 0.75 0.775510204081633 0.725490196078431 0.750500200080032 8 2
1 1 1 1 0.75 0.775510204081633 0.725490196078431 0.750500200080032 10 2
1 1 1 1 0.84 0.75 0.9375 0.85176282051282 5 2
1 1 1 1 0.83 0.75 0.916666666666667 0.851362179487179 8 2
1 1 1 1 0.84 0.75 0.9375 0.85176282051282 10 2
1 1 1 1 0.82 0.843137254901961 0.795918367346939 0.827330932372949 5 2
1 1 1 1 0.82 0.843137254901961 0.795918367346939 0.827330932372949 8 2
1 1 1 1 0.84 0.823529411764706 0.857142857142857 0.848739495798319 10 2
1 1 1 1 0.84 0.78 0.9 0.8962 5 2
1 1 1 1 0.84 0.78 0.9 0.8962 8 2
1 1 1 1 0.84 0.78 0.9 0.8962 10 2
1 1 1 1 0.81 0.770833333333333 0.846153846153846 0.850360576923077 5 2
1 1 1 1 0.82 0.791666666666667 0.846153846153846 0.850761217948718 8 2
1 1 1 1 0.82 0.791666666666667 0.846153846153846 0.851161858974359 10 2
1 1 1 1 0.85 0.8 0.9 0.8902 5 2
1 1 1 1 0.83 0.76 0.9 0.8894 8 2
1 1 1 1 0.84 0.78 0.9 0.8898 10 2
1 1 1 1 0.77 0.6 0.909090909090909 0.836363636363636 5 2
1 1 1 1 0.77 0.6 0.909090909090909 0.836363636363636 8 2
1 1 1 1 0.77 0.6 0.909090909090909 0.836363636363636 10 2
1 1 1 1 0.81 0.681818181818182 0.910714285714286 0.858157467532468 5 2
1 1 1 1 0.81 0.681818181818182 0.910714285714286 0.844155844155844 8 2
1 1 1 1 0.81 0.681818181818182 0.910714285714286 0.844155844155844 10 2
1 1 1 1 0.76 0.758620689655172 0.761904761904762 0.776477832512315 5 2
1 1 1 1 0.76 0.758620689655172 0.761904761904762 0.783045977011494 8 2
1 1 1 1 0.76 0.758620689655172 0.761904761904762 0.782635467980295 10 2
1 1 1 1 0.79 0.642857142857143 0.896551724137931 0.848316912972085 5 2
1 1 1 1 0.8 0.738095238095238 0.844827586206897 0.861863711001642 8 2
1 1 1 1 0.68 0.785714285714286 0.603448275862069 0.722495894909688 10 2
1 1 1 1 0.84 0.84 0.84 0.9092 5 2
1 1 1 1 0.84 0.84 0.84 0.9092 8 2
1 1 1 1 0.84 0.84 0.84 0.9092 10 2
1 1 1 1 0.87 0.821428571428571 0.931818181818182 0.918628246753247 5 2
1 1 1 1 0.88 0.839285714285714 0.931818181818182 0.919034090909091 8 2
1 1 1 1 0.88 0.839285714285714 0.931818181818182 0.920454545454545 10 2
1 1 1 1 0.79 0.847826086956522 0.740740740740741 0.851851851851852 5 2
1 1 1 1 0.78 0.826086956521739 0.740740740740741 0.851851851851852 8 2
1 1 1 1 0.78 0.826086956521739 0.740740740740741 0.852657004830918 10 2
0.958333333333333 1 0.909090909090909 0.951048951048951 0.71 0.898305084745763 0.439024390243902 0.719305498139727 5 2
1 1 1 1 0.72 0.898305084745763 0.463414634146341 0.716618437370814 8 2
1 1 1 1 0.76 0.932203389830508 0.51219512195122 0.798057048367094 10 2
1 1 1 1 0.85 0.851063829787234 0.849056603773585 0.862304295463669 5 2
1 1 1 1 0.86 0.851063829787234 0.867924528301887 0.870132476916901 8 2
1 1 1 1 0.86 0.851063829787234 0.867924528301887 0.869128863910076 10 2
1 1 1 1 0.68 0.645833333333333 0.711538461538462 0.669471153846154 5 2
1 1 1 1 0.7 0.6875 0.711538461538462 0.724759615384615 8 2
1 1 1 1 0.82 0.833333333333333 0.807692307692308 0.858573717948718 10 2
1 1 1 1 0.84 0.87037037037037 0.804347826086957 0.844001610305958 5 2
1 1 1 1 0.84 0.87037037037037 0.804347826086957 0.845008051529791 8 2
1 1 1 1 0.84 0.87037037037037 0.804347826086957 0.843599033816425 10 2
1 1 1 1 0.82 0.826923076923077 0.8125 0.852564102564103 5 2
1 1 1 1 0.82 0.826923076923077 0.8125 0.852163461538461 8 2
1 1 1 1 0.82 0.846153846153846 0.791666666666667 0.850961538461538 10 2
1 1 1 1 0.82 0.903846153846154 0.729166666666667 0.900240384615385 5 2
1 1 1 1 0.82 0.903846153846154 0.729166666666667 0.900240384615385 8 2
1 1 1 1 0.82 0.923076923076923 0.708333333333333 0.899439102564103 10 2
1 1 1 1 0.81 0.775510204081633 0.843137254901961 0.845538215286114 5 2
1 1 1 1 0.82 0.795918367346939 0.843137254901961 0.844737895158063 8 2
1 1 1 1 0.82 0.795918367346939 0.843137254901961 0.844737895158063 10 2
1 1 1 1 0.78 0.63265306122449 0.92156862745098 0.833333333333333 5 2
1 1 1 1 0.78 0.63265306122449 0.92156862745098 0.832533013205282 8 2
1 1 1 1 0.78 0.63265306122449 0.92156862745098 0.832533013205282 10 2
1 1 1 1 0.83 0.810344827586207 0.857142857142857 0.863095238095238 5 2
1 1 1 1 0.83 0.810344827586207 0.857142857142857 0.860837438423645 8 2
1 1 1 1 0.83 0.810344827586207 0.857142857142857 0.858990147783251 10 2
1 1 1 1 0.81 0.842105263157895 0.767441860465116 0.802733578131375 5 2
1 1 1 1 0.81 0.842105263157895 0.767441860465116 0.804773561811506 8 2
1 1 1 1 0.81 0.842105263157895 0.767441860465116 0.802733578131375 10 2
1 1 1 1 0.74 0.627906976744186 0.824561403508772 0.74500203998368 5 2
1 1 1 1 0.74 0.627906976744186 0.824561403508772 0.73561811505508 8 2
1 1 1 1 0.74 0.627906976744186 0.824561403508772 0.733986128110975 10 2
1 1 1 1 0.86 0.929824561403509 0.767441860465116 0.84781721746226 5 2
1 1 1 1 0.85 0.929824561403509 0.744186046511628 0.84781721746226 8 2
1 1 1 1 0.87 0.912280701754386 0.813953488372093 0.870257037943696 10 2
1 1 1 1 0.82 0.796296296296296 0.847826086956522 0.817028985507246 5 2
1 1 1 1 0.82 0.796296296296296 0.847826086956522 0.817028985507246 8 2
1 1 1 1 0.82 0.796296296296296 0.847826086956522 0.817028985507246 10 2
1 1 1 1 0.81 0.7 0.975 0.886041666666667 5 2
1 1 1 1 0.81 0.7 0.975 0.886041666666667 8 2
1 1 1 1 0.81 0.7 0.975 0.886041666666667 10 2
1 1 1 1 0.82 0.75609756097561 0.864406779661017 0.817279867713931 5 2
1 1 1 1 0.82 0.75609756097561 0.864406779661017 0.818106655642828 8 2
1 1 1 1 0.81 0.75609756097561 0.847457627118644 0.817279867713931 10 2
1 1 1 1 0.83 0.784313725490196 0.877551020408163 0.839735894357743 5 2
1 1 1 1 0.83 0.784313725490196 0.877551020408163 0.836734693877551 8 2
1 1 1 1 0.83 0.784313725490196 0.877551020408163 0.840136054421769 10 2
1 1 1 1 0.74 0.478260869565217 0.962962962962963 0.780998389694042 5 2
1 1 1 1 0.75 0.5 0.962962962962963 0.781803542673108 8 2
1 1 1 1 0.75 0.5 0.962962962962963 0.784822866344606 10 2
1 1 1 1 0.79 0.75 0.821428571428571 0.811688311688312 5 2
1 1 1 1 0.79 0.75 0.821428571428571 0.812094155844156 8 2
1 1 1 1 0.8 0.772727272727273 0.821428571428571 0.812094155844156 10 2
1 1 1 1 0.77 0.66 0.88 0.78 5 2
1 1 1 1 0.77 0.66 0.88 0.7666 8 2
1 1 1 1 0.77 0.66 0.88 0.7674 10 2
1 1 1 1 0.75 0.705882352941177 0.795918367346939 0.751500600240096 5 2
1 1 1 1 0.76 0.705882352941177 0.816326530612245 0.751500600240096 8 2
1 1 1 1 0.75 0.705882352941177 0.795918367346939 0.751500600240096 10 2
1 1 1 1 0.82 0.737704918032787 0.948717948717949 0.878310214375788 5 2
1 1 1 1 0.82 0.737704918032787 0.948717948717949 0.878730559058428 8 2
1 1 1 1 0.82 0.737704918032787 0.948717948717949 0.878730559058428 10 2
1 1 1 1 0.76 0.666666666666667 0.846153846153846 0.788261217948718 5 2
1 1 1 1 0.76 0.666666666666667 0.846153846153846 0.790665064102564 8 2
1 1 1 1 0.76 0.666666666666667 0.846153846153846 0.790665064102564 10 2
1 1 1 1 0.9 0.8 0.966666666666667 0.895833333333333 5 2
1 1 1 1 0.9 0.8 0.966666666666667 0.895833333333333 8 2
1 1 1 1 0.9 0.8 0.966666666666667 0.906458333333333 10 2
1 1 1 1 0.86 0.8 0.909090909090909 0.892121212121212 5 2
1 1 1 1 0.86 0.8 0.909090909090909 0.892121212121212 8 2
1 1 1 1 0.86 0.8 0.909090909090909 0.891313131313131 10 2
1 1 1 1 0.54 0.0212765957446809 1 0.51063829787234 5 2
1 1 1 1 0.54 0.0212765957446809 1 0.51063829787234 8 2
1 1 1 1 0.54 0.0212765957446809 1 0.51063829787234 10 2
1 1 1 1 0.83 0.826086956521739 0.833333333333333 0.843397745571659 5 2
1 1 1 1 0.83 0.826086956521739 0.833333333333333 0.842592592592592 8 2
1 1 1 1 0.83 0.826086956521739 0.833333333333333 0.842592592592592 10 2
1 1 1 1 0.76 0.591836734693878 0.92156862745098 0.799319727891157 5 2
1 1 1 1 0.76 0.591836734693878 0.92156862745098 0.803521408563425 8 2
1 1 1 1 0.76 0.591836734693878 0.92156862745098 0.801320528211285 10 2
0.916666666666667 1 0.75 0.796875 0.61 0.745098039215686 0.469387755102041 0.594637855142057 5 2
1 1 1 1 0.6 0.647058823529412 0.551020408163265 0.590236094437775 8 2
1 1 1 1 0.66 0.705882352941177 0.612244897959184 0.678271308523409 10 2
1 1 1 1 0.72 0.617021276595745 0.811320754716981 0.781814532316339 5 2
1 1 1 1 0.72 0.617021276595745 0.811320754716981 0.781011641910879 8 2
1 1 1 1 0.72 0.617021276595745 0.811320754716981 0.781413087113609 10 2
1 1 1 1 0.86 0.75 0.921875 0.905164930555556 5 2
1 1 1 1 0.86 0.75 0.921875 0.905381944444444 8 2
1 1 1 1 0.86 0.75 0.921875 0.905381944444444 10 2
1 1 1 1 0.76 0.5625 0.942307692307692 0.793669871794872 5 2
1 1 1 1 0.76 0.583333333333333 0.923076923076923 0.776642628205128 8 2
1 1 1 1 0.76 0.5625 0.942307692307692 0.785456730769231 10 2
1 1 1 1 0.83 0.851063829787234 0.811320754716981 0.837615415495785 5 2
0.958333333333333 0.923076923076923 1 1 0.84 0.787234042553192 0.886792452830189 0.831393014853473 8 2
1 1 1 1 0.71 0.702127659574468 0.716981132075472 0.767763950220795 10 2
1 1 1 1 0.74 0.833333333333333 0.672413793103448 0.790845648604269 5 2
1 1 1 1 0.72 0.666666666666667 0.758620689655172 0.761699507389163 8 2
1 1 1 1 0.55 0.452380952380952 0.620689655172414 0.497126436781609 10 2
1 1 1 1 0.88 0.818181818181818 0.928571428571429 0.882711038961039 5 2
1 1 1 1 0.88 0.818181818181818 0.928571428571429 0.882711038961039 8 2
1 1 1 1 0.88 0.818181818181818 0.928571428571429 0.882711038961039 10 2
1 1 1 1 0.8 0.8 0.8 0.8268 5 2
1 1 1 1 0.81 0.8 0.82 0.8188 8 2
1 1 1 1 0.81 0.8 0.82 0.8264 10 2
1 1 1 1 0.82 0.822222222222222 0.818181818181818 0.851717171717172 5 2
1 1 1 1 0.81 0.777777777777778 0.836363636363636 0.853131313131313 8 2
1 1 1 1 0.85 0.777777777777778 0.909090909090909 0.916565656565657 10 2
1 1 1 1 0.77 0.915254237288136 0.560975609756098 0.842496899545267 5 2
1 1 1 1 0.78 0.932203389830508 0.560975609756098 0.850764778834229 8 2
1 1 1 1 0.78 0.932203389830508 0.560975609756098 0.860686233980984 10 2
1 1 1 1 0.81 0.725490196078431 0.897959183673469 0.87875150060024 5 2
1 1 1 1 0.81 0.725490196078431 0.897959183673469 0.877951180472189 8 2
1 1 1 1 0.81 0.725490196078431 0.897959183673469 0.878351340536215 10 2
1 1 1 1 0.86 0.945454545454545 0.755555555555556 0.914747474747475 5 2
1 1 1 1 0.86 0.945454545454545 0.755555555555556 0.914545454545455 8 2
1 1 1 1 0.87 0.945454545454545 0.777777777777778 0.914949494949495 10 2
1 1 1 1 0.88 0.867924528301887 0.893617021276596 0.897832195905259 5 2
1 1 1 1 0.88 0.867924528301887 0.893617021276596 0.897832195905259 8 2
1 1 1 1 0.88 0.867924528301887 0.893617021276596 0.899237254114813 10 2
1 1 1 1 0.73 0.607843137254902 0.857142857142857 0.737895158063225 5 2
1 1 1 1 0.73 0.607843137254902 0.857142857142857 0.7374949979992 8 2
1 1 1 1 0.73 0.607843137254902 0.857142857142857 0.751500600240096 10 2
1 1 1 1 0.79 0.836734693877551 0.745098039215686 0.832733093237295 5 2
1 1 1 1 0.71 0.755102040816326 0.666666666666667 0.795918367346939 8 2
1 1 1 1 0.82 0.857142857142857 0.784313725490196 0.85234093637455 10 2
1 1 1 1 0.8 0.653061224489796 0.941176470588235 0.886554621848739 5 2
1 1 1 1 0.8 0.653061224489796 0.941176470588235 0.886554621848739 8 2
1 1 1 1 0.8 0.653061224489796 0.941176470588235 0.886554621848739 10 2
1 1 1 1 0.71 0.871794871794872 0.60655737704918 0.791929382093317 5 2
1 1 1 1 0.71 0.871794871794872 0.60655737704918 0.784363177805801 8 2
1 1 1 1 0.71 0.871794871794872 0.60655737704918 0.784783522488441 10 2
1 1 1 1 0.84 0.836734693877551 0.843137254901961 0.877551020408163 5 2
1 1 1 1 0.84 0.836734693877551 0.843137254901961 0.877551020408163 8 2
1 1 1 1 0.84 0.836734693877551 0.843137254901961 0.877951180472189 10 2
1 1 1 1 0.77 0.617021276595745 0.905660377358491 0.753512645523886 5 2
1 1 1 1 0.77 0.617021276595745 0.905660377358491 0.753914090726616 8 2
1 1 1 1 0.77 0.617021276595745 0.905660377358491 0.753512645523886 10 2
1 1 1 1 0.72 0.673469387755102 0.764705882352941 0.807723089235694 5 2
1 1 1 1 0.82 0.775510204081633 0.862745098039216 0.863945578231292 8 2
1 1 1 1 0.84 0.775510204081633 0.901960784313726 0.864545818327331 10 2
1 1 1 1 0.75 0.804347826086957 0.703703703703704 0.788647342995169 5 2
1 1 1 1 0.75 0.804347826086957 0.703703703703704 0.788647342995169 8 2
1 1 1 1 0.75 0.804347826086957 0.703703703703704 0.789049919484702 10 2
1 1 1 1 0.73 0.796296296296296 0.652173913043478 0.742753623188406 5 2
1 1 1 1 0.74 0.796296296296296 0.673913043478261 0.738325281803543 8 2
1 1 1 1 0.72 0.777777777777778 0.652173913043478 0.739533011272142 10 2
1 1 1 1 0.8 0.769230769230769 0.819672131147541 0.854140395124002 5 2
1 1 1 1 0.45 0.435897435897436 0.459016393442623 0.485918453131568 8 2
1 1 1 1 0.65 0.641025641025641 0.655737704918033 0.71500630517024 10 2
1 1 1 1 0.61 0.644444444444444 0.581818181818182 0.613131313131313 5 2
1 1 1 1 0.67 0.711111111111111 0.636363636363636 0.713737373737374 8 2
1 1 1 1 0.7 0.711111111111111 0.690909090909091 0.743838383838384 10 2
1 1 1 1 0.8 0.804347826086957 0.796296296296296 0.814009661835749 5 2
1 1 1 1 0.8 0.804347826086957 0.796296296296296 0.814009661835749 8 2
1 1 1 1 0.8 0.804347826086957 0.796296296296296 0.814009661835749 10 2
1 1 1 1 0.68 0.62962962962963 0.739130434782609 0.729871175523349 5 2
1 1 1 1 0.68 0.62962962962963 0.739130434782609 0.731884057971015 8 2
1 1 1 1 0.68 0.62962962962963 0.739130434782609 0.731481481481482 10 2
1 1 1 1 0.85 0.844827586206897 0.857142857142857 0.875821018062397 5 2
1 1 1 1 0.84 0.827586206896552 0.857142857142857 0.869868637110016 8 2
1 1 1 1 0.83 0.810344827586207 0.857142857142857 0.860016420361248 10 2
1 1 1 1 0.72 0.6 0.84 0.715 5 2
1 1 1 1 0.72 0.6 0.84 0.7146 8 2
1 1 1 1 0.72 0.6 0.84 0.715 10 2
1 1 1 1 0.83 0.704545454545455 0.928571428571429 0.840097402597403 5 2
1 1 1 1 0.83 0.704545454545455 0.928571428571429 0.840097402597403 8 2
1 1 1 1 0.83 0.704545454545455 0.928571428571429 0.840097402597403 10 2
1 1 1 1 0.74 0.547169811320755 0.957446808510638 0.835006021678041 5 2
1 1 1 1 0.74 0.547169811320755 0.957446808510638 0.835407466880771 8 2
1 1 1 1 0.74 0.547169811320755 0.957446808510638 0.835407466880771 10 2
1 1 1 1 0.75 0.755102040816326 0.745098039215686 0.781512605042017 5 2
1 1 1 1 0.75 0.755102040816326 0.745098039215686 0.787915166066427 8 2
1 1 1 1 0.75 0.755102040816326 0.745098039215686 0.781512605042017 10 2
1 1 1 1 0.84 0.788461538461538 0.895833333333333 0.89463141025641 5 2
1 1 1 1 0.83 0.769230769230769 0.895833333333333 0.893830128205128 8 2
1 1 1 1 0.83 0.769230769230769 0.895833333333333 0.893429487179487 10 2
1 1 1 1 0.83 0.823529411764706 0.836734693877551 0.85734293717487 5 2
1 1 1 1 0.83 0.823529411764706 0.836734693877551 0.85734293717487 8 2
1 1 1 1 0.83 0.823529411764706 0.836734693877551 0.85734293717487 10 2
1 1 1 1 0.8 0.773584905660377 0.829787234042553 0.820955439582497 5 2
1 1 1 1 0.7 0.849056603773585 0.531914893617021 0.783018867924528 8 2
1 1 1 1 0.8 0.773584905660377 0.829787234042553 0.828783621035729 10 2
1 1 1 1 0.77 0.854545454545454 0.666666666666667 0.812323232323232 5 2
1 1 1 1 0.59 0.581818181818182 0.6 0.631111111111111 8 2
1 1 1 1 0.64 0.672727272727273 0.6 0.647676767676768 10 2
1 1 1 1 0.83 0.74468085106383 0.905660377358491 0.847049377759936 5 2
1 1 1 1 0.83 0.74468085106383 0.905660377358491 0.847049377759936 8 2
1 1 1 1 0.83 0.74468085106383 0.905660377358491 0.847049377759936 10 2
1 1 1 1 0.79 0.732142857142857 0.863636363636364 0.844358766233766 5 2
1 1 1 1 0.79 0.732142857142857 0.863636363636364 0.844358766233766 8 2
1 1 1 1 0.79 0.732142857142857 0.863636363636364 0.844358766233766 10 2
1 1 1 1 0.78 0.672727272727273 0.911111111111111 0.905050505050505 5 2
1 1 1 1 0.78 0.672727272727273 0.911111111111111 0.903838383838384 8 2
1 1 1 1 0.78 0.672727272727273 0.911111111111111 0.903838383838384 10 2
1 1 1 1 0.85 0.807692307692308 0.895833333333333 0.88301282051282 5 2
0.916666666666667 0.833333333333333 1 0.892361111111111 0.66 0.461538461538462 0.875 0.75801282051282 8 2
1 1 1 1 0.9 0.923076923076923 0.875 0.955328525641026 10 2
1 1 1 1 0.74 0.686274509803922 0.795918367346939 0.761104441776711 5 2
1 1 1 1 0.73 0.686274509803922 0.775510204081633 0.746298519407763 8 2
1 1 1 1 0.73 0.686274509803922 0.775510204081633 0.746298519407763 10 2
1 1 1 1 0.83 0.82 0.84 0.8512 5 2
1 1 1 1 0.83 0.82 0.84 0.8512 8 2
1 1 1 1 0.83 0.82 0.84 0.8512 10 2
1 1 1 1 0.73 0.703703703703704 0.760869565217391 0.75402576489533 5 2
1 1 1 1 0.73 0.703703703703704 0.760869565217391 0.75402576489533 8 2
1 1 1 1 0.73 0.703703703703704 0.760869565217391 0.761070853462158 10 2
1 1 1 1 0.81 0.884615384615385 0.729166666666667 0.844150641025641 5 2
1 1 1 1 0.81 0.884615384615385 0.729166666666667 0.844150641025641 8 2
1 1 1 1 0.81 0.884615384615385 0.729166666666667 0.844150641025641 10 2
1 1 1 1 0.67 0.63265306122449 0.705882352941177 0.7046818727491 5 2
1 1 1 1 0.68 0.63265306122449 0.725490196078431 0.717887154861945 8 2
1 1 1 1 0.7 0.653061224489796 0.745098039215686 0.737695078031212 10 2
1 1 1 1 0.58 0.72 0.44 0.589 5 2
1 1 1 1 0.58 0.72 0.44 0.5864 8 2
1 1 1 1 0.58 0.72 0.44 0.5864 10 2
1 1 1 1 0.67 0.68 0.66 0.6782 5 2
1 1 1 1 0.67 0.68 0.66 0.6786 8 2
1 1 1 1 0.66 0.68 0.64 0.6756 10 2
1 1 1 1 0.84 0.830188679245283 0.851063829787234 0.898835808912084 5 2
1 1 1 1 0.81 0.886792452830189 0.723404255319149 0.866920915295062 8 2
0.958333333333333 0.923076923076923 1 1 0.81 0.849056603773585 0.765957446808511 0.831593737454837 10 2
1 1 1 1 0.83 0.857142857142857 0.795454545454545 0.845373376623377 5 2
1 1 1 1 0.83 0.857142857142857 0.795454545454545 0.843952922077922 8 2
1 1 1 1 0.83 0.857142857142857 0.795454545454545 0.843952922077922 10 2
1 1 1 1 0.82 0.796296296296296 0.847826086956522 0.864734299516908 5 2
1 1 1 1 0.83 0.796296296296296 0.869565217391304 0.865942028985507 8 2
1 1 1 1 0.87 0.833333333333333 0.91304347826087 0.889291465378422 10 2
1 1 1 1 0.86 0.826923076923077 0.895833333333333 0.866786858974359 5 3
1 1 1 1 0.87 0.846153846153846 0.895833333333333 0.866786858974359 8 3
1 1 1 1 0.86 0.826923076923077 0.895833333333333 0.866786858974359 10 3
1 1 1 1 0.77 0.830188679245283 0.702127659574468 0.786431152147732 5 3
1 1 1 1 0.76 0.811320754716981 0.702127659574468 0.8243677238057 8 3
1 1 1 1 0.8 0.867924528301887 0.723404255319149 0.812725812926536 10 3
1 1 1 1 0.76 0.689655172413793 0.857142857142857 0.826149425287356 5 3
1 1 1 1 0.76 0.689655172413793 0.857142857142857 0.818349753694581 8 3
1 1 1 1 0.76 0.689655172413793 0.857142857142857 0.818349753694581 10 3
1 1 1 1 0.6 0.785714285714286 0.46551724137931 0.618226600985222 5 3
1 1 1 1 0.83 0.785714285714286 0.862068965517241 0.835796387520525 8 3
1 1 1 1 0.83 0.857142857142857 0.810344827586207 0.858374384236453 10 3
1 1 1 1 0.82 0.839285714285714 0.795454545454545 0.911525974025974 5 3
1 1 1 1 0.83 0.839285714285714 0.818181818181818 0.911931818181818 8 3
1 1 1 1 0.83 0.839285714285714 0.818181818181818 0.911525974025974 10 3
1 1 1 1 0.78 0.764705882352941 0.795918367346939 0.867146858743497 5 3
1 1 1 1 0.78 0.764705882352941 0.795918367346939 0.867146858743497 8 3
1 1 1 1 0.78 0.764705882352941 0.795918367346939 0.867146858743497 10 3
1 1 1 1 0.81 0.666666666666667 0.942307692307692 0.821514423076923 5 3
1 1 1 1 0.81 0.666666666666667 0.942307692307692 0.820713141025641 8 3
1 1 1 1 0.81 0.666666666666667 0.942307692307692 0.820713141025641 10 3
1 1 1 1 0.71 0.803571428571429 0.590909090909091 0.707183441558442 5 3
1 1 1 1 0.71 0.803571428571429 0.590909090909091 0.706777597402597 8 3
1 1 1 1 0.71 0.803571428571429 0.590909090909091 0.701907467532468 10 3
1 1 1 1 0.89 0.738095238095238 1 0.926929392446634 5 3
1 1 1 1 0.89 0.738095238095238 1 0.926929392446634 8 3
1 1 1 1 0.89 0.738095238095238 1 0.926929392446634 10 3
1 1 1 1 0.85 0.76 0.94 0.85 5 3
1 1 1 1 0.85 0.76 0.94 0.85 8 3
1 1 1 1 0.85 0.76 0.94 0.85 10 3
1 1 1 1 0.84 0.707317073170732 0.932203389830508 0.838776353865234 5 3
1 1 1 1 0.84 0.707317073170732 0.932203389830508 0.825134353038446 8 3
1 1 1 1 0.84 0.707317073170732 0.932203389830508 0.825134353038446 10 3
1 1 1 1 0.76 0.775510204081633 0.745098039215686 0.78671468587435 5 3
1 1 1 1 0.76 0.775510204081633 0.745098039215686 0.78671468587435 8 3
1 1 1 1 0.76 0.775510204081633 0.745098039215686 0.78671468587435 10 3
1 1 1 1 0.85 0.769230769230769 0.9375 0.88301282051282 5 3
1 1 1 1 0.85 0.769230769230769 0.9375 0.88301282051282 8 3
1 1 1 1 0.85 0.769230769230769 0.9375 0.88301282051282 10 3
1 1 1 1 0.62 0.666666666666667 0.571428571428571 0.669467787114846 5 3
1 1 1 1 0.63 0.627450980392157 0.63265306122449 0.66906762705082 8 3
1 1 1 1 0.73 0.705882352941177 0.755102040816326 0.753501400560224 10 3
1 1 1 1 0.84 0.76 0.92 0.8966 5 3
1 1 1 1 0.84 0.76 0.92 0.897 8 3
1 1 1 1 0.84 0.76 0.92 0.8952 10 3
1 1 1 1 0.84 0.729166666666667 0.942307692307692 0.861578525641026 5 3
1 1 1 1 0.84 0.729166666666667 0.942307692307692 0.861578525641026 8 3
1 1 1 1 0.84 0.729166666666667 0.942307692307692 0.861578525641026 10 3
1 1 1 1 0.74 0.58 0.9 0.8028 5 3
1 1 1 1 0.74 0.58 0.9 0.8026 8 3
1 1 1 1 0.74 0.58 0.9 0.8026 10 3
1 1 1 1 0.79 0.644444444444444 0.909090909090909 0.835959595959596 5 3
1 1 1 1 0.78 0.622222222222222 0.909090909090909 0.831111111111111 8 3
1 1 1 1 0.78 0.622222222222222 0.909090909090909 0.836363636363636 10 3
1 1 1 1 0.8 0.659090909090909 0.910714285714286 0.824066558441558 5 3
1 1 1 1 0.8 0.659090909090909 0.910714285714286 0.814123376623377 8 3
1 1 1 1 0.8 0.659090909090909 0.910714285714286 0.824066558441558 10 3
1 1 1 1 0.75 0.758620689655172 0.738095238095238 0.772783251231527 5 3
1 1 1 1 0.76 0.775862068965517 0.738095238095238 0.781609195402299 8 3
1 1 1 1 0.76 0.775862068965517 0.738095238095238 0.782019704433497 10 3
1 1 1 1 0.7 0.619047619047619 0.758620689655172 0.726190476190476 5 3
1 1 1 1 0.63 0.476190476190476 0.741379310344828 0.673645320197044 8 3
1 1 1 1 0.72 0.642857142857143 0.775862068965517 0.732758620689655 10 3
1 1 1 1 0.76 0.74 0.78 0.8028 5 3
1 1 1 1 0.76 0.74 0.78 0.8028 8 3
1 1 1 1 0.76 0.74 0.78 0.8028 10 3
1 1 1 1 0.83 0.767857142857143 0.909090909090909 0.872159090909091 5 3
1 1 1 1 0.83 0.767857142857143 0.909090909090909 0.872159090909091 8 3
1 1 1 1 0.82 0.75 0.909090909090909 0.871753246753247 10 3
1 1 1 1 0.83 0.869565217391304 0.796296296296296 0.841384863123994 5 3
1 1 1 1 0.83 0.869565217391304 0.796296296296296 0.841384863123994 8 3
1 1 1 1 0.83 0.869565217391304 0.796296296296296 0.847826086956522 10 3
1 1 1 1 0.75 0.898305084745763 0.536585365853659 0.731707317073171 5 3
1 1 1 1 0.68 0.728813559322034 0.609756097560976 0.700289375775114 8 3
1 1 1 1 0.73 0.779661016949153 0.658536585365854 0.79020256304258 10 3
1 1 1 1 0.85 0.851063829787234 0.849056603773585 0.868325973504617 5 3
1 1 1 1 0.85 0.851063829787234 0.849056603773585 0.875351264552389 8 3
1 1 1 1 0.85 0.851063829787234 0.849056603773585 0.874548374146929 10 3
1 1 1 1 0.68 0.604166666666667 0.75 0.794871794871795 5 3
1 1 1 1 0.74 0.6875 0.788461538461538 0.775641025641026 8 3
1 1 1 1 0.69 0.666666666666667 0.711538461538462 0.71895032051282 10 3
1 1 1 1 0.83 0.851851851851852 0.804347826086957 0.830112721417069 5 3
1 1 1 1 0.83 0.851851851851852 0.804347826086957 0.830515297906602 8 3
1 1 1 1 0.83 0.851851851851852 0.804347826086957 0.830515297906602 10 3
1 1 1 1 0.8 0.826923076923077 0.770833333333333 0.842948717948718 5 3
1 1 1 1 0.8 0.826923076923077 0.770833333333333 0.842948717948718 8 3
1 1 1 1 0.8 0.826923076923077 0.770833333333333 0.842548076923077 10 3
1 1 1 1 0.82 0.884615384615385 0.75 0.901442307692308 5 3
1 1 1 1 0.82 0.884615384615385 0.75 0.900440705128205 8 3
1 1 1 1 0.82 0.884615384615385 0.75 0.900440705128205 10 3
1 1 1 1 0.81 0.775510204081633 0.843137254901961 0.845738295318127 5 3
1 1 1 1 0.81 0.775510204081633 0.843137254901961 0.845338135254102 8 3
1 1 1 1 0.82 0.775510204081633 0.862745098039216 0.845738295318127 10 3
1 1 1 1 0.79 0.653061224489796 0.92156862745098 0.831932773109244 5 3
1 1 1 1 0.79 0.653061224489796 0.92156862745098 0.834133653461384 8 3
1 1 1 1 0.79 0.653061224489796 0.92156862745098 0.833333333333333 10 3
1 1 1 1 0.81 0.741379310344828 0.904761904761905 0.858374384236453 5 3
1 1 1 1 0.81 0.741379310344828 0.904761904761905 0.851190476190476 8 3
1 1 1 1 0.81 0.741379310344828 0.904761904761905 0.851190476190476 10 3
1 1 1 1 0.83 0.824561403508772 0.837209302325581 0.829457364341085 5 3
1 1 1 1 0.83 0.824561403508772 0.837209302325581 0.829457364341085 8 3
1 1 1 1 0.83 0.824561403508772 0.837209302325581 0.829457364341085 10 3
1 1 1 1 0.72 0.534883720930233 0.859649122807018 0.740718074255406 5 3
1 1 1 1 0.72 0.534883720930233 0.859649122807018 0.741126070991432 8 3
1 1 1 1 0.72 0.534883720930233 0.859649122807018 0.747246022031824 10 3
0.958333333333333 0.9 1 0.992857142857143 0.81 0.87719298245614 0.720930232558139 0.90452876376989 5 3
1 1 1 1 0.88 0.947368421052632 0.790697674418605 0.917788657690738 8 3
1 1 1 1 0.8 0.754385964912281 0.86046511627907 0.85516115871073 10 3
1 1 1 1 0.78 0.759259259259259 0.804347826086957 0.814412238325282 5 3
1 1 1 1 0.78 0.759259259259259 0.804347826086957 0.814412238325282 8 3
1 1 1 1 0.78 0.759259259259259 0.804347826086957 0.814412238325282 10 3
1 1 1 1 0.81 0.7 0.975 0.875 5 3
1 1 1 1 0.81 0.7 0.975 0.875 8 3
1 1 1 1 0.81 0.7 0.975 0.874166666666667 10 3
1 1 1 1 0.8 0.731707317073171 0.847457627118644 0.818933443571724 5 3
1 1 1 1 0.8 0.731707317073171 0.847457627118644 0.818933443571724 8 3
1 1 1 1 0.8 0.731707317073171 0.847457627118644 0.818933443571724 10 3
1 1 1 1 0.82 0.784313725490196 0.857142857142857 0.843737494997999 5 3
1 1 1 1 0.82 0.784313725490196 0.857142857142857 0.843337334933974 8 3
1 1 1 1 0.82 0.784313725490196 0.857142857142857 0.843337334933974 10 3
1 1 1 1 0.74 0.478260869565217 0.962962962962963 0.768719806763285 5 3
1 1 1 1 0.75 0.478260869565217 0.981481481481482 0.769122383252818 8 3
1 1 1 1 0.75 0.478260869565217 0.981481481481482 0.769927536231884 10 3
1 1 1 1 0.77 0.704545454545455 0.821428571428571 0.805397727272727 5 3
1 1 1 1 0.78 0.727272727272727 0.821428571428571 0.805803571428571 8 3
1 1 1 1 0.78 0.727272727272727 0.821428571428571 0.805803571428571 10 3
1 1 1 1 0.77 0.7 0.84 0.7786 5 3
1 1 1 1 0.77 0.7 0.84 0.7806 8 3
1 1 1 1 0.77 0.7 0.84 0.7876 10 3
1 1 1 1 0.71 0.647058823529412 0.775510204081633 0.70828331332533 5 3
1 1 1 1 0.71 0.647058823529412 0.775510204081633 0.70828331332533 8 3
1 1 1 1 0.71 0.647058823529412 0.775510204081633 0.70828331332533 10 3
1 1 1 1 0.77 0.655737704918033 0.948717948717949 0.835855401429172 5 3
1 1 1 1 0.77 0.655737704918033 0.948717948717949 0.842580916351408 8 3
1 1 1 1 0.77 0.655737704918033 0.948717948717949 0.842580916351408 10 3
1 1 1 1 0.73 0.625 0.826923076923077 0.809094551282051 5 3
1 1 1 1 0.73 0.625 0.826923076923077 0.80849358974359 8 3
1 1 1 1 0.73 0.625 0.826923076923077 0.80849358974359 10 3
1 1 1 1 0.89 0.775 0.966666666666667 0.928333333333333 5 3
1 1 1 1 0.89 0.775 0.966666666666667 0.92875 8 3
1 1 1 1 0.9 0.8 0.966666666666667 0.92875 10 3
1 1 1 1 0.84 0.8 0.872727272727273 0.904848484848485 5 3
1 1 1 1 0.83 0.777777777777778 0.872727272727273 0.904848484848485 8 3
1 1 1 1 0.84 0.8 0.872727272727273 0.904848484848485 10 3
1 1 1 1 0.78 0.595744680851064 0.943396226415094 0.796065837013248 5 3
1 1 1 1 0.78 0.531914893617021 1 0.787234042553192 8 3
1 1 1 1 0.79 0.595744680851064 0.962264150943396 0.809112806101967 10 3
1 1 1 1 0.82 0.804347826086957 0.833333333333333 0.81622383252818 5 3
1 1 1 1 0.83 0.826086956521739 0.833333333333333 0.826086956521739 8 3
1 1 1 1 0.82 0.804347826086957 0.833333333333333 0.835748792270531 10 3
1 1 1 1 0.77 0.612244897959184 0.92156862745098 0.797318927571029 5 3
1 1 1 1 0.77 0.612244897959184 0.92156862745098 0.797719087635054 8 3
1 1 1 1 0.77 0.612244897959184 0.92156862745098 0.787715086034414 10 3
1 1 1 1 0.61 0.686274509803922 0.530612244897959 0.632252901160464 5 3
1 1 1 1 0.75 0.764705882352941 0.73469387755102 0.779511804721889 8 3
1 1 1 1 0.74 0.764705882352941 0.714285714285714 0.785514205682273 10 3
1 1 1 1 0.72 0.48936170212766 0.924528301886792 0.763950220794862 5 3
1 1 1 1 0.72 0.48936170212766 0.924528301886792 0.749498193496588 8 3
1 1 1 1 0.74 0.51063829787234 0.943396226415094 0.750301083902047 10 3
1 1 1 1 0.87 0.777777777777778 0.921875 0.898871527777778 5 3
1 1 1 1 0.87 0.777777777777778 0.921875 0.8984375 8 3
1 1 1 1 0.87 0.777777777777778 0.921875 0.8984375 10 3
1 1 1 1 0.79 0.625 0.942307692307692 0.793669871794872 5 3
1 1 1 1 0.79 0.625 0.942307692307692 0.793669871794872 8 3
1 1 1 1 0.79 0.625 0.942307692307692 0.793669871794872 10 3
1 1 1 1 0.77 0.787234042553192 0.754716981132076 0.806302689682858 5 3
1 1 1 1 0.74 0.765957446808511 0.716981132075472 0.807507025291048 8 3
1 1 1 1 0.77 0.659574468085106 0.867924528301887 0.784825371336813 10 3
1 1 1 1 0.78 0.738095238095238 0.810344827586207 0.783456486042693 5 3
1 1 1 1 0.74 0.666666666666667 0.793103448275862 0.759852216748768 8 3
1 1 1 1 0.76 0.738095238095238 0.775862068965517 0.79371921182266 10 3
1 1 1 1 0.82 0.772727272727273 0.857142857142857 0.861201298701299 5 3
1 1 1 1 0.81 0.75 0.857142857142857 0.85450487012987 8 3
1 1 1 1 0.81 0.75 0.857142857142857 0.861201298701299 10 3
1 1 1 1 0.74 0.68 0.8 0.7548 5 3
1 1 1 1 0.74 0.68 0.8 0.762 8 3
1 1 1 1 0.74 0.68 0.8 0.762 10 3
1 1 1 1 0.75 0.577777777777778 0.890909090909091 0.791313131313131 5 3
1 1 1 1 0.78 0.777777777777778 0.781818181818182 0.789292929292929 8 3
1 1 1 1 0.86 0.755555555555556 0.945454545454545 0.886464646464647 10 3
1 1 1 1 0.78 0.915254237288136 0.585365853658537 0.853245142620918 5 3
1 1 1 1 0.81 0.915254237288136 0.658536585365854 0.860272840016536 8 3
1 1 1 1 0.8 0.915254237288136 0.634146341463415 0.859032658123191 10 3
1 1 1 1 0.8 0.725490196078431 0.877551020408163 0.876950780312125 5 3
1 1 1 1 0.81 0.725490196078431 0.897959183673469 0.876150460184074 8 3
1 1 1 1 0.81 0.725490196078431 0.897959183673469 0.876150460184074 10 3
1 1 1 1 0.88 0.927272727272727 0.822222222222222 0.941818181818182 5 3
1 1 1 1 0.88 0.927272727272727 0.822222222222222 0.941414141414141 8 3
1 1 1 1 0.88 0.927272727272727 0.822222222222222 0.941010101010101 10 3
1 1 1 1 0.89 0.924528301886792 0.851063829787234 0.891208350060217 5 3
1 1 1 1 0.88 0.924528301886792 0.829787234042553 0.881774387796066 8 3
1 1 1 1 0.88 0.924528301886792 0.829787234042553 0.891208350060217 10 3
1 1 1 1 0.72 0.627450980392157 0.816326530612245 0.74749899959984 5 3
1 1 1 1 0.72 0.627450980392157 0.816326530612245 0.748299319727891 8 3
1 1 1 1 0.72 0.627450980392157 0.816326530612245 0.741296518607443 10 3
1 1 1 1 0.82 0.836734693877551 0.803921568627451 0.833533413365346 5 3
1 1 1 1 0.76 0.836734693877551 0.686274509803922 0.832733093237295 8 3
1 1 1 1 0.79 0.836734693877551 0.745098039215686 0.797519007603041 10 3
1 1 1 1 0.79 0.673469387755102 0.901960784313726 0.836534613845538 5 3
1 1 1 1 0.79 0.673469387755102 0.901960784313726 0.836734693877551 8 3
1 1 1 1 0.79 0.673469387755102 0.901960784313726 0.836734693877551 10 3
1 1 1 1 0.83 0.871794871794872 0.80327868852459 0.851408154686843 5 3
1 1 1 1 0.83 0.871794871794872 0.80327868852459 0.850567465321564 8 3
1 1 1 1 0.83 0.871794871794872 0.80327868852459 0.850567465321564 10 3
1 1 1 1 0.82 0.836734693877551 0.803921568627451 0.871748699479792 5 3
1 1 1 1 0.82 0.836734693877551 0.803921568627451 0.865346138455382 8 3
1 1 1 1 0.82 0.836734693877551 0.803921568627451 0.872148859543817 10 3
1 1 1 1 0.77 0.595744680851064 0.924528301886792 0.806503412284223 5 3
1 1 1 1 0.76 0.595744680851064 0.905660377358491 0.806904857486953 8 3
1 1 1 1 0.77 0.617021276595745 0.905660377358491 0.806503412284223 10 3
1 1 1 1 0.78 0.693877551020408 0.862745098039216 0.822729091636655 5 3
1 1 1 1 0.86 0.795918367346939 0.92156862745098 0.901160464185674 8 3
1 1 1 1 0.85 0.816326530612245 0.882352941176471 0.908163265306123 10 3
1 1 1 1 0.75 0.717391304347826 0.777777777777778 0.766304347826087 5 3
1 1 1 1 0.75 0.717391304347826 0.777777777777778 0.766304347826087 8 3
1 1 1 1 0.75 0.717391304347826 0.777777777777778 0.766304347826087 10 3
1 1 1 1 0.69 0.777777777777778 0.58695652173913 0.695652173913043 5 3
1 1 1 1 0.69 0.777777777777778 0.58695652173913 0.706119162640902 8 3
1 1 1 1 0.69 0.777777777777778 0.58695652173913 0.704106280193237 10 3
1 1 1 1 0.73 0.512820512820513 0.868852459016393 0.705548549810845 5 3
1 1 1 1 0.7 0.743589743589744 0.672131147540984 0.757461118116856 8 3
1 1 1 1 0.78 0.564102564102564 0.918032786885246 0.78478352248844 10 3
1 1 1 1 0.74 0.8 0.690909090909091 0.782626262626263 5 3
1 1 1 1 0.73 0.866666666666667 0.618181818181818 0.792525252525253 8 3
1 1 1 1 0.82 0.844444444444444 0.8 0.901818181818182 10 3
1 1 1 1 0.79 0.782608695652174 0.796296296296296 0.827495974235105 5 3
1 1 1 1 0.79 0.782608695652174 0.796296296296296 0.827898550724638 8 3
1 1 1 1 0.79 0.782608695652174 0.796296296296296 0.827495974235105 10 3
1 1 1 1 0.7 0.611111111111111 0.804347826086957 0.71719001610306 5 3
1 1 1 1 0.71 0.611111111111111 0.826086956521739 0.714975845410628 8 3
1 1 1 1 0.71 0.611111111111111 0.826086956521739 0.722020933977456 10 3
1 1 1 1 0.81 0.793103448275862 0.833333333333333 0.87192118226601 5 3
1 1 1 1 0.82 0.810344827586207 0.833333333333333 0.863711001642036 8 3
1 1 1 1 0.82 0.810344827586207 0.833333333333333 0.863711001642036 10 3
1 1 1 1 0.77 0.6 0.94 0.7626 5 3
1 1 1 1 0.77 0.6 0.94 0.754 8 3
1 1 1 1 0.77 0.6 0.94 0.754 10 3
1 1 1 1 0.8 0.613636363636364 0.946428571428571 0.828530844155844 5 3
1 1 1 1 0.8 0.613636363636364 0.946428571428571 0.817775974025974 8 3
1 1 1 1 0.8 0.613636363636364 0.946428571428571 0.817775974025974 10 3
1 1 1 1 0.78 0.622641509433962 0.957446808510638 0.852669610598153 5 3
1 1 1 1 0.8 0.641509433962264 0.978723404255319 0.851264552388599 8 3
1 1 1 1 0.8 0.641509433962264 0.978723404255319 0.852067442794059 10 3
1 1 1 1 0.75 0.73469387755102 0.764705882352941 0.79671868747499 5 3
1 1 1 1 0.75 0.73469387755102 0.764705882352941 0.796318527410964 8 3
1 1 1 1 0.75 0.73469387755102 0.764705882352941 0.796318527410964 10 3
1 1 1 1 0.77 0.673076923076923 0.875 0.874599358974359 5 3
1 1 1 1 0.77 0.673076923076923 0.875 0.874599358974359 8 3
1 1 1 1 0.77 0.673076923076923 0.875 0.875 10 3
1 1 1 1 0.86 0.843137254901961 0.877551020408163 0.858343337334934 5 3
1 1 1 1 0.87 0.862745098039216 0.877551020408163 0.866146458583433 8 3
1 1 1 1 0.87 0.862745098039216 0.877551020408163 0.866146458583433 10 3
1 1 1 1 0.78 0.849056603773585 0.702127659574468 0.858289843436371 5 3
1 1 1 1 0.77 0.811320754716981 0.723404255319149 0.831393014853473 8 3
1 1 1 1 0.73 0.849056603773585 0.595744680851064 0.845242874347652 10 3
1 1 1 1 0.78 0.727272727272727 0.844444444444444 0.784444444444444 5 3
1 1 1 1 0.77 0.709090909090909 0.844444444444444 0.784444444444444 8 3
1 1 1 1 0.78 0.727272727272727 0.844444444444444 0.784444444444444 10 3
1 1 1 1 0.83 0.702127659574468 0.943396226415094 0.852870333199518 5 3
1 1 1 1 0.83 0.702127659574468 0.943396226415094 0.852268165395423 8 3
1 1 1 1 0.83 0.702127659574468 0.943396226415094 0.852870333199518 10 3
1 1 1 1 0.76 0.767857142857143 0.75 0.794642857142857 5 3
1 1 1 1 0.76 0.75 0.772727272727273 0.795048701298701 8 3
1 1 1 1 0.76 0.75 0.772727272727273 0.794642857142857 10 3
1 1 1 1 0.81 0.709090909090909 0.933333333333333 0.896969696969697 5 3
1 1 1 1 0.81 0.709090909090909 0.933333333333333 0.895757575757576 8 3
1 1 1 1 0.81 0.709090909090909 0.933333333333333 0.895757575757576 10 3
1 1 1 1 0.9 0.923076923076923 0.875 0.946314102564103 5 3
1 1 1 1 0.95 0.942307692307692 0.958333333333333 0.955128205128205 8 3
1 1 1 1 0.89 0.923076923076923 0.854166666666667 0.93369391025641 10 3
1 1 1 1 0.7 0.705882352941177 0.693877551020408 0.7296918767507 5 3
1 1 1 1 0.68 0.686274509803922 0.673469387755102 0.728491396558623 8 3
1 1 1 1 0.68 0.686274509803922 0.673469387755102 0.728491396558623 10 3
1 1 1 1 0.84 0.8 0.88 0.867 5 3
1 1 1 1 0.84 0.8 0.88 0.8594 8 3
1 1 1 1 0.84 0.8 0.88 0.8666 10 3
1 1 1 1 0.73 0.759259259259259 0.695652173913043 0.727455716586151 5 3
1 1 1 1 0.73 0.759259259259259 0.695652173913043 0.727455716586151 8 3
1 1 1 1 0.73 0.759259259259259 0.695652173913043 0.727455716586151 10 3
1 1 1 1 0.83 0.903846153846154 0.75 0.868189102564103 5 3
1 1 1 1 0.84 0.903846153846154 0.770833333333333 0.868189102564103 8 3
1 1 1 1 0.83 0.903846153846154 0.75 0.868189102564103 10 3
1 1 1 1 0.64 0.63265306122449 0.647058823529412 0.663865546218487 5 3
1 1 1 1 0.6 0.469387755102041 0.725490196078431 0.591436574629852 8 3
1 1 1 1 0.69 0.653061224489796 0.725490196078431 0.691476590636255 10 3
1 1 1 1 0.74 0.74 0.74 0.7492 5 3
1 1 1 1 0.74 0.74 0.74 0.7492 8 3
1 1 1 1 0.74 0.74 0.74 0.7492 10 3
1 1 1 1 0.78 0.8 0.76 0.8264 5 3
1 1 1 1 0.76 0.76 0.76 0.8308 8 3
1 1 1 1 0.77 0.78 0.76 0.8308 10 3
1 1 1 1 0.85 0.867924528301887 0.829787234042553 0.89462063428342 5 3
1 1 1 1 0.67 0.622641509433962 0.723404255319149 0.748896025692493 8 3
1 1 1 1 0.58 0.566037735849057 0.595744680851064 0.614211160176636 10 3
1 1 1 1 0.81 0.857142857142857 0.75 0.853896103896104 5 3
1 1 1 1 0.81 0.857142857142857 0.75 0.853896103896104 8 3
1 1 1 1 0.81 0.857142857142857 0.75 0.853896103896104 10 3
1 1 1 1 0.85 0.814814814814815 0.891304347826087 0.88365539452496 5 3
1 1 1 1 0.85 0.814814814814815 0.891304347826087 0.88365539452496 8 3
1 1 1 1 0.85 0.814814814814815 0.891304347826087 0.88365539452496 10 3
