0.95 0.963636363636364 0.938461538461538 0.993566433566434 0.84 0.854545454545454 0.822222222222222 0.925656565656566 5 1
1 1 1 1 0.8 0.818181818181818 0.777777777777778 0.833333333333333 8 1
1 1 1 1 0.8 0.818181818181818 0.777777777777778 0.841010101010101 10 1
1 1 1 1 0.86 0.894736842105263 0.813953488372093 0.88453692370461 5 1
1 1 1 1 0.85 0.859649122807018 0.837209302325581 0.883516931864545 8 1
1 1 1 1 0.84 0.842105263157895 0.837209302325581 0.850265197878417 10 1
1 1 1 1 0.88 0.910714285714286 0.840909090909091 0.909496753246753 5 1
1 1 1 1 0.84 0.857142857142857 0.818181818181818 0.869521103896104 8 1
1 1 1 1 0.9 0.910714285714286 0.886363636363636 0.926542207792208 10 1
0.925 0.920634920634921 0.929824561403509 0.977722082985241 0.88 0.948275862068966 0.785714285714286 0.942118226600985 5 1
0.933333333333333 0.936507936507937 0.929824561403509 0.978557504873294 0.89 0.948275862068966 0.80952380952381 0.950738916256158 8 1
0.933333333333333 0.936507936507937 0.929824561403509 0.978557504873294 0.9 0.948275862068966 0.833333333333333 0.950738916256158 10 1
0.958333333333333 0.951612903225806 0.96551724137931 0.996941045606229 0.91 0.92156862745098 0.897959183673469 0.962384953981593 5 1
1 1 1 1 0.9 0.882352941176471 0.918367346938776 0.917166866746699 8 1
1 1 1 1 0.93 0.92156862745098 0.938775510204082 0.938375350140056 10 1
1 1 1 1 0.87 0.959183673469388 0.784313725490196 0.878951580632253 5 1
1 1 1 1 0.89 0.959183673469388 0.823529411764706 0.906762705082033 8 1
1 1 1 1 0.89 0.938775510204082 0.843137254901961 0.916766706682673 10 1
0.958333333333333 0.945454545454545 0.969230769230769 0.991328671328671 0.94 0.923076923076923 0.958333333333333 0.988782051282051 5 1
0.975 0.981818181818182 0.969230769230769 0.994685314685315 0.96 0.961538461538462 0.958333333333333 0.985576923076923 8 1
0.991666666666667 1 0.984615384615385 0.99034965034965 0.9 0.903846153846154 0.895833333333333 0.909254807692308 10 1
0.941666666666667 0.95 0.933333333333333 0.988333333333333 0.9 0.846153846153846 0.958333333333333 0.970352564102564 5 1
1 1 1 1 0.82 0.807692307692308 0.833333333333333 0.836538461538461 8 1
1 1 1 1 0.84 0.807692307692308 0.875 0.873798076923077 10 1
0.908333333333333 0.896551724137931 0.919354838709677 0.977474972191324 0.9 0.886792452830189 0.914893617021277 0.977920513849859 5 1
0.966666666666667 0.96551724137931 0.967741935483871 0.991657397107898 0.87 0.811320754716981 0.936170212765957 0.951826575672421 8 1
0.966666666666667 0.96551724137931 0.967741935483871 0.991101223581757 0.87 0.811320754716981 0.936170212765957 0.951023685266961 10 1
0.908333333333333 0.940298507462687 0.867924528301887 0.981413686285553 0.94 0.931034482758621 0.952380952380952 0.992610837438424 5 1
0.925 0.955223880597015 0.886792452830189 0.983666572796395 0.94 0.931034482758621 0.952380952380952 0.991789819376026 8 1
0.916666666666667 0.955223880597015 0.867924528301887 0.984793016051816 0.95 0.948275862068966 0.952380952380952 0.991789819376026 10 1
0.891666666666667 0.916666666666667 0.866666666666667 0.966111111111111 0.88 0.854545454545454 0.911111111111111 0.91030303030303 5 1
0.941666666666667 0.966666666666667 0.916666666666667 0.991944444444444 0.77 0.745454545454545 0.8 0.857373737373737 8 1
0.941666666666667 0.966666666666667 0.916666666666667 0.991666666666667 0.81 0.781818181818182 0.844444444444444 0.875959595959596 10 1
1 1 1 1 0.89 0.911111111111111 0.872727272727273 0.89030303030303 5 1
1 1 1 1 0.88 0.933333333333333 0.836363636363636 0.907070707070707 8 1
1 1 1 1 0.86 0.888888888888889 0.836363636363636 0.894747474747475 10 1
0.958333333333333 0.971014492753623 0.941176470588235 0.991474850809889 0.94 0.956521739130435 0.925925925925926 0.974235104669887 5 1
0.958333333333333 0.971014492753623 0.941176470588235 0.993179880647911 0.94 0.956521739130435 0.925925925925926 0.97061191626409 8 1
0.958333333333333 0.971014492753623 0.941176470588235 0.994032395566922 0.94 0.956521739130435 0.925925925925926 0.969404186795491 10 1
0.908333333333333 0.90625 0.910714285714286 0.972935267857143 0.89 0.857142857142857 0.92156862745098 0.954781912765106 5 1
0.9 0.90625 0.892857142857143 0.975446428571429 0.87 0.857142857142857 0.882352941176471 0.950380152060824 8 1
0.9 0.90625 0.892857142857143 0.975725446428571 0.87 0.857142857142857 0.882352941176471 0.951180472188876 10 1
0.941666666666667 0.907407407407407 0.96969696969697 0.980920314253648 0.9 0.891304347826087 0.907407407407407 0.960547504025765 5 1
0.941666666666667 0.907407407407407 0.96969696969697 0.984848484848485 0.88 0.891304347826087 0.87037037037037 0.95450885668277 8 1
0.941666666666667 0.907407407407407 0.96969696969697 0.984848484848485 0.89 0.891304347826087 0.888888888888889 0.95450885668277 10 1
0.966666666666667 0.966101694915254 0.967213114754098 0.996110030564046 0.88 0.865384615384615 0.895833333333333 0.954727564102564 5 1
1 1 1 1 0.84 0.769230769230769 0.916666666666667 0.866987179487179 8 1
0.991666666666667 0.983050847457627 1 1 0.85 0.75 0.958333333333333 0.875400641025641 10 1
1 1 1 1 0.88 0.949152542372881 0.780487804878049 0.872674658949979 5 1
1 1 1 1 0.88 0.983050847457627 0.731707317073171 0.883009508061182 8 1
1 1 1 1 0.92 0.983050847457627 0.829268292682927 0.900165357585779 10 1
0.966666666666667 0.983050847457627 0.950819672131147 0.985829397054737 0.83 0.893617021276596 0.773584905660377 0.940184664793256 5 1
0.958333333333333 0.966101694915254 0.950819672131147 0.986107252014448 0.85 0.914893617021277 0.792452830188679 0.934965877157768 8 1
0.966666666666667 0.966101694915254 0.967213114754098 0.98666296193387 0.85 0.914893617021277 0.792452830188679 0.934162986752308 10 1
1 1 1 1 0.84 0.865384615384615 0.8125 0.853766025641026 5 1
1 1 1 1 0.81 0.923076923076923 0.6875 0.832932692307692 8 1
1 1 1 1 0.86 0.903846153846154 0.8125 0.900040064102564 10 1
0.933333333333333 0.909090909090909 0.953846153846154 0.976503496503497 0.88 0.851063829787234 0.905660377358491 0.962264150943396 5 1
0.95 0.927272727272727 0.969230769230769 0.981538461538462 0.87 0.829787234042553 0.905660377358491 0.958249698916098 8 1
0.958333333333333 0.927272727272727 0.984615384615385 0.983776223776224 0.87 0.829787234042553 0.905660377358491 0.956242472902449 10 1
1 1 1 1 0.88 0.959183673469388 0.803921568627451 0.888355342136855 5 1
1 1 1 1 0.83 0.918367346938776 0.745098039215686 0.848939575830332 8 1
1 1 1 1 0.85 0.938775510204082 0.764705882352941 0.869547819127651 10 1
0.95 0.936507936507937 0.964912280701754 0.994708994708995 0.87 0.897959183673469 0.843137254901961 0.93797519007603 5 1
0.975 0.968253968253968 0.982456140350877 0.996658312447786 0.86 0.897959183673469 0.823529411764706 0.93797519007603 8 1
1 1 1 1 0.81 0.836734693877551 0.784313725490196 0.845738295318127 10 1
0.975 0.957446808510638 0.986301369863014 0.991547653745264 0.94 0.924528301886792 0.957446808510638 0.975110397430751 5 1
0.983333333333333 0.978723404255319 0.986301369863014 0.993587875255028 0.94 0.924528301886792 0.957446808510638 0.97751906864713 8 1
0.983333333333333 0.978723404255319 0.986301369863014 0.994170795686389 0.93 0.905660377358491 0.957446808510638 0.97751906864713 10 1
0.933333333333333 0.935483870967742 0.931034482758621 0.981646273637375 0.92 0.918367346938776 0.92156862745098 0.969587835134054 5 1
1 1 1 1 0.81 0.795918367346939 0.823529411764706 0.819127651060424 8 1
1 1 1 1 0.85 0.816326530612245 0.882352941176471 0.851540616246499 10 1
1 1 1 1 0.9 0.854166666666667 0.942307692307692 0.914663461538462 5 1
0.991666666666667 0.983870967741935 1 0.990406006674082 0.84 0.791666666666667 0.884615384615385 0.916466346153846 8 1
0.991666666666667 0.983870967741935 1 1 0.86 0.770833333333333 0.942307692307692 0.894030448717949 10 1
0.95 0.936507936507937 0.964912280701754 0.991088833194096 0.91 0.901960784313726 0.918367346938776 0.968787515006002 5 1
0.941666666666667 0.920634920634921 0.964912280701754 0.993038150932888 0.92 0.901960784313726 0.938775510204082 0.972388955582233 8 1
1 1 1 1 0.89 0.882352941176471 0.897959183673469 0.910964385754302 10 1
1 1 1 1 0.89 0.952380952380952 0.844827586206897 0.905993431855501 5 1
1 1 1 1 0.89 0.928571428571429 0.862068965517241 0.927955665024631 8 1
1 1 1 1 0.91 0.928571428571429 0.896551724137931 0.938423645320197 10 1
1 1 1 1 0.89 0.849056603773585 0.936170212765957 0.90606182256122 5 1
1 1 1 1 0.91 0.886792452830189 0.936170212765957 0.916700120433561 8 1
1 1 1 1 0.9 0.867924528301887 0.936170212765957 0.923123243677238 10 1
1 1 1 1 0.74 0.777777777777778 0.709090909090909 0.770707070707071 5 1
1 1 1 1 0.79 0.777777777777778 0.8 0.800808080808081 8 1
1 1 1 1 0.76 0.755555555555556 0.763636363636364 0.761616161616162 10 1
0.975 0.983606557377049 0.966101694915254 0.994165045846068 0.87 0.777777777777778 0.978260869565217 0.957326892109501 5 1
0.975 0.983606557377049 0.966101694915254 0.996943595443179 0.88 0.814814814814815 0.956521739130435 0.949275362318841 8 1
0.975 0.950819672131147 1 0.969158099472076 0.72 0.574074074074074 0.891304347826087 0.791062801932367 10 1
0.958333333333333 0.952380952380952 0.964912280701754 0.981063770537455 0.92 0.895833333333333 0.942307692307692 0.979567307692308 5 1
0.95 0.952380952380952 0.947368421052632 0.983570036201615 0.91 0.875 0.942307692307692 0.977163461538462 8 1
0.95 0.952380952380952 0.947368421052632 0.983570036201615 0.92 0.875 0.961538461538462 0.979166666666667 10 1
0.933333333333333 0.934426229508197 0.932203389830508 0.982217282578494 0.84 0.788461538461538 0.895833333333333 0.939503205128205 5 1
0.925 0.918032786885246 0.932203389830508 0.981939427618783 0.84 0.788461538461538 0.895833333333333 0.938301282051282 8 1
0.925 0.918032786885246 0.932203389830508 0.981939427618783 0.86 0.826923076923077 0.895833333333333 0.937099358974359 10 1
0.941666666666667 0.927272727272727 0.953846153846154 0.987692307692308 0.85 0.833333333333333 0.875 0.951666666666667 5 1
0.941666666666667 0.909090909090909 0.969230769230769 0.987412587412587 0.89 0.866666666666667 0.925 0.955 8 1
1 1 1 1 0.86 0.9 0.8 0.86 10 1
0.966666666666667 0.970149253731343 0.962264150943396 0.992396508025908 0.82 0.930232558139535 0.736842105263158 0.952672378620971 5 1
0.983333333333333 0.985074626865672 0.981132075471698 0.995494226978316 0.83 0.930232558139535 0.754385964912281 0.94124847001224 8 1
1 1 1 1 0.7 0.813953488372093 0.614035087719298 0.774173806609547 10 1
0.975 0.981132075471698 0.970149253731343 0.995494226978316 0.87 0.854545454545454 0.888888888888889 0.948686868686869 5 1
0.975 0.981132075471698 0.970149253731343 0.99943677837229 0.88 0.836363636363636 0.933333333333333 0.94989898989899 8 1
1 1 1 1 0.86 0.854545454545454 0.866666666666667 0.88020202020202 10 1
0.925 0.955882352941177 0.884615384615385 0.984445701357466 0.93 0.942307692307692 0.916666666666667 0.982772435897436 5 1
0.958333333333333 0.970588235294118 0.942307692307692 0.989819004524887 0.91 0.923076923076923 0.895833333333333 0.979567307692308 8 1
0.958333333333333 0.970588235294118 0.942307692307692 0.991233031674208 0.93 0.923076923076923 0.9375 0.97636217948718 10 1
0.9 0.883333333333333 0.916666666666667 0.966944444444444 0.87 0.857142857142857 0.891891891891892 0.96053196053196 5 1
0.933333333333333 0.916666666666667 0.95 0.969444444444444 0.87 0.857142857142857 0.891891891891892 0.966537966537967 8 1
0.941666666666667 0.916666666666667 0.966666666666667 0.967222222222222 0.89 0.873015873015873 0.918918918918919 0.97983697983698 10 1
0.966666666666667 0.984126984126984 0.947368421052632 0.99192425508215 0.85 0.804347826086957 0.888888888888889 0.899355877616747 5 1
0.966666666666667 0.984126984126984 0.947368421052632 0.992759676970203 0.85 0.804347826086957 0.888888888888889 0.905193236714976 8 1
0.966666666666667 0.984126984126984 0.947368421052632 0.992759676970203 0.86 0.826086956521739 0.888888888888889 0.906400966183575 10 1
0.958333333333333 0.944444444444444 0.96969696969697 0.993265993265993 0.94 0.925925925925926 0.956521739130435 0.979066022544283 5 1
1 1 1 1 0.9 0.87037037037037 0.934782608695652 0.917874396135266 8 1
1 1 1 1 0.9 0.851851851851852 0.956521739130435 0.923107890499195 10 1
0.933333333333333 0.946428571428571 0.921875 0.990513392857143 0.87 0.840909090909091 0.892857142857143 0.913961038961039 5 1
0.933333333333333 0.946428571428571 0.921875 0.989397321428571 0.88 0.840909090909091 0.910714285714286 0.920048701298701 8 1
0.933333333333333 0.946428571428571 0.921875 0.989955357142857 0.89 0.840909090909091 0.928571428571429 0.920454545454545 10 1
1 1 1 1 0.9 0.833333333333333 0.961538461538462 0.919871794871795 5 1
1 1 1 1 0.85 0.770833333333333 0.923076923076923 0.876201923076923 8 1
1 1 1 1 0.81 0.8125 0.807692307692308 0.871794871794872 10 1
0.958333333333333 0.982758620689655 0.935483870967742 0.986373748609566 0.86 0.811320754716981 0.914893617021277 0.947009233239663 5 1
0.958333333333333 0.982758620689655 0.935483870967742 0.988042269187987 0.85 0.792452830188679 0.914893617021277 0.942191890806905 8 1
0.966666666666667 0.982758620689655 0.951612903225806 0.989154616240267 0.86 0.811320754716981 0.914893617021277 0.933761541549578 10 1
0.933333333333333 0.936507936507937 0.929824561403509 0.987747145641882 0.9 0.86 0.94 0.9432 5 1
0.933333333333333 0.936507936507937 0.929824561403509 0.987468671679198 0.9 0.86 0.94 0.9444 8 1
0.933333333333333 0.936507936507937 0.929824561403509 0.987747145641882 0.89 0.86 0.92 0.9456 10 1
0.941666666666667 0.954545454545455 0.925925925925926 0.993265993265993 0.89 0.86 0.92 0.966 5 1
0.95 0.954545454545455 0.944444444444444 0.994949494949495 0.88 0.86 0.9 0.9644 8 1
0.95 0.954545454545455 0.944444444444444 0.995791245791246 0.87 0.84 0.9 0.9608 10 1
0.975 0.981481481481482 0.96969696969697 0.995510662177329 0.87 0.851851851851852 0.891304347826087 0.935587761674718 5 1
0.975 0.981481481481482 0.96969696969697 0.996071829405163 0.87 0.87037037037037 0.869565217391304 0.937600644122383 8 1
1 1 1 1 0.89 0.87037037037037 0.91304347826087 0.927536231884058 10 1
1 1 1 1 0.81 0.764705882352941 0.857142857142857 0.840136054421769 5 1
1 1 1 1 0.81 0.764705882352941 0.857142857142857 0.847939175670268 8 1
1 1 1 1 0.81 0.764705882352941 0.857142857142857 0.827531012404962 10 1
0.925 0.931034482758621 0.919354838709677 0.972747497219132 0.9 0.909090909090909 0.888888888888889 0.968888888888889 5 1
0.941666666666667 0.931034482758621 0.951612903225806 0.983036707452725 0.9 0.927272727272727 0.866666666666667 0.970505050505051 8 1
0.941666666666667 0.931034482758621 0.951612903225806 0.981646273637375 0.9 0.909090909090909 0.888888888888889 0.973333333333333 10 1
0.908333333333333 0.898305084745763 0.918032786885246 0.977493748263407 0.9 0.9 0.9 0.9516 5 1
0.916666666666667 0.915254237288136 0.918032786885246 0.980272297860517 0.89 0.9 0.88 0.9484 8 1
1 1 1 1 0.83 0.84 0.82 0.8332 10 1
0.883333333333333 0.904761904761905 0.859649122807018 0.959899749373434 0.92 0.891304347826087 0.944444444444444 0.973832528180354 5 1
0.875 0.888888888888889 0.859649122807018 0.964076858813701 0.92 0.91304347826087 0.925925925925926 0.966988727858293 8 1
0.875 0.888888888888889 0.859649122807018 0.964076858813701 0.92 0.91304347826087 0.925925925925926 0.966988727858293 10 1
0.975 0.96551724137931 0.983870967741935 0.991657397107898 0.83 0.88 0.78 0.9412 5 1
0.983333333333333 0.982758620689655 0.983870967741935 0.994160177975528 0.83 0.92 0.74 0.9376 8 1
0.991666666666667 0.982758620689655 1 0.994716351501668 0.83 0.92 0.74 0.9364 10 1
0.933333333333333 0.932203389830508 0.934426229508197 0.992220061128091 0.91 0.862745098039216 0.959183673469388 0.970388155262105 5 1
0.941666666666667 0.949152542372881 0.934426229508197 0.993053626007224 0.91 0.862745098039216 0.959183673469388 0.97078831532613 8 1
0.941666666666667 0.949152542372881 0.934426229508197 0.993331480966935 0.91 0.862745098039216 0.959183673469388 0.971588635454182 10 1
0.966666666666667 0.96551724137931 0.967741935483871 0.993325917686318 0.91 0.903846153846154 0.916666666666667 0.958333333333333 5 1
0.966666666666667 0.96551724137931 0.967741935483871 0.993882091212458 0.89 0.865384615384615 0.916666666666667 0.959535256410256 8 1
0.966666666666667 0.96551724137931 0.967741935483871 0.993604004449388 0.88 0.884615384615385 0.875 0.959134615384615 10 1
1 1 1 1 0.89 0.816326530612245 0.96078431372549 0.888555422168868 5 1
1 1 1 1 0.87 0.816326530612245 0.92156862745098 0.899359743897559 8 1
1 1 1 1 0.91 0.857142857142857 0.96078431372549 0.919167667066827 10 1
0.941666666666667 0.931034482758621 0.951612903225806 0.982202447163515 0.93 0.903846153846154 0.958333333333333 0.977163461538462 5 1
0.958333333333333 0.948275862068966 0.967741935483871 0.985817575083426 0.91 0.865384615384615 0.958333333333333 0.960336538461538 8 1
0.958333333333333 0.948275862068966 0.967741935483871 0.985817575083426 0.92 0.884615384615385 0.958333333333333 0.961538461538462 10 1
0.95 0.95 0.95 0.991666666666667 0.92 0.884615384615385 0.958333333333333 0.968349358974359 5 1
0.941666666666667 0.95 0.933333333333333 0.992222222222222 0.91 0.884615384615385 0.9375 0.967548076923077 8 1
1 1 1 1 0.88 0.865384615384615 0.895833333333333 0.904246794871795 10 1
0.966666666666667 0.969230769230769 0.963636363636364 0.993846153846154 0.9 0.901960784313726 0.897959183673469 0.953981592637055 5 1
1 1 1 1 0.81 0.725490196078431 0.897959183673469 0.815526210484194 8 1
1 1 1 1 0.8 0.705882352941177 0.897959183673469 0.81312525010004 10 1
1 1 1 1 0.87 0.916666666666667 0.8 0.87875 5 1
1 1 1 1 0.87 0.916666666666667 0.8 0.861666666666667 8 1
1 1 1 1 0.83 0.866666666666667 0.775 0.8825 10 1
1 1 1 1 0.84 0.804347826086957 0.87037037037037 0.846819645732689 5 1
1 1 1 1 0.85 0.782608695652174 0.907407407407407 0.848631239935588 8 1
1 1 1 1 0.85 0.804347826086957 0.888888888888889 0.859702093397746 10 1
0.908333333333333 0.888888888888889 0.924242424242424 0.983164983164983 0.91 0.853658536585366 0.949152542372881 0.973129392310872 5 1
0.908333333333333 0.888888888888889 0.924242424242424 0.984006734006734 0.92 0.878048780487805 0.949152542372881 0.972715998346424 8 1
0.908333333333333 0.888888888888889 0.924242424242424 0.9834455667789 0.91 0.853658536585366 0.949152542372881 0.97354278627532 10 1
1 1 1 1 0.86 0.851851851851852 0.869565217391304 0.908816425120773 5 1
1 1 1 1 0.91 0.888888888888889 0.934782608695652 0.927133655394525 8 1
1 1 1 1 0.88 0.851851851851852 0.91304347826087 0.944444444444444 10 1
0.958333333333333 0.932203389830508 0.983606557377049 0.991108641289247 0.88 0.923076923076923 0.833333333333333 0.969150641025641 5 1
0.958333333333333 0.932203389830508 0.983606557377049 0.992497916087802 0.89 0.903846153846154 0.875 0.966746794871795 8 1
0.958333333333333 0.932203389830508 0.983606557377049 0.992497916087802 0.89 0.903846153846154 0.875 0.967147435897436 10 1
0.908333333333333 0.9375 0.875 0.974051339285714 0.88 0.888888888888889 0.872727272727273 0.972121212121212 5 1
0.916666666666667 0.9375 0.892857142857143 0.975725446428571 0.89 0.888888888888889 0.890909090909091 0.972525252525253 8 1
0.916666666666667 0.9375 0.892857142857143 0.977120535714286 0.91 0.933333333333333 0.890909090909091 0.972525252525253 10 1
0.966666666666667 0.982142857142857 0.953125 0.991908482142857 0.92 0.871794871794872 0.950819672131147 0.944514501891551 5 1
0.966666666666667 0.982142857142857 0.953125 0.9921875 0.91 0.846153846153846 0.950819672131147 0.941572089113073 8 1
0.966666666666667 0.982142857142857 0.953125 0.992466517857143 0.91 0.846153846153846 0.950819672131147 0.941151744430433 10 1
0.95 0.969230769230769 0.927272727272727 0.982657342657343 0.9 0.886363636363636 0.910714285714286 0.965503246753247 5 1
0.916666666666667 0.938461538461538 0.890909090909091 0.984615384615385 0.9 0.909090909090909 0.892857142857143 0.971590909090909 8 1
0.975 0.953846153846154 1 0.972307692307692 0.82 0.772727272727273 0.857142857142857 0.823863636363636 10 1
0.966666666666667 0.968253968253968 0.964912280701754 0.995544416597048 0.83 0.836363636363636 0.822222222222222 0.933737373737374 5 1
1 1 1 1 0.86 0.890909090909091 0.822222222222222 0.868282828282828 8 1
1 1 1 1 0.82 0.836363636363636 0.8 0.861414141414141 10 1
0.95 0.964912280701754 0.936507936507937 0.990253411306043 0.87 0.866666666666667 0.872727272727273 0.945858585858586 5 1
0.95 0.964912280701754 0.936507936507937 0.99192425508215 0.87 0.866666666666667 0.872727272727273 0.950707070707071 8 1
0.95 0.964912280701754 0.936507936507937 0.992202729044834 0.87 0.866666666666667 0.872727272727273 0.94949494949495 10 1
0.941666666666667 0.953125 0.928571428571429 0.983816964285714 0.84 0.784313725490196 0.897959183673469 0.942777110844338 5 1
0.941666666666667 0.953125 0.928571428571429 0.982979910714286 0.87 0.823529411764706 0.918367346938776 0.938775510204082 8 1
0.941666666666667 0.953125 0.928571428571429 0.983537946428571 0.86 0.803921568627451 0.918367346938776 0.938375350140056 10 1
0.916666666666667 0.934426229508197 0.898305084745763 0.985829397054737 0.92 0.897959183673469 0.941176470588235 0.981592637054822 5 1
0.916666666666667 0.934426229508197 0.898305084745763 0.985551542095026 0.92 0.897959183673469 0.941176470588235 0.979191676670668 8 1
0.916666666666667 0.934426229508197 0.898305084745763 0.985829397054737 0.92 0.897959183673469 0.941176470588235 0.977991196478591 10 1
0.925 0.933333333333333 0.916666666666667 0.979722222222222 0.83 0.85 0.816666666666667 0.935833333333333 5 1
0.925 0.933333333333333 0.916666666666667 0.98 0.84 0.85 0.833333333333333 0.936666666666667 8 1
0.916666666666667 0.933333333333333 0.9 0.980555555555556 0.84 0.85 0.833333333333333 0.938333333333333 10 1
1 1 1 1 0.92 0.94 0.9 0.9464 5 1
1 1 1 1 0.9 0.9 0.9 0.9078 8 1
1 1 1 1 0.94 0.96 0.92 0.9434 10 1
0.958333333333333 0.964912280701754 0.952380952380952 0.997772208298524 0.91 0.903846153846154 0.916666666666667 0.975961538461538 5 1
1 1 1 1 0.81 0.75 0.875 0.828525641025641 8 1
1 1 1 1 0.85 0.769230769230769 0.9375 0.862580128205128 10 1
0.966666666666667 0.972602739726027 0.957446808510638 0.99504517633343 0.85 0.915254237288136 0.75609756097561 0.924348904505994 5 1
0.966666666666667 0.972602739726027 0.957446808510638 0.995336636549111 0.85 0.915254237288136 0.75609756097561 0.931376601901612 8 1
0.991666666666667 1 0.978723404255319 1 0.75 0.830508474576271 0.634146341463415 0.751963621331128 10 1
0.95 0.967741935483871 0.931034482758621 0.989154616240267 0.9 0.915254237288136 0.878048780487805 0.956593633732947 5 1
0.95 0.967741935483871 0.931034482758621 0.992491657397108 0.87 0.847457627118644 0.902439024390244 0.947498966515089 8 1
0.958333333333333 0.967741935483871 0.948275862068966 0.992491657397108 0.87 0.847457627118644 0.902439024390244 0.9450186027284 10 1
1 1 1 1 0.9 0.818181818181818 0.964285714285714 0.902191558441558 5 1
0.975 0.981818181818182 0.969230769230769 0.998601398601399 0.93 0.863636363636364 0.982142857142857 0.969561688311688 8 1
1 1 1 1 0.9 0.840909090909091 0.946428571428571 0.892248376623377 10 1
0.941666666666667 0.943661971830986 0.938775510204082 0.98275366484622 0.91 0.964912280701754 0.837209302325581 0.966952264381885 5 1
0.941666666666667 0.943661971830986 0.938775510204082 0.98332854268468 0.91 0.964912280701754 0.837209302325581 0.966952264381885 8 1
0.95 0.957746478873239 0.938775510204082 0.983903420523139 0.9 0.947368421052632 0.837209302325581 0.968584251325989 10 1
0.941666666666667 0.916666666666667 0.966666666666667 0.990555555555556 0.87 0.903846153846154 0.833333333333333 0.94150641025641 5 1
0.958333333333333 0.95 0.966666666666667 0.993888888888889 0.87 0.903846153846154 0.833333333333333 0.933894230769231 8 1
1 1 1 1 0.82 0.884615384615385 0.75 0.858173076923077 10 1
1 1 1 1 0.85 0.833333333333333 0.865384615384615 0.898036858974359 5 1
1 1 1 1 0.86 0.875 0.846153846153846 0.911458333333333 8 1
1 1 1 1 0.87 0.875 0.865384615384615 0.904647435897436 10 1
1 1 1 1 0.92 0.882352941176471 0.959183673469388 0.92797118847539 5 1
0.991666666666667 1 0.981481481481482 0.988636363636364 0.86 0.843137254901961 0.877551020408163 0.905562224889956 8 1
1 1 1 1 0.93 0.882352941176471 0.979591836734694 0.928371348539416 10 1
0.966666666666667 0.985074626865672 0.943396226415094 0.989017178259645 0.82 0.773584905660377 0.872340425531915 0.934564431955038 5 1
0.966666666666667 0.985074626865672 0.943396226415094 0.991833286398198 0.83 0.773584905660377 0.893617021276596 0.951826575672421 8 1
1 1 1 1 0.85 0.811320754716981 0.893617021276596 0.869128863910076 10 1
0.975 0.982456140350877 0.968253968253968 0.994152046783626 0.95 0.952380952380952 0.948275862068966 0.978653530377668 5 1
0.975 0.982456140350877 0.968253968253968 0.994708994708995 0.95 0.952380952380952 0.948275862068966 0.979474548440066 8 1
0.975 0.982456140350877 0.968253968253968 0.995265942634364 0.95 0.952380952380952 0.948275862068966 0.980706075533662 10 1
0.925 0.901960784313726 0.942028985507246 0.96845694799659 0.91 0.892857142857143 0.931818181818182 0.939935064935065 5 1
0.95 0.901960784313726 0.985507246376812 0.977550440466041 0.89 0.875 0.909090909090909 0.922483766233766 8 1
0.941666666666667 0.901960784313726 0.971014492753623 0.978118783745382 0.9 0.875 0.931818181818182 0.928571428571429 10 1
0.975 0.984615384615385 0.963636363636364 0.984895104895105 0.89 0.914893617021277 0.867924528301887 0.950220794861501 5 1
0.975 0.984615384615385 0.963636363636364 0.985734265734266 0.89 0.914893617021277 0.867924528301887 0.941790445604175 8 1
0.975 0.984615384615385 0.963636363636364 0.986293706293706 0.89 0.914893617021277 0.867924528301887 0.940184664793256 10 1
0.941666666666667 0.953846153846154 0.927272727272727 0.987412587412587 0.93 0.96078431372549 0.897959183673469 0.978391356542617 5 1
0.966666666666667 0.953846153846154 0.981818181818182 0.991888111888112 0.92 0.941176470588235 0.897959183673469 0.977991196478591 8 1
0.975 0.969230769230769 0.981818181818182 0.991608391608392 0.92 0.941176470588235 0.897959183673469 0.976790716286515 10 1
1 1 1 1 0.81 0.764705882352941 0.857142857142857 0.828731492597039 5 1
1 1 1 1 0.86 0.862745098039216 0.857142857142857 0.875950380152061 8 1
1 1 1 1 0.78 0.784313725490196 0.775510204081633 0.821728691476591 10 1
0.958333333333333 0.964285714285714 0.953125 0.989397321428571 0.84 0.86 0.82 0.9336 5 1
0.958333333333333 0.964285714285714 0.953125 0.989676339285714 0.84 0.86 0.82 0.9372 8 1
0.958333333333333 0.964285714285714 0.953125 0.989955357142857 0.85 0.86 0.84 0.9376 10 1
0.916666666666667 0.916666666666667 0.916666666666667 0.982777777777778 0.87 0.84 0.9 0.9424 5 1
0.933333333333333 0.933333333333333 0.933333333333333 0.988611111111111 0.9 0.86 0.94 0.9548 8 1
0.941666666666667 0.933333333333333 0.95 0.990555555555556 0.9 0.86 0.94 0.9556 10 1
1 1 1 1 0.93 0.901639344262295 0.974358974358974 0.936317780580076 5 1
1 1 1 1 0.89 0.852459016393443 0.948717948717949 0.923917612442202 8 1
1 1 1 1 0.91 0.885245901639344 0.948717948717949 0.947667087011349 10 1
0.95 0.951612903225806 0.948275862068966 0.991379310344828 0.89 1 0.788461538461538 0.966746794871795 5 1
0.95 0.951612903225806 0.948275862068966 0.994160177975528 0.9 0.979166666666667 0.826923076923077 0.959535256410256 8 1
0.95 0.951612903225806 0.948275862068966 0.994160177975528 0.9 0.979166666666667 0.826923076923077 0.959935897435897 10 1
0.95 0.945454545454545 0.953846153846154 0.984615384615385 0.9 0.918367346938776 0.882352941176471 0.953981592637055 5 1
0.958333333333333 0.945454545454545 0.969230769230769 0.987692307692308 0.9 0.918367346938776 0.882352941176471 0.957583033213285 8 1
1 1 1 1 0.8 0.857142857142857 0.745098039215686 0.851140456182473 10 1
0.95 0.955882352941177 0.942307692307692 0.980203619909502 0.91 0.906976744186046 0.912280701754386 0.966544267645859 5 1
0.966666666666667 0.985294117647059 0.942307692307692 0.984162895927602 0.92 0.906976744186046 0.929824561403509 0.982048143614851 8 1
0.966666666666667 0.985294117647059 0.942307692307692 0.984162895927602 0.92 0.906976744186046 0.929824561403509 0.982048143614851 10 1
0.966666666666667 0.943396226415094 0.985074626865672 0.99464939453675 0.88 0.836734693877551 0.92156862745098 0.95078031212485 5 1
1 1 1 1 0.86 0.836734693877551 0.882352941176471 0.853141256502601 8 1
1 1 1 1 0.84 0.836734693877551 0.843137254901961 0.879951980792317 10 1
1 1 1 1 0.87 0.836734693877551 0.901960784313726 0.87515006002401 5 1
1 1 1 1 0.91 0.897959183673469 0.92156862745098 0.914365746298519 8 1
1 1 1 1 0.85 0.836734693877551 0.862745098039216 0.88015206082433 10 1
0.966666666666667 0.964912280701754 0.968253968253968 0.992759676970203 0.89 0.86046511627907 0.912280701754386 0.973480212158303 5 1
0.966666666666667 0.964912280701754 0.968253968253968 0.993595098858257 0.9 0.883720930232558 0.912280701754386 0.973480212158303 8 1
0.966666666666667 0.964912280701754 0.968253968253968 0.99443052074631 0.9 0.883720930232558 0.912280701754386 0.972664218686251 10 1
1 1 1 1 0.89 0.901960784313726 0.877551020408163 0.896758703481392 5 1
1 1 1 1 0.81 0.843137254901961 0.775510204081633 0.879151660664266 8 1
1 1 1 1 0.89 0.901960784313726 0.877551020408163 0.92797118847539 10 1
0.941666666666667 0.935483870967742 0.948275862068966 0.990823136818687 0.88 0.916666666666667 0.846153846153846 0.935897435897436 5 1
0.958333333333333 0.967741935483871 0.948275862068966 0.993325917686318 0.87 0.875 0.865384615384615 0.935897435897436 8 1
0.966666666666667 0.967741935483871 0.96551724137931 0.994160177975528 0.86 0.875 0.846153846153846 0.930689102564103 10 1
0.933333333333333 0.932203389830508 0.934426229508197 0.981661572659072 0.95 0.978260869565217 0.925925925925926 0.98792270531401 5 1
0.941666666666667 0.932203389830508 0.950819672131147 0.98388441233676 0.94 0.956521739130435 0.925925925925926 0.988727858293076 8 1
0.95 0.949152542372881 0.950819672131147 0.984162267296471 0.94 0.956521739130435 0.925925925925926 0.988727858293076 10 1
0.958333333333333 0.963636363636364 0.953846153846154 0.993846153846154 0.89 0.928571428571429 0.840909090909091 0.939935064935065 5 1
0.958333333333333 0.963636363636364 0.953846153846154 0.997202797202797 0.88 0.892857142857143 0.863636363636364 0.915584415584416 8 1
1 1 1 1 0.84 0.875 0.795454545454545 0.849837662337662 10 1
0.991666666666667 1 0.982758620689655 0.995272525027809 0.9 0.86 0.94 0.968 5 1
1 1 1 1 0.89 0.82 0.96 0.9168 8 1
1 1 1 1 0.87 0.8 0.94 0.9018 10 1
0.941666666666667 0.92 0.957142857142857 0.986 0.84 0.784313725490196 0.897959183673469 0.942376950780312 5 1
0.95 0.94 0.957142857142857 0.988 0.84 0.784313725490196 0.897959183673469 0.940376150460184 8 1
0.941666666666667 0.92 0.957142857142857 0.989428571428571 0.86 0.823529411764706 0.897959183673469 0.94077631052421 10 1
0.966666666666667 0.963636363636364 0.969230769230769 0.993286713286713 0.86 0.892857142857143 0.818181818181818 0.934659090909091 5 1
1 1 1 1 0.85 0.857142857142857 0.840909090909091 0.877435064935065 8 1
1 1 1 1 0.72 0.714285714285714 0.727272727272727 0.810470779220779 10 1
0.95 0.963636363636364 0.938461538461538 0.993286713286713 0.83 0.836363636363636 0.822222222222222 0.926868686868687 5 2
1 1 1 1 0.85 0.890909090909091 0.8 0.833939393939394 8 2
1 1 1 1 0.8 0.872727272727273 0.711111111111111 0.826666666666667 10 2
1 1 1 1 0.83 0.842105263157895 0.813953488372093 0.876376988984088 5 2
1 1 1 1 0.87 0.859649122807018 0.883720930232558 0.902488780089759 8 2
1 1 1 1 0.87 0.87719298245614 0.86046511627907 0.90922072623419 10 2
1 1 1 1 0.87 0.910714285714286 0.818181818181818 0.908279220779221 5 2
1 1 1 1 0.93 0.946428571428571 0.909090909090909 0.947849025974026 8 2
1 1 1 1 0.94 0.946428571428571 0.931818181818182 0.936079545454545 10 2
0.925 0.920634920634921 0.929824561403509 0.979392926761348 0.88 0.948275862068966 0.785714285714286 0.940886699507389 5 2
0.933333333333333 0.936507936507937 0.929824561403509 0.981620718462824 0.89 0.948275862068966 0.80952380952381 0.94991789819376 8 2
0.933333333333333 0.936507936507937 0.929824561403509 0.98078529657477 0.9 0.948275862068966 0.833333333333333 0.950328407224959 10 2
1 1 1 1 0.89 0.882352941176471 0.897959183673469 0.94297719087635 5 2
1 1 1 1 0.9 0.901960784313726 0.897959183673469 0.893957583033213 8 2
1 1 1 1 0.89 0.862745098039216 0.918367346938776 0.915366146458583 10 2
0.991666666666667 1 0.981481481481482 0.998316498316498 0.86 0.959183673469388 0.764705882352941 0.878351340536214 5 2
1 1 1 1 0.9 0.979591836734694 0.823529411764706 0.900960384153662 8 2
1 1 1 1 0.9 0.959183673469388 0.843137254901961 0.926170468187275 10 2
0.958333333333333 0.945454545454545 0.969230769230769 0.990769230769231 0.92 0.903846153846154 0.9375 0.985977564102564 5 2
0.975 0.981818181818182 0.969230769230769 0.993846153846154 0.95 0.942307692307692 0.958333333333333 0.986378205128205 8 2
1 1 1 1 0.78 0.826923076923077 0.729166666666667 0.818509615384615 10 2
0.941666666666667 0.95 0.933333333333333 0.988333333333333 0.89 0.826923076923077 0.958333333333333 0.967548076923077 5 2
1 1 1 1 0.84 0.788461538461538 0.895833333333333 0.85136217948718 8 2
1 1 1 1 0.84 0.826923076923077 0.854166666666667 0.896233974358974 10 2
0.925 0.913793103448276 0.935483870967742 0.983314794215795 0.9 0.886792452830189 0.914893617021277 0.961461260537937 5 2
0.95 0.931034482758621 0.967741935483871 0.988876529477197 0.93 0.924528301886792 0.936170212765957 0.951425130469691 8 2
0.95 0.931034482758621 0.967741935483871 0.989710789766407 0.91 0.886792452830189 0.936170212765957 0.951425130469691 10 2
0.908333333333333 0.940298507462687 0.867924528301887 0.981976907913264 0.94 0.931034482758621 0.952380952380952 0.993021346469622 5 2
0.925 0.955223880597015 0.886792452830189 0.984793016051816 0.92 0.896551724137931 0.952380952380952 0.991379310344828 8 2
0.925 0.955223880597015 0.886792452830189 0.984793016051816 0.94 0.931034482758621 0.952380952380952 0.990968801313629 10 2
0.9 0.933333333333333 0.866666666666667 0.966111111111111 0.87 0.836363636363636 0.911111111111111 0.912323232323232 5 2
0.941666666666667 0.966666666666667 0.916666666666667 0.991944444444444 0.81 0.781818181818182 0.844444444444444 0.862222222222222 8 2
0.941666666666667 0.966666666666667 0.916666666666667 0.991388888888889 0.82 0.8 0.844444444444444 0.88040404040404 10 2
1 1 1 1 0.88 0.911111111111111 0.854545454545454 0.908484848484849 5 2
1 1 1 1 0.86 0.888888888888889 0.836363636363636 0.895757575757576 8 2
1 1 1 1 0.88 0.888888888888889 0.872727272727273 0.905252525252525 10 2
0.95 0.956521739130435 0.941176470588235 0.991190679170219 0.95 0.956521739130435 0.944444444444444 0.976650563607085 5 2
0.958333333333333 0.971014492753623 0.941176470588235 0.993179880647911 0.95 0.956521739130435 0.944444444444444 0.975845410628019 8 2
0.958333333333333 0.971014492753623 0.941176470588235 0.993748223927252 0.94 0.956521739130435 0.925925925925926 0.973832528180354 10 2
0.908333333333333 0.921875 0.892857142857143 0.975446428571429 0.89 0.857142857142857 0.92156862745098 0.946778711484594 5 2
0.916666666666667 0.921875 0.910714285714286 0.974888392857143 0.88 0.857142857142857 0.901960784313726 0.944777911164466 8 2
0.916666666666667 0.921875 0.910714285714286 0.974888392857143 0.89 0.857142857142857 0.92156862745098 0.94437775110044 10 2
0.941666666666667 0.907407407407407 0.96969696969697 0.981200897867565 0.91 0.91304347826087 0.907407407407407 0.96256038647343 5 2
0.941666666666667 0.907407407407407 0.96969696969697 0.984287317620651 0.89 0.891304347826087 0.888888888888889 0.955314009661836 8 2
0.941666666666667 0.907407407407407 0.96969696969697 0.984848484848485 0.89 0.891304347826087 0.888888888888889 0.954911433172303 10 2
0.975 0.966101694915254 0.983606557377049 0.995832175604335 0.89 0.865384615384615 0.916666666666667 0.946314102564103 5 2
1 1 1 1 0.85 0.788461538461538 0.916666666666667 0.861378205128205 8 2
1 1 1 1 0.85 0.788461538461538 0.916666666666667 0.860576923076923 10 2
0.941666666666667 0.952380952380952 0.929824561403509 0.986911723753829 0.77 0.966101694915254 0.48780487804878 0.81976023150062 5 2
0.991666666666667 0.984126984126984 1 0.990253411306043 0.82 0.813559322033898 0.829268292682927 0.845390657296404 8 2
1 1 1 1 0.89 0.949152542372881 0.804878048780488 0.916081025217032 10 2
0.958333333333333 0.966101694915254 0.950819672131147 0.984995832175604 0.85 0.914893617021277 0.792452830188679 0.947812123645122 5 2
0.95 0.949152542372881 0.950819672131147 0.985273687135315 0.87 0.936170212765957 0.811320754716981 0.942191890806905 8 2
0.966666666666667 0.966101694915254 0.967213114754098 0.985551542095026 0.86 0.936170212765957 0.792452830188679 0.940586109995986 10 2
1 1 1 1 0.8 0.923076923076923 0.666666666666667 0.791666666666667 5 2
1 1 1 1 0.78 0.942307692307692 0.604166666666667 0.787259615384615 8 2
1 1 1 1 0.75 0.961538461538462 0.520833333333333 0.761217948717949 10 2
0.933333333333333 0.909090909090909 0.953846153846154 0.975104895104895 0.88 0.851063829787234 0.905660377358491 0.965475712565235 5 2
0.95 0.927272727272727 0.969230769230769 0.977342657342657 0.88 0.851063829787234 0.905660377358491 0.962264150943396 8 2
0.991666666666667 0.981818181818182 1 0.988671328671329 0.86 0.872340425531915 0.849056603773585 0.88237655560016 10 2
1 1 1 1 0.91 0.979591836734694 0.843137254901961 0.917567026810724 5 2
1 1 1 1 0.9 0.979591836734694 0.823529411764706 0.908763505402161 8 2
1 1 1 1 0.9 0.979591836734694 0.823529411764706 0.908563425370148 10 2
0.95 0.936507936507937 0.964912280701754 0.994987468671679 0.83 0.877551020408163 0.784313725490196 0.939175670268107 5 2
0.966666666666667 0.952380952380952 0.982456140350877 0.997772208298524 0.84 0.897959183673469 0.784313725490196 0.942376950780312 8 2
1 1 1 1 0.82 0.836734693877551 0.803921568627451 0.843937575030012 10 2
0.975 0.957446808510638 0.986301369863014 0.992130574176625 0.93 0.905660377358491 0.957446808510638 0.981533520674428 5 2
0.983333333333333 0.978723404255319 0.986301369863014 0.993296415039347 0.92 0.886792452830189 0.957446808510638 0.982336411079888 8 2
0.983333333333333 0.978723404255319 0.986301369863014 0.993587875255028 0.93 0.905660377358491 0.957446808510638 0.981132075471698 10 2
0.933333333333333 0.935483870967742 0.931034482758621 0.981646273637375 0.91 0.897959183673469 0.92156862745098 0.965586234493798 5 2
1 1 1 1 0.82 0.795918367346939 0.843137254901961 0.826330532212885 8 2
1 1 1 1 0.8 0.73469387755102 0.862745098039216 0.823929571828731 10 2
1 1 1 1 0.9 0.875 0.923076923076923 0.917067307692308 5 2
1 1 1 1 0.92 0.895833333333333 0.942307692307692 0.92588141025641 8 2
0.983333333333333 0.967741935483871 1 0.997775305895439 0.83 0.791666666666667 0.865384615384615 0.880208333333333 10 2
0.95 0.936507936507937 0.964912280701754 0.991367307156781 0.91 0.901960784313726 0.918367346938776 0.969187675070028 5 2
0.95 0.936507936507937 0.964912280701754 0.993038150932888 0.92 0.901960784313726 0.938775510204082 0.967587034813926 8 2
0.991666666666667 1 0.982456140350877 0.989417989417989 0.89 0.882352941176471 0.897959183673469 0.899759903961585 10 2
1 1 1 1 0.88 0.952380952380952 0.827586206896552 0.895114942528736 5 2
1 1 1 1 0.87 0.928571428571429 0.827586206896552 0.904556650246305 8 2
1 1 1 1 0.89 0.904761904761905 0.879310344827586 0.939449917898194 10 2
1 1 1 1 0.87 0.830188679245283 0.914893617021277 0.886190285026094 5 2
1 1 1 1 0.9 0.867924528301887 0.936170212765957 0.904656764351666 8 2
1 1 1 1 0.9 0.867924528301887 0.936170212765957 0.903853873946206 10 2
0.983333333333333 0.985074626865672 0.981132075471698 0.997465502675303 0.79 0.755555555555556 0.818181818181818 0.891313131313131 5 2
1 1 1 1 0.76 0.777777777777778 0.745454545454545 0.787474747474748 8 2
0.991666666666667 0.985074626865672 1 0.997465502675303 0.78 0.733333333333333 0.818181818181818 0.78949494949495 10 2
0.975 0.983606557377049 0.966101694915254 0.994165045846068 0.87 0.777777777777778 0.978260869565217 0.9585346215781 5 2
0.975 0.983606557377049 0.966101694915254 0.99722145040289 0.89 0.814814814814815 0.978260869565217 0.949677938808374 8 2
1 1 1 1 0.83 0.759259259259259 0.91304347826087 0.864734299516908 10 2
0.95 0.952380952380952 0.947368421052632 0.98078529657477 0.91 0.875 0.942307692307692 0.975961538461538 5 2
0.95 0.952380952380952 0.947368421052632 0.984126984126984 0.92 0.895833333333333 0.942307692307692 0.974759615384615 8 2
0.95 0.952380952380952 0.947368421052632 0.984405458089669 0.93 0.895833333333333 0.961538461538462 0.97676282051282 10 2
0.941666666666667 0.950819672131147 0.932203389830508 0.981939427618783 0.83 0.769230769230769 0.895833333333333 0.935096153846154 5 2
0.925 0.918032786885246 0.932203389830508 0.982217282578494 0.83 0.769230769230769 0.895833333333333 0.935096153846154 8 2
0.925 0.918032786885246 0.932203389830508 0.982217282578494 0.84 0.788461538461538 0.895833333333333 0.935096153846154 10 2
0.941666666666667 0.927272727272727 0.953846153846154 0.986853146853147 0.86 0.833333333333333 0.9 0.952083333333333 5 2
1 1 1 1 0.85 0.866666666666667 0.825 0.863541666666667 8 2
1 1 1 1 0.84 0.85 0.825 0.849375 10 2
0.958333333333333 0.970149253731343 0.943396226415094 0.992396508025908 0.43 1 0 0.5 5 2
1 1 1 1 0.48 0.534883720930233 0.43859649122807 0.486740106079151 8 2
1 1 1 1 0.48 0.534883720930233 0.43859649122807 0.486740106079151 10 2
0.975 0.981132075471698 0.970149253731343 0.995494226978316 0.88 0.854545454545454 0.911111111111111 0.947474747474747 5 2
0.983333333333333 0.981132075471698 0.985074626865672 0.99943677837229 0.87 0.8 0.955555555555556 0.936969696969697 8 2
1 1 1 1 0.86 0.836363636363636 0.888888888888889 0.876565656565656 10 2
0.925 0.955882352941177 0.884615384615385 0.984162895927602 0.92 0.942307692307692 0.895833333333333 0.982371794871795 5 2
0.95 0.970588235294118 0.923076923076923 0.990101809954751 0.91 0.942307692307692 0.875 0.983573717948718 8 2
0.95 0.970588235294118 0.923076923076923 0.99066742081448 0.92 0.942307692307692 0.895833333333333 0.97636217948718 10 2
0.916666666666667 0.916666666666667 0.916666666666667 0.967777777777778 0.87 0.857142857142857 0.891891891891892 0.96010296010296 5 2
0.933333333333333 0.933333333333333 0.933333333333333 0.970555555555556 0.87 0.857142857142857 0.891891891891892 0.962247962247962 8 2
0.941666666666667 0.916666666666667 0.966666666666667 0.967777777777778 0.89 0.888888888888889 0.891891891891892 0.98026598026598 10 2
0.966666666666667 0.984126984126984 0.947368421052632 0.991088833194096 0.86 0.826086956521739 0.888888888888889 0.904790660225443 5 2
0.966666666666667 0.984126984126984 0.947368421052632 0.990810359231412 0.87 0.847826086956522 0.888888888888889 0.914251207729469 8 2
0.966666666666667 0.984126984126984 0.947368421052632 0.991088833194096 0.87 0.847826086956522 0.888888888888889 0.914653784219002 10 2
0.966666666666667 0.962962962962963 0.96969696969697 0.993827160493827 0.93 0.925925925925926 0.934782608695652 0.980676328502415 5 2
1 1 1 1 0.88 0.851851851851852 0.91304347826087 0.915056360708535 8 2
1 1 1 1 0.89 0.851851851851852 0.934782608695652 0.925925925925926 10 2
0.933333333333333 0.946428571428571 0.921875 0.990513392857143 0.87 0.840909090909091 0.892857142857143 0.912337662337662 5 2
0.933333333333333 0.946428571428571 0.921875 0.988839285714286 0.88 0.863636363636364 0.892857142857143 0.918019480519481 8 2
1 1 1 1 0.8 0.795454545454545 0.803571428571429 0.812094155844156 10 2
1 1 1 1 0.86 0.770833333333333 0.942307692307692 0.878004807692308 5 2
1 1 1 1 0.89 0.833333333333333 0.942307692307692 0.898036858974359 8 2
1 1 1 1 0.85 0.8125 0.884615384615385 0.906049679487179 10 2
0.966666666666667 0.982758620689655 0.951612903225806 0.985261401557286 0.86 0.811320754716981 0.914893617021277 0.95262946607788 5 2
0.966666666666667 0.982758620689655 0.951612903225806 0.986651835372636 0.86 0.811320754716981 0.914893617021277 0.946206342834203 8 2
0.966666666666667 0.982758620689655 0.951612903225806 0.987208008898776 0.85 0.811320754716981 0.893617021276596 0.939381774387796 10 2
0.933333333333333 0.936507936507937 0.929824561403509 0.988025619604567 0.9 0.86 0.94 0.9454 5 2
0.933333333333333 0.936507936507937 0.929824561403509 0.988582567529936 0.9 0.86 0.94 0.9446 8 2
0.933333333333333 0.936507936507937 0.929824561403509 0.988304093567251 0.9 0.86 0.94 0.944 10 2
0.95 0.954545454545455 0.944444444444444 0.992985409652076 0.89 0.86 0.92 0.9688 5 2
0.966666666666667 0.96969696969697 0.962962962962963 0.996632996632997 0.86 0.84 0.88 0.9512 8 2
0.95 0.954545454545455 0.944444444444444 0.995510662177329 0.87 0.86 0.88 0.962 10 2
0.975 0.981481481481482 0.96969696969697 0.994668911335578 0.72 0.925925925925926 0.478260869565217 0.719202898550725 5 2
0.975 0.981481481481482 0.96969696969697 0.99719416386083 0.72 0.888888888888889 0.521739130434783 0.785426731078905 8 2
1 1 1 1 0.75 0.685185185185185 0.826086956521739 0.765499194847021 10 2
1 1 1 1 0.83 0.764705882352941 0.897959183673469 0.840136054421769 5 2
1 1 1 1 0.85 0.784313725490196 0.918367346938776 0.84453781512605 8 2
1 1 1 1 0.83 0.764705882352941 0.897959183673469 0.832132853141256 10 2
0.916666666666667 0.913793103448276 0.919354838709677 0.972191323692992 0.91 0.927272727272727 0.888888888888889 0.971717171717172 5 2
0.941666666666667 0.931034482758621 0.951612903225806 0.982758620689655 0.89 0.909090909090909 0.866666666666667 0.97010101010101 8 2
0.941666666666667 0.931034482758621 0.951612903225806 0.981924360400445 0.91 0.909090909090909 0.911111111111111 0.972929292929293 10 2
0.908333333333333 0.898305084745763 0.918032786885246 0.977215893303696 0.88 0.88 0.88 0.94 5 2
0.933333333333333 0.915254237288136 0.950819672131147 0.980828007779939 0.87 0.88 0.86 0.9384 8 2
1 1 1 1 0.84 0.84 0.84 0.8562 10 2
0.891666666666667 0.920634920634921 0.859649122807018 0.961849067112225 0.92 0.91304347826087 0.925925925925926 0.964170692431562 5 2
0.891666666666667 0.920634920634921 0.859649122807018 0.963519910888332 0.93 0.934782608695652 0.925925925925926 0.961352657004831 8 2
0.9 0.936507936507937 0.859649122807018 0.965469228627123 0.92 0.91304347826087 0.925925925925926 0.961755233494364 10 2
0.966666666666667 0.96551724137931 0.967741935483871 0.989710789766407 0.85 0.92 0.78 0.9436 5 2
0.966666666666667 0.96551724137931 0.967741935483871 0.992491657397108 0.82 0.88 0.76 0.9316 8 2
0.966666666666667 0.96551724137931 0.967741935483871 0.993325917686318 0.82 0.88 0.76 0.9304 10 2
0.941666666666667 0.949152542372881 0.934426229508197 0.992497916087802 0.91 0.862745098039216 0.959183673469388 0.971988795518207 5 2
0.941666666666667 0.949152542372881 0.934426229508197 0.992220061128091 0.91 0.862745098039216 0.959183673469388 0.97078831532613 8 2
0.941666666666667 0.949152542372881 0.934426229508197 0.993053626007224 0.91 0.862745098039216 0.959183673469388 0.972388955582233 10 2
0.958333333333333 0.96551724137931 0.951612903225806 0.993325917686318 0.9 0.884615384615385 0.916666666666667 0.959134615384615 5 2
0.966666666666667 0.96551724137931 0.967741935483871 0.993882091212458 0.88 0.846153846153846 0.916666666666667 0.958733974358974 8 2
0.958333333333333 0.948275862068966 0.967741935483871 0.993882091212458 0.88 0.846153846153846 0.916666666666667 0.95713141025641 10 2
1 1 1 1 0.91 0.857142857142857 0.96078431372549 0.917567026810724 5 2
1 1 1 1 0.92 0.877551020408163 0.96078431372549 0.926170468187275 8 2
1 1 1 1 0.86 0.775510204081633 0.941176470588235 0.916166466586635 10 2
0.933333333333333 0.931034482758621 0.935483870967742 0.982480533926585 0.94 0.923076923076923 0.958333333333333 0.979967948717949 5 2
0.958333333333333 0.948275862068966 0.967741935483871 0.986373748609566 0.92 0.903846153846154 0.9375 0.961538461538462 8 2
0.958333333333333 0.948275862068966 0.967741935483871 0.986373748609566 0.92 0.903846153846154 0.9375 0.963141025641026 10 2
0.966666666666667 0.966666666666667 0.966666666666667 0.9925 0.93 0.923076923076923 0.9375 0.965544871794872 5 2
0.966666666666667 0.966666666666667 0.966666666666667 0.993055555555556 0.92 0.903846153846154 0.9375 0.967948717948718 8 2
0.975 0.983333333333333 0.966666666666667 0.998888888888889 0.88 0.903846153846154 0.854166666666667 0.941907051282051 10 2
0.966666666666667 0.984615384615385 0.945454545454545 0.994125874125874 0.89 0.901960784313726 0.877551020408163 0.95718287314926 5 2
1 1 1 1 0.8 0.705882352941177 0.897959183673469 0.832733093237295 8 2
1 1 1 1 0.84 0.764705882352941 0.918367346938776 0.85594237695078 10 2
1 1 1 1 0.88 0.933333333333333 0.8 0.896875 5 2
1 1 1 1 0.87 0.933333333333333 0.775 0.881458333333333 8 2
1 1 1 1 0.88 0.95 0.775 0.92 10 2
1 1 1 1 0.84 0.869565217391304 0.814814814814815 0.844806763285024 5 2
1 1 1 1 0.86 0.804347826086957 0.907407407407407 0.863123993558776 8 2
1 1 1 1 0.84 0.782608695652174 0.888888888888889 0.859098228663446 10 2
0.916666666666667 0.907407407407407 0.924242424242424 0.9834455667789 0.93 0.902439024390244 0.949152542372881 0.97809011988425 5 2
0.916666666666667 0.907407407407407 0.924242424242424 0.983164983164983 0.92 0.878048780487805 0.949152542372881 0.976023150062009 8 2
0.916666666666667 0.907407407407407 0.924242424242424 0.9834455667789 0.91 0.853658536585366 0.949152542372881 0.977676725919802 10 2
1 1 1 1 0.87 0.907407407407407 0.826086956521739 0.906803542673108 5 2
1 1 1 1 0.89 0.888888888888889 0.891304347826087 0.909621578099839 8 2
1 1 1 1 0.88 0.87037037037037 0.891304347826087 0.914251207729469 10 2
0.958333333333333 0.932203389830508 0.983606557377049 0.990830786329536 0.88 0.923076923076923 0.833333333333333 0.970753205128205 5 2
0.958333333333333 0.932203389830508 0.983606557377049 0.992497916087802 0.9 0.923076923076923 0.875 0.96875 8 2
0.958333333333333 0.932203389830508 0.983606557377049 0.992220061128091 0.9 0.923076923076923 0.875 0.969150641025641 10 2
0.916666666666667 0.9375 0.892857142857143 0.973214285714286 0.92 0.933333333333333 0.909090909090909 0.974545454545454 5 2
0.916666666666667 0.9375 0.892857142857143 0.974330357142857 0.91 0.933333333333333 0.890909090909091 0.976161616161616 8 2
1 1 1 1 0.85 0.844444444444444 0.854545454545454 0.890505050505051 10 2
0.966666666666667 0.982142857142857 0.953125 0.991629464285714 0.91 0.871794871794872 0.934426229508197 0.943253467843632 5 2
0.966666666666667 0.982142857142857 0.953125 0.991908482142857 0.92 0.846153846153846 0.967213114754098 0.939890710382514 8 2
0.966666666666667 0.982142857142857 0.953125 0.992745535714286 0.89 0.846153846153846 0.918032786885246 0.939470365699874 10 2
0.925 0.953846153846154 0.890909090909091 0.982377622377622 0.9 0.886363636363636 0.910714285714286 0.967126623376623 5 2
0.941666666666667 0.953846153846154 0.927272727272727 0.985734265734266 0.9 0.909090909090909 0.892857142857143 0.968344155844156 8 2
1 1 1 1 0.84 0.863636363636364 0.821428571428571 0.861404220779221 10 2
1 1 1 1 0.85 0.854545454545454 0.844444444444444 0.848080808080808 5 2
1 1 1 1 0.86 0.909090909090909 0.8 0.874141414141414 8 2
1 1 1 1 0.84 0.854545454545454 0.822222222222222 0.86020202020202 10 2
0.966666666666667 0.964912280701754 0.968253968253968 0.99749373433584 0.79 0.777777777777778 0.8 0.894949494949495 5 2
0.966666666666667 0.964912280701754 0.968253968253968 0.99749373433584 0.79 0.777777777777778 0.8 0.904646464646465 8 2
1 1 1 1 0.8 0.777777777777778 0.818181818181818 0.805050505050505 10 2
0.941666666666667 0.953125 0.928571428571429 0.983816964285714 0.84 0.784313725490196 0.897959183673469 0.94437775110044 5 2
0.95 0.953125 0.946428571428571 0.983816964285714 0.86 0.823529411764706 0.897959183673469 0.937174869947979 8 2
0.958333333333333 0.96875 0.946428571428571 0.983816964285714 0.87 0.823529411764706 0.918367346938776 0.936374549819928 10 2
0.916666666666667 0.934426229508197 0.898305084745763 0.98666296193387 0.92 0.897959183673469 0.941176470588235 0.981592637054822 5 2
0.908333333333333 0.918032786885246 0.898305084745763 0.986107252014448 0.92 0.897959183673469 0.941176470588235 0.979591836734694 8 2
0.916666666666667 0.934426229508197 0.898305084745763 0.98666296193387 0.92 0.897959183673469 0.941176470588235 0.978791516606643 10 2
0.925 0.933333333333333 0.916666666666667 0.978055555555556 0.83 0.85 0.816666666666667 0.937916666666667 5 2
0.933333333333333 0.916666666666667 0.95 0.978611111111111 0.83 0.825 0.833333333333333 0.930833333333333 8 2
0.925 0.916666666666667 0.933333333333333 0.98 0.85 0.825 0.866666666666667 0.931666666666667 10 2
1 1 1 1 0.95 0.98 0.92 0.9696 5 2
1 1 1 1 0.96 0.98 0.94 0.9698 8 2
1 1 1 1 0.95 0.98 0.92 0.9596 10 2
0.966666666666667 0.964912280701754 0.968253968253968 0.99749373433584 0.91 0.903846153846154 0.916666666666667 0.977564102564103 5 2
1 1 1 1 0.84 0.788461538461538 0.895833333333333 0.897435897435897 8 2
1 1 1 1 0.85 0.788461538461538 0.916666666666667 0.875400641025641 10 2
0.966666666666667 0.972602739726027 0.957446808510638 0.993587875255028 0.86 0.915254237288136 0.780487804878049 0.934683753617197 5 2
0.966666666666667 0.972602739726027 0.957446808510638 0.995336636549111 0.85 0.898305084745763 0.780487804878049 0.932616783794957 8 2
1 1 1 1 0.84 0.88135593220339 0.780487804878049 0.834229020256304 10 2
0.95 0.967741935483871 0.931034482758621 0.989154616240267 0.91 0.915254237288136 0.902439024390244 0.954113269946259 5 2
0.95 0.967741935483871 0.931034482758621 0.991935483870968 0.89 0.864406779661017 0.926829268292683 0.945431996692848 8 2
0.95 0.967741935483871 0.931034482758621 0.992769744160178 0.88 0.847457627118644 0.926829268292683 0.944605208763952 10 2
1 1 1 1 0.89 0.795454545454545 0.964285714285714 0.890827922077922 5 2
1 1 1 1 0.87 0.75 0.964285714285714 0.878246753246753 8 2
1 1 1 1 0.86 0.727272727272727 0.964285714285714 0.881899350649351 10 2
0.941666666666667 0.943661971830986 0.938775510204082 0.982466225926991 0.91 0.964912280701754 0.837209302325581 0.964096287229702 5 2
0.933333333333333 0.943661971830986 0.918367346938776 0.983903420523139 0.91 0.964912280701754 0.837209302325581 0.964912280701754 8 2
0.941666666666667 0.957746478873239 0.918367346938776 0.984765737280828 0.91 0.964912280701754 0.837209302325581 0.964912280701754 10 2
0.933333333333333 0.916666666666667 0.95 0.990277777777778 0.87 0.903846153846154 0.833333333333333 0.935096153846154 5 2
1 1 1 1 0.84 0.865384615384615 0.8125 0.848157051282051 8 2
1 1 1 1 0.85 0.846153846153846 0.854166666666667 0.899038461538461 10 2
1 1 1 1 0.83 0.875 0.788461538461538 0.848758012820513 5 2
1 1 1 1 0.85 0.854166666666667 0.846153846153846 0.88661858974359 8 2
1 1 1 1 0.86 0.8125 0.903846153846154 0.876001602564103 10 2
1 1 1 1 0.93 0.882352941176471 0.979591836734694 0.928371348539416 5 2
1 1 1 1 0.92 0.882352941176471 0.959183673469388 0.929771908763505 8 2
1 1 1 1 0.92 0.882352941176471 0.959183673469388 0.928571428571428 10 2
0.966666666666667 0.985074626865672 0.943396226415094 0.989017178259645 0.84 0.811320754716981 0.872340425531915 0.940586109995986 5 2
0.966666666666667 0.985074626865672 0.943396226415094 0.991551675584342 0.84 0.792452830188679 0.893617021276596 0.95383380168607 8 2
1 1 1 1 0.85 0.830188679245283 0.872340425531915 0.867924528301887 10 2
0.966666666666667 0.982456140350877 0.952380952380952 0.996101364522417 0.94 0.952380952380952 0.931034482758621 0.977011494252873 5 2
0.966666666666667 0.982456140350877 0.952380952380952 0.996101364522417 0.94 0.952380952380952 0.931034482758621 0.977422003284072 8 2
0.991666666666667 0.982456140350877 1 0.989000278473963 0.77 0.857142857142857 0.706896551724138 0.844417077175698 10 2
0.925 0.901960784313726 0.942028985507246 0.96874111963626 0.91 0.892857142857143 0.931818181818182 0.943993506493506 5 2
0.95 0.901960784313726 0.985507246376812 0.978118783745382 0.86 0.839285714285714 0.886363636363636 0.920454545454545 8 2
0.941666666666667 0.901960784313726 0.971014492753623 0.978971298664393 0.88 0.857142857142857 0.909090909090909 0.926542207792208 10 2
0.966666666666667 0.969230769230769 0.963636363636364 0.985174825174825 0.89 0.914893617021277 0.867924528301887 0.948213568847852 5 2
0.975 0.984615384615385 0.963636363636364 0.986293706293706 0.89 0.914893617021277 0.867924528301887 0.940987555198715 8 2
0.975 0.984615384615385 0.963636363636364 0.986573426573427 0.89 0.914893617021277 0.867924528301887 0.938980329185066 10 2
0.95 0.953846153846154 0.945454545454545 0.987972027972028 0.93 0.96078431372549 0.897959183673469 0.97719087635054 5 2
1 1 1 1 0.89 0.901960784313726 0.877551020408163 0.903561424569828 8 2
1 1 1 1 0.9 0.92156862745098 0.877551020408163 0.903761504601841 10 2
1 1 1 1 0.79 0.745098039215686 0.836734693877551 0.820328131252501 5 2
1 1 1 1 0.81 0.784313725490196 0.836734693877551 0.845138055222089 8 2
1 1 1 1 0.8 0.764705882352941 0.836734693877551 0.83953581432573 10 2
0.958333333333333 0.964285714285714 0.953125 0.989955357142857 0.85 0.86 0.84 0.9364 5 2
0.958333333333333 0.964285714285714 0.953125 0.989955357142857 0.85 0.86 0.84 0.936 8 2
0.958333333333333 0.964285714285714 0.953125 0.989676339285714 0.86 0.86 0.86 0.9368 10 2
0.916666666666667 0.916666666666667 0.916666666666667 0.978611111111111 0.87 0.84 0.9 0.9424 5 2
0.933333333333333 0.933333333333333 0.933333333333333 0.988333333333333 0.89 0.86 0.92 0.9524 8 2
0.941666666666667 0.933333333333333 0.95 0.990833333333333 0.88 0.86 0.9 0.952 10 2
0.991666666666667 0.981132075471698 1 0.997183891861448 0.91 0.885245901639344 0.948717948717949 0.921815889029004 5 2
0.991666666666667 1 0.985074626865672 0.999718389186145 0.85 0.852459016393443 0.846153846153846 0.869272803699033 8 2
1 1 1 1 0.91 0.885245901639344 0.948717948717949 0.937368642286675 10 2
0.941666666666667 0.951612903225806 0.931034482758621 0.991379310344828 0.89 1 0.788461538461538 0.967948717948718 5 2
0.95 0.951612903225806 0.948275862068966 0.993325917686318 0.91 1 0.826923076923077 0.962339743589744 8 2
0.95 0.951612903225806 0.948275862068966 0.993047830923248 0.91 1 0.826923076923077 0.961939102564103 10 2
0.95 0.945454545454545 0.953846153846154 0.984055944055944 0.9 0.918367346938776 0.882352941176471 0.955582232893157 5 2
0.95 0.945454545454545 0.953846153846154 0.986573426573427 0.91 0.918367346938776 0.901960784313726 0.957983193277311 8 2
0.991666666666667 0.981818181818182 1 0.988251748251748 0.82 0.816326530612245 0.823529411764706 0.874149659863946 10 2
0.941666666666667 0.955882352941177 0.923076923076923 0.976527149321267 0.92 0.953488372093023 0.894736842105263 0.982048143614851 5 2
0.966666666666667 0.985294117647059 0.942307692307692 0.979920814479638 0.94 0.953488372093023 0.929824561403509 0.981640146878825 8 2
0.966666666666667 0.985294117647059 0.942307692307692 0.979920814479638 0.94 0.953488372093023 0.929824561403509 0.981640146878825 10 2
0.966666666666667 0.943396226415094 0.985074626865672 0.99464939453675 0.89 0.836734693877551 0.941176470588235 0.943977591036415 5 2
0.966666666666667 0.943396226415094 0.985074626865672 0.995775837792171 0.92 0.877551020408163 0.96078431372549 0.949979991996799 8 2
0.975 0.962264150943396 0.985074626865672 0.997183891861448 0.92 0.877551020408163 0.96078431372549 0.949579831932773 10 2
1 1 1 1 0.88 0.877551020408163 0.882352941176471 0.902360944377751 5 2
1 1 1 1 0.88 0.877551020408163 0.882352941176471 0.913565426170468 8 2
1 1 1 1 0.82 0.775510204081633 0.862745098039216 0.822328931572629 10 2
0.966666666666667 0.964912280701754 0.968253968253968 0.992759676970203 0.89 0.86046511627907 0.912280701754386 0.974704202366381 5 2
0.966666666666667 0.964912280701754 0.968253968253968 0.993595098858257 0.89 0.86046511627907 0.912280701754386 0.974704202366381 8 2
0.966666666666667 0.964912280701754 0.968253968253968 0.99443052074631 0.89 0.86046511627907 0.912280701754386 0.973480212158303 10 2
1 1 1 1 0.89 0.862745098039216 0.918367346938776 0.908963585434174 5 2
1 1 1 1 0.87 0.862745098039216 0.877551020408163 0.901360544217687 8 2
1 1 1 1 0.91 0.92156862745098 0.897959183673469 0.915166066426571 10 2
0.933333333333333 0.935483870967742 0.931034482758621 0.989154616240267 0.7 0.958333333333333 0.461538461538462 0.827323717948718 5 2
0.958333333333333 0.967741935483871 0.948275862068966 0.991657397107898 0.74 0.958333333333333 0.538461538461538 0.837740384615385 8 2
0.958333333333333 0.967741935483871 0.948275862068966 0.992769744160178 0.76 0.958333333333333 0.576923076923077 0.831330128205128 10 2
0.925 0.915254237288136 0.934426229508197 0.98110586273965 0.93 0.978260869565217 0.888888888888889 0.987117552334944 5 2
0.933333333333333 0.932203389830508 0.934426229508197 0.983606557377049 0.94 0.978260869565217 0.907407407407407 0.987520128824477 8 2
0.933333333333333 0.932203389830508 0.934426229508197 0.984717977215893 0.94 0.978260869565217 0.907407407407407 0.98792270531401 10 2
0.958333333333333 0.963636363636364 0.953846153846154 0.994125874125874 0.89 0.928571428571429 0.840909090909091 0.936282467532468 5 2
0.966666666666667 0.963636363636364 0.969230769230769 0.998041958041958 0.84 0.857142857142857 0.818181818181818 0.900568181818182 8 2
1 1 1 1 0.83 0.875 0.772727272727273 0.853693181818182 10 2
0.991666666666667 1 0.982758620689655 0.996662958843159 0.91 0.9 0.92 0.9608 5 2
1 1 1 1 0.88 0.8 0.96 0.8896 8 2
1 1 1 1 0.88 0.78 0.98 0.8928 10 2
0.933333333333333 0.9 0.957142857142857 0.984571428571429 0.86 0.823529411764706 0.897959183673469 0.947579031612645 5 2
0.933333333333333 0.9 0.957142857142857 0.986857142857143 0.87 0.843137254901961 0.897959183673469 0.949179671868748 8 2
0.933333333333333 0.9 0.957142857142857 0.987142857142857 0.88 0.862745098039216 0.897959183673469 0.948779511804722 10 2
0.966666666666667 0.963636363636364 0.969230769230769 0.993566433566434 0.85 0.892857142857143 0.795454545454545 0.93262987012987 5 2
1 1 1 1 0.85 0.892857142857143 0.795454545454545 0.852678571428572 8 2
1 1 1 1 0.86 0.892857142857143 0.818181818181818 0.875202922077922 10 2
0.983333333333333 0.981818181818182 0.984615384615385 0.997762237762238 0.82 0.8 0.844444444444444 0.897777777777778 5 3
1 1 1 1 0.83 0.836363636363636 0.822222222222222 0.852121212121212 8 3
1 1 1 1 0.82 0.818181818181818 0.822222222222222 0.84989898989899 10 3
1 1 1 1 0.84 0.859649122807018 0.813953488372093 0.889636882904937 5 3
1 1 1 1 0.8 0.754385964912281 0.86046511627907 0.858221134230926 8 3
1 1 1 1 0.85 0.842105263157895 0.86046511627907 0.876988984088127 10 3
1 1 1 1 0.87 0.875 0.863636363636364 0.892451298701299 5 3
1 1 1 1 0.89 0.892857142857143 0.886363636363636 0.930600649350649 8 3
0.991666666666667 1 0.982758620689655 0.990406006674082 0.92 0.928571428571429 0.909090909090909 0.930600649350649 10 3
0.925 0.920634920634921 0.929824561403509 0.97827903091061 0.88 0.948275862068966 0.785714285714286 0.949096880131363 5 3
0.933333333333333 0.936507936507937 0.929824561403509 0.981063770537455 0.9 0.948275862068966 0.833333333333333 0.958538587848933 8 3
0.933333333333333 0.936507936507937 0.929824561403509 0.979392926761348 0.89 0.931034482758621 0.833333333333333 0.956486042692939 10 3
1 1 1 1 0.89 0.882352941176471 0.897959183673469 0.911964785914366 5 3
1 1 1 1 0.81 0.764705882352941 0.857142857142857 0.852741096438576 8 3
1 1 1 1 0.9 0.901960784313726 0.897959183673469 0.904961984793918 10 3
1 1 1 1 0.9 0.979591836734694 0.823529411764706 0.900960384153662 5 3
1 1 1 1 0.88 1 0.764705882352941 0.92156862745098 8 3
1 1 1 1 0.87 0.979591836734694 0.764705882352941 0.913765506202481 10 3
0.966666666666667 0.963636363636364 0.969230769230769 0.986853146853147 0.87 0.961538461538462 0.770833333333333 0.940304487179487 5 3
0.958333333333333 0.945454545454545 0.969230769230769 0.991888111888112 0.9 0.961538461538462 0.833333333333333 0.965144230769231 8 3
0.958333333333333 0.945454545454545 0.969230769230769 0.990769230769231 0.92 0.961538461538462 0.875 0.969951923076923 10 3
0.941666666666667 0.95 0.933333333333333 0.988333333333333 0.9 0.826923076923077 0.979166666666667 0.971955128205128 5 3
1 1 1 1 0.82 0.826923076923077 0.8125 0.823717948717949 8 3
1 1 1 1 0.82 0.846153846153846 0.791666666666667 0.888621794871795 10 3
0.916666666666667 0.896551724137931 0.935483870967742 0.984149054505006 0.9 0.886792452830189 0.914893617021277 0.959052589321558 5 3
0.933333333333333 0.931034482758621 0.935483870967742 0.989710789766407 0.89 0.867924528301887 0.914893617021277 0.95262946607788 8 3
0.933333333333333 0.931034482758621 0.935483870967742 0.989432703003337 0.89 0.867924528301887 0.914893617021277 0.952228020875151 10 3
0.908333333333333 0.940298507462687 0.867924528301887 0.981976907913264 0.94 0.931034482758621 0.952380952380952 0.991789819376026 5 3
0.916666666666667 0.940298507462687 0.886792452830189 0.983948183610251 0.94 0.931034482758621 0.952380952380952 0.991379310344828 8 3
0.916666666666667 0.955223880597015 0.867924528301887 0.984511405237961 0.95 0.948275862068966 0.952380952380952 0.990968801313629 10 3
0.891666666666667 0.916666666666667 0.866666666666667 0.965 0.87 0.854545454545454 0.888888888888889 0.911515151515152 5 3
0.933333333333333 0.95 0.916666666666667 0.991388888888889 0.79 0.8 0.777777777777778 0.855353535353535 8 3
0.933333333333333 0.95 0.916666666666667 0.9875 0.79 0.8 0.777777777777778 0.885656565656566 10 3
1 1 1 1 0.87 0.911111111111111 0.836363636363636 0.897979797979798 5 3
1 1 1 1 0.87 0.888888888888889 0.854545454545454 0.896161616161616 8 3
1 1 1 1 0.9 0.933333333333333 0.872727272727273 0.925656565656566 10 3
0.958333333333333 0.971014492753623 0.941176470588235 0.9923273657289 0.94 0.956521739130435 0.925925925925926 0.972624798711755 5 3
0.966666666666667 0.985507246376812 0.941176470588235 0.998010798522307 0.95 0.956521739130435 0.944444444444444 0.969806763285024 8 3
1 1 1 1 0.92 0.91304347826087 0.925925925925926 0.925925925925926 10 3
0.891666666666667 0.921875 0.857142857142857 0.97265625 0.88 0.857142857142857 0.901960784313726 0.952380952380952 5 3
0.891666666666667 0.921875 0.857142857142857 0.974330357142857 0.88 0.857142857142857 0.901960784313726 0.947579031612645 8 3
0.891666666666667 0.921875 0.857142857142857 0.973772321428571 0.88 0.857142857142857 0.901960784313726 0.946378551420568 10 3
0.941666666666667 0.907407407407407 0.96969696969697 0.980639730639731 0.9 0.891304347826087 0.907407407407407 0.962962962962963 5 3
0.95 0.925925925925926 0.96969696969697 0.987373737373737 0.89 0.891304347826087 0.888888888888889 0.961755233494364 8 3
0.95 0.925925925925926 0.96969696969697 0.98709315375982 0.89 0.891304347826087 0.888888888888889 0.961352657004831 10 3
0.966666666666667 0.966101694915254 0.967213114754098 0.995832175604335 0.89 0.884615384615385 0.895833333333333 0.949919871794872 5 3
1 1 1 1 0.85 0.788461538461538 0.916666666666667 0.861378205128205 8 3
1 1 1 1 0.82 0.730769230769231 0.916666666666667 0.840544871794872 10 3
0.991666666666667 0.984126984126984 1 0.990253411306043 0.77 0.813559322033898 0.707317073170732 0.789995866060356 5 3
1 1 1 1 0.85 0.949152542372881 0.707317073170732 0.878255477470029 8 3
1 1 1 1 0.83 0.932203389830508 0.682926829268293 0.8462174452253 10 3
0.975 0.983050847457627 0.967213114754098 0.98916365657127 0.84 0.914893617021277 0.773584905660377 0.923725411481333 5 3
0.958333333333333 0.966101694915254 0.950819672131147 0.988330091692137 0.84 0.914893617021277 0.773584905660377 0.924528301886792 8 3
0.958333333333333 0.966101694915254 0.950819672131147 0.98916365657127 0.83 0.914893617021277 0.754716981132076 0.923323966278603 10 3
1 1 1 1 0.88 0.903846153846154 0.854166666666667 0.884214743589744 5 3
1 1 1 1 0.88 0.923076923076923 0.833333333333333 0.877403846153846 8 3
1 1 1 1 0.85 0.923076923076923 0.770833333333333 0.882211538461538 10 3
0.941666666666667 0.909090909090909 0.969230769230769 0.976223776223776 0.89 0.872340425531915 0.905660377358491 0.955038137294259 5 3
0.95 0.927272727272727 0.969230769230769 0.977902097902098 0.89 0.872340425531915 0.905660377358491 0.95463669209153 8 3
0.958333333333333 0.927272727272727 0.984615384615385 0.98013986013986 0.88 0.872340425531915 0.886792452830189 0.955038137294259 10 3
1 1 1 1 0.91 1 0.823529411764706 0.925770308123249 5 3
0.991666666666667 1 0.984126984126984 0.991228070175439 0.93 1 0.862745098039216 0.937174869947979 8 3
1 1 1 1 0.89 0.959183673469388 0.823529411764706 0.925170068027211 10 3
0.95 0.952380952380952 0.947368421052632 0.994987468671679 0.86 0.897959183673469 0.823529411764706 0.944777911164466 5 3
0.966666666666667 0.968253968253968 0.964912280701754 0.996101364522417 0.86 0.897959183673469 0.823529411764706 0.94437775110044 8 3
1 1 1 1 0.83 0.877551020408163 0.784313725490196 0.860344137655062 10 3
0.983333333333333 0.978723404255319 0.986301369863014 0.992713494607986 0.92 0.886792452830189 0.957446808510638 0.981132075471698 5 3
0.983333333333333 0.978723404255319 0.986301369863014 0.993879335470708 0.92 0.886792452830189 0.957446808510638 0.982336411079888 8 3
0.991666666666667 0.978723404255319 1 0.995628096764792 0.92 0.886792452830189 0.957446808510638 0.979927739863509 10 3
0.908333333333333 0.919354838709677 0.896551724137931 0.975806451612903 0.91 0.959183673469388 0.862745098039216 0.984393757503001 5 3
1 1 1 1 0.86 0.877551020408163 0.843137254901961 0.885354141656663 8 3
1 1 1 1 0.84 0.836734693877551 0.843137254901961 0.886954781912765 10 3
1 1 1 1 0.88 0.854166666666667 0.903846153846154 0.893028846153846 5 3
1 1 1 1 0.88 0.833333333333333 0.923076923076923 0.900641025641026 8 3
1 1 1 1 0.89 0.854166666666667 0.923076923076923 0.884415064102564 10 3
0.941666666666667 0.936507936507937 0.947368421052632 0.990531885268727 0.91 0.901960784313726 0.918367346938776 0.971188475390156 5 3
0.933333333333333 0.920634920634921 0.947368421052632 0.991645781119465 0.91 0.901960784313726 0.918367346938776 0.975590236094438 8 3
1 1 1 1 0.91 0.882352941176471 0.938775510204082 0.930772308923569 10 3
0.95 0.949152542372881 0.950819672131147 0.95943317588219 0.84 0.857142857142857 0.827586206896552 0.841133004926108 5 3
1 1 1 1 0.88 0.928571428571429 0.844827586206897 0.891215106732348 8 3
1 1 1 1 0.9 0.928571428571429 0.879310344827586 0.931034482758621 10 3
1 1 1 1 0.84 0.754716981132076 0.936170212765957 0.887394620634283 5 3
1 1 1 1 0.88 0.811320754716981 0.957446808510638 0.917703733440385 8 3
1 1 1 1 0.87 0.811320754716981 0.936170212765957 0.912685668406263 10 3
1 1 1 1 0.75 0.755555555555556 0.745454545454545 0.771313131313131 5 3
1 1 1 1 0.77 0.733333333333333 0.8 0.771515151515151 8 3
1 1 1 1 0.77 0.733333333333333 0.8 0.790909090909091 10 3
0.975 0.983606557377049 0.966101694915254 0.992497916087802 0.87 0.777777777777778 0.978260869565217 0.956119162640902 5 3
1 1 1 1 0.8 0.722222222222222 0.891304347826087 0.836151368760064 8 3
0.975 0.983606557377049 0.966101694915254 0.996110030564046 0.87 0.777777777777778 0.978260869565217 0.952898550724638 10 3
0.933333333333333 0.936507936507937 0.929824561403509 0.977443609022556 0.94 0.916666666666667 0.961538461538462 0.979567307692308 5 3
0.941666666666667 0.952380952380952 0.929824561403509 0.97827903091061 0.94 0.916666666666667 0.961538461538462 0.97676282051282 8 3
0.95 0.952380952380952 0.947368421052632 0.979114452798663 0.94 0.916666666666667 0.961538461538462 0.979166666666667 10 3
0.933333333333333 0.934426229508197 0.932203389830508 0.980828007779939 0.84 0.807692307692308 0.875 0.943910256410256 5 3
0.933333333333333 0.934426229508197 0.932203389830508 0.981661572659072 0.86 0.846153846153846 0.875 0.940304487179487 8 3
0.933333333333333 0.934426229508197 0.932203389830508 0.981939427618783 0.85 0.826923076923077 0.875 0.941105769230769 10 3
0.933333333333333 0.909090909090909 0.953846153846154 0.986013986013986 0.85 0.833333333333333 0.875 0.9575 5 3
0.941666666666667 0.909090909090909 0.969230769230769 0.989090909090909 0.87 0.866666666666667 0.875 0.95625 8 3
1 1 1 1 0.85 0.9 0.775 0.868333333333333 10 3
0.966666666666667 0.970149253731343 0.962264150943396 0.994367783722895 0.77 0.837209302325581 0.719298245614035 0.895144838841289 5 3
0.983333333333333 0.985074626865672 0.981132075471698 0.994931005350605 0.8 0.883720930232558 0.736842105263158 0.888616891064871 8 3
0.983333333333333 0.985074626865672 0.981132075471698 0.997183891861448 0.78 0.837209302325581 0.736842105263158 0.870665034679723 10 3
0.975 0.981132075471698 0.970149253731343 0.995212616164461 0.88 0.854545454545454 0.911111111111111 0.947474747474747 5 3
1 1 1 1 0.83 0.781818181818182 0.888888888888889 0.868282828282828 8 3
1 1 1 1 0.83 0.8 0.866666666666667 0.874949494949495 10 3
0.925 0.955882352941177 0.884615384615385 0.983597285067873 0.95 0.961538461538462 0.9375 0.986778846153846 5 3
0.941666666666667 0.955882352941177 0.923076923076923 0.989253393665158 0.92 0.942307692307692 0.895833333333333 0.985176282051282 8 3
0.95 0.970588235294118 0.923076923076923 0.990950226244344 0.93 0.942307692307692 0.916666666666667 0.983974358974359 10 3
0.933333333333333 0.9 0.966666666666667 0.962222222222222 0.91 0.873015873015873 0.972972972972973 0.983268983268983 5 3
0.933333333333333 0.9 0.966666666666667 0.966111111111111 0.92 0.888888888888889 0.972972972972973 0.984555984555985 8 3
0.933333333333333 0.9 0.966666666666667 0.966111111111111 0.91 0.888888888888889 0.945945945945946 0.985413985413985 10 3
0.966666666666667 0.984126984126984 0.947368421052632 0.990531885268727 0.86 0.826086956521739 0.888888888888889 0.908212560386473 5 3
1 1 1 1 0.82 0.804347826086957 0.833333333333333 0.847222222222222 8 3
1 1 1 1 0.84 0.804347826086957 0.87037037037037 0.847826086956522 10 3
0.966666666666667 0.962962962962963 0.96969696969697 0.994107744107744 0.94 0.925925925925926 0.956521739130435 0.980676328502415 5 3
1 1 1 1 0.91 0.888888888888889 0.934782608695652 0.908816425120773 8 3
1 1 1 1 0.91 0.888888888888889 0.934782608695652 0.944243156199678 10 3
0.933333333333333 0.946428571428571 0.921875 0.989955357142857 0.87 0.840909090909091 0.892857142857143 0.914772727272727 5 3
0.941666666666667 0.946428571428571 0.9375 0.989397321428571 0.86 0.818181818181818 0.892857142857143 0.919642857142857 8 3
0.941666666666667 0.946428571428571 0.9375 0.989955357142857 0.86 0.818181818181818 0.892857142857143 0.916801948051948 10 3
1 1 1 1 0.88 0.8125 0.942307692307692 0.875600961538462 5 3
1 1 1 1 0.88 0.833333333333333 0.923076923076923 0.894831730769231 8 3
1 1 1 1 0.86 0.791666666666667 0.923076923076923 0.903846153846154 10 3
0.95 0.948275862068966 0.951612903225806 0.987486095661846 0.85 0.773584905660377 0.936170212765957 0.935768767563228 5 3
0.958333333333333 0.96551724137931 0.951612903225806 0.987486095661846 0.85 0.773584905660377 0.936170212765957 0.940987555198715 8 3
0.966666666666667 0.982758620689655 0.951612903225806 0.988320355951057 0.84 0.773584905660377 0.914893617021277 0.939783219590526 10 3
0.941666666666667 0.936507936507937 0.947368421052632 0.991088833194096 0.9 0.88 0.92 0.9428 5 3
0.941666666666667 0.936507936507937 0.947368421052632 0.991645781119465 0.9 0.88 0.92 0.9412 8 3
0.941666666666667 0.936507936507937 0.947368421052632 0.990253411306043 0.89 0.88 0.9 0.9412 10 3
0.958333333333333 0.96969696969697 0.944444444444444 0.992143658810326 0.9 0.88 0.92 0.9656 5 3
0.941666666666667 0.954545454545455 0.925925925925926 0.994388327721661 0.89 0.86 0.92 0.962 8 3
0.95 0.954545454545455 0.944444444444444 0.994107744107744 0.88 0.86 0.9 0.9612 10 3
0.975 0.981481481481482 0.96969696969697 0.99635241301908 0.9 0.87037037037037 0.934782608695652 0.935185185185185 5 3
1 1 1 1 0.86 0.814814814814815 0.91304347826087 0.874798711755233 8 3
1 1 1 1 0.85 0.777777777777778 0.934782608695652 0.863727858293076 10 3
1 1 1 1 0.84 0.803921568627451 0.877551020408163 0.837535014005602 5 3
1 1 1 1 0.8 0.745098039215686 0.857142857142857 0.836734693877551 8 3
1 1 1 1 0.82 0.784313725490196 0.857142857142857 0.836134453781513 10 3
0.933333333333333 0.948275862068966 0.919354838709677 0.971913236929922 0.91 0.927272727272727 0.888888888888889 0.96969696969697 5 3
0.933333333333333 0.931034482758621 0.935483870967742 0.981368186874305 0.89 0.890909090909091 0.888888888888889 0.966868686868687 8 3
0.933333333333333 0.931034482758621 0.935483870967742 0.980812013348165 0.9 0.909090909090909 0.888888888888889 0.965656565656566 10 3
0.916666666666667 0.915254237288136 0.918032786885246 0.980272297860517 0.89 0.9 0.88 0.9452 5 3
0.941666666666667 0.932203389830508 0.950819672131147 0.992220061128091 0.86 0.88 0.84 0.9232 8 3
1 1 1 1 0.84 0.86 0.82 0.8782 10 3
0.891666666666667 0.920634920634921 0.859649122807018 0.961849067112225 0.93 0.934782608695652 0.925925925925926 0.967793880837359 5 3
0.883333333333333 0.904761904761905 0.859649122807018 0.962406015037594 0.92 0.934782608695652 0.907407407407407 0.964573268921095 8 3
0.883333333333333 0.904761904761905 0.859649122807018 0.964076858813701 0.92 0.934782608695652 0.907407407407407 0.964170692431562 10 3
0.966666666666667 0.96551724137931 0.967741935483871 0.990545050055617 0.85 0.92 0.78 0.9432 5 3
0.975 0.96551724137931 0.983870967741935 0.992491657397108 0.82 0.9 0.74 0.9348 8 3
0.975 0.96551724137931 0.983870967741935 0.992769744160178 0.83 0.9 0.76 0.9352 10 3
0.925 0.915254237288136 0.934426229508197 0.99194220616838 0.92 0.862745098039216 0.979591836734694 0.969987995198079 5 3
0.933333333333333 0.932203389830508 0.934426229508197 0.99194220616838 0.92 0.882352941176471 0.959183673469388 0.970388155262105 8 3
0.941666666666667 0.949152542372881 0.934426229508197 0.99194220616838 0.92 0.882352941176471 0.959183673469388 0.971588635454182 10 3
0.983333333333333 1 0.967741935483871 0.996384872080089 0.82 0.846153846153846 0.791666666666667 0.924278846153846 5 3
0.966666666666667 0.96551724137931 0.967741935483871 0.995828698553949 0.86 0.865384615384615 0.854166666666667 0.927083333333333 8 3
0.966666666666667 0.96551724137931 0.967741935483871 0.996384872080089 0.88 0.865384615384615 0.895833333333333 0.930689102564103 10 3
1 1 1 1 0.9 0.857142857142857 0.941176470588235 0.908163265306122 5 3
1 1 1 1 0.89 0.857142857142857 0.92156862745098 0.922368947579032 8 3
1 1 1 1 0.87 0.795918367346939 0.941176470588235 0.915366146458583 10 3
0.933333333333333 0.931034482758621 0.935483870967742 0.981368186874305 0.94 0.903846153846154 0.979166666666667 0.979166666666667 5 3
0.966666666666667 0.96551724137931 0.967741935483871 0.986651835372636 0.92 0.884615384615385 0.958333333333333 0.963541666666667 8 3
0.966666666666667 0.96551724137931 0.967741935483871 0.986095661846496 0.92 0.884615384615385 0.958333333333333 0.963942307692308 10 3
0.966666666666667 0.95 0.983333333333333 0.9925 0.92 0.923076923076923 0.916666666666667 0.966346153846154 5 3
0.966666666666667 0.95 0.983333333333333 0.991388888888889 0.91 0.923076923076923 0.895833333333333 0.963541666666667 8 3
1 1 1 1 0.89 0.884615384615385 0.895833333333333 0.890224358974359 10 3
0.975 0.984615384615385 0.963636363636364 0.993846153846154 0.89 0.901960784313726 0.877551020408163 0.958783513405362 5 3
1 1 1 1 0.81 0.784313725490196 0.836734693877551 0.842737094837935 8 3
1 1 1 1 0.84 0.764705882352941 0.918367346938776 0.841136454581833 10 3
0.991666666666667 0.982142857142857 1 1 0.85 0.9 0.775 0.853541666666667 5 3
1 1 1 1 0.88 0.95 0.775 0.878333333333333 8 3
1 1 1 1 0.86 0.916666666666667 0.775 0.879791666666667 10 3
1 1 1 1 0.85 0.782608695652174 0.907407407407407 0.854871175523349 5 3
1 1 1 1 0.87 0.804347826086957 0.925925925925926 0.868357487922705 8 3
1 1 1 1 0.87 0.826086956521739 0.907407407407407 0.87902576489533 10 3
0.908333333333333 0.888888888888889 0.924242424242424 0.984287317620651 0.92 0.878048780487805 0.949152542372881 0.970235634559735 5 3
0.908333333333333 0.888888888888889 0.924242424242424 0.984006734006734 0.92 0.878048780487805 0.949152542372881 0.969822240595287 8 3
0.908333333333333 0.888888888888889 0.924242424242424 0.983726150392817 0.91 0.853658536585366 0.949152542372881 0.969822240595287 10 3
1 1 1 1 0.85 0.833333333333333 0.869565217391304 0.880837359098229 5 3
1 1 1 1 0.85 0.833333333333333 0.869565217391304 0.878623188405797 8 3
1 1 1 1 0.85 0.833333333333333 0.869565217391304 0.907407407407408 10 3
0.966666666666667 0.949152542372881 0.983606557377049 0.991108641289247 0.89 0.903846153846154 0.875 0.96875 5 3
0.958333333333333 0.932203389830508 0.983606557377049 0.991386496248958 0.9 0.903846153846154 0.895833333333333 0.965144230769231 8 3
0.958333333333333 0.932203389830508 0.983606557377049 0.991386496248958 0.9 0.903846153846154 0.895833333333333 0.967548076923077 10 3
0.925 0.9375 0.910714285714286 0.974330357142857 0.9 0.911111111111111 0.890909090909091 0.975353535353535 5 3
0.916666666666667 0.9375 0.892857142857143 0.9765625 0.92 0.933333333333333 0.909090909090909 0.975353535353535 8 3
0.916666666666667 0.9375 0.892857142857143 0.976841517857143 0.93 0.955555555555556 0.909090909090909 0.976161616161616 10 3
0.966666666666667 0.982142857142857 0.953125 0.990513392857143 0.91 0.846153846153846 0.950819672131147 0.941992433795713 5 3
0.966666666666667 0.982142857142857 0.953125 0.990792410714286 0.88 0.82051282051282 0.918032786885246 0.936527952921396 8 3
0.966666666666667 0.982142857142857 0.953125 0.990792410714286 0.88 0.82051282051282 0.918032786885246 0.935266918873476 10 3
0.925 0.969230769230769 0.872727272727273 0.982937062937063 0.88 0.886363636363636 0.875 0.955762987012987 5 3
0.975 0.984615384615385 0.963636363636364 0.998881118881119 0.82 0.863636363636364 0.785714285714286 0.929383116883117 8 3
1 1 1 1 0.79 0.818181818181818 0.767857142857143 0.817978896103896 10 3
1 1 1 1 0.87 0.890909090909091 0.844444444444444 0.875353535353535 5 3
1 1 1 1 0.85 0.854545454545454 0.844444444444444 0.852525252525252 8 3
1 1 1 1 0.85 0.890909090909091 0.8 0.875959595959596 10 3
0.966666666666667 0.964912280701754 0.968253968253968 0.996379838485102 0.83 0.822222222222222 0.836363636363636 0.917171717171717 5 3
0.966666666666667 0.964912280701754 0.968253968253968 0.993316624895572 0.88 0.844444444444444 0.909090909090909 0.950707070707071 8 3
1 1 1 1 0.81 0.822222222222222 0.8 0.815959595959596 10 3
0.933333333333333 0.953125 0.910714285714286 0.983537946428571 0.84 0.764705882352941 0.918367346938776 0.930772308923569 5 3
0.941666666666667 0.953125 0.928571428571429 0.982700892857143 0.84 0.764705882352941 0.918367346938776 0.922769107643057 8 3
0.941666666666667 0.953125 0.928571428571429 0.983816964285714 0.82 0.745098039215686 0.897959183673469 0.916366546618647 10 3
0.925 0.950819672131147 0.898305084745763 0.984995832175604 0.92 0.897959183673469 0.941176470588235 0.973989595838335 5 3
0.916666666666667 0.934426229508197 0.898305084745763 0.985273687135315 0.93 0.897959183673469 0.96078431372549 0.973989595838335 8 3
0.916666666666667 0.934426229508197 0.898305084745763 0.985273687135315 0.93 0.897959183673469 0.96078431372549 0.974389755902361 10 3
0.925 0.933333333333333 0.916666666666667 0.979166666666667 0.84 0.85 0.833333333333333 0.945 5 3
0.925 0.916666666666667 0.933333333333333 0.979722222222222 0.85 0.875 0.833333333333333 0.947916666666667 8 3
0.925 0.916666666666667 0.933333333333333 0.980555555555556 0.85 0.875 0.833333333333333 0.9525 10 3
0.991666666666667 0.984848484848485 1 0.991442199775533 0.95 0.96 0.94 0.9594 5 3
1 1 1 1 0.95 0.98 0.92 0.9588 8 3
1 1 1 1 0.95 0.98 0.92 0.9596 10 3
0.958333333333333 0.964912280701754 0.952380952380952 0.99749373433584 0.9 0.884615384615385 0.916666666666667 0.977163461538462 5 3
0.966666666666667 0.964912280701754 0.968253968253968 0.997772208298524 0.91 0.903846153846154 0.916666666666667 0.975160256410256 8 3
0.966666666666667 0.964912280701754 0.968253968253968 0.998329156223893 0.9 0.865384615384615 0.9375 0.967147435897436 10 3
0.966666666666667 0.972602739726027 0.957446808510638 0.993587875255028 0.83 0.898305084745763 0.731707317073171 0.92517569243489 5 3
0.966666666666667 0.972602739726027 0.957446808510638 0.99504517633343 0.84 0.88135593220339 0.780487804878049 0.924762298470442 8 3
1 1 1 1 0.76 0.796610169491525 0.707317073170732 0.797023563455974 10 3
0.958333333333333 0.967741935483871 0.948275862068966 0.989432703003337 0.91 0.915254237288136 0.902439024390244 0.952459694088466 5 3
0.95 0.967741935483871 0.931034482758621 0.991101223581757 0.88 0.847457627118644 0.926829268292683 0.947498966515089 8 3
0.95 0.967741935483871 0.931034482758621 0.992213570634038 0.87 0.830508474576271 0.926829268292683 0.946258784621745 10 3
1 1 1 1 0.9 0.909090909090909 0.892857142857143 0.917207792207792 5 3
1 1 1 1 0.89 0.818181818181818 0.946428571428571 0.882305194805195 8 3
1 1 1 1 0.9 0.818181818181818 0.964285714285714 0.889204545454546 10 3
0.941666666666667 0.943661971830986 0.938775510204082 0.982466225926991 0.91 0.982456140350877 0.813953488372093 0.963688290493676 5 3
0.941666666666667 0.943661971830986 0.938775510204082 0.983903420523139 0.91 0.964912280701754 0.837209302325581 0.962056303549572 8 3
0.941666666666667 0.943661971830986 0.938775510204082 0.983903420523139 0.91 0.964912280701754 0.837209302325581 0.961648306813546 10 3
0.933333333333333 0.916666666666667 0.95 0.989166666666667 0.89 0.903846153846154 0.875 0.94911858974359 5 3
0.933333333333333 0.916666666666667 0.95 0.99 0.9 0.903846153846154 0.895833333333333 0.952323717948718 8 3
1 1 1 1 0.87 0.884615384615385 0.854166666666667 0.883613782051282 10 3
1 1 1 1 0.86 0.854166666666667 0.865384615384615 0.872195512820513 5 3
1 1 1 1 0.91 0.895833333333333 0.923076923076923 0.914863782051282 8 3
1 1 1 1 0.84 0.791666666666667 0.884615384615385 0.871995192307692 10 3
1 1 1 1 0.9 0.882352941176471 0.918367346938776 0.895958383353341 5 3
1 1 1 1 0.89 0.862745098039216 0.918367346938776 0.911764705882353 8 3
1 1 1 1 0.91 0.862745098039216 0.959183673469388 0.92797118847539 10 3
0.966666666666667 0.985074626865672 0.943396226415094 0.98873556744579 0.86 0.849056603773585 0.872340425531915 0.940987555198715 5 3
0.966666666666667 0.985074626865672 0.943396226415094 0.990988453956632 0.85 0.792452830188679 0.914893617021277 0.951826575672421 8 3
1 1 1 1 0.85 0.811320754716981 0.893617021276596 0.871938980329185 10 3
0.966666666666667 0.982456140350877 0.952380952380952 0.99443052074631 0.93 0.928571428571429 0.931034482758621 0.97824302134647 5 3
0.966666666666667 0.982456140350877 0.952380952380952 0.994708994708995 0.93 0.928571428571429 0.931034482758621 0.977422003284072 8 3
1 1 1 1 0.88 0.904761904761905 0.862068965517241 0.894499178981938 10 3
0.916666666666667 0.901960784313726 0.927536231884058 0.96817277635692 0.89 0.857142857142857 0.931818181818182 0.946428571428571 5 3
0.95 0.901960784313726 0.985507246376812 0.97612958226769 0.89 0.857142857142857 0.931818181818182 0.936282467532468 8 3
0.933333333333333 0.882352941176471 0.971014492753623 0.97612958226769 0.89 0.857142857142857 0.931818181818182 0.939123376623377 10 3
0.975 0.984615384615385 0.963636363636364 0.984335664335664 0.89 0.914893617021277 0.867924528301887 0.949417904456042 5 3
0.975 0.984615384615385 0.963636363636364 0.985734265734266 0.89 0.914893617021277 0.867924528301887 0.944199116820554 8 3
0.975 0.984615384615385 0.963636363636364 0.986013986013986 0.89 0.914893617021277 0.867924528301887 0.944199116820554 10 3
0.941666666666667 0.938461538461538 0.945454545454545 0.982097902097902 0.94 0.980392156862745 0.897959183673469 0.979591836734694 5 3
0.958333333333333 0.953846153846154 0.963636363636364 0.989090909090909 0.93 0.96078431372549 0.897959183673469 0.979191676670668 8 3
0.966666666666667 0.969230769230769 0.963636363636364 0.988531468531469 0.92 0.941176470588235 0.897959183673469 0.981192476990796 10 3
1 1 1 1 0.82 0.784313725490196 0.857142857142857 0.843537414965986 5 3
1 1 1 1 0.77 0.764705882352941 0.775510204081633 0.846538615446178 8 3
1 1 1 1 0.82 0.803921568627451 0.836734693877551 0.844937975190076 10 3
0.958333333333333 0.964285714285714 0.953125 0.988560267857143 0.83 0.84 0.82 0.9368 5 3
0.95 0.964285714285714 0.9375 0.989118303571429 0.85 0.86 0.84 0.9368 8 3
0.958333333333333 0.964285714285714 0.953125 0.988839285714286 0.85 0.86 0.84 0.9372 10 3
0.925 0.916666666666667 0.933333333333333 0.984444444444444 0.88 0.84 0.92 0.9436 5 3
0.958333333333333 0.95 0.966666666666667 0.991666666666667 0.89 0.86 0.92 0.9536 8 3
0.958333333333333 0.95 0.966666666666667 0.992777777777778 0.89 0.86 0.92 0.956 10 3
1 1 1 1 0.78 0.967213114754098 0.487179487179487 0.727196300966793 5 3
1 1 1 1 0.81 0.901639344262295 0.666666666666667 0.789617486338798 8 3
1 1 1 1 0.63 0.557377049180328 0.743589743589744 0.646279949558638 10 3
0.941666666666667 0.951612903225806 0.931034482758621 0.989988876529477 0.9 1 0.807692307692308 0.965945512820513 5 3
0.958333333333333 0.967741935483871 0.948275862068966 0.993604004449388 0.9 0.979166666666667 0.826923076923077 0.954727564102564 8 3
0.966666666666667 0.967741935483871 0.96551724137931 0.994160177975528 0.9 0.979166666666667 0.826923076923077 0.954326923076923 10 3
0.95 0.945454545454545 0.953846153846154 0.985174825174825 0.91 0.938775510204082 0.882352941176471 0.954781912765106 5 3
0.958333333333333 0.945454545454545 0.969230769230769 0.987692307692308 0.9 0.918367346938776 0.882352941176471 0.957983193277311 8 3
1 1 1 1 0.84 0.775510204081633 0.901960784313726 0.859143657462985 10 3
0.941666666666667 0.955882352941177 0.923076923076923 0.97539592760181 0.92 0.953488372093023 0.894736842105263 0.982864137086903 5 3
0.966666666666667 0.985294117647059 0.942307692307692 0.979355203619909 0.93 0.953488372093023 0.912280701754386 0.982456140350877 8 3
0.966666666666667 0.985294117647059 0.942307692307692 0.979355203619909 0.94 0.953488372093023 0.929824561403509 0.982456140350877 10 3
1 1 1 1 0.86 0.836734693877551 0.882352941176471 0.873949579831933 5 3
1 1 1 1 0.87 0.836734693877551 0.901960784313726 0.874349739895958 8 3
1 1 1 1 0.86 0.836734693877551 0.882352941176471 0.860344137655062 10 3
1 1 1 1 0.88 0.877551020408163 0.882352941176471 0.872749099639856 5 3
1 1 1 1 0.84 0.816326530612245 0.862745098039216 0.860144057623049 8 3
1 1 1 1 0.84 0.857142857142857 0.823529411764706 0.883953581432573 10 3
0.958333333333333 0.947368421052632 0.968253968253968 0.992481203007519 0.89 0.86046511627907 0.912280701754386 0.968584251325989 5 3
0.966666666666667 0.964912280701754 0.968253968253968 0.993316624895572 0.89 0.86046511627907 0.912280701754386 0.969400244798042 8 3
0.966666666666667 0.964912280701754 0.968253968253968 0.994152046783626 0.9 0.883720930232558 0.912280701754386 0.968992248062015 10 3
1 1 1 1 0.87 0.92156862745098 0.816326530612245 0.894357743097239 5 3
1 1 1 1 0.85 0.862745098039216 0.836734693877551 0.886754701880752 8 3
1 1 1 1 0.86 0.882352941176471 0.836734693877551 0.88875550220088 10 3
0.933333333333333 0.935483870967742 0.931034482758621 0.989988876529477 0.76 0.916666666666667 0.615384615384615 0.79286858974359 5 3
0.941666666666667 0.935483870967742 0.948275862068966 0.991657397107898 0.81 0.895833333333333 0.730769230769231 0.842147435897436 8 3
0.95 0.935483870967742 0.96551724137931 0.992213570634038 0.79 0.895833333333333 0.692307692307692 0.840144230769231 10 3
0.925 0.915254237288136 0.934426229508197 0.976382328424562 0.95 0.978260869565217 0.925925925925926 0.988727858293076 5 3
0.933333333333333 0.932203389830508 0.934426229508197 0.977215893303695 0.96 0.978260869565217 0.944444444444444 0.988727858293076 8 3
0.933333333333333 0.932203389830508 0.934426229508197 0.97832731314254 0.96 0.978260869565217 0.944444444444444 0.988727858293076 10 3
0.95 0.963636363636364 0.938461538461538 0.993846153846154 0.88 0.910714285714286 0.840909090909091 0.948051948051948 5 3
0.958333333333333 0.963636363636364 0.953846153846154 0.995524475524476 0.88 0.892857142857143 0.863636363636364 0.933035714285714 8 3
1 1 1 1 0.88 0.857142857142857 0.909090909090909 0.891030844155844 10 3
0.983333333333333 0.983870967741935 0.982758620689655 0.996106785317019 0.91 0.88 0.94 0.956 5 3
1 1 1 1 0.89 0.84 0.94 0.9036 8 3
1 1 1 1 0.88 0.8 0.96 0.8998 10 3
0.941666666666667 0.92 0.957142857142857 0.984285714285714 0.86 0.823529411764706 0.897959183673469 0.949179671868748 5 3
0.941666666666667 0.92 0.957142857142857 0.985428571428571 0.85 0.803921568627451 0.897959183673469 0.949179671868748 8 3
0.933333333333333 0.9 0.957142857142857 0.987142857142857 0.86 0.823529411764706 0.897959183673469 0.949979991996799 10 3
0.975 0.963636363636364 0.984615384615385 0.995244755244755 0.86 0.892857142857143 0.818181818181818 0.929788961038961 5 3
1 1 1 1 0.85 0.875 0.818181818181818 0.857548701298701 8 3
0.983333333333333 0.963636363636364 1 0.975104895104895 0.7 0.678571428571429 0.727272727272727 0.810267857142857 10 3
